Datetime,100035541 (Neutor),101035541 (Neutor stadteinwÃ¤rts),102035541 (Neutor stadtauswÃ¤rts),100035541-status,101035541-status,102035541-status
2019-06-01 00:00,95,19,76,0,0,0
2019-06-01 00:15,76,20,56,0,0,0
2019-06-01 00:30,78,11,67,0,0,0
2019-06-01 00:45,57,11,46,0,0,0
2019-06-01 01:00,63,9,54,0,0,0
2019-06-01 01:15,52,17,35,0,0,0
2019-06-01 01:30,49,19,30,0,0,0
2019-06-01 01:45,47,11,36,0,0,0
2019-06-01 02:00,49,10,39,0,0,0
2019-06-01 02:15,21,8,13,0,0,0
2019-06-01 02:30,41,3,38,0,0,0
2019-06-01 02:45,28,10,18,0,0,0
2019-06-01 03:00,14,2,12,0,0,0
2019-06-01 03:15,25,4,21,0,0,0
2019-06-01 03:30,23,9,14,0,0,0
2019-06-01 03:45,20,2,18,0,0,0
2019-06-01 04:00,21,7,14,0,0,0
2019-06-01 04:15,17,2,15,0,0,0
2019-06-01 04:30,11,1,10,0,0,0
2019-06-01 04:45,6,2,4,0,0,0
2019-06-01 05:00,7,2,5,0,0,0
2019-06-01 05:15,16,7,9,0,0,0
2019-06-01 05:30,16,13,3,0,0,0
2019-06-01 05:45,16,12,4,0,0,0
2019-06-01 06:00,13,10,3,0,0,0
2019-06-01 06:15,10,4,6,0,0,0
2019-06-01 06:30,7,6,1,0,0,0
2019-06-01 06:45,21,11,10,0,0,0
2019-06-01 07:00,13,6,7,0,0,0
2019-06-01 07:15,25,14,11,0,0,0
2019-06-01 07:30,30,17,13,0,0,0
2019-06-01 07:45,49,39,10,0,0,0
2019-06-01 08:00,46,33,13,0,0,0
2019-06-01 08:15,48,31,17,0,0,0
2019-06-01 08:30,68,40,28,0,0,0
2019-06-01 08:45,86,60,26,0,0,0
2019-06-01 09:00,68,48,20,0,0,0
2019-06-01 09:15,93,65,28,0,0,0
2019-06-01 09:30,173,131,42,0,0,0
2019-06-01 09:45,198,156,42,0,0,0
2019-06-01 10:00,157,113,44,0,0,0
2019-06-01 10:15,176,119,57,0,0,0
2019-06-01 10:30,186,135,51,0,0,0
2019-06-01 10:45,177,112,65,0,0,0
2019-06-01 11:00,169,103,66,0,0,0
2019-06-01 11:15,130,81,49,0,0,0
2019-06-01 11:30,223,153,70,0,0,0
2019-06-01 11:45,186,127,59,0,0,0
2019-06-01 12:00,195,121,74,0,0,0
2019-06-01 12:15,240,137,103,0,0,0
2019-06-01 12:30,196,107,89,0,0,0
2019-06-01 12:45,211,114,97,0,0,0
2019-06-01 13:00,208,127,81,0,0,0
2019-06-01 13:15,192,106,86,0,0,0
2019-06-01 13:30,214,124,90,0,0,0
2019-06-01 13:45,231,136,95,0,0,0
2019-06-01 14:00,204,99,105,0,0,0
2019-06-01 14:15,171,101,70,0,0,0
2019-06-01 14:30,190,78,112,0,0,0
2019-06-01 14:45,259,123,136,0,0,0
2019-06-01 15:00,183,108,75,0,0,0
2019-06-01 15:15,181,103,78,0,0,0
2019-06-01 15:30,153,91,62,0,0,0
2019-06-01 15:45,206,101,105,0,0,0
2019-06-01 16:00,180,68,112,0,0,0
2019-06-01 16:15,156,92,64,0,0,0
2019-06-01 16:30,178,100,78,0,0,0
2019-06-01 16:45,179,87,92,0,0,0
2019-06-01 17:00,187,85,102,0,0,0
2019-06-01 17:15,206,97,109,0,0,0
2019-06-01 17:30,205,108,97,0,0,0
2019-06-01 17:45,218,126,92,0,0,0
2019-06-01 18:00,184,106,78,0,0,0
2019-06-01 18:15,245,149,96,0,0,0
2019-06-01 18:30,201,128,73,0,0,0
2019-06-01 18:45,238,151,87,0,0,0
2019-06-01 19:00,222,122,100,0,0,0
2019-06-01 19:15,234,132,102,0,0,0
2019-06-01 19:30,189,108,81,0,0,0
2019-06-01 19:45,186,99,87,0,0,0
2019-06-01 20:00,192,90,102,0,0,0
2019-06-01 20:15,161,88,73,0,0,0
2019-06-01 20:30,176,93,83,0,0,0
2019-06-01 20:45,159,71,88,0,0,0
2019-06-01 21:00,127,46,81,0,0,0
2019-06-01 21:15,102,48,54,0,0,0
2019-06-01 21:30,131,44,87,0,0,0
2019-06-01 21:45,108,34,74,0,0,0
2019-06-01 22:00,98,30,68,0,0,0
2019-06-01 22:15,71,23,48,0,0,0
2019-06-01 22:30,110,33,77,0,0,0
2019-06-01 22:45,93,17,76,0,0,0
2019-06-01 23:00,125,27,98,0,0,0
2019-06-01 23:15,126,33,93,0,0,0
2019-06-01 23:30,135,52,83,0,0,0
2019-06-01 23:45,91,27,64,0,0,0
2019-06-02 00:00,96,28,68,0,0,0
2019-06-02 00:15,129,37,92,0,0,0
2019-06-02 00:30,91,27,64,0,0,0
2019-06-02 00:45,94,32,62,0,0,0
2019-06-02 01:00,83,22,61,0,0,0
2019-06-02 01:15,66,14,52,0,0,0
2019-06-02 01:30,65,12,53,0,0,0
2019-06-02 01:45,60,13,47,0,0,0
2019-06-02 02:00,40,5,35,0,0,0
2019-06-02 02:15,57,6,51,0,0,0
2019-06-02 02:30,39,7,32,0,0,0
2019-06-02 02:45,39,7,32,0,0,0
2019-06-02 03:00,37,9,28,0,0,0
2019-06-02 03:15,38,8,30,0,0,0
2019-06-02 03:30,23,2,21,0,0,0
2019-06-02 03:45,29,2,27,0,0,0
2019-06-02 04:00,25,4,21,0,0,0
2019-06-02 04:15,21,7,14,0,0,0
2019-06-02 04:30,17,2,15,0,0,0
2019-06-02 04:45,14,4,10,0,0,0
2019-06-02 05:00,12,2,10,0,0,0
2019-06-02 05:15,18,3,15,0,0,0
2019-06-02 05:30,14,5,9,0,0,0
2019-06-02 05:45,10,5,5,0,0,0
2019-06-02 06:00,17,7,10,0,0,0
2019-06-02 06:15,10,3,7,0,0,0
2019-06-02 06:30,11,4,7,0,0,0
2019-06-02 06:45,7,3,4,0,0,0
2019-06-02 07:00,10,6,4,0,0,0
2019-06-02 07:15,10,4,6,0,0,0
2019-06-02 07:30,17,9,8,0,0,0
2019-06-02 07:45,25,16,9,0,0,0
2019-06-02 08:00,10,5,5,0,0,0
2019-06-02 08:15,24,12,12,0,0,0
2019-06-02 08:30,48,32,16,0,0,0
2019-06-02 08:45,53,34,19,0,0,0
2019-06-02 09:00,60,41,19,0,0,0
2019-06-02 09:15,53,28,25,0,0,0
2019-06-02 09:30,79,51,28,0,0,0
2019-06-02 09:45,151,110,41,0,0,0
2019-06-02 10:00,106,64,42,0,0,0
2019-06-02 10:15,81,62,19,0,0,0
2019-06-02 10:30,80,44,36,0,0,0
2019-06-02 10:45,115,71,44,0,0,0
2019-06-02 11:00,110,68,42,0,0,0
2019-06-02 11:15,95,55,40,0,0,0
2019-06-02 11:30,114,61,53,0,0,0
2019-06-02 11:45,136,82,54,0,0,0
2019-06-02 12:00,150,71,79,0,0,0
2019-06-02 12:15,117,64,53,0,0,0
2019-06-02 12:30,139,82,57,0,0,0
2019-06-02 12:45,178,108,70,0,0,0
2019-06-02 13:00,156,86,70,0,0,0
2019-06-02 13:15,187,130,57,0,0,0
2019-06-02 13:30,143,87,56,0,0,0
2019-06-02 13:45,194,112,82,0,0,0
2019-06-02 14:00,176,106,70,0,0,0
2019-06-02 14:15,186,115,71,0,0,0
2019-06-02 14:30,184,102,82,0,0,0
2019-06-02 14:45,184,111,73,0,0,0
2019-06-02 15:00,182,103,79,0,0,0
2019-06-02 15:15,163,79,84,0,0,0
2019-06-02 15:30,192,90,102,0,0,0
2019-06-02 15:45,171,111,60,0,0,0
2019-06-02 16:00,161,87,74,0,0,0
2019-06-02 16:15,169,89,80,0,0,0
2019-06-02 16:30,157,84,73,0,0,0
2019-06-02 16:45,199,117,82,0,0,0
2019-06-02 17:00,183,96,87,0,0,0
2019-06-02 17:15,166,100,66,0,0,0
2019-06-02 17:30,187,110,77,0,0,0
2019-06-02 17:45,175,93,82,0,0,0
2019-06-02 18:00,196,83,113,0,0,0
2019-06-02 18:15,200,93,107,0,0,0
2019-06-02 18:30,204,101,103,0,0,0
2019-06-02 18:45,169,92,77,0,0,0
2019-06-02 19:00,197,100,97,0,0,0
2019-06-02 19:15,179,85,94,0,0,0
2019-06-02 19:30,145,58,87,0,0,0
2019-06-02 19:45,170,70,100,0,0,0
2019-06-02 20:00,149,62,87,0,0,0
2019-06-02 20:15,157,66,91,0,0,0
2019-06-02 20:30,135,50,85,0,0,0
2019-06-02 20:45,134,48,86,0,0,0
2019-06-02 21:00,113,40,73,0,0,0
2019-06-02 21:15,130,37,93,0,0,0
2019-06-02 21:30,106,33,73,0,0,0
2019-06-02 21:45,91,28,63,0,0,0
2019-06-02 22:00,129,34,95,0,0,0
2019-06-02 22:15,84,19,65,0,0,0
2019-06-02 22:30,75,27,48,0,0,0
2019-06-02 22:45,87,31,56,0,0,0
2019-06-02 23:00,68,24,44,0,0,0
2019-06-02 23:15,45,16,29,0,0,0
2019-06-02 23:30,46,14,32,0,0,0
2019-06-02 23:45,32,6,26,0,0,0
2019-06-03 00:00,23,4,19,0,0,0
2019-06-03 00:15,8,2,6,0,0,0
2019-06-03 00:30,14,7,7,0,0,0
2019-06-03 00:45,8,3,5,0,0,0
2019-06-03 01:00,14,4,10,0,0,0
2019-06-03 01:15,12,3,9,0,0,0
2019-06-03 01:30,10,0,10,0,0,0
2019-06-03 01:45,12,5,7,0,0,0
2019-06-03 02:00,7,3,4,0,0,0
2019-06-03 02:15,4,1,3,0,0,0
2019-06-03 02:30,6,3,3,0,0,0
2019-06-03 02:45,5,4,1,0,0,0
2019-06-03 03:00,2,1,1,0,0,0
2019-06-03 03:15,3,1,2,0,0,0
2019-06-03 03:30,5,4,1,0,0,0
2019-06-03 03:45,4,2,2,0,0,0
2019-06-03 04:00,1,1,0,0,0,0
2019-06-03 04:15,2,1,1,0,0,0
2019-06-03 04:30,7,4,3,0,0,0
2019-06-03 04:45,11,9,2,0,0,0
2019-06-03 05:00,8,5,3,0,0,0
2019-06-03 05:15,2,2,0,0,0,0
2019-06-03 05:30,16,11,5,0,0,0
2019-06-03 05:45,14,6,8,0,0,0
2019-06-03 06:00,17,12,5,0,0,0
2019-06-03 06:15,27,22,5,0,0,0
2019-06-03 06:30,42,31,11,0,0,0
2019-06-03 06:45,55,39,16,0,0,0
2019-06-03 07:00,70,39,31,0,0,0
2019-06-03 07:15,78,53,25,0,0,0
2019-06-03 07:30,118,75,43,0,0,0
2019-06-03 07:45,205,108,97,0,0,0
2019-06-03 08:00,203,108,95,0,0,0
2019-06-03 08:15,137,69,68,0,0,0
2019-06-03 08:30,111,71,40,0,0,0
2019-06-03 08:45,146,87,59,0,0,0
2019-06-03 09:00,136,91,45,0,0,0
2019-06-03 09:15,130,64,66,0,0,0
2019-06-03 09:30,150,92,58,0,0,0
2019-06-03 09:45,275,141,134,0,0,0
2019-06-03 10:00,324,201,123,0,0,0
2019-06-03 10:15,153,99,54,0,0,0
2019-06-03 10:30,128,67,61,0,0,0
2019-06-03 10:45,154,92,62,0,0,0
2019-06-03 11:00,114,60,54,0,0,0
2019-06-03 11:15,119,60,59,0,0,0
2019-06-03 11:30,179,89,90,0,0,0
2019-06-03 11:45,358,185,173,0,0,0
2019-06-03 12:00,297,185,112,0,0,0
2019-06-03 12:15,137,80,57,0,0,0
2019-06-03 12:30,173,87,86,0,0,0
2019-06-03 12:45,242,140,102,0,0,0
2019-06-03 13:00,222,111,111,0,0,0
2019-06-03 13:15,165,93,72,0,0,0
2019-06-03 13:30,198,104,94,0,0,0
2019-06-03 13:45,362,188,174,0,0,0
2019-06-03 14:00,335,199,136,0,0,0
2019-06-03 14:15,188,100,88,0,0,0
2019-06-03 14:30,170,79,91,0,0,0
2019-06-03 14:45,211,94,117,0,0,0
2019-06-03 15:00,158,86,72,0,0,0
2019-06-03 15:15,156,90,66,0,0,0
2019-06-03 15:30,306,134,172,0,0,0
2019-06-03 15:45,446,230,216,0,0,0
2019-06-03 16:00,350,209,141,0,0,0
2019-06-03 16:15,228,98,130,0,0,0
2019-06-03 16:30,215,103,112,0,0,0
2019-06-03 16:45,240,127,113,0,0,0
2019-06-03 17:00,272,146,126,0,0,0
2019-06-03 17:15,303,150,153,0,0,0
2019-06-03 17:30,347,188,159,0,0,0
2019-06-03 17:45,542,246,296,0,0,0
2019-06-03 18:00,391,163,228,0,0,0
2019-06-03 18:15,277,125,152,0,0,0
2019-06-03 18:30,213,98,115,0,0,0
2019-06-03 18:45,270,118,152,0,0,0
2019-06-03 19:00,242,115,127,0,0,0
2019-06-03 19:15,216,118,98,0,0,0
2019-06-03 19:30,232,86,146,0,0,0
2019-06-03 19:45,264,114,150,0,0,0
2019-06-03 20:00,204,99,105,0,0,0
2019-06-03 20:15,185,102,83,0,0,0
2019-06-03 20:30,139,78,61,0,0,0
2019-06-03 20:45,143,78,65,0,0,0
2019-06-03 21:00,136,66,70,0,0,0
2019-06-03 21:15,121,59,62,0,0,0
2019-06-03 21:30,142,73,69,0,0,0
2019-06-03 21:45,105,45,60,0,0,0
2019-06-03 22:00,107,45,62,0,0,0
2019-06-03 22:15,116,48,68,0,0,0
2019-06-03 22:30,68,28,40,0,0,0
2019-06-03 22:45,71,18,53,0,0,0
2019-06-03 23:00,69,19,50,0,0,0
2019-06-03 23:15,46,15,31,0,0,0
2019-06-03 23:30,67,25,42,0,0,0
2019-06-03 23:45,37,14,23,0,0,0
2019-06-04 00:00,27,11,16,0,0,0
2019-06-04 00:15,25,8,17,0,0,0
2019-06-04 00:30,37,13,24,0,0,0
2019-06-04 00:45,19,6,13,0,0,0
2019-06-04 01:00,18,8,10,0,0,0
2019-06-04 01:15,16,6,10,0,0,0
2019-06-04 01:30,11,1,10,0,0,0
2019-06-04 01:45,17,8,9,0,0,0
2019-06-04 02:00,9,1,8,0,0,0
2019-06-04 02:15,6,4,2,0,0,0
2019-06-04 02:30,5,2,3,0,0,0
2019-06-04 02:45,3,2,1,0,0,0
2019-06-04 03:00,6,0,6,0,0,0
2019-06-04 03:15,3,1,2,0,0,0
2019-06-04 03:30,4,4,0,0,0,0
2019-06-04 03:45,2,1,1,0,0,0
2019-06-04 04:00,0,0,0,0,0,0
2019-06-04 04:15,1,0,1,0,0,0
2019-06-04 04:30,10,10,0,0,0,0
2019-06-04 04:45,13,7,6,0,0,0
2019-06-04 05:00,6,6,0,0,0,0
2019-06-04 05:15,8,8,0,0,0,0
2019-06-04 05:30,28,15,13,0,0,0
2019-06-04 05:45,27,14,13,0,0,0
2019-06-04 06:00,28,21,7,0,0,0
2019-06-04 06:15,43,31,12,0,0,0
2019-06-04 06:30,67,46,21,0,0,0
2019-06-04 06:45,140,91,49,0,0,0
2019-06-04 07:00,114,65,49,0,0,0
2019-06-04 07:15,176,113,63,0,0,0
2019-06-04 07:30,327,227,100,0,0,0
2019-06-04 07:45,410,249,161,0,0,0
2019-06-04 08:00,562,323,239,0,0,0
2019-06-04 08:15,343,205,138,0,0,0
2019-06-04 08:30,256,152,104,0,0,0
2019-06-04 08:45,358,217,141,0,0,0
2019-06-04 09:00,310,217,93,0,0,0
2019-06-04 09:15,201,114,87,0,0,0
2019-06-04 09:30,235,129,106,0,0,0
2019-06-04 09:45,509,214,295,0,0,0
2019-06-04 10:00,552,336,216,0,0,0
2019-06-04 10:15,225,137,88,0,0,0
2019-06-04 10:30,166,91,75,0,0,0
2019-06-04 10:45,181,92,89,0,0,0
2019-06-04 11:00,161,81,80,0,0,0
2019-06-04 11:15,191,81,110,0,0,0
2019-06-04 11:30,264,134,130,0,0,0
2019-06-04 11:45,481,232,249,0,0,0
2019-06-04 12:00,398,242,156,0,0,0
2019-06-04 12:15,267,123,144,0,0,0
2019-06-04 12:30,232,103,129,0,0,0
2019-06-04 12:45,231,102,129,0,0,0
2019-06-04 13:00,302,122,180,0,0,0
2019-06-04 13:15,214,104,110,0,0,0
2019-06-04 13:30,285,131,154,0,0,0
2019-06-04 13:45,493,266,227,0,0,0
2019-06-04 14:00,331,175,156,0,0,0
2019-06-04 14:15,268,151,117,0,0,0
2019-06-04 14:30,243,114,129,0,0,0
2019-06-04 14:45,256,118,138,0,0,0
2019-06-04 15:00,201,102,99,0,0,0
2019-06-04 15:15,270,124,146,0,0,0
2019-06-04 15:30,309,171,138,0,0,0
2019-06-04 15:45,491,273,218,0,0,0
2019-06-04 16:00,457,264,193,0,0,0
2019-06-04 16:15,325,163,162,0,0,0
2019-06-04 16:30,310,164,146,0,0,0
2019-06-04 16:45,321,161,160,0,0,0
2019-06-04 17:00,301,157,144,0,0,0
2019-06-04 17:15,331,175,156,0,0,0
2019-06-04 17:30,491,244,247,0,0,0
2019-06-04 17:45,642,298,344,0,0,0
2019-06-04 18:00,487,242,245,0,0,0
2019-06-04 18:15,400,210,190,0,0,0
2019-06-04 18:30,347,176,171,0,0,0
2019-06-04 18:45,383,192,191,0,0,0
2019-06-04 19:00,322,166,156,0,0,0
2019-06-04 19:15,304,164,140,0,0,0
2019-06-04 19:30,320,147,173,0,0,0
2019-06-04 19:45,357,184,173,0,0,0
2019-06-04 20:00,265,140,125,0,0,0
2019-06-04 20:15,213,97,116,0,0,0
2019-06-04 20:30,169,77,92,0,0,0
2019-06-04 20:45,186,90,96,0,0,0
2019-06-04 21:00,208,93,115,0,0,0
2019-06-04 21:15,136,68,68,0,0,0
2019-06-04 21:30,182,55,127,0,0,0
2019-06-04 21:45,181,61,120,0,0,0
2019-06-04 22:00,165,66,99,0,0,0
2019-06-04 22:15,150,76,74,0,0,0
2019-06-04 22:30,131,51,80,0,0,0
2019-06-04 22:45,111,40,71,0,0,0
2019-06-04 23:00,105,42,63,0,0,0
2019-06-04 23:15,65,29,36,0,0,0
2019-06-04 23:30,59,15,44,0,0,0
2019-06-04 23:45,52,24,28,0,0,0
2019-06-05 00:00,57,22,35,0,0,0
2019-06-05 00:15,56,18,38,0,0,0
2019-06-05 00:30,33,11,22,0,0,0
2019-06-05 00:45,30,9,21,0,0,0
2019-06-05 01:00,24,7,17,0,0,0
2019-06-05 01:15,11,4,7,0,0,0
2019-06-05 01:30,23,3,20,0,0,0
2019-06-05 01:45,24,5,19,0,0,0
2019-06-05 02:00,8,2,6,0,0,0
2019-06-05 02:15,12,3,9,0,0,0
2019-06-05 02:30,8,1,7,0,0,0
2019-06-05 02:45,5,2,3,0,0,0
2019-06-05 03:00,2,0,2,0,0,0
2019-06-05 03:15,5,1,4,0,0,0
2019-06-05 03:30,7,1,6,0,0,0
2019-06-05 03:45,7,4,3,0,0,0
2019-06-05 04:00,2,2,0,0,0,0
2019-06-05 04:15,4,3,1,0,0,0
2019-06-05 04:30,5,3,2,0,0,0
2019-06-05 04:45,15,10,5,0,0,0
2019-06-05 05:00,10,7,3,0,0,0
2019-06-05 05:15,11,8,3,0,0,0
2019-06-05 05:30,25,11,14,0,0,0
2019-06-05 05:45,25,17,8,0,0,0
2019-06-05 06:00,23,17,6,0,0,0
2019-06-05 06:15,57,41,16,0,0,0
2019-06-05 06:30,83,59,24,0,0,0
2019-06-05 06:45,133,98,35,0,0,0
2019-06-05 07:00,122,85,37,0,0,0
2019-06-05 07:15,238,178,60,0,0,0
2019-06-05 07:30,311,198,113,0,0,0
2019-06-05 07:45,465,261,204,0,0,0
2019-06-05 08:00,587,312,275,0,0,0
2019-06-05 08:15,341,172,169,0,0,0
2019-06-05 08:30,263,170,93,0,0,0
2019-06-05 08:45,330,193,137,0,0,0
2019-06-05 09:00,264,149,115,0,0,0
2019-06-05 09:15,212,115,97,0,0,0
2019-06-05 09:30,257,121,136,0,0,0
2019-06-05 09:45,521,246,275,0,0,0
2019-06-05 10:00,554,314,240,0,0,0
2019-06-05 10:15,216,111,105,0,0,0
2019-06-05 10:30,184,109,75,0,0,0
2019-06-05 10:45,183,113,70,0,0,0
2019-06-05 11:00,190,110,80,0,0,0
2019-06-05 11:15,191,92,99,0,0,0
2019-06-05 11:30,263,129,134,0,0,0
2019-06-05 11:45,515,293,222,0,0,0
2019-06-05 12:00,387,220,167,0,0,0
2019-06-05 12:15,267,157,110,0,0,0
2019-06-05 12:30,262,145,117,0,0,0
2019-06-05 12:45,274,134,140,0,0,0
2019-06-05 13:00,265,125,140,0,0,0
2019-06-05 13:15,226,116,110,0,0,0
2019-06-05 13:30,275,155,120,0,0,0
2019-06-05 13:45,525,238,287,0,0,0
2019-06-05 14:00,431,244,187,0,0,0
2019-06-05 14:15,276,139,137,0,0,0
2019-06-05 14:30,241,112,129,0,0,0
2019-06-05 14:45,255,144,111,0,0,0
2019-06-05 15:00,217,101,116,0,0,0
2019-06-05 15:15,269,143,126,0,0,0
2019-06-05 15:30,354,159,195,0,0,0
2019-06-05 15:45,567,286,281,0,0,0
2019-06-05 16:00,462,256,206,0,0,0
2019-06-05 16:15,397,208,189,0,0,0
2019-06-05 16:30,291,148,143,0,0,0
2019-06-05 16:45,315,158,157,0,0,0
2019-06-05 17:00,373,182,191,0,0,0
2019-06-05 17:15,388,197,191,0,0,0
2019-06-05 17:30,442,219,223,0,0,0
2019-06-05 17:45,534,288,246,0,0,0
2019-06-05 18:00,497,279,218,0,0,0
2019-06-05 18:15,386,201,185,0,0,0
2019-06-05 18:30,330,168,162,0,0,0
2019-06-05 18:45,374,199,175,0,0,0
2019-06-05 19:00,370,171,199,0,0,0
2019-06-05 19:15,329,186,143,0,0,0
2019-06-05 19:30,273,131,142,0,0,0
2019-06-05 19:45,391,196,195,0,0,0
2019-06-05 20:00,281,134,147,0,0,0
2019-06-05 20:15,247,121,126,0,0,0
2019-06-05 20:30,214,105,109,0,0,0
2019-06-05 20:45,193,95,98,0,0,0
2019-06-05 21:00,198,80,118,0,0,0
2019-06-05 21:15,172,78,94,0,0,0
2019-06-05 21:30,183,94,89,0,0,0
2019-06-05 21:45,135,51,84,0,0,0
2019-06-05 22:00,174,64,110,0,0,0
2019-06-05 22:15,165,76,89,0,0,0
2019-06-05 22:30,174,46,128,0,0,0
2019-06-05 22:45,126,56,70,0,0,0
2019-06-05 23:00,139,53,86,0,0,0
2019-06-05 23:15,105,38,67,0,0,0
2019-06-05 23:30,150,73,77,0,0,0
2019-06-05 23:45,88,41,47,0,0,0
2019-06-06 00:00,137,83,54,0,0,0
2019-06-06 00:15,89,38,51,0,0,0
2019-06-06 00:30,73,29,44,0,0,0
2019-06-06 00:45,65,8,57,0,0,0
2019-06-06 01:00,56,6,50,0,0,0
2019-06-06 01:15,63,24,39,0,0,0
2019-06-06 01:30,36,5,31,0,0,0
2019-06-06 01:45,45,11,34,0,0,0
2019-06-06 02:00,58,4,54,0,0,0
2019-06-06 02:15,39,5,34,0,0,0
2019-06-06 02:30,29,2,27,0,0,0
2019-06-06 02:45,14,1,13,0,0,0
2019-06-06 03:00,11,2,9,0,0,0
2019-06-06 03:15,28,3,25,0,0,0
2019-06-06 03:30,17,3,14,0,0,0
2019-06-06 03:45,4,1,3,0,0,0
2019-06-06 04:00,11,0,11,0,0,0
2019-06-06 04:15,7,2,5,0,0,0
2019-06-06 04:30,8,3,5,0,0,0
2019-06-06 04:45,15,9,6,0,0,0
2019-06-06 05:00,14,10,4,0,0,0
2019-06-06 05:15,11,7,4,0,0,0
2019-06-06 05:30,19,9,10,0,0,0
2019-06-06 05:45,24,16,8,0,0,0
2019-06-06 06:00,21,13,8,0,0,0
2019-06-06 06:15,38,28,10,0,0,0
2019-06-06 06:30,52,37,15,0,0,0
2019-06-06 06:45,93,66,27,0,0,0
2019-06-06 07:00,91,54,37,0,0,0
2019-06-06 07:15,126,83,43,0,0,0
2019-06-06 07:30,212,154,58,0,0,0
2019-06-06 07:45,341,185,156,0,0,0
2019-06-06 08:00,413,227,186,0,0,0
2019-06-06 08:15,290,174,116,0,0,0
2019-06-06 08:30,210,120,90,0,0,0
2019-06-06 08:45,295,170,125,0,0,0
2019-06-06 09:00,215,137,78,0,0,0
2019-06-06 09:15,175,101,74,0,0,0
2019-06-06 09:30,208,112,96,0,0,0
2019-06-06 09:45,411,216,195,0,0,0
2019-06-06 10:00,417,259,158,0,0,0
2019-06-06 10:15,155,88,67,0,0,0
2019-06-06 10:30,126,75,51,0,0,0
2019-06-06 10:45,150,85,65,0,0,0
2019-06-06 11:00,143,70,73,0,0,0
2019-06-06 11:15,177,89,88,0,0,0
2019-06-06 11:30,216,107,109,0,0,0
2019-06-06 11:45,412,187,225,0,0,0
2019-06-06 12:00,355,200,155,0,0,0
2019-06-06 12:15,207,115,92,0,0,0
2019-06-06 12:30,196,100,96,0,0,0
2019-06-06 12:45,206,108,98,0,0,0
2019-06-06 13:00,210,104,106,0,0,0
2019-06-06 13:15,191,91,100,0,0,0
2019-06-06 13:30,255,121,134,0,0,0
2019-06-06 13:45,393,182,211,0,0,0
2019-06-06 14:00,357,196,161,0,0,0
2019-06-06 14:15,228,118,110,0,0,0
2019-06-06 14:30,218,106,112,0,0,0
2019-06-06 14:45,229,121,108,0,0,0
2019-06-06 15:00,185,93,92,0,0,0
2019-06-06 15:15,221,120,101,0,0,0
2019-06-06 15:30,294,131,163,0,0,0
2019-06-06 15:45,446,230,216,0,0,0
2019-06-06 16:00,354,195,159,0,0,0
2019-06-06 16:15,290,140,150,0,0,0
2019-06-06 16:30,276,145,131,0,0,0
2019-06-06 16:45,233,119,114,0,0,0
2019-06-06 17:00,292,145,147,0,0,0
2019-06-06 17:15,272,143,129,0,0,0
2019-06-06 17:30,378,203,175,0,0,0
2019-06-06 17:45,479,212,267,0,0,0
2019-06-06 18:00,359,177,182,0,0,0
2019-06-06 18:15,321,164,157,0,0,0
2019-06-06 18:30,266,139,127,0,0,0
2019-06-06 18:45,321,181,140,0,0,0
2019-06-06 19:00,265,140,125,0,0,0
2019-06-06 19:15,251,135,116,0,0,0
2019-06-06 19:30,271,108,163,0,0,0
2019-06-06 19:45,272,128,144,0,0,0
2019-06-06 20:00,256,158,98,0,0,0
2019-06-06 20:15,205,115,90,0,0,0
2019-06-06 20:30,146,73,73,0,0,0
2019-06-06 20:45,141,73,68,0,0,0
2019-06-06 21:00,126,57,69,0,0,0
2019-06-06 21:15,139,58,81,0,0,0
2019-06-06 21:30,149,65,84,0,0,0
2019-06-06 21:45,124,56,68,0,0,0
2019-06-06 22:00,139,57,82,0,0,0
2019-06-06 22:15,134,56,78,0,0,0
2019-06-06 22:30,146,52,94,0,0,0
2019-06-06 22:45,110,51,59,0,0,0
2019-06-06 23:00,109,47,62,0,0,0
2019-06-06 23:15,73,38,35,0,0,0
2019-06-06 23:30,66,22,44,0,0,0
2019-06-06 23:45,86,34,52,0,0,0
2019-06-07 00:00,78,36,42,0,0,0
2019-06-07 00:15,59,19,40,0,0,0
2019-06-07 00:30,41,17,24,0,0,0
2019-06-07 00:45,35,12,23,0,0,0
2019-06-07 01:00,23,4,19,0,0,0
2019-06-07 01:15,17,3,14,0,0,0
2019-06-07 01:30,33,6,27,0,0,0
2019-06-07 01:45,26,4,22,0,0,0
2019-06-07 02:00,13,2,11,0,0,0
2019-06-07 02:15,13,4,9,0,0,0
2019-06-07 02:30,12,1,11,0,0,0
2019-06-07 02:45,9,1,8,0,0,0
2019-06-07 03:00,10,2,8,0,0,0
2019-06-07 03:15,7,0,7,0,0,0
2019-06-07 03:30,3,0,3,0,0,0
2019-06-07 03:45,15,1,14,0,0,0
2019-06-07 04:00,26,5,21,0,0,0
2019-06-07 04:15,7,2,5,0,0,0
2019-06-07 04:30,16,3,13,0,0,0
2019-06-07 04:45,9,3,6,0,0,0
2019-06-07 05:00,6,5,1,0,0,0
2019-06-07 05:15,16,9,7,0,0,0
2019-06-07 05:30,32,18,14,0,0,0
2019-06-07 05:45,19,13,6,0,0,0
2019-06-07 06:00,26,14,12,0,0,0
2019-06-07 06:15,54,40,14,0,0,0
2019-06-07 06:30,64,40,24,0,0,0
2019-06-07 06:45,96,53,43,0,0,0
2019-06-07 07:00,113,71,42,0,0,0
2019-06-07 07:15,123,89,34,0,0,0
2019-06-07 07:30,302,206,96,0,0,0
2019-06-07 07:45,331,205,126,0,0,0
2019-06-07 08:00,324,153,171,0,0,0
2019-06-07 08:15,233,122,111,0,0,0
2019-06-07 08:30,217,131,86,0,0,0
2019-06-07 08:45,262,154,108,0,0,0
2019-06-07 09:00,189,135,54,0,0,0
2019-06-07 09:15,177,108,69,0,0,0
2019-06-07 09:30,187,114,73,0,0,0
2019-06-07 09:45,346,167,179,0,0,0
2019-06-07 10:00,291,176,115,0,0,0
2019-06-07 10:15,173,107,66,0,0,0
2019-06-07 10:30,167,88,79,0,0,0
2019-06-07 10:45,161,78,83,0,0,0
2019-06-07 11:00,171,93,78,0,0,0
2019-06-07 11:15,161,92,69,0,0,0
2019-06-07 11:30,177,89,88,0,0,0
2019-06-07 11:45,307,152,155,0,0,0
2019-06-07 12:00,305,166,139,0,0,0
2019-06-07 12:15,219,124,95,0,0,0
2019-06-07 12:30,199,86,113,0,0,0
2019-06-07 12:45,216,130,86,0,0,0
2019-06-07 13:00,263,93,170,0,0,0
2019-06-07 13:15,234,97,137,0,0,0
2019-06-07 13:30,270,155,115,0,0,0
2019-06-07 13:45,276,163,113,0,0,0
2019-06-07 14:00,279,147,132,0,0,0
2019-06-07 14:15,259,136,123,0,0,0
2019-06-07 14:30,237,121,116,0,0,0
2019-06-07 14:45,228,133,95,0,0,0
2019-06-07 15:00,221,117,104,0,0,0
2019-06-07 15:15,196,91,105,0,0,0
2019-06-07 15:30,212,103,109,0,0,0
2019-06-07 15:45,279,137,142,0,0,0
2019-06-07 16:00,241,136,105,0,0,0
2019-06-07 16:15,236,131,105,0,0,0
2019-06-07 16:30,214,114,100,0,0,0
2019-06-07 16:45,255,140,115,0,0,0
2019-06-07 17:00,240,113,127,0,0,0
2019-06-07 17:15,273,138,135,0,0,0
2019-06-07 17:30,264,123,141,0,0,0
2019-06-07 17:45,259,129,130,0,0,0
2019-06-07 18:00,246,125,121,0,0,0
2019-06-07 18:15,209,113,96,0,0,0
2019-06-07 18:30,252,112,140,0,0,0
2019-06-07 18:45,187,88,99,0,0,0
2019-06-07 19:00,123,48,75,0,0,0
2019-06-07 19:15,136,79,57,0,0,0
2019-06-07 19:30,140,70,70,0,0,0
2019-06-07 19:45,200,99,101,0,0,0
2019-06-07 20:00,167,83,84,0,0,0
2019-06-07 20:15,121,67,54,0,0,0
2019-06-07 20:30,99,51,48,0,0,0
2019-06-07 20:45,140,64,76,0,0,0
2019-06-07 21:00,131,62,69,0,0,0
2019-06-07 21:15,86,42,44,0,0,0
2019-06-07 21:30,94,38,56,0,0,0
2019-06-07 21:45,99,46,53,0,0,0
2019-06-07 22:00,94,48,46,0,0,0
2019-06-07 22:15,69,26,43,0,0,0
2019-06-07 22:30,83,37,46,0,0,0
2019-06-07 22:45,71,29,42,0,0,0
2019-06-07 23:00,81,28,53,0,0,0
2019-06-07 23:15,58,13,45,0,0,0
2019-06-07 23:30,63,23,40,0,0,0
2019-06-07 23:45,76,30,46,0,0,0
2019-06-08 00:00,59,19,40,0,0,0
2019-06-08 00:15,64,25,39,0,0,0
2019-06-08 00:30,73,29,44,0,0,0
2019-06-08 00:45,68,42,26,0,0,0
2019-06-08 01:00,43,7,36,0,0,0
2019-06-08 01:15,58,24,34,0,0,0
2019-06-08 01:30,35,14,21,0,0,0
2019-06-08 01:45,45,8,37,0,0,0
2019-06-08 02:00,28,10,18,0,0,0
2019-06-08 02:15,34,10,24,0,0,0
2019-06-08 02:30,30,3,27,0,0,0
2019-06-08 02:45,16,2,14,0,0,0
2019-06-08 03:00,39,5,34,0,0,0
2019-06-08 03:15,19,2,17,0,0,0
2019-06-08 03:30,28,3,25,0,0,0
2019-06-08 03:45,17,2,15,0,0,0
2019-06-08 04:00,19,2,17,0,0,0
2019-06-08 04:15,17,3,14,0,0,0
2019-06-08 04:30,15,4,11,0,0,0
2019-06-08 04:45,6,2,4,0,0,0
2019-06-08 05:00,8,1,7,0,0,0
2019-06-08 05:15,11,5,6,0,0,0
2019-06-08 05:30,15,5,10,0,0,0
2019-06-08 05:45,11,7,4,0,0,0
2019-06-08 06:00,9,4,5,0,0,0
2019-06-08 06:15,8,4,4,0,0,0
2019-06-08 06:30,8,3,5,0,0,0
2019-06-08 06:45,12,9,3,0,0,0
2019-06-08 07:00,14,8,6,0,0,0
2019-06-08 07:15,16,10,6,0,0,0
2019-06-08 07:30,27,16,11,0,0,0
2019-06-08 07:45,45,36,9,0,0,0
2019-06-08 08:00,32,18,14,0,0,0
2019-06-08 08:15,42,26,16,0,0,0
2019-06-08 08:30,78,62,16,0,0,0
2019-06-08 08:45,92,53,39,0,0,0
2019-06-08 09:00,61,37,24,0,0,0
2019-06-08 09:15,71,42,29,0,0,0
2019-06-08 09:30,57,36,21,0,0,0
2019-06-08 09:45,115,76,39,0,0,0
2019-06-08 10:00,107,75,32,0,0,0
2019-06-08 10:15,91,65,26,0,0,0
2019-06-08 10:30,112,64,48,0,0,0
2019-06-08 10:45,95,65,30,0,0,0
2019-06-08 11:00,89,61,28,0,0,0
2019-06-08 11:15,98,54,44,0,0,0
2019-06-08 11:30,112,82,30,0,0,0
2019-06-08 11:45,142,102,40,0,0,0
2019-06-08 12:00,101,58,43,0,0,0
2019-06-08 12:15,144,69,75,0,0,0
2019-06-08 12:30,113,61,52,0,0,0
2019-06-08 12:45,134,77,57,0,0,0
2019-06-08 13:00,96,49,47,0,0,0
2019-06-08 13:15,117,66,51,0,0,0
2019-06-08 13:30,121,56,65,0,0,0
2019-06-08 13:45,138,85,53,0,0,0
2019-06-08 14:00,135,60,75,0,0,0
2019-06-08 14:15,122,55,67,0,0,0
2019-06-08 14:30,117,44,73,0,0,0
2019-06-08 14:45,135,68,67,0,0,0
2019-06-08 15:00,96,58,38,0,0,0
2019-06-08 15:15,110,47,63,0,0,0
2019-06-08 15:30,127,65,62,0,0,0
2019-06-08 15:45,143,72,71,0,0,0
2019-06-08 16:00,106,42,64,0,0,0
2019-06-08 16:15,118,47,71,0,0,0
2019-06-08 16:30,103,50,53,0,0,0
2019-06-08 16:45,129,55,74,0,0,0
2019-06-08 17:00,108,55,53,0,0,0
2019-06-08 17:15,113,53,60,0,0,0
2019-06-08 17:30,109,60,49,0,0,0
2019-06-08 17:45,159,87,72,0,0,0
2019-06-08 18:00,124,44,80,0,0,0
2019-06-08 18:15,136,61,75,0,0,0
2019-06-08 18:30,105,56,49,0,0,0
2019-06-08 18:45,127,68,59,0,0,0
2019-06-08 19:00,100,43,57,0,0,0
2019-06-08 19:15,87,31,56,0,0,0
2019-06-08 19:30,97,33,64,0,0,0
2019-06-08 19:45,99,43,56,0,0,0
2019-06-08 20:00,113,46,67,0,0,0
2019-06-08 20:15,83,40,43,0,0,0
2019-06-08 20:30,63,31,32,0,0,0
2019-06-08 20:45,94,39,55,0,0,0
2019-06-08 21:00,86,44,42,0,0,0
2019-06-08 21:15,48,22,26,0,0,0
2019-06-08 21:30,61,30,31,0,0,0
2019-06-08 21:45,46,9,37,0,0,0
2019-06-08 22:00,58,18,40,0,0,0
2019-06-08 22:15,75,25,50,0,0,0
2019-06-08 22:30,36,17,19,0,0,0
2019-06-08 22:45,41,15,26,0,0,0
2019-06-08 23:00,40,13,27,0,0,0
2019-06-08 23:15,34,19,15,0,0,0
2019-06-08 23:30,50,19,31,0,0,0
2019-06-08 23:45,66,20,46,0,0,0
2019-06-09 00:00,52,19,33,0,0,0
2019-06-09 00:15,41,20,21,0,0,0
2019-06-09 00:30,34,5,29,0,0,0
2019-06-09 00:45,47,16,31,0,0,0
2019-06-09 01:00,35,6,29,0,0,0
2019-06-09 01:15,52,11,41,0,0,0
2019-06-09 01:30,22,6,16,0,0,0
2019-06-09 01:45,36,13,23,0,0,0
2019-06-09 02:00,20,4,16,0,0,0
2019-06-09 02:15,29,6,23,0,0,0
2019-06-09 02:30,37,7,30,0,0,0
2019-06-09 02:45,26,5,21,0,0,0
2019-06-09 03:00,34,4,30,0,0,0
2019-06-09 03:15,16,4,12,0,0,0
2019-06-09 03:30,16,2,14,0,0,0
2019-06-09 03:45,12,2,10,0,0,0
2019-06-09 04:00,19,8,11,0,0,0
2019-06-09 04:15,16,2,14,0,0,0
2019-06-09 04:30,6,0,6,0,0,0
2019-06-09 04:45,4,0,4,0,0,0
2019-06-09 05:00,7,1,6,0,0,0
2019-06-09 05:15,6,1,5,0,0,0
2019-06-09 05:30,8,4,4,0,0,0
2019-06-09 05:45,7,3,4,0,0,0
2019-06-09 06:00,10,2,8,0,0,0
2019-06-09 06:15,6,4,2,0,0,0
2019-06-09 06:30,12,4,8,0,0,0
2019-06-09 06:45,10,9,1,0,0,0
2019-06-09 07:00,5,5,0,0,0,0
2019-06-09 07:15,7,4,3,0,0,0
2019-06-09 07:30,16,7,9,0,0,0
2019-06-09 07:45,16,14,2,0,0,0
2019-06-09 08:00,14,7,7,0,0,0
2019-06-09 08:15,12,8,4,0,0,0
2019-06-09 08:30,28,22,6,0,0,0
2019-06-09 08:45,39,24,15,0,0,0
2019-06-09 09:00,25,20,5,0,0,0
2019-06-09 09:15,44,31,13,0,0,0
2019-06-09 09:30,58,38,20,0,0,0
2019-06-09 09:45,118,87,31,0,0,0
2019-06-09 10:00,69,49,20,0,0,0
2019-06-09 10:15,63,33,30,0,0,0
2019-06-09 10:30,79,57,22,0,0,0
2019-06-09 10:45,108,61,47,0,0,0
2019-06-09 11:00,77,55,22,0,0,0
2019-06-09 11:15,94,43,51,0,0,0
2019-06-09 11:30,102,59,43,0,0,0
2019-06-09 11:45,99,54,45,0,0,0
2019-06-09 12:00,112,66,46,0,0,0
2019-06-09 12:15,114,71,43,0,0,0
2019-06-09 12:30,83,52,31,0,0,0
2019-06-09 12:45,97,66,31,0,0,0
2019-06-09 13:00,121,76,45,0,0,0
2019-06-09 13:15,120,61,59,0,0,0
2019-06-09 13:30,99,55,44,0,0,0
2019-06-09 13:45,126,80,46,0,0,0
2019-06-09 14:00,133,90,43,0,0,0
2019-06-09 14:15,106,63,43,0,0,0
2019-06-09 14:30,122,68,54,0,0,0
2019-06-09 14:45,139,73,66,0,0,0
2019-06-09 15:00,106,58,48,0,0,0
2019-06-09 15:15,159,93,66,0,0,0
2019-06-09 15:30,136,66,70,0,0,0
2019-06-09 15:45,145,68,77,0,0,0
2019-06-09 16:00,130,64,66,0,0,0
2019-06-09 16:15,152,88,64,0,0,0
2019-06-09 16:30,141,76,65,0,0,0
2019-06-09 16:45,133,81,52,0,0,0
2019-06-09 17:00,148,73,75,0,0,0
2019-06-09 17:15,95,54,41,0,0,0
2019-06-09 17:30,135,60,75,0,0,0
2019-06-09 17:45,140,74,66,0,0,0
2019-06-09 18:00,120,67,53,0,0,0
2019-06-09 18:15,142,69,73,0,0,0
2019-06-09 18:30,112,55,57,0,0,0
2019-06-09 18:45,141,91,50,0,0,0
2019-06-09 19:00,114,54,60,0,0,0
2019-06-09 19:15,98,51,47,0,0,0
2019-06-09 19:30,106,61,45,0,0,0
2019-06-09 19:45,150,91,59,0,0,0
2019-06-09 20:00,112,69,43,0,0,0
2019-06-09 20:15,100,58,42,0,0,0
2019-06-09 20:30,92,49,43,0,0,0
2019-06-09 20:45,100,45,55,0,0,0
2019-06-09 21:00,98,44,54,0,0,0
2019-06-09 21:15,76,30,46,0,0,0
2019-06-09 21:30,68,28,40,0,0,0
2019-06-09 21:45,84,29,55,0,0,0
2019-06-09 22:00,98,15,83,0,0,0
2019-06-09 22:15,92,32,60,0,0,0
2019-06-09 22:30,51,15,36,0,0,0
2019-06-09 22:45,49,16,33,0,0,0
2019-06-09 23:00,51,11,40,0,0,0
2019-06-09 23:15,64,15,49,0,0,0
2019-06-09 23:30,38,9,29,0,0,0
2019-06-09 23:45,54,19,35,0,0,0
2019-06-10 00:00,44,15,29,0,0,0
2019-06-10 00:15,57,28,29,0,0,0
2019-06-10 00:30,36,16,20,0,0,0
2019-06-10 00:45,22,7,15,0,0,0
2019-06-10 01:00,20,7,13,0,0,0
2019-06-10 01:15,22,4,18,0,0,0
2019-06-10 01:30,20,6,14,0,0,0
2019-06-10 01:45,26,13,13,0,0,0
2019-06-10 02:00,18,7,11,0,0,0
2019-06-10 02:15,6,4,2,0,0,0
2019-06-10 02:30,11,4,7,0,0,0
2019-06-10 02:45,14,1,13,0,0,0
2019-06-10 03:00,15,8,7,0,0,0
2019-06-10 03:15,5,1,4,0,0,0
2019-06-10 03:30,8,3,5,0,0,0
2019-06-10 03:45,7,1,6,0,0,0
2019-06-10 04:00,7,1,6,0,0,0
2019-06-10 04:15,10,3,7,0,0,0
2019-06-10 04:30,7,1,6,0,0,0
2019-06-10 04:45,1,1,0,0,0,0
2019-06-10 05:00,10,1,9,0,0,0
2019-06-10 05:15,3,1,2,0,0,0
2019-06-10 05:30,7,3,4,0,0,0
2019-06-10 05:45,16,8,8,0,0,0
2019-06-10 06:00,9,2,7,0,0,0
2019-06-10 06:15,6,2,4,0,0,0
2019-06-10 06:30,10,6,4,0,0,0
2019-06-10 06:45,9,5,4,0,0,0
2019-06-10 07:00,7,4,3,0,0,0
2019-06-10 07:15,12,5,7,0,0,0
2019-06-10 07:30,12,10,2,0,0,0
2019-06-10 07:45,21,14,7,0,0,0
2019-06-10 08:00,21,13,8,0,0,0
2019-06-10 08:15,16,12,4,0,0,0
2019-06-10 08:30,30,18,12,0,0,0
2019-06-10 08:45,30,19,11,0,0,0
2019-06-10 09:00,17,11,6,0,0,0
2019-06-10 09:15,41,31,10,0,0,0
2019-06-10 09:30,40,22,18,0,0,0
2019-06-10 09:45,63,45,18,0,0,0
2019-06-10 10:00,56,32,24,0,0,0
2019-06-10 10:15,50,27,23,0,0,0
2019-06-10 10:30,67,48,19,0,0,0
2019-06-10 10:45,96,65,31,0,0,0
2019-06-10 11:00,84,52,32,0,0,0
2019-06-10 11:15,112,57,55,0,0,0
2019-06-10 11:30,69,45,24,0,0,0
2019-06-10 11:45,93,59,34,0,0,0
2019-06-10 12:00,99,51,48,0,0,0
2019-06-10 12:15,84,48,36,0,0,0
2019-06-10 12:30,92,56,36,0,0,0
2019-06-10 12:45,111,60,51,0,0,0
2019-06-10 13:00,98,53,45,0,0,0
2019-06-10 13:15,89,52,37,0,0,0
2019-06-10 13:30,113,71,42,0,0,0
2019-06-10 13:45,111,57,54,0,0,0
2019-06-10 14:00,99,58,41,0,0,0
2019-06-10 14:15,107,59,48,0,0,0
2019-06-10 14:30,99,53,46,0,0,0
2019-06-10 14:45,146,96,50,0,0,0
2019-06-10 15:00,112,69,43,0,0,0
2019-06-10 15:15,110,63,47,0,0,0
2019-06-10 15:30,147,78,69,0,0,0
2019-06-10 15:45,111,62,49,0,0,0
2019-06-10 16:00,128,67,61,0,0,0
2019-06-10 16:15,154,79,75,0,0,0
2019-06-10 16:30,127,66,61,0,0,0
2019-06-10 16:45,112,68,44,0,0,0
2019-06-10 17:00,121,68,53,0,0,0
2019-06-10 17:15,114,56,58,0,0,0
2019-06-10 17:30,94,49,45,0,0,0
2019-06-10 17:45,141,68,73,0,0,0
2019-06-10 18:00,139,74,65,0,0,0
2019-06-10 18:15,128,51,77,0,0,0
2019-06-10 18:30,122,64,58,0,0,0
2019-06-10 18:45,131,73,58,0,0,0
2019-06-10 19:00,125,65,60,0,0,0
2019-06-10 19:15,100,51,49,0,0,0
2019-06-10 19:30,64,33,31,0,0,0
2019-06-10 19:45,76,46,30,0,0,0
2019-06-10 20:00,64,22,42,0,0,0
2019-06-10 20:15,60,14,46,0,0,0
2019-06-10 20:30,62,30,32,0,0,0
2019-06-10 20:45,50,29,21,0,0,0
2019-06-10 21:00,47,15,32,0,0,0
2019-06-10 21:15,62,18,44,0,0,0
2019-06-10 21:30,41,17,24,0,0,0
2019-06-10 21:45,54,14,40,0,0,0
2019-06-10 22:00,44,14,30,0,0,0
2019-06-10 22:15,67,26,41,0,0,0
2019-06-10 22:30,63,15,48,0,0,0
2019-06-10 22:45,31,12,19,0,0,0
2019-06-10 23:00,21,6,15,0,0,0
2019-06-10 23:15,38,13,25,0,0,0
2019-06-10 23:30,28,9,19,0,0,0
2019-06-10 23:45,30,5,25,0,0,0
2019-06-11 00:00,32,14,18,0,0,0
2019-06-11 00:15,26,6,20,0,0,0
2019-06-11 00:30,16,6,10,0,0,0
2019-06-11 00:45,15,6,9,0,0,0
2019-06-11 01:00,21,5,16,0,0,0
2019-06-11 01:15,11,5,6,0,0,0
2019-06-11 01:30,6,2,4,0,0,0
2019-06-11 01:45,7,4,3,0,0,0
2019-06-11 02:00,6,2,4,0,0,0
2019-06-11 02:15,11,3,8,0,0,0
2019-06-11 02:30,3,1,2,0,0,0
2019-06-11 02:45,5,5,0,0,0,0
2019-06-11 03:00,7,4,3,0,0,0
2019-06-11 03:15,2,1,1,0,0,0
2019-06-11 03:30,3,1,2,0,0,0
2019-06-11 03:45,2,1,1,0,0,0
2019-06-11 04:00,2,1,1,0,0,0
2019-06-11 04:15,1,1,0,0,0,0
2019-06-11 04:30,4,3,1,0,0,0
2019-06-11 04:45,10,6,4,0,0,0
2019-06-11 05:00,10,7,3,0,0,0
2019-06-11 05:15,8,6,2,0,0,0
2019-06-11 05:30,24,15,9,0,0,0
2019-06-11 05:45,15,11,4,0,0,0
2019-06-11 06:00,18,11,7,0,0,0
2019-06-11 06:15,32,21,11,0,0,0
2019-06-11 06:30,48,27,21,0,0,0
2019-06-11 06:45,60,40,20,0,0,0
2019-06-11 07:00,43,29,14,0,0,0
2019-06-11 07:15,70,53,17,0,0,0
2019-06-11 07:30,146,91,55,0,0,0
2019-06-11 07:45,196,114,82,0,0,0
2019-06-11 08:00,187,101,86,0,0,0
2019-06-11 08:15,157,88,69,0,0,0
2019-06-11 08:30,165,108,57,0,0,0
2019-06-11 08:45,175,101,74,0,0,0
2019-06-11 09:00,123,75,48,0,0,0
2019-06-11 09:15,154,86,68,0,0,0
2019-06-11 09:30,140,65,75,0,0,0
2019-06-11 09:45,205,110,95,0,0,0
2019-06-11 10:00,139,76,63,0,0,0
2019-06-11 10:15,133,63,70,0,0,0
2019-06-11 10:30,116,70,46,0,0,0
2019-06-11 10:45,137,69,68,0,0,0
2019-06-11 11:00,130,78,52,0,0,0
2019-06-11 11:15,136,79,57,0,0,0
2019-06-11 11:30,128,72,56,0,0,0
2019-06-11 11:45,177,111,66,0,0,0
2019-06-11 12:00,170,79,91,0,0,0
2019-06-11 12:15,166,88,78,0,0,0
2019-06-11 12:30,159,71,88,0,0,0
2019-06-11 12:45,175,101,74,0,0,0
2019-06-11 13:00,141,82,59,0,0,0
2019-06-11 13:15,166,87,79,0,0,0
2019-06-11 13:30,160,85,75,0,0,0
2019-06-11 13:45,205,125,80,0,0,0
2019-06-11 14:00,162,75,87,0,0,0
2019-06-11 14:15,161,93,68,0,0,0
2019-06-11 14:30,104,100,4,0,0,0
2019-06-11 14:45,196,111,85,0,0,0
2019-06-11 15:00,152,82,70,0,0,0
2019-06-11 15:15,159,83,76,0,0,0
2019-06-11 15:30,181,76,105,0,0,0
2019-06-11 15:45,246,125,121,0,0,0
2019-06-11 16:00,229,122,107,0,0,0
2019-06-11 16:15,231,124,107,0,0,0
2019-06-11 16:30,206,90,116,0,0,0
2019-06-11 16:45,236,109,127,0,0,0
2019-06-11 17:00,226,103,123,0,0,0
2019-06-11 17:15,239,118,121,0,0,0
2019-06-11 17:30,271,127,144,0,0,0
2019-06-11 17:45,291,140,151,0,0,0
2019-06-11 18:00,270,120,150,0,0,0
2019-06-11 18:15,259,108,151,0,0,0
2019-06-11 18:30,244,90,154,0,0,0
2019-06-11 18:45,267,130,137,0,0,0
2019-06-11 19:00,211,118,93,0,0,0
2019-06-11 19:15,162,78,84,0,0,0
2019-06-11 19:30,169,96,73,0,0,0
2019-06-11 19:45,240,120,120,0,0,0
2019-06-11 20:00,179,95,84,0,0,0
2019-06-11 20:15,147,67,80,0,0,0
2019-06-11 20:30,152,69,83,0,0,0
2019-06-11 20:45,126,61,65,0,0,0
2019-06-11 21:00,102,53,49,0,0,0
2019-06-11 21:15,93,37,56,0,0,0
2019-06-11 21:30,84,40,44,0,0,0
2019-06-11 21:45,98,37,61,0,0,0
2019-06-11 22:00,85,31,54,0,0,0
2019-06-11 22:15,91,41,50,0,0,0
2019-06-11 22:30,74,24,50,0,0,0
2019-06-11 22:45,81,31,50,0,0,0
2019-06-11 23:00,62,16,46,0,0,0
2019-06-11 23:15,45,20,25,0,0,0
2019-06-11 23:30,32,18,14,0,0,0
2019-06-11 23:45,30,9,21,0,0,0
2019-06-12 00:00,17,6,11,0,0,0
2019-06-12 00:15,23,4,19,0,0,0
2019-06-12 00:30,20,6,14,0,0,0
2019-06-12 00:45,13,5,8,0,0,0
2019-06-12 01:00,15,6,9,0,0,0
2019-06-12 01:15,16,8,8,0,0,0
2019-06-12 01:30,12,5,7,0,0,0
2019-06-12 01:45,19,6,13,0,0,0
2019-06-12 02:00,7,3,4,0,0,0
2019-06-12 02:15,8,2,6,0,0,0
2019-06-12 02:30,4,1,3,0,0,0
2019-06-12 02:45,5,3,2,0,0,0
2019-06-12 03:00,6,4,2,0,0,0
2019-06-12 03:15,3,2,1,0,0,0
2019-06-12 03:30,2,1,1,0,0,0
2019-06-12 03:45,7,5,2,0,0,0
2019-06-12 04:00,1,0,1,0,0,0
2019-06-12 04:15,1,1,0,0,0,0
2019-06-12 04:30,6,6,0,0,0,0
2019-06-12 04:45,15,9,6,0,0,0
2019-06-12 05:00,4,3,1,0,0,0
2019-06-12 05:15,16,14,2,0,0,0
2019-06-12 05:30,20,9,11,0,0,0
2019-06-12 05:45,25,14,11,0,0,0
2019-06-12 06:00,27,21,6,0,0,0
2019-06-12 06:15,53,41,12,0,0,0
2019-06-12 06:30,71,44,27,0,0,0
2019-06-12 06:45,116,87,29,0,0,0
2019-06-12 07:00,121,75,46,0,0,0
2019-06-12 07:15,156,106,50,0,0,0
2019-06-12 07:30,293,201,92,0,0,0
2019-06-12 07:45,297,178,119,0,0,0
2019-06-12 08:00,283,137,146,0,0,0
2019-06-12 08:15,269,164,105,0,0,0
2019-06-12 08:30,279,162,117,0,0,0
2019-06-12 08:45,329,188,141,0,0,0
2019-06-12 09:00,192,105,87,0,0,0
2019-06-12 09:15,175,109,66,0,0,0
2019-06-12 09:30,235,133,102,0,0,0
2019-06-12 09:45,249,159,90,0,0,0
2019-06-12 10:00,176,91,85,0,0,0
2019-06-12 10:15,181,109,72,0,0,0
2019-06-12 10:30,168,93,75,0,0,0
2019-06-12 10:45,154,96,58,0,0,0
2019-06-12 11:00,110,58,52,0,0,0
2019-06-12 11:15,124,60,64,0,0,0
2019-06-12 11:30,129,67,62,0,0,0
2019-06-12 11:45,116,80,36,0,0,0
2019-06-12 12:00,98,54,44,0,0,0
2019-06-12 12:15,116,60,56,0,0,0
2019-06-12 12:30,95,40,55,0,0,0
2019-06-12 12:45,101,45,56,0,0,0
2019-06-12 13:00,92,36,56,0,0,0
2019-06-12 13:15,90,36,54,0,0,0
2019-06-12 13:30,98,43,55,0,0,0
2019-06-12 13:45,158,87,71,0,0,0
2019-06-12 14:00,115,51,64,0,0,0
2019-06-12 14:15,102,47,55,0,0,0
2019-06-12 14:30,116,45,71,0,0,0
2019-06-12 14:45,138,61,77,0,0,0
2019-06-12 15:00,119,47,72,0,0,0
2019-06-12 15:15,151,70,81,0,0,0
2019-06-12 15:30,214,80,134,0,0,0
2019-06-12 15:45,226,109,117,0,0,0
2019-06-12 16:00,200,94,106,0,0,0
2019-06-12 16:15,246,119,127,0,0,0
2019-06-12 16:30,252,117,135,0,0,0
2019-06-12 16:45,258,135,123,0,0,0
2019-06-12 17:00,266,137,129,0,0,0
2019-06-12 17:15,269,137,132,0,0,0
2019-06-12 17:30,270,131,139,0,0,0
2019-06-12 17:45,265,149,116,0,0,0
2019-06-12 18:00,277,138,139,0,0,0
2019-06-12 18:15,250,129,121,0,0,0
2019-06-12 18:30,269,141,128,0,0,0
2019-06-12 18:45,299,162,137,0,0,0
2019-06-12 19:00,253,144,109,0,0,0
2019-06-12 19:15,198,100,98,0,0,0
2019-06-12 19:30,174,87,87,0,0,0
2019-06-12 19:45,206,106,100,0,0,0
2019-06-12 20:00,174,87,87,0,0,0
2019-06-12 20:15,168,73,95,0,0,0
2019-06-12 20:30,133,67,66,0,0,0
2019-06-12 20:45,134,68,66,0,0,0
2019-06-12 21:00,127,60,67,0,0,0
2019-06-12 21:15,118,54,64,0,0,0
2019-06-12 21:30,129,61,68,0,0,0
2019-06-12 21:45,107,49,58,0,0,0
2019-06-12 22:00,92,44,48,0,0,0
2019-06-12 22:15,104,49,55,0,0,0
2019-06-12 22:30,87,43,44,0,0,0
2019-06-12 22:45,58,28,30,0,0,0
2019-06-12 23:00,63,26,37,0,0,0
2019-06-12 23:15,69,13,56,0,0,0
2019-06-12 23:30,59,27,32,0,0,0
2019-06-12 23:45,44,12,32,0,0,0
2019-06-13 00:00,60,17,43,0,0,0
2019-06-13 00:15,33,9,24,0,0,0
2019-06-13 00:30,46,15,31,0,0,0
2019-06-13 00:45,22,5,17,0,0,0
2019-06-13 01:00,27,7,20,0,0,0
2019-06-13 01:15,38,14,24,0,0,0
2019-06-13 01:30,15,4,11,0,0,0
2019-06-13 01:45,21,8,13,0,0,0
2019-06-13 02:00,24,8,16,0,0,0
2019-06-13 02:15,27,6,21,0,0,0
2019-06-13 02:30,11,4,7,0,0,0
2019-06-13 02:45,21,1,20,0,0,0
2019-06-13 03:00,12,2,10,0,0,0
2019-06-13 03:15,10,2,8,0,0,0
2019-06-13 03:30,5,1,4,0,0,0
2019-06-13 03:45,9,3,6,0,0,0
2019-06-13 04:00,7,2,5,0,0,0
2019-06-13 04:15,8,2,6,0,0,0
2019-06-13 04:30,8,3,5,0,0,0
2019-06-13 04:45,16,12,4,0,0,0
2019-06-13 05:00,12,5,7,0,0,0
2019-06-13 05:15,14,7,7,0,0,0
2019-06-13 05:30,22,11,11,0,0,0
2019-06-13 05:45,23,14,9,0,0,0
2019-06-13 06:00,30,19,11,0,0,0
2019-06-13 06:15,44,35,9,0,0,0
2019-06-13 06:30,73,40,33,0,0,0
2019-06-13 06:45,108,70,38,0,0,0
2019-06-13 07:00,126,82,44,0,0,0
2019-06-13 07:15,166,112,54,0,0,0
2019-06-13 07:30,291,191,100,0,0,0
2019-06-13 07:45,346,195,151,0,0,0
2019-06-13 08:00,271,144,127,0,0,0
2019-06-13 08:15,284,144,140,0,0,0
2019-06-13 08:30,239,149,90,0,0,0
2019-06-13 08:45,263,163,100,0,0,0
2019-06-13 09:00,228,137,91,0,0,0
2019-06-13 09:15,190,120,70,0,0,0
2019-06-13 09:30,218,125,93,0,0,0
2019-06-13 09:45,289,155,134,0,0,0
2019-06-13 10:00,193,96,97,0,0,0
2019-06-13 10:15,156,92,64,0,0,0
2019-06-13 10:30,144,76,68,0,0,0
2019-06-13 10:45,167,105,62,0,0,0
2019-06-13 11:00,148,80,68,0,0,0
2019-06-13 11:15,140,74,66,0,0,0
2019-06-13 11:30,184,99,85,0,0,0
2019-06-13 11:45,189,112,77,0,0,0
2019-06-13 12:00,217,111,106,0,0,0
2019-06-13 12:15,224,113,111,0,0,0
2019-06-13 12:30,227,111,116,0,0,0
2019-06-13 12:45,201,120,81,0,0,0
2019-06-13 13:00,220,115,105,0,0,0
2019-06-13 13:15,184,71,113,0,0,0
2019-06-13 13:30,246,144,102,0,0,0
2019-06-13 13:45,234,110,124,0,0,0
2019-06-13 14:00,229,119,110,0,0,0
2019-06-13 14:15,203,102,101,0,0,0
2019-06-13 14:30,190,91,99,0,0,0
2019-06-13 14:45,222,107,115,0,0,0
2019-06-13 15:00,191,94,97,0,0,0
2019-06-13 15:15,216,98,118,0,0,0
2019-06-13 15:30,289,117,172,0,0,0
2019-06-13 15:45,291,148,143,0,0,0
2019-06-13 16:00,315,166,149,0,0,0
2019-06-13 16:15,310,164,146,0,0,0
2019-06-13 16:30,291,135,156,0,0,0
2019-06-13 16:45,285,133,152,0,0,0
2019-06-13 17:00,299,142,157,0,0,0
2019-06-13 17:15,320,156,164,0,0,0
2019-06-13 17:30,290,148,142,0,0,0
2019-06-13 17:45,383,173,210,0,0,0
2019-06-13 18:00,344,157,187,0,0,0
2019-06-13 18:15,318,162,156,0,0,0
2019-06-13 18:30,280,124,156,0,0,0
2019-06-13 18:45,269,146,123,0,0,0
2019-06-13 19:00,247,128,119,0,0,0
2019-06-13 19:15,221,114,107,0,0,0
2019-06-13 19:30,189,99,90,0,0,0
2019-06-13 19:45,223,116,107,0,0,0
2019-06-13 20:00,193,110,83,0,0,0
2019-06-13 20:15,192,82,110,0,0,0
2019-06-13 20:30,153,70,83,0,0,0
2019-06-13 20:45,150,66,84,0,0,0
2019-06-13 21:00,95,46,49,0,0,0
2019-06-13 21:15,119,56,63,0,0,0
2019-06-13 21:30,118,41,77,0,0,0
2019-06-13 21:45,103,44,59,0,0,0
2019-06-13 22:00,98,39,59,0,0,0
2019-06-13 22:15,124,51,73,0,0,0
2019-06-13 22:30,82,27,55,0,0,0
2019-06-13 22:45,71,29,42,0,0,0
2019-06-13 23:00,75,34,41,0,0,0
2019-06-13 23:15,65,15,50,0,0,0
2019-06-13 23:30,50,16,34,0,0,0
2019-06-13 23:45,55,17,38,0,0,0
2019-06-14 00:00,40,16,24,0,0,0
2019-06-14 00:15,41,11,30,0,0,0
2019-06-14 00:30,19,5,14,0,0,0
2019-06-14 00:45,39,6,33,0,0,0
2019-06-14 01:00,32,9,23,0,0,0
2019-06-14 01:15,19,8,11,0,0,0
2019-06-14 01:30,18,4,14,0,0,0
2019-06-14 01:45,8,1,7,0,0,0
2019-06-14 02:00,20,6,14,0,0,0
2019-06-14 02:15,25,2,23,0,0,0
2019-06-14 02:30,19,2,17,0,0,0
2019-06-14 02:45,9,4,5,0,0,0
2019-06-14 03:00,7,2,5,0,0,0
2019-06-14 03:15,10,4,6,0,0,0
2019-06-14 03:30,5,2,3,0,0,0
2019-06-14 03:45,0,0,0,0,0,0
2019-06-14 04:00,5,1,4,0,0,0
2019-06-14 04:15,3,1,2,0,0,0
2019-06-14 04:30,3,1,2,0,0,0
2019-06-14 04:45,14,10,4,0,0,0
2019-06-14 05:00,7,5,2,0,0,0
2019-06-14 05:15,14,9,5,0,0,0
2019-06-14 05:30,21,12,9,0,0,0
2019-06-14 05:45,21,14,7,0,0,0
2019-06-14 06:00,25,11,14,0,0,0
2019-06-14 06:15,42,32,10,0,0,0
2019-06-14 06:30,63,40,23,0,0,0
2019-06-14 06:45,96,64,32,0,0,0
2019-06-14 07:00,103,65,38,0,0,0
2019-06-14 07:15,165,121,44,0,0,0
2019-06-14 07:30,321,234,87,0,0,0
2019-06-14 07:45,283,169,114,0,0,0
2019-06-14 08:00,238,123,115,0,0,0
2019-06-14 08:15,227,139,88,0,0,0
2019-06-14 08:30,220,134,86,0,0,0
2019-06-14 08:45,250,151,99,0,0,0
2019-06-14 09:00,200,110,90,0,0,0
2019-06-14 09:15,204,92,112,0,0,0
2019-06-14 09:30,238,148,90,0,0,0
2019-06-14 09:45,255,127,128,0,0,0
2019-06-14 10:00,175,84,91,0,0,0
2019-06-14 10:15,142,93,49,0,0,0
2019-06-14 10:30,170,109,61,0,0,0
2019-06-14 10:45,160,85,75,0,0,0
2019-06-14 11:00,164,94,70,0,0,0
2019-06-14 11:15,152,88,64,0,0,0
2019-06-14 11:30,154,89,65,0,0,0
2019-06-14 11:45,212,131,81,0,0,0
2019-06-14 12:00,185,97,88,0,0,0
2019-06-14 12:15,227,119,108,0,0,0
2019-06-14 12:30,219,108,111,0,0,0
2019-06-14 12:45,235,115,120,0,0,0
2019-06-14 13:00,285,121,164,0,0,0
2019-06-14 13:15,265,127,138,0,0,0
2019-06-14 13:30,214,116,98,0,0,0
2019-06-14 13:45,247,120,127,0,0,0
2019-06-14 14:00,244,115,129,0,0,0
2019-06-14 14:15,241,116,125,0,0,0
2019-06-14 14:30,220,106,114,0,0,0
2019-06-14 14:45,219,122,97,0,0,0
2019-06-14 15:00,212,112,100,0,0,0
2019-06-14 15:15,233,122,111,0,0,0
2019-06-14 15:30,248,135,113,0,0,0
2019-06-14 15:45,225,111,114,0,0,0
2019-06-14 16:00,219,121,98,0,0,0
2019-06-14 16:15,255,151,104,0,0,0
2019-06-14 16:30,234,115,119,0,0,0
2019-06-14 16:45,231,122,109,0,0,0
2019-06-14 17:00,243,124,119,0,0,0
2019-06-14 17:15,212,121,91,0,0,0
2019-06-14 17:30,259,131,128,0,0,0
2019-06-14 17:45,269,147,122,0,0,0
2019-06-14 18:00,307,153,154,0,0,0
2019-06-14 18:15,243,138,105,0,0,0
2019-06-14 18:30,231,121,110,0,0,0
2019-06-14 18:45,280,166,114,0,0,0
2019-06-14 19:00,207,95,112,0,0,0
2019-06-14 19:15,231,114,117,0,0,0
2019-06-14 19:30,198,113,85,0,0,0
2019-06-14 19:45,219,121,98,0,0,0
2019-06-14 20:00,179,115,64,0,0,0
2019-06-14 20:15,161,83,78,0,0,0
2019-06-14 20:30,147,84,63,0,0,0
2019-06-14 20:45,130,78,52,0,0,0
2019-06-14 21:00,144,73,71,0,0,0
2019-06-14 21:15,108,46,62,0,0,0
2019-06-14 21:30,112,51,61,0,0,0
2019-06-14 21:45,115,47,68,0,0,0
2019-06-14 22:00,92,33,59,0,0,0
2019-06-14 22:15,131,51,80,0,0,0
2019-06-14 22:30,110,48,62,0,0,0
2019-06-14 22:45,87,30,57,0,0,0
2019-06-14 23:00,83,24,59,0,0,0
2019-06-14 23:15,87,44,43,0,0,0
2019-06-14 23:30,79,16,63,0,0,0
2019-06-14 23:45,127,46,81,0,0,0
2019-06-15 00:00,76,13,63,0,0,0
2019-06-15 00:15,94,38,56,0,0,0
2019-06-15 00:30,76,33,43,0,0,0
2019-06-15 00:45,91,31,60,0,0,0
2019-06-15 01:00,81,32,49,0,0,0
2019-06-15 01:15,66,25,41,0,0,0
2019-06-15 01:30,81,15,66,0,0,0
2019-06-15 01:45,39,8,31,0,0,0
2019-06-15 02:00,40,9,31,0,0,0
2019-06-15 02:15,45,8,37,0,0,0
2019-06-15 02:30,21,6,15,0,0,0
2019-06-15 02:45,29,6,23,0,0,0
2019-06-15 03:00,36,8,28,0,0,0
2019-06-15 03:15,20,9,11,0,0,0
2019-06-15 03:30,20,6,14,0,0,0
2019-06-15 03:45,14,1,13,0,0,0
2019-06-15 04:00,18,0,18,0,0,0
2019-06-15 04:15,12,3,9,0,0,0
2019-06-15 04:30,12,5,7,0,0,0
2019-06-15 04:45,18,6,12,0,0,0
2019-06-15 05:00,8,4,4,0,0,0
2019-06-15 05:15,12,7,5,0,0,0
2019-06-15 05:30,13,8,5,0,0,0
2019-06-15 05:45,23,13,10,0,0,0
2019-06-15 06:00,19,12,7,0,0,0
2019-06-15 06:15,11,9,2,0,0,0
2019-06-15 06:30,20,11,9,0,0,0
2019-06-15 06:45,26,21,5,0,0,0
2019-06-15 07:00,26,21,5,0,0,0
2019-06-15 07:15,38,31,7,0,0,0
2019-06-15 07:30,80,73,7,0,0,0
2019-06-15 07:45,96,86,10,0,0,0
2019-06-15 08:00,52,40,12,0,0,0
2019-06-15 08:15,86,69,17,0,0,0
2019-06-15 08:30,69,47,22,0,0,0
2019-06-15 08:45,109,83,26,0,0,0
2019-06-15 09:00,119,76,43,0,0,0
2019-06-15 09:15,140,76,64,0,0,0
2019-06-15 09:30,165,124,41,0,0,0
2019-06-15 09:45,194,144,50,0,0,0
2019-06-15 10:00,191,132,59,0,0,0
2019-06-15 10:15,162,114,48,0,0,0
2019-06-15 10:30,192,127,65,0,0,0
2019-06-15 10:45,177,118,59,0,0,0
2019-06-15 11:00,133,92,41,0,0,0
2019-06-15 11:15,111,73,38,0,0,0
2019-06-15 11:30,135,83,52,0,0,0
2019-06-15 11:45,156,93,63,0,0,0
2019-06-15 12:00,162,90,72,0,0,0
2019-06-15 12:15,215,137,78,0,0,0
2019-06-15 12:30,161,84,77,0,0,0
2019-06-15 12:45,223,136,87,0,0,0
2019-06-15 13:00,149,71,78,0,0,0
2019-06-15 13:15,157,70,87,0,0,0
2019-06-15 13:30,198,96,102,0,0,0
2019-06-15 13:45,220,113,107,0,0,0
2019-06-15 14:00,187,100,87,0,0,0
2019-06-15 14:15,159,77,82,0,0,0
2019-06-15 14:30,191,96,95,0,0,0
2019-06-15 14:45,163,86,77,0,0,0
2019-06-15 15:00,164,76,88,0,0,0
2019-06-15 15:15,133,59,74,0,0,0
2019-06-15 15:30,125,57,68,0,0,0
2019-06-15 15:45,166,84,82,0,0,0
2019-06-15 16:00,169,84,85,0,0,0
2019-06-15 16:15,139,63,76,0,0,0
2019-06-15 16:30,137,61,76,0,0,0
2019-06-15 16:45,137,81,56,0,0,0
2019-06-15 17:00,155,65,90,0,0,0
2019-06-15 17:15,151,68,83,0,0,0
2019-06-15 17:30,139,65,74,0,0,0
2019-06-15 17:45,206,110,96,0,0,0
2019-06-15 18:00,186,80,106,0,0,0
2019-06-15 18:15,176,91,85,0,0,0
2019-06-15 18:30,152,68,84,0,0,0
2019-06-15 18:45,200,118,82,0,0,0
2019-06-15 19:00,156,89,67,0,0,0
2019-06-15 19:15,171,82,89,0,0,0
2019-06-15 19:30,147,73,74,0,0,0
2019-06-15 19:45,187,92,95,0,0,0
2019-06-15 20:00,154,79,75,0,0,0
2019-06-15 20:15,130,76,54,0,0,0
2019-06-15 20:30,130,74,56,0,0,0
2019-06-15 20:45,135,69,66,0,0,0
2019-06-15 21:00,106,61,45,0,0,0
2019-06-15 21:15,104,46,58,0,0,0
2019-06-15 21:30,95,48,47,0,0,0
2019-06-15 21:45,68,35,33,0,0,0
2019-06-15 22:00,102,39,63,0,0,0
2019-06-15 22:15,77,25,52,0,0,0
2019-06-15 22:30,71,24,47,0,0,0
2019-06-15 22:45,87,20,67,0,0,0
2019-06-15 23:00,88,41,47,0,0,0
2019-06-15 23:15,100,51,49,0,0,0
2019-06-15 23:30,60,22,38,0,0,0
2019-06-15 23:45,122,51,71,0,0,0
2019-06-16 00:00,73,26,47,0,0,0
2019-06-16 00:15,74,29,45,0,0,0
2019-06-16 00:30,69,23,46,0,0,0
2019-06-16 00:45,82,28,54,0,0,0
2019-06-16 01:00,68,28,40,0,0,0
2019-06-16 01:15,51,19,32,0,0,0
2019-06-16 01:30,67,8,59,0,0,0
2019-06-16 01:45,70,22,48,0,0,0
2019-06-16 02:00,61,19,42,0,0,0
2019-06-16 02:15,55,10,45,0,0,0
2019-06-16 02:30,45,14,31,0,0,0
2019-06-16 02:45,71,19,52,0,0,0
2019-06-16 03:00,48,28,20,0,0,0
2019-06-16 03:15,41,7,34,0,0,0
2019-06-16 03:30,32,6,26,0,0,0
2019-06-16 03:45,24,5,19,0,0,0
2019-06-16 04:00,30,2,28,0,0,0
2019-06-16 04:15,23,8,15,0,0,0
2019-06-16 04:30,25,7,18,0,0,0
2019-06-16 04:45,15,5,10,0,0,0
2019-06-16 05:00,14,2,12,0,0,0
2019-06-16 05:15,12,3,9,0,0,0
2019-06-16 05:30,10,5,5,0,0,0
2019-06-16 05:45,6,4,2,0,0,0
2019-06-16 06:00,19,8,11,0,0,0
2019-06-16 06:15,13,4,9,0,0,0
2019-06-16 06:30,11,2,9,0,0,0
2019-06-16 06:45,15,10,5,0,0,0
2019-06-16 07:00,9,5,4,0,0,0
2019-06-16 07:15,11,5,6,0,0,0
2019-06-16 07:30,11,9,2,0,0,0
2019-06-16 07:45,26,13,13,0,0,0
2019-06-16 08:00,10,7,3,0,0,0
2019-06-16 08:15,19,14,5,0,0,0
2019-06-16 08:30,33,21,12,0,0,0
2019-06-16 08:45,55,29,26,0,0,0
2019-06-16 09:00,45,20,25,0,0,0
2019-06-16 09:15,66,40,26,0,0,0
2019-06-16 09:30,86,56,30,0,0,0
2019-06-16 09:45,147,107,40,0,0,0
2019-06-16 10:00,82,56,26,0,0,0
2019-06-16 10:15,59,34,25,0,0,0
2019-06-16 10:30,76,40,36,0,0,0
2019-06-16 10:45,115,80,35,0,0,0
2019-06-16 11:00,75,49,26,0,0,0
2019-06-16 11:15,92,57,35,0,0,0
2019-06-16 11:30,98,52,46,0,0,0
2019-06-16 11:45,137,80,57,0,0,0
2019-06-16 12:00,97,48,49,0,0,0
2019-06-16 12:15,105,55,50,0,0,0
2019-06-16 12:30,118,65,53,0,0,0
2019-06-16 12:45,156,100,56,0,0,0
2019-06-16 13:00,100,48,52,0,0,0
2019-06-16 13:15,135,73,62,0,0,0
2019-06-16 13:30,132,77,55,0,0,0
2019-06-16 13:45,175,102,73,0,0,0
2019-06-16 14:00,126,63,63,0,0,0
2019-06-16 14:15,127,75,52,0,0,0
2019-06-16 14:30,150,79,71,0,0,0
2019-06-16 14:45,142,81,61,0,0,0
2019-06-16 15:00,142,84,58,0,0,0
2019-06-16 15:15,152,79,73,0,0,0
2019-06-16 15:30,142,68,74,0,0,0
2019-06-16 15:45,142,79,63,0,0,0
2019-06-16 16:00,149,71,78,0,0,0
2019-06-16 16:15,179,94,85,0,0,0
2019-06-16 16:30,138,65,73,0,0,0
2019-06-16 16:45,154,81,73,0,0,0
2019-06-16 17:00,131,58,73,0,0,0
2019-06-16 17:15,148,78,70,0,0,0
2019-06-16 17:30,148,85,63,0,0,0
2019-06-16 17:45,187,92,95,0,0,0
2019-06-16 18:00,162,76,86,0,0,0
2019-06-16 18:15,146,77,69,0,0,0
2019-06-16 18:30,158,91,67,0,0,0
2019-06-16 18:45,178,76,102,0,0,0
2019-06-16 19:00,139,64,75,0,0,0
2019-06-16 19:15,148,87,61,0,0,0
2019-06-16 19:30,172,76,96,0,0,0
2019-06-16 19:45,133,68,65,0,0,0
2019-06-16 20:00,131,61,70,0,0,0
2019-06-16 20:15,98,34,64,0,0,0
2019-06-16 20:30,102,42,60,0,0,0
2019-06-16 20:45,92,36,56,0,0,0
2019-06-16 21:00,99,34,65,0,0,0
2019-06-16 21:15,81,38,43,0,0,0
2019-06-16 21:30,73,25,48,0,0,0
2019-06-16 21:45,69,22,47,0,0,0
2019-06-16 22:00,68,22,46,0,0,0
2019-06-16 22:15,64,28,36,0,0,0
2019-06-16 22:30,52,20,32,0,0,0
2019-06-16 22:45,61,30,31,0,0,0
2019-06-16 23:00,53,18,35,0,0,0
2019-06-16 23:15,45,19,26,0,0,0
2019-06-16 23:30,32,12,20,0,0,0
2019-06-16 23:45,28,7,21,0,0,0
2019-06-17 00:00,17,6,11,0,0,0
2019-06-17 00:15,22,12,10,0,0,0
2019-06-17 00:30,14,9,5,0,0,0
2019-06-17 00:45,10,5,5,0,0,0
2019-06-17 01:00,11,8,3,0,0,0
2019-06-17 01:15,5,3,2,0,0,0
2019-06-17 01:30,11,3,8,0,0,0
2019-06-17 01:45,7,2,5,0,0,0
2019-06-17 02:00,3,0,3,0,0,0
2019-06-17 02:15,4,2,2,0,0,0
2019-06-17 02:30,6,2,4,0,0,0
2019-06-17 02:45,4,2,2,0,0,0
2019-06-17 03:00,0,0,0,0,0,0
2019-06-17 03:15,3,2,1,0,0,0
2019-06-17 03:30,4,3,1,0,0,0
2019-06-17 03:45,4,2,2,0,0,0
2019-06-17 04:00,3,0,3,0,0,0
2019-06-17 04:15,2,2,0,0,0,0
2019-06-17 04:30,3,1,2,0,0,0
2019-06-17 04:45,11,8,3,0,0,0
2019-06-17 05:00,7,5,2,0,0,0
2019-06-17 05:15,11,8,3,0,0,0
2019-06-17 05:30,29,16,13,0,0,0
2019-06-17 05:45,22,18,4,0,0,0
2019-06-17 06:00,41,31,10,0,0,0
2019-06-17 06:15,63,45,18,0,0,0
2019-06-17 06:30,81,51,30,0,0,0
2019-06-17 06:45,93,62,31,0,0,0
2019-06-17 07:00,118,69,49,0,0,0
2019-06-17 07:15,190,136,54,0,0,0
2019-06-17 07:30,312,202,110,0,0,0
2019-06-17 07:45,400,221,179,0,0,0
2019-06-17 08:00,424,220,204,0,0,0
2019-06-17 08:15,308,183,125,0,0,0
2019-06-17 08:30,267,165,102,0,0,0
2019-06-17 08:45,335,210,125,0,0,0
2019-06-17 09:00,267,162,105,0,0,0
2019-06-17 09:15,212,128,84,0,0,0
2019-06-17 09:30,216,106,110,0,0,0
2019-06-17 09:45,426,200,226,0,0,0
2019-06-17 10:00,448,247,201,0,0,0
2019-06-17 10:15,208,113,95,0,0,0
2019-06-17 10:30,201,119,82,0,0,0
2019-06-17 10:45,158,74,84,0,0,0
2019-06-17 11:00,206,111,95,0,0,0
2019-06-17 11:15,192,103,89,0,0,0
2019-06-17 11:30,232,110,122,0,0,0
2019-06-17 11:45,441,219,222,0,0,0
2019-06-17 12:00,362,225,137,0,0,0
2019-06-17 12:15,245,122,123,0,0,0
2019-06-17 12:30,239,111,128,0,0,0
2019-06-17 12:45,255,149,106,0,0,0
2019-06-17 13:00,307,134,173,0,0,0
2019-06-17 13:15,252,125,127,0,0,0
2019-06-17 13:30,275,143,132,0,0,0
2019-06-17 13:45,453,240,213,0,0,0
2019-06-17 14:00,382,210,172,0,0,0
2019-06-17 14:15,241,126,115,0,0,0
2019-06-17 14:30,258,118,140,0,0,0
2019-06-17 14:45,244,124,120,0,0,0
2019-06-17 15:00,235,110,125,0,0,0
2019-06-17 15:15,276,136,140,0,0,0
2019-06-17 15:30,342,147,195,0,0,0
2019-06-17 15:45,533,295,238,0,0,0
2019-06-17 16:00,441,236,205,0,0,0
2019-06-17 16:15,312,164,148,0,0,0
2019-06-17 16:30,332,174,158,0,0,0
2019-06-17 16:45,329,165,164,0,0,0
2019-06-17 17:00,384,192,192,0,0,0
2019-06-17 17:15,415,202,213,0,0,0
2019-06-17 17:30,475,248,227,0,0,0
2019-06-17 17:45,576,267,309,0,0,0
2019-06-17 18:00,494,224,270,0,0,0
2019-06-17 18:15,362,166,196,0,0,0
2019-06-17 18:30,348,156,192,0,0,0
2019-06-17 18:45,327,186,141,0,0,0
2019-06-17 19:00,284,145,139,0,0,0
2019-06-17 19:15,264,126,138,0,0,0
2019-06-17 19:30,281,128,153,0,0,0
2019-06-17 19:45,355,162,193,0,0,0
2019-06-17 20:00,277,121,156,0,0,0
2019-06-17 20:15,224,110,114,0,0,0
2019-06-17 20:30,208,125,83,0,0,0
2019-06-17 20:45,185,105,80,0,0,0
2019-06-17 21:00,171,94,77,0,0,0
2019-06-17 21:15,141,65,76,0,0,0
2019-06-17 21:30,146,72,74,0,0,0
2019-06-17 21:45,193,90,103,0,0,0
2019-06-17 22:00,159,73,86,0,0,0
2019-06-17 22:15,166,69,97,0,0,0
2019-06-17 22:30,87,29,58,0,0,0
2019-06-17 22:45,113,50,63,0,0,0
2019-06-17 23:00,101,38,63,0,0,0
2019-06-17 23:15,61,34,27,0,0,0
2019-06-17 23:30,70,20,50,0,0,0
2019-06-17 23:45,58,19,39,0,0,0
2019-06-18 00:00,53,21,32,0,0,0
2019-06-18 00:15,36,12,24,0,0,0
2019-06-18 00:30,33,9,24,0,0,0
2019-06-18 00:45,28,9,19,0,0,0
2019-06-18 01:00,37,7,30,0,0,0
2019-06-18 01:15,18,10,8,0,0,0
2019-06-18 01:30,12,4,8,0,0,0
2019-06-18 01:45,16,1,15,0,0,0
2019-06-18 02:00,25,2,23,0,0,0
2019-06-18 02:15,7,2,5,0,0,0
2019-06-18 02:30,7,3,4,0,0,0
2019-06-18 02:45,4,0,4,0,0,0
2019-06-18 03:00,10,4,6,0,0,0
2019-06-18 03:15,3,2,1,0,0,0
2019-06-18 03:30,10,6,4,0,0,0
2019-06-18 03:45,4,1,3,0,0,0
2019-06-18 04:00,5,3,2,0,0,0
2019-06-18 04:15,4,4,0,0,0,0
2019-06-18 04:30,6,3,3,0,0,0
2019-06-18 04:45,9,6,3,0,0,0
2019-06-18 05:00,11,9,2,0,0,0
2019-06-18 05:15,8,5,3,0,0,0
2019-06-18 05:30,35,20,15,0,0,0
2019-06-18 05:45,18,14,4,0,0,0
2019-06-18 06:00,48,38,10,0,0,0
2019-06-18 06:15,70,50,20,0,0,0
2019-06-18 06:30,83,57,26,0,0,0
2019-06-18 06:45,138,88,50,0,0,0
2019-06-18 07:00,143,90,53,0,0,0
2019-06-18 07:15,194,136,58,0,0,0
2019-06-18 07:30,343,217,126,0,0,0
2019-06-18 07:45,472,270,202,0,0,0
2019-06-18 08:00,590,313,277,0,0,0
2019-06-18 08:15,348,201,147,0,0,0
2019-06-18 08:30,299,193,106,0,0,0
2019-06-18 08:45,372,218,154,0,0,0
2019-06-18 09:00,310,192,118,0,0,0
2019-06-18 09:15,229,116,113,0,0,0
2019-06-18 09:30,261,133,128,0,0,0
2019-06-18 09:45,537,243,294,0,0,0
2019-06-18 10:00,532,318,214,0,0,0
2019-06-18 10:15,248,145,103,0,0,0
2019-06-18 10:30,176,90,86,0,0,0
2019-06-18 10:45,196,112,84,0,0,0
2019-06-18 11:00,188,110,78,0,0,0
2019-06-18 11:15,210,101,109,0,0,0
2019-06-18 11:30,247,118,129,0,0,0
2019-06-18 11:45,475,264,211,0,0,0
2019-06-18 12:00,466,291,175,0,0,0
2019-06-18 12:15,291,157,134,0,0,0
2019-06-18 12:30,227,104,123,0,0,0
2019-06-18 12:45,265,149,116,0,0,0
2019-06-18 13:00,341,136,205,0,0,0
2019-06-18 13:15,285,128,157,0,0,0
2019-06-18 13:30,280,148,132,0,0,0
2019-06-18 13:45,532,252,280,0,0,0
2019-06-18 14:00,394,212,182,0,0,0
2019-06-18 14:15,295,159,136,0,0,0
2019-06-18 14:30,253,135,118,0,0,0
2019-06-18 14:45,239,108,131,0,0,0
2019-06-18 15:00,269,146,123,0,0,0
2019-06-18 15:15,253,135,118,0,0,0
2019-06-18 15:30,345,177,168,0,0,0
2019-06-18 15:45,565,303,262,0,0,0
2019-06-18 16:00,486,260,226,0,0,0
2019-06-18 16:15,358,181,177,0,0,0
2019-06-18 16:30,343,167,176,0,0,0
2019-06-18 16:45,335,171,164,0,0,0
2019-06-18 17:00,364,198,166,0,0,0
2019-06-18 17:15,365,214,151,0,0,0
2019-06-18 17:30,474,258,216,0,0,0
2019-06-18 17:45,642,311,331,0,0,0
2019-06-18 18:00,456,245,211,0,0,0
2019-06-18 18:15,412,209,203,0,0,0
2019-06-18 18:30,334,165,169,0,0,0
2019-06-18 18:45,363,222,141,0,0,0
2019-06-18 19:00,304,159,145,0,0,0
2019-06-18 19:15,254,137,117,0,0,0
2019-06-18 19:30,325,146,179,0,0,0
2019-06-18 19:45,392,189,203,0,0,0
2019-06-18 20:00,319,167,152,0,0,0
2019-06-18 20:15,238,120,118,0,0,0
2019-06-18 20:30,205,95,110,0,0,0
2019-06-18 20:45,189,89,100,0,0,0
2019-06-18 21:00,184,65,119,0,0,0
2019-06-18 21:15,192,74,118,0,0,0
2019-06-18 21:30,168,65,103,0,0,0
2019-06-18 21:45,190,76,114,0,0,0
2019-06-18 22:00,187,70,117,0,0,0
2019-06-18 22:15,176,77,99,0,0,0
2019-06-18 22:30,147,55,92,0,0,0
2019-06-18 22:45,130,38,92,0,0,0
2019-06-18 23:00,104,48,56,0,0,0
2019-06-18 23:15,77,31,46,0,0,0
2019-06-18 23:30,82,19,63,0,0,0
2019-06-18 23:45,63,23,40,0,0,0
2019-06-19 00:00,58,18,40,0,0,0
2019-06-19 00:15,57,15,42,0,0,0
2019-06-19 00:30,31,9,22,0,0,0
2019-06-19 00:45,35,13,22,0,0,0
2019-06-19 01:00,43,18,25,0,0,0
2019-06-19 01:15,21,7,14,0,0,0
2019-06-19 01:30,16,9,7,0,0,0
2019-06-19 01:45,13,4,9,0,0,0
2019-06-19 02:00,15,8,7,0,0,0
2019-06-19 02:15,17,8,9,0,0,0
2019-06-19 02:30,14,8,6,0,0,0
2019-06-19 02:45,10,4,6,0,0,0
2019-06-19 03:00,4,4,0,0,0,0
2019-06-19 03:15,6,5,1,0,0,0
2019-06-19 03:30,5,3,2,0,0,0
2019-06-19 03:45,8,6,2,0,0,0
2019-06-19 04:00,5,5,0,0,0,0
2019-06-19 04:15,2,0,2,0,0,0
2019-06-19 04:30,3,3,0,0,0,0
2019-06-19 04:45,14,12,2,0,0,0
2019-06-19 05:00,10,8,2,0,0,0
2019-06-19 05:15,21,12,9,0,0,0
2019-06-19 05:30,25,12,13,0,0,0
2019-06-19 05:45,25,18,7,0,0,0
2019-06-19 06:00,38,28,10,0,0,0
2019-06-19 06:15,65,46,19,0,0,0
2019-06-19 06:30,90,60,30,0,0,0
2019-06-19 06:45,125,81,44,0,0,0
2019-06-19 07:00,140,85,55,0,0,0
2019-06-19 07:15,260,195,65,0,0,0
2019-06-19 07:30,334,221,113,0,0,0
2019-06-19 07:45,468,264,204,0,0,0
2019-06-19 08:00,548,280,268,0,0,0
2019-06-19 08:15,365,217,148,0,0,0
2019-06-19 08:30,279,178,101,0,0,0
2019-06-19 08:45,341,214,127,0,0,0
2019-06-19 09:00,235,130,105,0,0,0
2019-06-19 09:15,209,131,78,0,0,0
2019-06-19 09:30,269,140,129,0,0,0
2019-06-19 09:45,497,241,256,0,0,0
2019-06-19 10:00,594,305,289,0,0,0
2019-06-19 10:15,238,134,104,0,0,0
2019-06-19 10:30,232,142,90,0,0,0
2019-06-19 10:45,176,107,69,0,0,0
2019-06-19 11:00,209,100,109,0,0,0
2019-06-19 11:15,231,134,97,0,0,0
2019-06-19 11:30,276,157,119,0,0,0
2019-06-19 11:45,466,262,204,0,0,0
2019-06-19 12:00,376,217,159,0,0,0
2019-06-19 12:15,272,154,118,0,0,0
2019-06-19 12:30,253,147,106,0,0,0
2019-06-19 12:45,330,174,156,0,0,0
2019-06-19 13:00,290,144,146,0,0,0
2019-06-19 13:15,235,109,126,0,0,0
2019-06-19 13:30,260,137,123,0,0,0
2019-06-19 13:45,433,233,200,0,0,0
2019-06-19 14:00,355,209,146,0,0,0
2019-06-19 14:15,238,142,96,0,0,0
2019-06-19 14:30,235,113,122,0,0,0
2019-06-19 14:45,236,115,121,0,0,0
2019-06-19 15:00,206,114,92,0,0,0
2019-06-19 15:15,237,98,139,0,0,0
2019-06-19 15:30,333,111,222,0,0,0
2019-06-19 15:45,461,215,246,0,0,0
2019-06-19 16:00,448,249,199,0,0,0
2019-06-19 16:15,162,75,87,0,0,0
2019-06-19 16:30,307,166,141,0,0,0
2019-06-19 16:45,309,160,149,0,0,0
2019-06-19 17:00,298,166,132,0,0,0
2019-06-19 17:15,300,151,149,0,0,0
2019-06-19 17:30,365,172,193,0,0,0
2019-06-19 17:45,471,238,233,0,0,0
2019-06-19 18:00,385,189,196,0,0,0
2019-06-19 18:15,344,197,147,0,0,0
2019-06-19 18:30,297,147,150,0,0,0
2019-06-19 18:45,296,168,128,0,0,0
2019-06-19 19:00,318,181,137,0,0,0
2019-06-19 19:15,304,167,137,0,0,0
2019-06-19 19:30,315,179,136,0,0,0
2019-06-19 19:45,389,222,167,0,0,0
2019-06-19 20:00,310,172,138,0,0,0
2019-06-19 20:15,145,69,76,0,0,0
2019-06-19 20:30,181,90,91,0,0,0
2019-06-19 20:45,151,83,68,0,0,0
2019-06-19 21:00,156,63,93,0,0,0
2019-06-19 21:15,135,57,78,0,0,0
2019-06-19 21:30,106,54,52,0,0,0
2019-06-19 21:45,155,70,85,0,0,0
2019-06-19 22:00,140,61,79,0,0,0
2019-06-19 22:15,109,54,55,0,0,0
2019-06-19 22:30,115,64,51,0,0,0
2019-06-19 22:45,118,39,79,0,0,0
2019-06-19 23:00,125,55,70,0,0,0
2019-06-19 23:15,105,40,65,0,0,0
2019-06-19 23:30,110,60,50,0,0,0
2019-06-19 23:45,100,51,49,0,0,0
2019-06-20 00:00,105,49,56,0,0,0
2019-06-20 00:15,114,52,62,0,0,0
2019-06-20 00:30,111,54,57,0,0,0
2019-06-20 00:45,105,70,35,0,0,0
2019-06-20 01:00,91,49,42,0,0,0
2019-06-20 01:15,94,39,55,0,0,0
2019-06-20 01:30,72,35,37,0,0,0
2019-06-20 01:45,65,30,35,0,0,0
2019-06-20 02:00,88,42,46,0,0,0
2019-06-20 02:15,91,36,55,0,0,0
2019-06-20 02:30,48,17,31,0,0,0
2019-06-20 02:45,90,39,51,0,0,0
2019-06-20 03:00,55,13,42,0,0,0
2019-06-20 03:15,63,23,40,0,0,0
2019-06-20 03:30,49,14,35,0,0,0
2019-06-20 03:45,28,6,22,0,0,0
2019-06-20 04:00,39,11,28,0,0,0
2019-06-20 04:15,37,14,23,0,0,0
2019-06-20 04:30,28,3,25,0,0,0
2019-06-20 04:45,33,5,28,0,0,0
2019-06-20 05:00,22,2,20,0,0,0
2019-06-20 05:15,19,7,12,0,0,0
2019-06-20 05:30,17,5,12,0,0,0
2019-06-20 05:45,15,5,10,0,0,0
2019-06-20 06:00,10,3,7,0,0,0
2019-06-20 06:15,18,7,11,0,0,0
2019-06-20 06:30,16,5,11,0,0,0
2019-06-20 06:45,16,14,2,0,0,0
2019-06-20 07:00,17,10,7,0,0,0
2019-06-20 07:15,26,20,6,0,0,0
2019-06-20 07:30,21,13,8,0,0,0
2019-06-20 07:45,55,40,15,0,0,0
2019-06-20 08:00,54,31,23,0,0,0
2019-06-20 08:15,35,22,13,0,0,0
2019-06-20 08:30,56,37,19,0,0,0
2019-06-20 08:45,68,51,17,0,0,0
2019-06-20 09:00,75,46,29,0,0,0
2019-06-20 09:15,101,60,41,0,0,0
2019-06-20 09:30,81,56,25,0,0,0
2019-06-20 09:45,159,108,51,0,0,0
2019-06-20 10:00,103,67,36,0,0,0
2019-06-20 10:15,78,52,26,0,0,0
2019-06-20 10:30,95,48,47,0,0,0
2019-06-20 10:45,101,68,33,0,0,0
2019-06-20 11:00,89,54,35,0,0,0
2019-06-20 11:15,85,55,30,0,0,0
2019-06-20 11:30,98,62,36,0,0,0
2019-06-20 11:45,125,54,71,0,0,0
2019-06-20 12:00,128,71,57,0,0,0
2019-06-20 12:15,162,102,60,0,0,0
2019-06-20 12:30,109,57,52,0,0,0
2019-06-20 12:45,114,75,39,0,0,0
2019-06-20 13:00,136,54,82,0,0,0
2019-06-20 13:15,125,72,53,0,0,0
2019-06-20 13:30,140,69,71,0,0,0
2019-06-20 13:45,150,110,40,0,0,0
2019-06-20 14:00,175,110,65,0,0,0
2019-06-20 14:15,148,71,77,0,0,0
2019-06-20 14:30,151,87,64,0,0,0
2019-06-20 14:45,166,104,62,0,0,0
2019-06-20 15:00,138,75,63,0,0,0
2019-06-20 15:15,144,73,71,0,0,0
2019-06-20 15:30,154,84,70,0,0,0
2019-06-20 15:45,162,95,67,0,0,0
2019-06-20 16:00,143,79,64,0,0,0
2019-06-20 16:15,135,74,61,0,0,0
2019-06-20 16:30,143,92,51,0,0,0
2019-06-20 16:45,187,129,58,0,0,0
2019-06-20 17:00,134,60,74,0,0,0
2019-06-20 17:15,155,83,72,0,0,0
2019-06-20 17:30,167,82,85,0,0,0
2019-06-20 17:45,172,78,94,0,0,0
2019-06-20 18:00,165,79,86,0,0,0
2019-06-20 18:15,134,58,76,0,0,0
2019-06-20 18:30,122,62,60,0,0,0
2019-06-20 18:45,129,57,72,0,0,0
2019-06-20 19:00,109,67,42,0,0,0
2019-06-20 19:15,124,73,51,0,0,0
2019-06-20 19:30,163,75,88,0,0,0
2019-06-20 19:45,124,64,60,0,0,0
2019-06-20 20:00,124,66,58,0,0,0
2019-06-20 20:15,137,55,82,0,0,0
2019-06-20 20:30,116,47,69,0,0,0
2019-06-20 20:45,85,27,58,0,0,0
2019-06-20 21:00,93,38,55,0,0,0
2019-06-20 21:15,90,32,58,0,0,0
2019-06-20 21:30,66,31,35,0,0,0
2019-06-20 21:45,96,33,63,0,0,0
2019-06-20 22:00,90,30,60,0,0,0
2019-06-20 22:15,77,31,46,0,0,0
2019-06-20 22:30,78,24,54,0,0,0
2019-06-20 22:45,80,29,51,0,0,0
2019-06-20 23:00,71,23,48,0,0,0
2019-06-20 23:15,62,20,42,0,0,0
2019-06-20 23:30,61,24,37,0,0,0
2019-06-20 23:45,53,16,37,0,0,0
2019-06-21 00:00,33,12,21,0,0,0
2019-06-21 00:15,46,8,38,0,0,0
2019-06-21 00:30,44,11,33,0,0,0
2019-06-21 00:45,26,7,19,0,0,0
2019-06-21 01:00,36,16,20,0,0,0
2019-06-21 01:15,34,11,23,0,0,0
2019-06-21 01:30,13,3,10,0,0,0
2019-06-21 01:45,19,9,10,0,0,0
2019-06-21 02:00,3,1,2,0,0,0
2019-06-21 02:15,10,5,5,0,0,0
2019-06-21 02:30,17,6,11,0,0,0
2019-06-21 02:45,6,5,1,0,0,0
2019-06-21 03:00,6,3,3,0,0,0
2019-06-21 03:15,4,1,3,0,0,0
2019-06-21 03:30,4,2,2,0,0,0
2019-06-21 03:45,3,3,0,0,0,0
2019-06-21 04:00,0,0,0,0,0,0
2019-06-21 04:15,2,2,0,0,0,0
2019-06-21 04:30,1,1,0,0,0,0
2019-06-21 04:45,10,5,5,0,0,0
2019-06-21 05:00,7,5,2,0,0,0
2019-06-21 05:15,9,7,2,0,0,0
2019-06-21 05:30,29,21,8,0,0,0
2019-06-21 05:45,18,11,7,0,0,0
2019-06-21 06:00,27,19,8,0,0,0
2019-06-21 06:15,34,22,12,0,0,0
2019-06-21 06:30,42,26,16,0,0,0
2019-06-21 06:45,71,43,28,0,0,0
2019-06-21 07:00,59,38,21,0,0,0
2019-06-21 07:15,99,69,30,0,0,0
2019-06-21 07:30,197,138,59,0,0,0
2019-06-21 07:45,224,145,79,0,0,0
2019-06-21 08:00,269,154,115,0,0,0
2019-06-21 08:15,202,129,73,0,0,0
2019-06-21 08:30,174,118,56,0,0,0
2019-06-21 08:45,237,138,99,0,0,0
2019-06-21 09:00,208,120,88,0,0,0
2019-06-21 09:15,193,112,81,0,0,0
2019-06-21 09:30,179,109,70,0,0,0
2019-06-21 09:45,272,158,114,0,0,0
2019-06-21 10:00,369,217,152,0,0,0
2019-06-21 10:15,186,106,80,0,0,0
2019-06-21 10:30,190,113,77,0,0,0
2019-06-21 10:45,187,104,83,0,0,0
2019-06-21 11:00,164,101,63,0,0,0
2019-06-21 11:15,169,102,67,0,0,0
2019-06-21 11:30,220,133,87,0,0,0
2019-06-21 11:45,315,164,151,0,0,0
2019-06-21 12:00,288,159,129,0,0,0
2019-06-21 12:15,242,120,122,0,0,0
2019-06-21 12:30,260,142,118,0,0,0
2019-06-21 12:45,252,143,109,0,0,0
2019-06-21 13:00,288,134,154,0,0,0
2019-06-21 13:15,207,113,94,0,0,0
2019-06-21 13:30,265,128,137,0,0,0
2019-06-21 13:45,273,146,127,0,0,0
2019-06-21 14:00,250,132,118,0,0,0
2019-06-21 14:15,173,91,82,0,0,0
2019-06-21 14:30,241,131,110,0,0,0
2019-06-21 14:45,212,112,100,0,0,0
2019-06-21 15:00,225,108,117,0,0,0
2019-06-21 15:15,237,128,109,0,0,0
2019-06-21 15:30,241,124,117,0,0,0
2019-06-21 15:45,293,148,145,0,0,0
2019-06-21 16:00,248,121,127,0,0,0
2019-06-21 16:15,252,138,114,0,0,0
2019-06-21 16:30,250,140,110,0,0,0
2019-06-21 16:45,264,134,130,0,0,0
2019-06-21 17:00,239,123,116,0,0,0
2019-06-21 17:15,258,120,138,0,0,0
2019-06-21 17:30,288,132,156,0,0,0
2019-06-21 17:45,300,159,141,0,0,0
2019-06-21 18:00,287,119,168,0,0,0
2019-06-21 18:15,290,151,139,0,0,0
2019-06-21 18:30,251,142,109,0,0,0
2019-06-21 18:45,271,142,129,0,0,0
2019-06-21 19:00,240,142,98,0,0,0
2019-06-21 19:15,310,176,134,0,0,0
2019-06-21 19:30,229,126,103,0,0,0
2019-06-21 19:45,259,154,105,0,0,0
2019-06-21 20:00,216,109,107,0,0,0
2019-06-21 20:15,187,95,92,0,0,0
2019-06-21 20:30,146,77,69,0,0,0
2019-06-21 20:45,148,71,77,0,0,0
2019-06-21 21:00,189,88,101,0,0,0
2019-06-21 21:15,189,75,114,0,0,0
2019-06-21 21:30,138,48,90,0,0,0
2019-06-21 21:45,130,47,83,0,0,0
2019-06-21 22:00,131,54,77,0,0,0
2019-06-21 22:15,153,53,100,0,0,0
2019-06-21 22:30,136,49,87,0,0,0
2019-06-21 22:45,117,36,81,0,0,0
2019-06-21 23:00,88,35,53,0,0,0
2019-06-21 23:15,76,39,37,0,0,0
2019-06-21 23:30,73,36,37,0,0,0
2019-06-21 23:45,100,21,79,0,0,0
2019-06-22 00:00,121,33,88,0,0,0
2019-06-22 00:15,79,23,56,0,0,0
2019-06-22 00:30,80,29,51,0,0,0
2019-06-22 00:45,65,24,41,0,0,0
2019-06-22 01:00,60,21,39,0,0,0
2019-06-22 01:15,80,35,45,0,0,0
2019-06-22 01:30,65,20,45,0,0,0
2019-06-22 01:45,45,9,36,0,0,0
2019-06-22 02:00,45,12,33,0,0,0
2019-06-22 02:15,52,11,41,0,0,0
2019-06-22 02:30,37,17,20,0,0,0
2019-06-22 02:45,35,8,27,0,0,0
2019-06-22 03:00,50,4,46,0,0,0
2019-06-22 03:15,27,5,22,0,0,0
2019-06-22 03:30,30,11,19,0,0,0
2019-06-22 03:45,17,3,14,0,0,0
2019-06-22 04:00,25,11,14,0,0,0
2019-06-22 04:15,4,2,2,0,0,0
2019-06-22 04:30,11,3,8,0,0,0
2019-06-22 04:45,15,4,11,0,0,0
2019-06-22 05:00,21,11,10,0,0,0
2019-06-22 05:15,28,8,20,0,0,0
2019-06-22 05:30,20,13,7,0,0,0
2019-06-22 05:45,17,9,8,0,0,0
2019-06-22 06:00,10,3,7,0,0,0
2019-06-22 06:15,13,7,6,0,0,0
2019-06-22 06:30,11,7,4,0,0,0
2019-06-22 06:45,16,7,9,0,0,0
2019-06-22 07:00,17,6,11,0,0,0
2019-06-22 07:15,25,14,11,0,0,0
2019-06-22 07:30,25,19,6,0,0,0
2019-06-22 07:45,77,66,11,0,0,0
2019-06-22 08:00,69,55,14,0,0,0
2019-06-22 08:15,67,44,23,0,0,0
2019-06-22 08:30,68,45,23,0,0,0
2019-06-22 08:45,96,60,36,0,0,0
2019-06-22 09:00,78,59,19,0,0,0
2019-06-22 09:15,117,88,29,0,0,0
2019-06-22 09:30,103,68,35,0,0,0
2019-06-22 09:45,144,109,35,0,0,0
2019-06-22 10:00,138,103,35,0,0,0
2019-06-22 10:15,138,95,43,0,0,0
2019-06-22 10:30,152,100,52,0,0,0
2019-06-22 10:45,184,106,78,0,0,0
2019-06-22 11:00,148,94,54,0,0,0
2019-06-22 11:15,145,89,56,0,0,0
2019-06-22 11:30,152,95,57,0,0,0
2019-06-22 11:45,175,105,70,0,0,0
2019-06-22 12:00,159,86,73,0,0,0
2019-06-22 12:15,191,124,67,0,0,0
2019-06-22 12:30,192,116,76,0,0,0
2019-06-22 12:45,179,108,71,0,0,0
2019-06-22 13:00,173,109,64,0,0,0
2019-06-22 13:15,196,121,75,0,0,0
2019-06-22 13:30,194,113,81,0,0,0
2019-06-22 13:45,200,127,73,0,0,0
2019-06-22 14:00,187,106,81,0,0,0
2019-06-22 14:15,202,122,80,0,0,0
2019-06-22 14:30,177,114,63,0,0,0
2019-06-22 14:45,236,152,84,0,0,0
2019-06-22 15:00,169,102,67,0,0,0
2019-06-22 15:15,205,115,90,0,0,0
2019-06-22 15:30,214,108,106,0,0,0
2019-06-22 15:45,211,116,95,0,0,0
2019-06-22 16:00,202,101,101,0,0,0
2019-06-22 16:15,188,85,103,0,0,0
2019-06-22 16:30,209,119,90,0,0,0
2019-06-22 16:45,208,118,90,0,0,0
2019-06-22 17:00,180,87,93,0,0,0
2019-06-22 17:15,224,81,143,0,0,0
2019-06-22 17:30,186,88,98,0,0,0
2019-06-22 17:45,238,114,124,0,0,0
2019-06-22 18:00,206,71,135,0,0,0
2019-06-22 18:15,246,101,145,0,0,0
2019-06-22 18:30,218,109,109,0,0,0
2019-06-22 18:45,222,121,101,0,0,0
2019-06-22 19:00,173,88,85,0,0,0
2019-06-22 19:15,203,109,94,0,0,0
2019-06-22 19:30,181,91,90,0,0,0
2019-06-22 19:45,247,132,115,0,0,0
2019-06-22 20:00,206,115,91,0,0,0
2019-06-22 20:15,173,95,78,0,0,0
2019-06-22 20:30,135,83,52,0,0,0
2019-06-22 20:45,153,82,71,0,0,0
2019-06-22 21:00,121,51,70,0,0,0
2019-06-22 21:15,137,64,73,0,0,0
2019-06-22 21:30,103,43,60,0,0,0
2019-06-22 21:45,118,49,69,0,0,0
2019-06-22 22:00,133,63,70,0,0,0
2019-06-22 22:15,168,64,104,0,0,0
2019-06-22 22:30,105,30,75,0,0,0
2019-06-22 22:45,87,34,53,0,0,0
2019-06-22 23:00,93,24,69,0,0,0
2019-06-22 23:15,101,28,73,0,0,0
2019-06-22 23:30,105,31,74,0,0,0
2019-06-22 23:45,112,41,71,0,0,0
2019-06-23 00:00,89,30,59,0,0,0
2019-06-23 00:15,74,20,54,0,0,0
2019-06-23 00:30,75,13,62,0,0,0
2019-06-23 00:45,104,19,85,0,0,0
2019-06-23 01:00,57,26,31,0,0,0
2019-06-23 01:15,70,18,52,0,0,0
2019-06-23 01:30,79,21,58,0,0,0
2019-06-23 01:45,51,13,38,0,0,0
2019-06-23 02:00,42,11,31,0,0,0
2019-06-23 02:15,46,7,39,0,0,0
2019-06-23 02:30,45,13,32,0,0,0
2019-06-23 02:45,27,6,21,0,0,0
2019-06-23 03:00,32,10,22,0,0,0
2019-06-23 03:15,38,9,29,0,0,0
2019-06-23 03:30,23,5,18,0,0,0
2019-06-23 03:45,34,4,30,0,0,0
2019-06-23 04:00,24,7,17,0,0,0
2019-06-23 04:15,14,1,13,0,0,0
2019-06-23 04:30,17,8,9,0,0,0
2019-06-23 04:45,17,6,11,0,0,0
2019-06-23 05:00,7,4,3,0,0,0
2019-06-23 05:15,11,0,11,0,0,0
2019-06-23 05:30,11,4,7,0,0,0
2019-06-23 05:45,14,4,10,0,0,0
2019-06-23 06:00,10,2,8,0,0,0
2019-06-23 06:15,11,6,5,0,0,0
2019-06-23 06:30,13,6,7,0,0,0
2019-06-23 06:45,8,2,6,0,0,0
2019-06-23 07:00,7,2,5,0,0,0
2019-06-23 07:15,11,10,1,0,0,0
2019-06-23 07:30,18,12,6,0,0,0
2019-06-23 07:45,35,26,9,0,0,0
2019-06-23 08:00,33,14,19,0,0,0
2019-06-23 08:15,29,20,9,0,0,0
2019-06-23 08:30,42,24,18,0,0,0
2019-06-23 08:45,64,41,23,0,0,0
2019-06-23 09:00,48,27,21,0,0,0
2019-06-23 09:15,51,27,24,0,0,0
2019-06-23 09:30,62,45,17,0,0,0
2019-06-23 09:45,101,66,35,0,0,0
2019-06-23 10:00,97,64,33,0,0,0
2019-06-23 10:15,97,63,34,0,0,0
2019-06-23 10:30,90,59,31,0,0,0
2019-06-23 10:45,135,83,52,0,0,0
2019-06-23 11:00,148,69,79,0,0,0
2019-06-23 11:15,161,93,68,0,0,0
2019-06-23 11:30,128,58,70,0,0,0
2019-06-23 11:45,162,84,78,0,0,0
2019-06-23 12:00,121,69,52,0,0,0
2019-06-23 12:15,159,86,73,0,0,0
2019-06-23 12:30,134,65,69,0,0,0
2019-06-23 12:45,181,101,80,0,0,0
2019-06-23 13:00,194,111,83,0,0,0
2019-06-23 13:15,162,93,69,0,0,0
2019-06-23 13:30,162,87,75,0,0,0
2019-06-23 13:45,192,110,82,0,0,0
2019-06-23 14:00,164,97,67,0,0,0
2019-06-23 14:15,143,79,64,0,0,0
2019-06-23 14:30,161,89,72,0,0,0
2019-06-23 14:45,226,153,73,0,0,0
2019-06-23 15:00,216,113,103,0,0,0
2019-06-23 15:15,167,93,74,0,0,0
2019-06-23 15:30,163,94,69,0,0,0
2019-06-23 15:45,193,120,73,0,0,0
2019-06-23 16:00,148,76,72,0,0,0
2019-06-23 16:15,167,77,90,0,0,0
2019-06-23 16:30,193,91,102,0,0,0
2019-06-23 16:45,192,86,106,0,0,0
2019-06-23 17:00,163,81,82,0,0,0
2019-06-23 17:15,168,78,90,0,0,0
2019-06-23 17:30,210,110,100,0,0,0
2019-06-23 17:45,227,112,115,0,0,0
2019-06-23 18:00,194,89,105,0,0,0
2019-06-23 18:15,188,111,77,0,0,0
2019-06-23 18:30,174,99,75,0,0,0
2019-06-23 18:45,168,85,83,0,0,0
2019-06-23 19:00,185,102,83,0,0,0
2019-06-23 19:15,162,89,73,0,0,0
2019-06-23 19:30,152,71,81,0,0,0
2019-06-23 19:45,127,67,60,0,0,0
2019-06-23 20:00,151,61,90,0,0,0
2019-06-23 20:15,158,63,95,0,0,0
2019-06-23 20:30,99,36,63,0,0,0
2019-06-23 20:45,98,34,64,0,0,0
2019-06-23 21:00,96,38,58,0,0,0
2019-06-23 21:15,92,35,57,0,0,0
2019-06-23 21:30,127,47,80,0,0,0
2019-06-23 21:45,103,40,63,0,0,0
2019-06-23 22:00,88,25,63,0,0,0
2019-06-23 22:15,77,24,53,0,0,0
2019-06-23 22:30,95,37,58,0,0,0
2019-06-23 22:45,50,14,36,0,0,0
2019-06-23 23:00,60,23,37,0,0,0
2019-06-23 23:15,47,10,37,0,0,0
2019-06-23 23:30,45,19,26,0,0,0
2019-06-23 23:45,25,4,21,0,0,0
2019-06-24 00:00,46,25,21,0,0,0
2019-06-24 00:15,15,7,8,0,0,0
2019-06-24 00:30,11,8,3,0,0,0
2019-06-24 00:45,23,6,17,0,0,0
2019-06-24 01:00,13,2,11,0,0,0
2019-06-24 01:15,15,7,8,0,0,0
2019-06-24 01:30,4,3,1,0,0,0
2019-06-24 01:45,10,5,5,0,0,0
2019-06-24 02:00,9,6,3,0,0,0
2019-06-24 02:15,0,0,0,0,0,0
2019-06-24 02:30,4,4,0,0,0,0
2019-06-24 02:45,2,1,1,0,0,0
2019-06-24 03:00,6,3,3,0,0,0
2019-06-24 03:15,9,4,5,0,0,0
2019-06-24 03:30,7,5,2,0,0,0
2019-06-24 03:45,3,3,0,0,0,0
2019-06-24 04:00,2,2,0,0,0,0
2019-06-24 04:15,4,1,3,0,0,0
2019-06-24 04:30,5,3,2,0,0,0
2019-06-24 04:45,10,10,0,0,0,0
2019-06-24 05:00,11,5,6,0,0,0
2019-06-24 05:15,19,18,1,0,0,0
2019-06-24 05:30,19,15,4,0,0,0
2019-06-24 05:45,33,20,13,0,0,0
2019-06-24 06:00,52,40,12,0,0,0
2019-06-24 06:15,62,52,10,0,0,0
2019-06-24 06:30,75,49,26,0,0,0
2019-06-24 06:45,109,78,31,0,0,0
2019-06-24 07:00,140,98,42,0,0,0
2019-06-24 07:15,143,105,38,0,0,0
2019-06-24 07:30,306,227,79,0,0,0
2019-06-24 07:45,324,224,100,0,0,0
2019-06-24 08:00,432,248,184,0,0,0
2019-06-24 08:15,399,194,205,0,0,0
2019-06-24 08:30,334,190,144,0,0,0
2019-06-24 08:45,310,200,110,0,0,0
2019-06-24 09:00,285,169,116,0,0,0
2019-06-24 09:15,198,96,102,0,0,0
2019-06-24 09:30,217,128,89,0,0,0
2019-06-24 09:45,294,202,92,0,0,0
2019-06-24 10:00,463,249,214,0,0,0
2019-06-24 10:15,351,127,224,0,0,0
2019-06-24 10:30,181,101,80,0,0,0
2019-06-24 10:45,167,88,79,0,0,0
2019-06-24 11:00,186,104,82,0,0,0
2019-06-24 11:15,163,90,73,0,0,0
2019-06-24 11:30,178,102,76,0,0,0
2019-06-24 11:45,359,229,130,0,0,0
2019-06-24 12:00,414,216,198,0,0,0
2019-06-24 12:15,256,117,139,0,0,0
2019-06-24 12:30,241,115,126,0,0,0
2019-06-24 12:45,251,132,119,0,0,0
2019-06-24 13:00,283,136,147,0,0,0
2019-06-24 13:15,264,111,153,0,0,0
2019-06-24 13:30,301,164,137,0,0,0
2019-06-24 13:45,354,215,139,0,0,0
2019-06-24 14:00,425,211,214,0,0,0
2019-06-24 14:15,311,151,160,0,0,0
2019-06-24 14:30,244,124,120,0,0,0
2019-06-24 14:45,236,133,103,0,0,0
2019-06-24 15:00,259,110,149,0,0,0
2019-06-24 15:15,275,120,155,0,0,0
2019-06-24 15:30,238,134,104,0,0,0
2019-06-24 15:45,391,238,153,0,0,0
2019-06-24 16:00,498,262,236,0,0,0
2019-06-24 16:15,377,182,195,0,0,0
2019-06-24 16:30,320,178,142,0,0,0
2019-06-24 16:45,368,188,180,0,0,0
2019-06-24 17:00,333,172,161,0,0,0
2019-06-24 17:15,363,189,174,0,0,0
2019-06-24 17:30,351,207,144,0,0,0
2019-06-24 17:45,510,318,192,0,0,0
2019-06-24 18:00,237,202,35,0,0,0
2019-06-24 18:15,386,178,208,0,0,0
2019-06-24 18:30,327,159,168,0,0,0
2019-06-24 18:45,328,173,155,0,0,0
2019-06-24 19:00,327,192,135,0,0,0
2019-06-24 19:15,315,163,152,0,0,0
2019-06-24 19:30,280,133,147,0,0,0
2019-06-24 19:45,334,165,169,0,0,0
2019-06-24 20:00,304,125,179,0,0,0
2019-06-24 20:15,236,101,135,0,0,0
2019-06-24 20:30,231,105,126,0,0,0
2019-06-24 20:45,164,80,84,0,0,0
2019-06-24 21:00,173,87,86,0,0,0
2019-06-24 21:15,159,68,91,0,0,0
2019-06-24 21:30,167,75,92,0,0,0
2019-06-24 21:45,184,63,121,0,0,0
2019-06-24 22:00,191,69,122,0,0,0
2019-06-24 22:15,180,68,112,0,0,0
2019-06-24 22:30,139,45,94,0,0,0
2019-06-24 22:45,77,25,52,0,0,0
2019-06-24 23:00,74,22,52,0,0,0
2019-06-24 23:15,62,22,40,0,0,0
2019-06-24 23:30,66,18,48,0,0,0
2019-06-24 23:45,55,18,37,0,0,0
2019-06-25 00:00,54,17,37,0,0,0
2019-06-25 00:15,42,18,24,0,0,0
2019-06-25 00:30,28,7,21,0,0,0
2019-06-25 00:45,27,4,23,0,0,0
2019-06-25 01:00,27,5,22,0,0,0
2019-06-25 01:15,15,1,14,0,0,0
2019-06-25 01:30,16,9,7,0,0,0
2019-06-25 01:45,11,3,8,0,0,0
2019-06-25 02:00,14,6,8,0,0,0
2019-06-25 02:15,8,3,5,0,0,0
2019-06-25 02:30,5,1,4,0,0,0
2019-06-25 02:45,5,1,4,0,0,0
2019-06-25 03:00,9,6,3,0,0,0
2019-06-25 03:15,5,2,3,0,0,0
2019-06-25 03:30,3,0,3,0,0,0
2019-06-25 03:45,2,2,0,0,0,0
2019-06-25 04:00,2,1,1,0,0,0
2019-06-25 04:15,5,4,1,0,0,0
2019-06-25 04:30,5,3,2,0,0,0
2019-06-25 04:45,7,7,0,0,0,0
2019-06-25 05:00,13,8,5,0,0,0
2019-06-25 05:15,18,16,2,0,0,0
2019-06-25 05:30,20,11,9,0,0,0
2019-06-25 05:45,36,25,11,0,0,0
2019-06-25 06:00,66,49,17,0,0,0
2019-06-25 06:15,73,56,17,0,0,0
2019-06-25 06:30,84,62,22,0,0,0
2019-06-25 06:45,110,83,27,0,0,0
2019-06-25 07:00,149,95,54,0,0,0
2019-06-25 07:15,204,152,52,0,0,0
2019-06-25 07:30,302,237,65,0,0,0
2019-06-25 07:45,374,266,108,0,0,0
2019-06-25 08:00,540,353,187,0,0,0
2019-06-25 08:15,451,230,221,0,0,0
2019-06-25 08:30,309,167,142,0,0,0
2019-06-25 08:45,296,188,108,0,0,0
2019-06-25 09:00,325,198,127,0,0,0
2019-06-25 09:15,221,113,108,0,0,0
2019-06-25 09:30,241,117,124,0,0,0
2019-06-25 09:45,362,212,150,0,0,0
2019-06-25 10:00,580,326,254,0,0,0
2019-06-25 10:15,335,117,218,0,0,0
2019-06-25 10:30,193,91,102,0,0,0
2019-06-25 10:45,213,120,93,0,0,0
2019-06-25 11:00,156,71,85,0,0,0
2019-06-25 11:15,155,75,80,0,0,0
2019-06-25 11:30,205,135,70,0,0,0
2019-06-25 11:45,374,255,119,0,0,0
2019-06-25 12:00,430,247,183,0,0,0
2019-06-25 12:15,321,155,166,0,0,0
2019-06-25 12:30,261,115,146,0,0,0
2019-06-25 12:45,286,143,143,0,0,0
2019-06-25 13:00,244,123,121,0,0,0
2019-06-25 13:15,306,139,167,0,0,0
2019-06-25 13:30,279,151,128,0,0,0
2019-06-25 13:45,342,208,134,0,0,0
2019-06-25 14:00,462,227,235,0,0,0
2019-06-25 14:15,332,142,190,0,0,0
2019-06-25 14:30,251,123,128,0,0,0
2019-06-25 14:45,231,123,108,0,0,0
2019-06-25 15:00,259,135,124,0,0,0
2019-06-25 15:15,287,143,144,0,0,0
2019-06-25 15:30,333,191,142,0,0,0
2019-06-25 15:45,409,265,144,0,0,0
2019-06-25 16:00,491,251,240,0,0,0
2019-06-25 16:15,349,164,185,0,0,0
2019-06-25 16:30,305,150,155,0,0,0
2019-06-25 16:45,323,187,136,0,0,0
2019-06-25 17:00,368,207,161,0,0,0
2019-06-25 17:15,327,165,162,0,0,0
2019-06-25 17:30,379,213,166,0,0,0
2019-06-25 17:45,489,291,198,0,0,0
2019-06-25 18:00,458,207,251,0,0,0
2019-06-25 18:15,402,187,215,0,0,0
2019-06-25 18:30,339,194,145,0,0,0
2019-06-25 18:45,330,205,125,0,0,0
2019-06-25 19:00,311,162,149,0,0,0
2019-06-25 19:15,307,178,129,0,0,0
2019-06-25 19:30,289,152,137,0,0,0
2019-06-25 19:45,320,190,130,0,0,0
2019-06-25 20:00,321,176,145,0,0,0
2019-06-25 20:15,250,132,118,0,0,0
2019-06-25 20:30,210,69,141,0,0,0
2019-06-25 20:45,188,79,109,0,0,0
2019-06-25 21:00,195,95,100,0,0,0
2019-06-25 21:15,168,58,110,0,0,0
2019-06-25 21:30,157,76,81,0,0,0
2019-06-25 21:45,133,51,82,0,0,0
2019-06-25 22:00,173,78,95,0,0,0
2019-06-25 22:15,149,45,104,0,0,0
2019-06-25 22:30,185,50,135,0,0,0
2019-06-25 22:45,130,40,90,0,0,0
2019-06-25 23:00,136,42,94,0,0,0
2019-06-25 23:15,123,51,72,0,0,0
2019-06-25 23:30,82,16,66,0,0,0
2019-06-25 23:45,79,28,51,0,0,0
2019-06-26 00:00,65,23,42,0,0,0
2019-06-26 00:15,36,7,29,0,0,0
2019-06-26 00:30,41,13,28,0,0,0
2019-06-26 00:45,52,9,43,0,0,0
2019-06-26 01:00,40,14,26,0,0,0
2019-06-26 01:15,41,13,28,0,0,0
2019-06-26 01:30,30,10,20,0,0,0
2019-06-26 01:45,17,7,10,0,0,0
2019-06-26 02:00,17,7,10,0,0,0
2019-06-26 02:15,20,10,10,0,0,0
2019-06-26 02:30,13,6,7,0,0,0
2019-06-26 02:45,11,9,2,0,0,0
2019-06-26 03:00,12,5,7,0,0,0
2019-06-26 03:15,5,4,1,0,0,0
2019-06-26 03:30,10,7,3,0,0,0
2019-06-26 03:45,8,3,5,0,0,0
2019-06-26 04:00,1,0,1,0,0,0
2019-06-26 04:15,5,2,3,0,0,0
2019-06-26 04:30,3,3,0,0,0,0
2019-06-26 04:45,11,8,3,0,0,0
2019-06-26 05:00,8,6,2,0,0,0
2019-06-26 05:15,18,13,5,0,0,0
2019-06-26 05:30,23,16,7,0,0,0
2019-06-26 05:45,41,28,13,0,0,0
2019-06-26 06:00,43,29,14,0,0,0
2019-06-26 06:15,66,57,9,0,0,0
2019-06-26 06:30,80,59,21,0,0,0
2019-06-26 06:45,132,102,30,0,0,0
2019-06-26 07:00,97,70,27,0,0,0
2019-06-26 07:15,196,153,43,0,0,0
2019-06-26 07:30,306,221,85,0,0,0
2019-06-26 07:45,415,314,101,0,0,0
2019-06-26 08:00,491,295,196,0,0,0
2019-06-26 08:15,449,176,273,0,0,0
2019-06-26 08:30,302,176,126,0,0,0
2019-06-26 08:45,311,224,87,0,0,0
2019-06-26 09:00,281,155,126,0,0,0
2019-06-26 09:15,245,134,111,0,0,0
2019-06-26 09:30,244,146,98,0,0,0
2019-06-26 09:45,315,209,106,0,0,0
2019-06-26 10:00,460,277,183,0,0,0
2019-06-26 10:15,355,139,216,0,0,0
2019-06-26 10:30,173,96,77,0,0,0
2019-06-26 10:45,204,113,91,0,0,0
2019-06-26 11:00,172,99,73,0,0,0
2019-06-26 11:15,170,92,78,0,0,0
2019-06-26 11:30,196,115,81,0,0,0
2019-06-26 11:45,370,273,97,0,0,0
2019-06-26 12:00,454,206,248,0,0,0
2019-06-26 12:15,261,133,128,0,0,0
2019-06-26 12:30,244,111,133,0,0,0
2019-06-26 12:45,276,146,130,0,0,0
2019-06-26 13:00,259,133,126,0,0,0
2019-06-26 13:15,254,115,139,0,0,0
2019-06-26 13:30,221,113,108,0,0,0
2019-06-26 13:45,366,206,160,0,0,0
2019-06-26 14:00,491,254,237,0,0,0
2019-06-26 14:15,307,137,170,0,0,0
2019-06-26 14:30,271,135,136,0,0,0
2019-06-26 14:45,239,124,115,0,0,0
2019-06-26 15:00,246,109,137,0,0,0
2019-06-26 15:15,283,137,146,0,0,0
2019-06-26 15:30,296,168,128,0,0,0
2019-06-26 15:45,447,250,197,0,0,0
2019-06-26 16:00,534,283,251,0,0,0
2019-06-26 16:15,360,155,205,0,0,0
2019-06-26 16:30,366,189,177,0,0,0
2019-06-26 16:45,346,200,146,0,0,0
2019-06-26 17:00,327,200,127,0,0,0
2019-06-26 17:15,358,183,175,0,0,0
2019-06-26 17:30,373,215,158,0,0,0
2019-06-26 17:45,496,268,228,0,0,0
2019-06-26 18:00,432,208,224,0,0,0
2019-06-26 18:15,425,211,214,0,0,0
2019-06-26 18:30,407,198,209,0,0,0
2019-06-26 18:45,369,217,152,0,0,0
2019-06-26 19:00,348,185,163,0,0,0
2019-06-26 19:15,288,160,128,0,0,0
2019-06-26 19:30,298,144,154,0,0,0
2019-06-26 19:45,371,213,158,0,0,0
2019-06-26 20:00,368,198,170,0,0,0
2019-06-26 20:15,315,188,127,0,0,0
2019-06-26 20:30,249,119,130,0,0,0
2019-06-26 20:45,224,114,110,0,0,0
2019-06-26 21:00,216,97,119,0,0,0
2019-06-26 21:15,265,136,129,0,0,0
2019-06-26 21:30,250,141,109,0,0,0
2019-06-26 21:45,228,108,120,0,0,0
2019-06-26 22:00,265,120,145,0,0,0
2019-06-26 22:15,207,66,141,0,0,0
2019-06-26 22:30,155,62,93,0,0,0
2019-06-26 22:45,160,78,82,0,0,0
2019-06-26 23:00,145,66,79,0,0,0
2019-06-26 23:15,112,43,69,0,0,0
2019-06-26 23:30,78,37,41,0,0,0
2019-06-26 23:45,108,44,64,0,0,0
2019-06-27 00:00,105,59,46,0,0,0
2019-06-27 00:15,91,49,42,0,0,0
2019-06-27 00:30,93,61,32,0,0,0
2019-06-27 00:45,101,67,34,0,0,0
2019-06-27 01:00,50,16,34,0,0,0
2019-06-27 01:15,66,35,31,0,0,0
2019-06-27 01:30,38,16,22,0,0,0
2019-06-27 01:45,33,9,24,0,0,0
2019-06-27 02:00,26,3,23,0,0,0
2019-06-27 02:15,17,2,15,0,0,0
2019-06-27 02:30,25,5,20,0,0,0
2019-06-27 02:45,24,3,21,0,0,0
2019-06-27 03:00,27,3,24,0,0,0
2019-06-27 03:15,15,7,8,0,0,0
2019-06-27 03:30,32,3,29,0,0,0
2019-06-27 03:45,19,3,16,0,0,0
2019-06-27 04:00,29,3,26,0,0,0
2019-06-27 04:15,27,6,21,0,0,0
2019-06-27 04:30,20,7,13,0,0,0
2019-06-27 04:45,37,9,28,0,0,0
2019-06-27 05:00,35,10,25,0,0,0
2019-06-27 05:15,23,8,15,0,0,0
2019-06-27 05:30,40,21,19,0,0,0
2019-06-27 05:45,39,21,18,0,0,0
2019-06-27 06:00,45,27,18,0,0,0
2019-06-27 06:15,69,42,27,0,0,0
2019-06-27 06:30,97,60,37,0,0,0
2019-06-27 06:45,104,72,32,0,0,0
2019-06-27 07:00,136,87,49,0,0,0
2019-06-27 07:15,194,120,74,0,0,0
2019-06-27 07:30,277,177,100,0,0,0
2019-06-27 07:45,459,258,201,0,0,0
2019-06-27 08:00,478,260,218,0,0,0
2019-06-27 08:15,358,215,143,0,0,0
2019-06-27 08:30,270,180,90,0,0,0
2019-06-27 08:45,309,184,125,0,0,0
2019-06-27 09:00,264,171,93,0,0,0
2019-06-27 09:15,221,120,101,0,0,0
2019-06-27 09:30,252,148,104,0,0,0
2019-06-27 09:45,462,259,203,0,0,0
2019-06-27 10:00,478,271,207,0,0,0
2019-06-27 10:15,213,123,90,0,0,0
2019-06-27 10:30,177,100,77,0,0,0
2019-06-27 10:45,180,93,87,0,0,0
2019-06-27 11:00,193,96,97,0,0,0
2019-06-27 11:15,174,70,104,0,0,0
2019-06-27 11:30,238,108,130,0,0,0
2019-06-27 11:45,485,236,249,0,0,0
2019-06-27 12:00,400,198,202,0,0,0
2019-06-27 12:15,250,129,121,0,0,0
2019-06-27 12:30,266,131,135,0,0,0
2019-06-27 12:45,255,148,107,0,0,0
2019-06-27 13:00,260,119,141,0,0,0
2019-06-27 13:15,255,119,136,0,0,0
2019-06-27 13:30,288,130,158,0,0,0
2019-06-27 13:45,402,143,259,0,0,0
2019-06-27 14:00,370,184,186,0,0,0
2019-06-27 14:15,253,148,105,0,0,0
2019-06-27 14:30,256,135,121,0,0,0
2019-06-27 14:45,227,123,104,0,0,0
2019-06-27 15:00,250,119,131,0,0,0
2019-06-27 15:15,235,118,117,0,0,0
2019-06-27 15:30,332,156,176,0,0,0
2019-06-27 15:45,486,281,205,0,0,0
2019-06-27 16:00,482,282,200,0,0,0
2019-06-27 16:15,311,166,145,0,0,0
2019-06-27 16:30,323,176,147,0,0,0
2019-06-27 16:45,339,195,144,0,0,0
2019-06-27 17:00,377,208,169,0,0,0
2019-06-27 17:15,363,176,187,0,0,0
2019-06-27 17:30,409,204,205,0,0,0
2019-06-27 17:45,510,263,247,0,0,0
2019-06-27 18:00,467,250,217,0,0,0
2019-06-27 18:15,369,191,178,0,0,0
2019-06-27 18:30,331,181,150,0,0,0
2019-06-27 18:45,342,191,151,0,0,0
2019-06-27 19:00,311,162,149,0,0,0
2019-06-27 19:15,283,164,119,0,0,0
2019-06-27 19:30,343,147,196,0,0,0
2019-06-27 19:45,374,197,177,0,0,0
2019-06-27 20:00,263,141,122,0,0,0
2019-06-27 20:15,214,90,124,0,0,0
2019-06-27 20:30,166,71,95,0,0,0
2019-06-27 20:45,151,73,78,0,0,0
2019-06-27 21:00,164,69,95,0,0,0
2019-06-27 21:15,155,75,80,0,0,0
2019-06-27 21:30,174,77,97,0,0,0
2019-06-27 21:45,188,69,119,0,0,0
2019-06-27 22:00,170,61,109,0,0,0
2019-06-27 22:15,140,40,100,0,0,0
2019-06-27 22:30,159,62,97,0,0,0
2019-06-27 22:45,123,36,87,0,0,0
2019-06-27 23:00,99,34,65,0,0,0
2019-06-27 23:15,90,36,54,0,0,0
2019-06-27 23:30,60,20,40,0,0,0
2019-06-27 23:45,101,33,68,0,0,0
2019-06-28 00:00,67,24,43,0,0,0
2019-06-28 00:15,47,8,39,0,0,0
2019-06-28 00:30,42,14,28,0,0,0
2019-06-28 00:45,34,9,25,0,0,0
2019-06-28 01:00,32,7,25,0,0,0
2019-06-28 01:15,14,4,10,0,0,0
2019-06-28 01:30,17,6,11,0,0,0
2019-06-28 01:45,10,4,6,0,0,0
2019-06-28 02:00,31,8,23,0,0,0
2019-06-28 02:15,17,2,15,0,0,0
2019-06-28 02:30,14,3,11,0,0,0
2019-06-28 02:45,16,3,13,0,0,0
2019-06-28 03:00,13,6,7,0,0,0
2019-06-28 03:15,12,1,11,0,0,0
2019-06-28 03:30,10,3,7,0,0,0
2019-06-28 03:45,12,2,10,0,0,0
2019-06-28 04:00,7,0,7,0,0,0
2019-06-28 04:15,7,2,5,0,0,0
2019-06-28 04:30,3,1,2,0,0,0
2019-06-28 04:45,9,9,0,0,0,0
2019-06-28 05:00,15,8,7,0,0,0
2019-06-28 05:15,12,11,1,0,0,0
2019-06-28 05:30,20,10,10,0,0,0
2019-06-28 05:45,28,17,11,0,0,0
2019-06-28 06:00,41,34,7,0,0,0
2019-06-28 06:15,43,34,9,0,0,0
2019-06-28 06:30,66,47,19,0,0,0
2019-06-28 06:45,86,70,16,0,0,0
2019-06-28 07:00,122,77,45,0,0,0
2019-06-28 07:15,139,98,41,0,0,0
2019-06-28 07:30,247,192,55,0,0,0
2019-06-28 07:45,312,214,98,0,0,0
2019-06-28 08:00,290,184,106,0,0,0
2019-06-28 08:15,335,157,178,0,0,0
2019-06-28 08:30,259,155,104,0,0,0
2019-06-28 08:45,241,158,83,0,0,0
2019-06-28 09:00,244,133,111,0,0,0
2019-06-28 09:15,210,133,77,0,0,0
2019-06-28 09:30,196,129,67,0,0,0
2019-06-28 09:45,300,208,92,0,0,0
2019-06-28 10:00,389,213,176,0,0,0
2019-06-28 10:15,303,123,180,0,0,0
2019-06-28 10:30,176,87,89,0,0,0
2019-06-28 10:45,196,111,85,0,0,0
2019-06-28 11:00,158,91,67,0,0,0
2019-06-28 11:15,210,115,95,0,0,0
2019-06-28 11:30,209,123,86,0,0,0
2019-06-28 11:45,261,159,102,0,0,0
2019-06-28 12:00,291,159,132,0,0,0
2019-06-28 12:15,277,117,160,0,0,0
2019-06-28 12:30,282,139,143,0,0,0
2019-06-28 12:45,270,148,122,0,0,0
2019-06-28 13:00,302,142,160,0,0,0
2019-06-28 13:15,306,139,167,0,0,0
2019-06-28 13:30,262,163,99,0,0,0
2019-06-28 13:45,295,179,116,0,0,0
2019-06-28 14:00,281,142,139,0,0,0
2019-06-28 14:15,248,115,133,0,0,0
2019-06-28 14:30,236,119,117,0,0,0
2019-06-28 14:45,273,158,115,0,0,0
2019-06-28 15:00,251,129,122,0,0,0
2019-06-28 15:15,240,134,106,0,0,0
2019-06-28 15:30,280,141,139,0,0,0
2019-06-28 15:45,280,144,136,0,0,0
2019-06-28 16:00,325,144,181,0,0,0
2019-06-28 16:15,211,108,103,0,0,0
2019-06-28 16:30,237,122,115,0,0,0
2019-06-28 16:45,256,147,109,0,0,0
2019-06-28 17:00,299,175,124,0,0,0
2019-06-28 17:15,269,153,116,0,0,0
2019-06-28 17:30,267,138,129,0,0,0
2019-06-28 17:45,301,160,141,0,0,0
2019-06-28 18:00,297,143,154,0,0,0
2019-06-28 18:15,291,154,137,0,0,0
2019-06-28 18:30,250,133,117,0,0,0
2019-06-28 18:45,291,159,132,0,0,0
2019-06-28 19:00,291,156,135,0,0,0
2019-06-28 19:15,229,124,105,0,0,0
2019-06-28 19:30,217,103,114,0,0,0
2019-06-28 19:45,214,119,95,0,0,0
2019-06-28 20:00,220,116,104,0,0,0
2019-06-28 20:15,236,121,115,0,0,0
2019-06-28 20:30,178,80,98,0,0,0
2019-06-28 20:45,202,108,94,0,0,0
2019-06-28 21:00,162,88,74,0,0,0
2019-06-28 21:15,144,81,63,0,0,0
2019-06-28 21:30,129,61,68,0,0,0
2019-06-28 21:45,141,68,73,0,0,0
2019-06-28 22:00,139,62,77,0,0,0
2019-06-28 22:15,141,53,88,0,0,0
2019-06-28 22:30,108,37,71,0,0,0
2019-06-28 22:45,100,34,66,0,0,0
2019-06-28 23:00,132,31,101,0,0,0
2019-06-28 23:15,91,40,51,0,0,0
2019-06-28 23:30,125,42,83,0,0,0
2019-06-28 23:45,81,31,50,0,0,0
2019-06-29 00:00,100,34,66,0,0,0
2019-06-29 00:15,83,25,58,0,0,0
2019-06-29 00:30,86,35,51,0,0,0
2019-06-29 00:45,80,27,53,0,0,0
2019-06-29 01:00,103,36,67,0,0,0
2019-06-29 01:15,81,21,60,0,0,0
2019-06-29 01:30,61,17,44,0,0,0
2019-06-29 01:45,61,11,50,0,0,0
2019-06-29 02:00,48,10,38,0,0,0
2019-06-29 02:15,32,14,18,0,0,0
2019-06-29 02:30,43,11,32,0,0,0
2019-06-29 02:45,38,8,30,0,0,0
2019-06-29 03:00,32,9,23,0,0,0
2019-06-29 03:15,40,7,33,0,0,0
2019-06-29 03:30,33,5,28,0,0,0
2019-06-29 03:45,22,9,13,0,0,0
2019-06-29 04:00,22,2,20,0,0,0
2019-06-29 04:15,17,7,10,0,0,0
2019-06-29 04:30,17,1,16,0,0,0
2019-06-29 04:45,29,7,22,0,0,0
2019-06-29 05:00,28,3,25,0,0,0
2019-06-29 05:15,13,5,8,0,0,0
2019-06-29 05:30,9,6,3,0,0,0
2019-06-29 05:45,24,11,13,0,0,0
2019-06-29 06:00,16,9,7,0,0,0
2019-06-29 06:15,15,9,6,0,0,0
2019-06-29 06:30,17,9,8,0,0,0
2019-06-29 06:45,23,14,9,0,0,0
2019-06-29 07:00,15,9,6,0,0,0
2019-06-29 07:15,21,14,7,0,0,0
2019-06-29 07:30,30,19,11,0,0,0
2019-06-29 07:45,123,105,18,0,0,0
2019-06-29 08:00,77,50,27,0,0,0
2019-06-29 08:15,77,57,20,0,0,0
2019-06-29 08:30,97,68,29,0,0,0
2019-06-29 08:45,145,111,34,0,0,0
2019-06-29 09:00,144,91,53,0,0,0
2019-06-29 09:15,127,94,33,0,0,0
2019-06-29 09:30,143,110,33,0,0,0
2019-06-29 09:45,212,158,54,0,0,0
2019-06-29 10:00,193,131,62,0,0,0
2019-06-29 10:15,162,119,43,0,0,0
2019-06-29 10:30,131,87,44,0,0,0
2019-06-29 10:45,192,147,45,0,0,0
2019-06-29 11:00,180,117,63,0,0,0
2019-06-29 11:15,178,118,60,0,0,0
2019-06-29 11:30,150,90,60,0,0,0
2019-06-29 11:45,177,122,55,0,0,0
2019-06-29 12:00,198,129,69,0,0,0
2019-06-29 12:15,215,131,84,0,0,0
2019-06-29 12:30,177,102,75,0,0,0
2019-06-29 12:45,186,114,72,0,0,0
2019-06-29 13:00,169,111,58,0,0,0
2019-06-29 13:15,187,91,96,0,0,0
2019-06-29 13:30,154,91,63,0,0,0
2019-06-29 13:45,181,110,71,0,0,0
2019-06-29 14:00,160,89,71,0,0,0
2019-06-29 14:15,182,94,88,0,0,0
2019-06-29 14:30,198,116,82,0,0,0
2019-06-29 14:45,185,100,85,0,0,0
2019-06-29 15:00,172,68,104,0,0,0
2019-06-29 15:15,187,97,90,0,0,0
2019-06-29 15:30,191,110,81,0,0,0
2019-06-29 15:45,204,98,106,0,0,0
2019-06-29 16:00,175,87,88,0,0,0
2019-06-29 16:15,173,96,77,0,0,0
2019-06-29 16:30,180,106,74,0,0,0
2019-06-29 16:45,178,88,90,0,0,0
2019-06-29 17:00,175,76,99,0,0,0
2019-06-29 17:15,167,96,71,0,0,0
2019-06-29 17:30,157,83,74,0,0,0
2019-06-29 17:45,163,86,77,0,0,0
2019-06-29 18:00,217,123,94,0,0,0
2019-06-29 18:15,185,79,106,0,0,0
2019-06-29 18:30,148,72,76,0,0,0
2019-06-29 18:45,168,97,71,0,0,0
2019-06-29 19:00,140,71,69,0,0,0
2019-06-29 19:15,180,93,87,0,0,0
2019-06-29 19:30,172,76,96,0,0,0
2019-06-29 19:45,149,79,70,0,0,0
2019-06-29 20:00,148,80,68,0,0,0
2019-06-29 20:15,142,68,74,0,0,0
2019-06-29 20:30,147,73,74,0,0,0
2019-06-29 20:45,130,66,64,0,0,0
2019-06-29 21:00,132,74,58,0,0,0
2019-06-29 21:15,136,67,69,0,0,0
2019-06-29 21:30,98,44,54,0,0,0
2019-06-29 21:45,103,31,72,0,0,0
2019-06-29 22:00,136,56,80,0,0,0
2019-06-29 22:15,115,37,78,0,0,0
2019-06-29 22:30,94,32,62,0,0,0
2019-06-29 22:45,115,39,76,0,0,0
2019-06-29 23:00,91,32,59,0,0,0
2019-06-29 23:15,129,40,89,0,0,0
2019-06-29 23:30,87,38,49,0,0,0
2019-06-29 23:45,97,32,65,0,0,0
2019-06-30 00:00,96,40,56,0,0,0
2019-06-30 00:15,90,24,66,0,0,0
2019-06-30 00:30,85,25,60,0,0,0
2019-06-30 00:45,92,32,60,0,0,0
2019-06-30 01:00,84,28,56,0,0,0
2019-06-30 01:15,55,19,36,0,0,0
2019-06-30 01:30,65,24,41,0,0,0
2019-06-30 01:45,53,15,38,0,0,0
2019-06-30 02:00,60,16,44,0,0,0
2019-06-30 02:15,67,20,47,0,0,0
2019-06-30 02:30,60,16,44,0,0,0
2019-06-30 02:45,50,15,35,0,0,0
2019-06-30 03:00,47,12,35,0,0,0
2019-06-30 03:15,47,11,36,0,0,0
2019-06-30 03:30,26,6,20,0,0,0
2019-06-30 03:45,18,6,12,0,0,0
2019-06-30 04:00,29,12,17,0,0,0
2019-06-30 04:15,32,8,24,0,0,0
2019-06-30 04:30,7,2,5,0,0,0
2019-06-30 04:45,19,1,18,0,0,0
2019-06-30 05:00,19,7,12,0,0,0
2019-06-30 05:15,19,9,10,0,0,0
2019-06-30 05:30,8,1,7,0,0,0
2019-06-30 05:45,17,5,12,0,0,0
2019-06-30 06:00,12,9,3,0,0,0
2019-06-30 06:15,8,6,2,0,0,0
2019-06-30 06:30,12,7,5,0,0,0
2019-06-30 06:45,24,10,14,0,0,0
2019-06-30 07:00,17,6,11,0,0,0
2019-06-30 07:15,5,4,1,0,0,0
2019-06-30 07:30,16,12,4,0,0,0
2019-06-30 07:45,71,65,6,0,0,0
2019-06-30 08:00,52,44,8,0,0,0
2019-06-30 08:15,53,43,10,0,0,0
2019-06-30 08:30,46,34,12,0,0,0
2019-06-30 08:45,76,47,29,0,0,0
2019-06-30 09:00,46,31,15,0,0,0
2019-06-30 09:15,64,44,20,0,0,0
2019-06-30 09:30,80,41,39,0,0,0
2019-06-30 09:45,134,104,30,0,0,0
2019-06-30 10:00,97,54,43,0,0,0
2019-06-30 10:15,76,50,26,0,0,0
2019-06-30 10:30,106,67,39,0,0,0
2019-06-30 10:45,96,53,43,0,0,0
2019-06-30 11:00,92,50,42,0,0,0
2019-06-30 11:15,80,58,22,0,0,0
2019-06-30 11:30,89,65,24,0,0,0
2019-06-30 11:45,96,61,35,0,0,0
2019-06-30 12:00,105,60,45,0,0,0
2019-06-30 12:15,96,48,48,0,0,0
2019-06-30 12:30,103,64,39,0,0,0
2019-06-30 12:45,115,67,48,0,0,0
2019-06-30 13:00,120,70,50,0,0,0
2019-06-30 13:15,119,72,47,0,0,0
2019-06-30 13:30,142,78,64,0,0,0
2019-06-30 13:45,159,109,50,0,0,0
2019-06-30 14:00,121,64,57,0,0,0
2019-06-30 14:15,128,72,56,0,0,0
2019-06-30 14:30,141,78,63,0,0,0
2019-06-30 14:45,159,90,69,0,0,0
2019-06-30 15:00,146,66,80,0,0,0
2019-06-30 15:15,119,65,54,0,0,0
2019-06-30 15:30,126,76,50,0,0,0
2019-06-30 15:45,144,85,59,0,0,0
2019-06-30 16:00,149,93,56,0,0,0
2019-06-30 16:15,121,56,65,0,0,0
2019-06-30 16:30,138,78,60,0,0,0
2019-06-30 16:45,156,83,73,0,0,0
2019-06-30 17:00,152,81,71,0,0,0
2019-06-30 17:15,165,84,81,0,0,0
2019-06-30 17:30,171,96,75,0,0,0
2019-06-30 17:45,179,92,87,0,0,0
2019-06-30 18:00,199,90,109,0,0,0
2019-06-30 18:15,182,97,85,0,0,0
2019-06-30 18:30,168,74,94,0,0,0
2019-06-30 18:45,164,96,68,0,0,0
2019-06-30 19:00,144,61,83,0,0,0
2019-06-30 19:15,150,72,78,0,0,0
2019-06-30 19:30,143,65,78,0,0,0
2019-06-30 19:45,159,80,79,0,0,0
2019-06-30 20:00,144,63,81,0,0,0
2019-06-30 20:15,149,46,103,0,0,0
2019-06-30 20:30,130,66,64,0,0,0
2019-06-30 20:45,127,41,86,0,0,0
2019-06-30 21:00,116,38,78,0,0,0
2019-06-30 21:15,106,31,75,0,0,0
2019-06-30 21:30,98,34,64,0,0,0
2019-06-30 21:45,88,33,55,0,0,0
2019-06-30 22:00,87,31,56,0,0,0
2019-06-30 22:15,90,31,59,0,0,0
2019-06-30 22:30,84,40,44,0,0,0
2019-06-30 22:45,60,24,36,0,0,0
2019-06-30 23:00,95,27,68,0,0,0
2019-06-30 23:15,46,12,34,0,0,0
2019-06-30 23:30,43,17,26,0,0,0
2019-06-30 23:45,39,11,28,0,0,0
