Datetime,100035541 (Neutor),101035541 (Neutor stadteinwÃ¤rts),102035541 (Neutor stadtauswÃ¤rts),100035541-status,101035541-status,102035541-status
2019-02-01 00:00,26,14,12,0,0,0
2019-02-01 00:15,16,7,9,0,0,0
2019-02-01 00:30,30,6,24,0,0,0
2019-02-01 00:45,25,7,18,0,0,0
2019-02-01 01:00,17,5,12,0,0,0
2019-02-01 01:15,19,5,14,0,0,0
2019-02-01 01:30,15,2,13,0,0,0
2019-02-01 01:45,23,1,22,0,0,0
2019-02-01 02:00,10,1,9,0,0,0
2019-02-01 02:15,14,1,13,0,0,0
2019-02-01 02:30,3,0,3,0,0,0
2019-02-01 02:45,11,3,8,0,0,0
2019-02-01 03:00,6,2,4,0,0,0
2019-02-01 03:15,2,1,1,0,0,0
2019-02-01 03:30,2,0,2,0,0,0
2019-02-01 03:45,4,1,3,0,0,0
2019-02-01 04:00,2,0,2,0,0,0
2019-02-01 04:15,1,0,1,0,0,0
2019-02-01 04:30,6,3,3,0,0,0
2019-02-01 04:45,4,3,1,0,0,0
2019-02-01 05:00,6,4,2,0,0,0
2019-02-01 05:15,7,3,4,0,0,0
2019-02-01 05:30,16,11,5,0,0,0
2019-02-01 05:45,14,11,3,0,0,0
2019-02-01 06:00,17,10,7,0,0,0
2019-02-01 06:15,24,19,5,0,0,0
2019-02-01 06:30,33,24,9,0,0,0
2019-02-01 06:45,50,36,14,0,0,0
2019-02-01 07:00,69,54,15,0,0,0
2019-02-01 07:15,98,65,33,0,0,0
2019-02-01 07:30,128,99,29,0,0,0
2019-02-01 07:45,261,185,76,0,0,0
2019-02-01 08:00,242,137,105,0,0,0
2019-02-01 08:15,151,87,64,0,0,0
2019-02-01 08:30,153,99,54,0,0,0
2019-02-01 08:45,184,129,55,0,0,0
2019-02-01 09:00,175,102,73,0,0,0
2019-02-01 09:15,141,87,54,0,0,0
2019-02-01 09:30,145,87,58,0,0,0
2019-02-01 09:45,164,96,68,0,0,0
2019-02-01 10:00,202,105,97,0,0,0
2019-02-01 10:15,121,60,61,0,0,0
2019-02-01 10:30,117,68,49,0,0,0
2019-02-01 10:45,101,53,48,0,0,0
2019-02-01 11:00,115,57,58,0,0,0
2019-02-01 11:15,116,72,44,0,0,0
2019-02-01 11:30,115,63,52,0,0,0
2019-02-01 11:45,147,98,49,0,0,0
2019-02-01 12:00,155,74,81,0,0,0
2019-02-01 12:15,161,86,75,0,0,0
2019-02-01 12:30,162,91,71,0,0,0
2019-02-01 12:45,155,75,80,0,0,0
2019-02-01 13:00,175,80,95,0,0,0
2019-02-01 13:15,184,80,104,0,0,0
2019-02-01 13:30,195,123,72,0,0,0
2019-02-01 13:45,236,114,122,0,0,0
2019-02-01 14:00,174,86,88,0,0,0
2019-02-01 14:15,160,78,82,0,0,0
2019-02-01 14:30,159,88,71,0,0,0
2019-02-01 14:45,162,83,79,0,0,0
2019-02-01 15:00,161,79,82,0,0,0
2019-02-01 15:15,145,69,76,0,0,0
2019-02-01 15:30,171,79,92,0,0,0
2019-02-01 15:45,169,79,90,0,0,0
2019-02-01 16:00,166,90,76,0,0,0
2019-02-01 16:15,181,94,87,0,0,0
2019-02-01 16:30,178,115,63,0,0,0
2019-02-01 16:45,179,97,82,0,0,0
2019-02-01 17:00,169,85,84,0,0,0
2019-02-01 17:15,194,91,103,0,0,0
2019-02-01 17:30,197,88,109,0,0,0
2019-02-01 17:45,215,129,86,0,0,0
2019-02-01 18:00,197,87,110,0,0,0
2019-02-01 18:15,186,80,106,0,0,0
2019-02-01 18:30,172,79,93,0,0,0
2019-02-01 18:45,164,85,79,0,0,0
2019-02-01 19:00,152,70,82,0,0,0
2019-02-01 19:15,144,73,71,0,0,0
2019-02-01 19:30,114,62,52,0,0,0
2019-02-01 19:45,164,90,74,0,0,0
2019-02-01 20:00,157,82,75,0,0,0
2019-02-01 20:15,151,70,81,0,0,0
2019-02-01 20:30,94,43,51,0,0,0
2019-02-01 20:45,93,46,47,0,0,0
2019-02-01 21:00,80,42,38,0,0,0
2019-02-01 21:15,76,32,44,0,0,0
2019-02-01 21:30,116,36,80,0,0,0
2019-02-01 21:45,93,29,64,0,0,0
2019-02-01 22:00,82,31,51,0,0,0
2019-02-01 22:15,68,28,40,0,0,0
2019-02-01 22:30,59,27,32,0,0,0
2019-02-01 22:45,76,22,54,0,0,0
2019-02-01 23:00,61,27,34,0,0,0
2019-02-01 23:15,68,30,38,0,0,0
2019-02-01 23:30,69,16,53,0,0,0
2019-02-01 23:45,58,21,37,0,0,0
2019-02-02 00:00,58,21,37,0,0,0
2019-02-02 00:15,42,15,27,0,0,0
2019-02-02 00:30,38,7,31,0,0,0
2019-02-02 00:45,51,19,32,0,0,0
2019-02-02 01:00,42,10,32,0,0,0
2019-02-02 01:15,47,15,32,0,0,0
2019-02-02 01:30,51,15,36,0,0,0
2019-02-02 01:45,36,12,24,0,0,0
2019-02-02 02:00,37,10,27,0,0,0
2019-02-02 02:15,27,9,18,0,0,0
2019-02-02 02:30,37,9,28,0,0,0
2019-02-02 02:45,22,4,18,0,0,0
2019-02-02 03:00,31,5,26,0,0,0
2019-02-02 03:15,8,0,8,0,0,0
2019-02-02 03:30,14,2,12,0,0,0
2019-02-02 03:45,17,6,11,0,0,0
2019-02-02 04:00,11,3,8,0,0,0
2019-02-02 04:15,14,0,14,0,0,0
2019-02-02 04:30,10,3,7,0,0,0
2019-02-02 04:45,5,2,3,0,0,0
2019-02-02 05:00,3,0,3,0,0,0
2019-02-02 05:15,9,4,5,0,0,0
2019-02-02 05:30,22,5,17,0,0,0
2019-02-02 05:45,13,7,6,0,0,0
2019-02-02 06:00,6,0,6,0,0,0
2019-02-02 06:15,5,2,3,0,0,0
2019-02-02 06:30,4,3,1,0,0,0
2019-02-02 06:45,9,6,3,0,0,0
2019-02-02 07:00,11,5,6,0,0,0
2019-02-02 07:15,18,10,8,0,0,0
2019-02-02 07:30,37,25,12,0,0,0
2019-02-02 07:45,101,90,11,0,0,0
2019-02-02 08:00,66,58,8,0,0,0
2019-02-02 08:15,41,34,7,0,0,0
2019-02-02 08:30,47,34,13,0,0,0
2019-02-02 08:45,70,49,21,0,0,0
2019-02-02 09:00,66,39,27,0,0,0
2019-02-02 09:15,51,40,11,0,0,0
2019-02-02 09:30,72,54,18,0,0,0
2019-02-02 09:45,102,80,22,0,0,0
2019-02-02 10:00,96,67,29,0,0,0
2019-02-02 10:15,83,59,24,0,0,0
2019-02-02 10:30,91,58,33,0,0,0
2019-02-02 10:45,95,60,35,0,0,0
2019-02-02 11:00,79,47,32,0,0,0
2019-02-02 11:15,81,50,31,0,0,0
2019-02-02 11:30,84,47,37,0,0,0
2019-02-02 11:45,102,72,30,0,0,0
2019-02-02 12:00,93,53,40,0,0,0
2019-02-02 12:15,83,50,33,0,0,0
2019-02-02 12:30,99,45,54,0,0,0
2019-02-02 12:45,112,57,55,0,0,0
2019-02-02 13:00,103,58,45,0,0,0
2019-02-02 13:15,134,73,61,0,0,0
2019-02-02 13:30,103,40,63,0,0,0
2019-02-02 13:45,93,42,51,0,0,0
2019-02-02 14:00,106,42,64,0,0,0
2019-02-02 14:15,94,45,49,0,0,0
2019-02-02 14:30,75,29,46,0,0,0
2019-02-02 14:45,103,43,60,0,0,0
2019-02-02 15:00,87,30,57,0,0,0
2019-02-02 15:15,77,34,43,0,0,0
2019-02-02 15:30,94,39,55,0,0,0
2019-02-02 15:45,90,43,47,0,0,0
2019-02-02 16:00,106,42,64,0,0,0
2019-02-02 16:15,86,41,45,0,0,0
2019-02-02 16:30,72,31,41,0,0,0
2019-02-02 16:45,103,38,65,0,0,0
2019-02-02 17:00,86,44,42,0,0,0
2019-02-02 17:15,84,39,45,0,0,0
2019-02-02 17:30,71,29,42,0,0,0
2019-02-02 17:45,101,47,54,0,0,0
2019-02-02 18:00,90,35,55,0,0,0
2019-02-02 18:15,95,44,51,0,0,0
2019-02-02 18:30,90,31,59,0,0,0
2019-02-02 18:45,103,53,50,0,0,0
2019-02-02 19:00,84,35,49,0,0,0
2019-02-02 19:15,84,54,30,0,0,0
2019-02-02 19:30,89,36,53,0,0,0
2019-02-02 19:45,112,66,46,0,0,0
2019-02-02 20:00,101,45,56,0,0,0
2019-02-02 20:15,70,32,38,0,0,0
2019-02-02 20:30,68,34,34,0,0,0
2019-02-02 20:45,63,31,32,0,0,0
2019-02-02 21:00,48,29,19,0,0,0
2019-02-02 21:15,47,25,22,0,0,0
2019-02-02 21:30,49,28,21,0,0,0
2019-02-02 21:45,34,13,21,0,0,0
2019-02-02 22:00,52,11,41,0,0,0
2019-02-02 22:15,43,18,25,0,0,0
2019-02-02 22:30,42,21,21,0,0,0
2019-02-02 22:45,41,13,28,0,0,0
2019-02-02 23:00,51,16,35,0,0,0
2019-02-02 23:15,37,15,22,0,0,0
2019-02-02 23:30,46,19,27,0,0,0
2019-02-02 23:45,38,16,22,0,0,0
2019-02-03 00:00,32,11,21,0,0,0
2019-02-03 00:15,50,14,36,0,0,0
2019-02-03 00:30,48,14,34,0,0,0
2019-02-03 00:45,34,16,18,0,0,0
2019-02-03 01:00,48,24,24,0,0,0
2019-02-03 01:15,38,10,28,0,0,0
2019-02-03 01:30,47,17,30,0,0,0
2019-02-03 01:45,34,11,23,0,0,0
2019-02-03 02:00,28,8,20,0,0,0
2019-02-03 02:15,19,4,15,0,0,0
2019-02-03 02:30,16,4,12,0,0,0
2019-02-03 02:45,27,7,20,0,0,0
2019-02-03 03:00,13,6,7,0,0,0
2019-02-03 03:15,22,4,18,0,0,0
2019-02-03 03:30,11,0,11,0,0,0
2019-02-03 03:45,8,3,5,0,0,0
2019-02-03 04:00,3,1,2,0,0,0
2019-02-03 04:15,7,2,5,0,0,0
2019-02-03 04:30,4,0,4,0,0,0
2019-02-03 04:45,7,1,6,0,0,0
2019-02-03 05:00,9,2,7,0,0,0
2019-02-03 05:15,7,0,7,0,0,0
2019-02-03 05:30,11,3,8,0,0,0
2019-02-03 05:45,11,5,6,0,0,0
2019-02-03 06:00,6,2,4,0,0,0
2019-02-03 06:15,7,3,4,0,0,0
2019-02-03 06:30,7,2,5,0,0,0
2019-02-03 06:45,8,5,3,0,0,0
2019-02-03 07:00,1,0,1,0,0,0
2019-02-03 07:15,11,5,6,0,0,0
2019-02-03 07:30,4,4,0,0,0,0
2019-02-03 07:45,57,54,3,0,0,0
2019-02-03 08:00,38,33,5,0,0,0
2019-02-03 08:15,25,20,5,0,0,0
2019-02-03 08:30,21,18,3,0,0,0
2019-02-03 08:45,30,16,14,0,0,0
2019-02-03 09:00,30,17,13,0,0,0
2019-02-03 09:15,22,17,5,0,0,0
2019-02-03 09:30,35,27,8,0,0,0
2019-02-03 09:45,104,85,19,0,0,0
2019-02-03 10:00,76,45,31,0,0,0
2019-02-03 10:15,49,32,17,0,0,0
2019-02-03 10:30,51,31,20,0,0,0
2019-02-03 10:45,74,42,32,0,0,0
2019-02-03 11:00,59,32,27,0,0,0
2019-02-03 11:15,48,21,27,0,0,0
2019-02-03 11:30,60,38,22,0,0,0
2019-02-03 11:45,82,40,42,0,0,0
2019-02-03 12:00,70,38,32,0,0,0
2019-02-03 12:15,66,35,31,0,0,0
2019-02-03 12:30,72,30,42,0,0,0
2019-02-03 12:45,96,44,52,0,0,0
2019-02-03 13:00,77,29,48,0,0,0
2019-02-03 13:15,104,51,53,0,0,0
2019-02-03 13:30,95,53,42,0,0,0
2019-02-03 13:45,98,53,45,0,0,0
2019-02-03 14:00,88,44,44,0,0,0
2019-02-03 14:15,106,51,55,0,0,0
2019-02-03 14:30,86,37,49,0,0,0
2019-02-03 14:45,100,59,41,0,0,0
2019-02-03 15:00,100,38,62,0,0,0
2019-02-03 15:15,90,45,45,0,0,0
2019-02-03 15:30,103,52,51,0,0,0
2019-02-03 15:45,105,67,38,0,0,0
2019-02-03 16:00,110,58,52,0,0,0
2019-02-03 16:15,91,48,43,0,0,0
2019-02-03 16:30,86,40,46,0,0,0
2019-02-03 16:45,106,48,58,0,0,0
2019-02-03 17:00,100,38,62,0,0,0
2019-02-03 17:15,92,46,46,0,0,0
2019-02-03 17:30,106,55,51,0,0,0
2019-02-03 17:45,114,66,48,0,0,0
2019-02-03 18:00,79,25,54,0,0,0
2019-02-03 18:15,102,41,61,0,0,0
2019-02-03 18:30,108,41,67,0,0,0
2019-02-03 18:45,96,50,46,0,0,0
2019-02-03 19:00,90,35,55,0,0,0
2019-02-03 19:15,91,33,58,0,0,0
2019-02-03 19:30,103,59,44,0,0,0
2019-02-03 19:45,79,33,46,0,0,0
2019-02-03 20:00,80,35,45,0,0,0
2019-02-03 20:15,88,37,51,0,0,0
2019-02-03 20:30,74,21,53,0,0,0
2019-02-03 20:45,66,34,32,0,0,0
2019-02-03 21:00,48,11,37,0,0,0
2019-02-03 21:15,62,13,49,0,0,0
2019-02-03 21:30,47,15,32,0,0,0
2019-02-03 21:45,37,13,24,0,0,0
2019-02-03 22:00,66,16,50,0,0,0
2019-02-03 22:15,55,26,29,0,0,0
2019-02-03 22:30,29,12,17,0,0,0
2019-02-03 22:45,48,22,26,0,0,0
2019-02-03 23:00,36,11,25,0,0,0
2019-02-03 23:15,33,16,17,0,0,0
2019-02-03 23:30,29,5,24,0,0,0
2019-02-03 23:45,17,8,9,0,0,0
2019-02-04 00:00,16,6,10,0,0,0
2019-02-04 00:15,13,4,9,0,0,0
2019-02-04 00:30,6,2,4,0,0,0
2019-02-04 00:45,4,2,2,0,0,0
2019-02-04 01:00,9,1,8,0,0,0
2019-02-04 01:15,8,5,3,0,0,0
2019-02-04 01:30,6,3,3,0,0,0
2019-02-04 01:45,4,2,2,0,0,0
2019-02-04 02:00,5,3,2,0,0,0
2019-02-04 02:15,8,4,4,0,0,0
2019-02-04 02:30,10,5,5,0,0,0
2019-02-04 02:45,6,5,1,0,0,0
2019-02-04 03:00,0,0,0,0,0,0
2019-02-04 03:15,2,1,1,0,0,0
2019-02-04 03:30,2,1,1,0,0,0
2019-02-04 03:45,4,4,0,0,0,0
2019-02-04 04:00,9,8,1,0,0,0
2019-02-04 04:15,42,28,14,0,0,0
2019-02-04 04:30,32,19,13,0,0,0
2019-02-04 04:45,19,11,8,0,0,0
2019-02-04 05:00,14,4,10,0,0,0
2019-02-04 05:15,11,5,6,0,0,0
2019-02-04 05:30,17,11,6,0,0,0
2019-02-04 05:45,19,13,6,0,0,0
2019-02-04 06:00,27,19,8,0,0,0
2019-02-04 06:15,31,26,5,0,0,0
2019-02-04 06:30,61,37,24,0,0,0
2019-02-04 06:45,53,36,17,0,0,0
2019-02-04 07:00,69,52,17,0,0,0
2019-02-04 07:15,113,81,32,0,0,0
2019-02-04 07:30,220,173,47,0,0,0
2019-02-04 07:45,300,224,76,0,0,0
2019-02-04 08:00,220,137,83,0,0,0
2019-02-04 08:15,227,165,62,0,0,0
2019-02-04 08:30,177,114,63,0,0,0
2019-02-04 08:45,252,163,89,0,0,0
2019-02-04 09:00,181,103,78,0,0,0
2019-02-04 09:15,161,105,56,0,0,0
2019-02-04 09:30,161,99,62,0,0,0
2019-02-04 09:45,172,103,69,0,0,0
2019-02-04 10:00,117,70,47,0,0,0
2019-02-04 10:15,121,72,49,0,0,0
2019-02-04 10:30,108,73,35,0,0,0
2019-02-04 10:45,117,72,45,0,0,0
2019-02-04 11:00,137,51,86,0,0,0
2019-02-04 11:15,154,84,70,0,0,0
2019-02-04 11:30,132,77,55,0,0,0
2019-02-04 11:45,181,96,85,0,0,0
2019-02-04 12:00,155,79,76,0,0,0
2019-02-04 12:15,150,79,71,0,0,0
2019-02-04 12:30,145,83,62,0,0,0
2019-02-04 12:45,179,75,104,0,0,0
2019-02-04 13:00,163,86,77,0,0,0
2019-02-04 13:15,197,80,117,0,0,0
2019-02-04 13:30,162,76,86,0,0,0
2019-02-04 13:45,173,100,73,0,0,0
2019-02-04 14:00,186,76,110,0,0,0
2019-02-04 14:15,171,85,86,0,0,0
2019-02-04 14:30,165,99,66,0,0,0
2019-02-04 14:45,207,91,116,0,0,0
2019-02-04 15:00,202,86,116,0,0,0
2019-02-04 15:15,165,71,94,0,0,0
2019-02-04 15:30,164,78,86,0,0,0
2019-02-04 15:45,193,92,101,0,0,0
2019-02-04 16:00,187,98,89,0,0,0
2019-02-04 16:15,205,97,108,0,0,0
2019-02-04 16:30,174,86,88,0,0,0
2019-02-04 16:45,200,99,101,0,0,0
2019-02-04 17:00,229,133,96,0,0,0
2019-02-04 17:15,233,98,135,0,0,0
2019-02-04 17:30,223,114,109,0,0,0
2019-02-04 17:45,211,96,115,0,0,0
2019-02-04 18:00,246,111,135,0,0,0
2019-02-04 18:15,218,81,137,0,0,0
2019-02-04 18:30,183,83,100,0,0,0
2019-02-04 18:45,190,91,99,0,0,0
2019-02-04 19:00,155,67,88,0,0,0
2019-02-04 19:15,145,65,80,0,0,0
2019-02-04 19:30,133,56,77,0,0,0
2019-02-04 19:45,171,92,79,0,0,0
2019-02-04 20:00,147,44,103,0,0,0
2019-02-04 20:15,135,52,83,0,0,0
2019-02-04 20:30,85,27,58,0,0,0
2019-02-04 20:45,78,33,45,0,0,0
2019-02-04 21:00,69,26,43,0,0,0
2019-02-04 21:15,44,10,34,0,0,0
2019-02-04 21:30,63,19,44,0,0,0
2019-02-04 21:45,80,26,54,0,0,0
2019-02-04 22:00,92,23,69,0,0,0
2019-02-04 22:15,78,26,52,0,0,0
2019-02-04 22:30,59,19,40,0,0,0
2019-02-04 22:45,39,7,32,0,0,0
2019-02-04 23:00,40,12,28,0,0,0
2019-02-04 23:15,45,20,25,0,0,0
2019-02-04 23:30,25,8,17,0,0,0
2019-02-04 23:45,16,5,11,0,0,0
2019-02-05 00:00,22,2,20,0,0,0
2019-02-05 00:15,11,3,8,0,0,0
2019-02-05 00:30,16,4,12,0,0,0
2019-02-05 00:45,8,0,8,0,0,0
2019-02-05 01:00,17,10,7,0,0,0
2019-02-05 01:15,9,2,7,0,0,0
2019-02-05 01:30,6,1,5,0,0,0
2019-02-05 01:45,16,3,13,0,0,0
2019-02-05 02:00,8,0,8,0,0,0
2019-02-05 02:15,9,3,6,0,0,0
2019-02-05 02:30,2,0,2,0,0,0
2019-02-05 02:45,3,0,3,0,0,0
2019-02-05 03:00,2,2,0,0,0,0
2019-02-05 03:15,3,0,3,0,0,0
2019-02-05 03:30,5,0,5,0,0,0
2019-02-05 03:45,2,0,2,0,0,0
2019-02-05 04:00,0,0,0,0,0,0
2019-02-05 04:15,2,1,1,0,0,0
2019-02-05 04:30,4,4,0,0,0,0
2019-02-05 04:45,9,6,3,0,0,0
2019-02-05 05:00,7,4,3,0,0,0
2019-02-05 05:15,12,9,3,0,0,0
2019-02-05 05:30,18,14,4,0,0,0
2019-02-05 05:45,20,12,8,0,0,0
2019-02-05 06:00,25,18,7,0,0,0
2019-02-05 06:15,31,26,5,0,0,0
2019-02-05 06:30,48,39,9,0,0,0
2019-02-05 06:45,81,57,24,0,0,0
2019-02-05 07:00,76,59,17,0,0,0
2019-02-05 07:15,126,79,47,0,0,0
2019-02-05 07:30,235,185,50,0,0,0
2019-02-05 07:45,313,223,90,0,0,0
2019-02-05 08:00,260,173,87,0,0,0
2019-02-05 08:15,189,117,72,0,0,0
2019-02-05 08:30,213,147,66,0,0,0
2019-02-05 08:45,237,153,84,0,0,0
2019-02-05 09:00,187,117,70,0,0,0
2019-02-05 09:15,175,113,62,0,0,0
2019-02-05 09:30,183,104,79,0,0,0
2019-02-05 09:45,210,134,76,0,0,0
2019-02-05 10:00,163,88,75,0,0,0
2019-02-05 10:15,109,67,42,0,0,0
2019-02-05 10:30,124,76,48,0,0,0
2019-02-05 10:45,127,73,54,0,0,0
2019-02-05 11:00,146,86,60,0,0,0
2019-02-05 11:15,169,74,95,0,0,0
2019-02-05 11:30,130,64,66,0,0,0
2019-02-05 11:45,165,88,77,0,0,0
2019-02-05 12:00,149,79,70,0,0,0
2019-02-05 12:15,157,84,73,0,0,0
2019-02-05 12:30,165,92,73,0,0,0
2019-02-05 12:45,172,87,85,0,0,0
2019-02-05 13:00,177,82,95,0,0,0
2019-02-05 13:15,187,70,117,0,0,0
2019-02-05 13:30,184,84,100,0,0,0
2019-02-05 13:45,138,67,71,0,0,0
2019-02-05 14:00,177,82,95,0,0,0
2019-02-05 14:15,162,65,97,0,0,0
2019-02-05 14:30,197,89,108,0,0,0
2019-02-05 14:45,155,79,76,0,0,0
2019-02-05 15:00,171,82,89,0,0,0
2019-02-05 15:15,208,103,105,0,0,0
2019-02-05 15:30,174,93,81,0,0,0
2019-02-05 15:45,194,93,101,0,0,0
2019-02-05 16:00,195,101,94,0,0,0
2019-02-05 16:15,210,98,112,0,0,0
2019-02-05 16:30,195,94,101,0,0,0
2019-02-05 16:45,216,109,107,0,0,0
2019-02-05 17:00,227,113,114,0,0,0
2019-02-05 17:15,246,117,129,0,0,0
2019-02-05 17:30,220,107,113,0,0,0
2019-02-05 17:45,251,118,133,0,0,0
2019-02-05 18:00,222,112,110,0,0,0
2019-02-05 18:15,281,110,171,0,0,0
2019-02-05 18:30,180,78,102,0,0,0
2019-02-05 18:45,200,101,99,0,0,0
2019-02-05 19:00,152,67,85,0,0,0
2019-02-05 19:15,222,117,105,0,0,0
2019-02-05 19:30,144,63,81,0,0,0
2019-02-05 19:45,156,85,71,0,0,0
2019-02-05 20:00,133,48,85,0,0,0
2019-02-05 20:15,127,43,84,0,0,0
2019-02-05 20:30,97,35,62,0,0,0
2019-02-05 20:45,77,19,58,0,0,0
2019-02-05 21:00,110,41,69,0,0,0
2019-02-05 21:15,89,33,56,0,0,0
2019-02-05 21:30,77,34,43,0,0,0
2019-02-05 21:45,67,19,48,0,0,0
2019-02-05 22:00,66,24,42,0,0,0
2019-02-05 22:15,89,37,52,0,0,0
2019-02-05 22:30,81,29,52,0,0,0
2019-02-05 22:45,79,25,54,0,0,0
2019-02-05 23:00,58,13,45,0,0,0
2019-02-05 23:15,56,7,49,0,0,0
2019-02-05 23:30,56,28,28,0,0,0
2019-02-05 23:45,66,17,49,0,0,0
2019-02-06 00:00,45,14,31,0,0,0
2019-02-06 00:15,17,5,12,0,0,0
2019-02-06 00:30,42,16,26,0,0,0
2019-02-06 00:45,42,27,15,0,0,0
2019-02-06 01:00,15,3,12,0,0,0
2019-02-06 01:15,21,14,7,0,0,0
2019-02-06 01:30,16,4,12,0,0,0
2019-02-06 01:45,13,2,11,0,0,0
2019-02-06 02:00,12,2,10,0,0,0
2019-02-06 02:15,17,3,14,0,0,0
2019-02-06 02:30,16,1,15,0,0,0
2019-02-06 02:45,4,2,2,0,0,0
2019-02-06 03:00,13,2,11,0,0,0
2019-02-06 03:15,8,0,8,0,0,0
2019-02-06 03:30,9,2,7,0,0,0
2019-02-06 03:45,20,5,15,0,0,0
2019-02-06 04:00,10,2,8,0,0,0
2019-02-06 04:15,8,0,8,0,0,0
2019-02-06 04:30,17,4,13,0,0,0
2019-02-06 04:45,10,3,7,0,0,0
2019-02-06 05:00,15,4,11,0,0,0
2019-02-06 05:15,22,9,13,0,0,0
2019-02-06 05:30,8,7,1,0,0,0
2019-02-06 05:45,28,12,16,0,0,0
2019-02-06 06:00,27,17,10,0,0,0
2019-02-06 06:15,32,27,5,0,0,0
2019-02-06 06:30,54,40,14,0,0,0
2019-02-06 06:45,66,51,15,0,0,0
2019-02-06 07:00,75,56,19,0,0,0
2019-02-06 07:15,126,83,43,0,0,0
2019-02-06 07:30,217,157,60,0,0,0
2019-02-06 07:45,320,222,98,0,0,0
2019-02-06 08:00,215,140,75,0,0,0
2019-02-06 08:15,213,142,71,0,0,0
2019-02-06 08:30,167,103,64,0,0,0
2019-02-06 08:45,278,188,90,0,0,0
2019-02-06 09:00,196,111,85,0,0,0
2019-02-06 09:15,158,97,61,0,0,0
2019-02-06 09:30,188,116,72,0,0,0
2019-02-06 09:45,210,134,76,0,0,0
2019-02-06 10:00,175,102,73,0,0,0
2019-02-06 10:15,140,89,51,0,0,0
2019-02-06 10:30,125,74,51,0,0,0
2019-02-06 10:45,152,82,70,0,0,0
2019-02-06 11:00,141,73,68,0,0,0
2019-02-06 11:15,150,89,61,0,0,0
2019-02-06 11:30,174,100,74,0,0,0
2019-02-06 11:45,188,121,67,0,0,0
2019-02-06 12:00,178,95,83,0,0,0
2019-02-06 12:15,154,90,64,0,0,0
2019-02-06 12:30,185,94,91,0,0,0
2019-02-06 12:45,198,109,89,0,0,0
2019-02-06 13:00,161,77,84,0,0,0
2019-02-06 13:15,169,78,91,0,0,0
2019-02-06 13:30,162,64,98,0,0,0
2019-02-06 13:45,174,103,71,0,0,0
2019-02-06 14:00,194,88,106,0,0,0
2019-02-06 14:15,169,68,101,0,0,0
2019-02-06 14:30,168,63,105,0,0,0
2019-02-06 14:45,189,87,102,0,0,0
2019-02-06 15:00,188,85,103,0,0,0
2019-02-06 15:15,182,80,102,0,0,0
2019-02-06 15:30,214,104,110,0,0,0
2019-02-06 15:45,231,101,130,0,0,0
2019-02-06 16:00,192,104,88,0,0,0
2019-02-06 16:15,226,109,117,0,0,0
2019-02-06 16:30,217,98,119,0,0,0
2019-02-06 16:45,226,113,113,0,0,0
2019-02-06 17:00,243,123,120,0,0,0
2019-02-06 17:15,279,150,129,0,0,0
2019-02-06 17:30,246,112,134,0,0,0
2019-02-06 17:45,268,130,138,0,0,0
2019-02-06 18:00,235,114,121,0,0,0
2019-02-06 18:15,267,103,164,0,0,0
2019-02-06 18:30,234,81,153,0,0,0
2019-02-06 18:45,207,103,104,0,0,0
2019-02-06 19:00,214,104,110,0,0,0
2019-02-06 19:15,170,78,92,0,0,0
2019-02-06 19:30,156,75,81,0,0,0
2019-02-06 19:45,161,82,79,0,0,0
2019-02-06 20:00,157,68,89,0,0,0
2019-02-06 20:15,143,58,85,0,0,0
2019-02-06 20:30,108,52,56,0,0,0
2019-02-06 20:45,109,48,61,0,0,0
2019-02-06 21:00,84,30,54,0,0,0
2019-02-06 21:15,75,35,40,0,0,0
2019-02-06 21:30,61,29,32,0,0,0
2019-02-06 21:45,118,64,54,0,0,0
2019-02-06 22:00,90,36,54,0,0,0
2019-02-06 22:15,92,35,57,0,0,0
2019-02-06 22:30,87,39,48,0,0,0
2019-02-06 22:45,97,25,72,0,0,0
2019-02-06 23:00,86,32,54,0,0,0
2019-02-06 23:15,59,21,38,0,0,0
2019-02-06 23:30,81,41,40,0,0,0
2019-02-06 23:45,47,16,31,0,0,0
2019-02-07 00:00,38,19,19,0,0,0
2019-02-07 00:15,44,22,22,0,0,0
2019-02-07 00:30,34,18,16,0,0,0
2019-02-07 00:45,36,17,19,0,0,0
2019-02-07 01:00,39,15,24,0,0,0
2019-02-07 01:15,35,12,23,0,0,0
2019-02-07 01:30,27,13,14,0,0,0
2019-02-07 01:45,37,13,24,0,0,0
2019-02-07 02:00,26,9,17,0,0,0
2019-02-07 02:15,21,3,18,0,0,0
2019-02-07 02:30,30,13,17,0,0,0
2019-02-07 02:45,19,3,16,0,0,0
2019-02-07 03:00,35,9,26,0,0,0
2019-02-07 03:15,17,8,9,0,0,0
2019-02-07 03:30,11,5,6,0,0,0
2019-02-07 03:45,17,1,16,0,0,0
2019-02-07 04:00,13,6,7,0,0,0
2019-02-07 04:15,5,1,4,0,0,0
2019-02-07 04:30,12,4,8,0,0,0
2019-02-07 04:45,8,1,7,0,0,0
2019-02-07 05:00,12,6,6,0,0,0
2019-02-07 05:15,6,6,0,0,0,0
2019-02-07 05:30,29,12,17,0,0,0
2019-02-07 05:45,23,15,8,0,0,0
2019-02-07 06:00,24,17,7,0,0,0
2019-02-07 06:15,18,14,4,0,0,0
2019-02-07 06:30,45,39,6,0,0,0
2019-02-07 06:45,56,43,13,0,0,0
2019-02-07 07:00,65,46,19,0,0,0
2019-02-07 07:15,110,81,29,0,0,0
2019-02-07 07:30,205,164,41,0,0,0
2019-02-07 07:45,288,221,67,0,0,0
2019-02-07 08:00,205,130,75,0,0,0
2019-02-07 08:15,231,133,98,0,0,0
2019-02-07 08:30,174,113,61,0,0,0
2019-02-07 08:45,221,150,71,0,0,0
2019-02-07 09:00,181,112,69,0,0,0
2019-02-07 09:15,132,75,57,0,0,0
2019-02-07 09:30,146,98,48,0,0,0
2019-02-07 09:45,163,90,73,0,0,0
2019-02-07 10:00,147,97,50,0,0,0
2019-02-07 10:15,107,58,49,0,0,0
2019-02-07 10:30,126,71,55,0,0,0
2019-02-07 10:45,137,67,70,0,0,0
2019-02-07 11:00,130,70,60,0,0,0
2019-02-07 11:15,136,76,60,0,0,0
2019-02-07 11:30,139,71,68,0,0,0
2019-02-07 11:45,142,78,64,0,0,0
2019-02-07 12:00,138,77,61,0,0,0
2019-02-07 12:15,161,96,65,0,0,0
2019-02-07 12:30,171,83,88,0,0,0
2019-02-07 12:45,200,97,103,0,0,0
2019-02-07 13:00,171,87,84,0,0,0
2019-02-07 13:15,180,82,98,0,0,0
2019-02-07 13:30,194,107,87,0,0,0
2019-02-07 13:45,227,117,110,0,0,0
2019-02-07 14:00,197,119,78,0,0,0
2019-02-07 14:15,201,94,107,0,0,0
2019-02-07 14:30,184,107,77,0,0,0
2019-02-07 14:45,215,99,116,0,0,0
2019-02-07 15:00,176,78,98,0,0,0
2019-02-07 15:15,202,101,101,0,0,0
2019-02-07 15:30,182,92,90,0,0,0
2019-02-07 15:45,243,113,130,0,0,0
2019-02-07 16:00,220,121,99,0,0,0
2019-02-07 16:15,183,87,96,0,0,0
2019-02-07 16:30,221,113,108,0,0,0
2019-02-07 16:45,240,113,127,0,0,0
2019-02-07 17:00,250,119,131,0,0,0
2019-02-07 17:15,249,140,109,0,0,0
2019-02-07 17:30,243,122,121,0,0,0
2019-02-07 17:45,248,104,144,0,0,0
2019-02-07 18:00,234,96,138,0,0,0
2019-02-07 18:15,249,112,137,0,0,0
2019-02-07 18:30,196,89,107,0,0,0
2019-02-07 18:45,248,130,118,0,0,0
2019-02-07 19:00,169,81,88,0,0,0
2019-02-07 19:15,189,71,118,0,0,0
2019-02-07 19:30,122,48,74,0,0,0
2019-02-07 19:45,182,81,101,0,0,0
2019-02-07 20:00,124,31,93,0,0,0
2019-02-07 20:15,117,48,69,0,0,0
2019-02-07 20:30,94,50,44,0,0,0
2019-02-07 20:45,67,26,41,0,0,0
2019-02-07 21:00,99,51,48,0,0,0
2019-02-07 21:15,70,36,34,0,0,0
2019-02-07 21:30,63,28,35,0,0,0
2019-02-07 21:45,78,23,55,0,0,0
2019-02-07 22:00,76,19,57,0,0,0
2019-02-07 22:15,90,34,56,0,0,0
2019-02-07 22:30,73,24,49,0,0,0
2019-02-07 22:45,58,14,44,0,0,0
2019-02-07 23:00,72,34,38,0,0,0
2019-02-07 23:15,71,28,43,0,0,0
2019-02-07 23:30,59,23,36,0,0,0
2019-02-07 23:45,54,27,27,0,0,0
2019-02-08 00:00,29,9,20,0,0,0
2019-02-08 00:15,32,13,19,0,0,0
2019-02-08 00:30,42,17,25,0,0,0
2019-02-08 00:45,28,17,11,0,0,0
2019-02-08 01:00,26,9,17,0,0,0
2019-02-08 01:15,21,8,13,0,0,0
2019-02-08 01:30,17,4,13,0,0,0
2019-02-08 01:45,15,1,14,0,0,0
2019-02-08 02:00,24,4,20,0,0,0
2019-02-08 02:15,27,1,26,0,0,0
2019-02-08 02:30,20,4,16,0,0,0
2019-02-08 02:45,12,1,11,0,0,0
2019-02-08 03:00,12,3,9,0,0,0
2019-02-08 03:15,10,4,6,0,0,0
2019-02-08 03:30,16,1,15,0,0,0
2019-02-08 03:45,11,1,10,0,0,0
2019-02-08 04:00,8,2,6,0,0,0
2019-02-08 04:15,8,2,6,0,0,0
2019-02-08 04:30,7,2,5,0,0,0
2019-02-08 04:45,11,3,8,0,0,0
2019-02-08 05:00,11,6,5,0,0,0
2019-02-08 05:15,6,3,3,0,0,0
2019-02-08 05:30,14,11,3,0,0,0
2019-02-08 05:45,18,10,8,0,0,0
2019-02-08 06:00,26,18,8,0,0,0
2019-02-08 06:15,32,24,8,0,0,0
2019-02-08 06:30,43,32,11,0,0,0
2019-02-08 06:45,52,37,15,0,0,0
2019-02-08 07:00,62,40,22,0,0,0
2019-02-08 07:15,98,71,27,0,0,0
2019-02-08 07:30,193,154,39,0,0,0
2019-02-08 07:45,249,181,68,0,0,0
2019-02-08 08:00,194,116,78,0,0,0
2019-02-08 08:15,170,111,59,0,0,0
2019-02-08 08:30,165,103,62,0,0,0
2019-02-08 08:45,193,142,51,0,0,0
2019-02-08 09:00,167,106,61,0,0,0
2019-02-08 09:15,112,74,38,0,0,0
2019-02-08 09:30,129,78,51,0,0,0
2019-02-08 09:45,140,93,47,0,0,0
2019-02-08 10:00,126,63,63,0,0,0
2019-02-08 10:15,96,64,32,0,0,0
2019-02-08 10:30,107,58,49,0,0,0
2019-02-08 10:45,133,67,66,0,0,0
2019-02-08 11:00,156,85,71,0,0,0
2019-02-08 11:15,132,77,55,0,0,0
2019-02-08 11:30,140,72,68,0,0,0
2019-02-08 11:45,134,84,50,0,0,0
2019-02-08 12:00,145,77,68,0,0,0
2019-02-08 12:15,150,76,74,0,0,0
2019-02-08 12:30,174,90,84,0,0,0
2019-02-08 12:45,161,85,76,0,0,0
2019-02-08 13:00,169,97,72,0,0,0
2019-02-08 13:15,167,84,83,0,0,0
2019-02-08 13:30,159,77,82,0,0,0
2019-02-08 13:45,178,94,84,0,0,0
2019-02-08 14:00,181,85,96,0,0,0
2019-02-08 14:15,188,108,80,0,0,0
2019-02-08 14:30,152,98,54,0,0,0
2019-02-08 14:45,161,76,85,0,0,0
2019-02-08 15:00,158,69,89,0,0,0
2019-02-08 15:15,177,82,95,0,0,0
2019-02-08 15:30,168,78,90,0,0,0
2019-02-08 15:45,178,90,88,0,0,0
2019-02-08 16:00,150,85,65,0,0,0
2019-02-08 16:15,183,93,90,0,0,0
2019-02-08 16:30,152,78,74,0,0,0
2019-02-08 16:45,173,85,88,0,0,0
2019-02-08 17:00,177,92,85,0,0,0
2019-02-08 17:15,207,102,105,0,0,0
2019-02-08 17:30,169,66,103,0,0,0
2019-02-08 17:45,161,85,76,0,0,0
2019-02-08 18:00,165,78,87,0,0,0
2019-02-08 18:15,181,77,104,0,0,0
2019-02-08 18:30,164,71,93,0,0,0
2019-02-08 18:45,191,96,95,0,0,0
2019-02-08 19:00,170,87,83,0,0,0
2019-02-08 19:15,164,87,77,0,0,0
2019-02-08 19:30,127,48,79,0,0,0
2019-02-08 19:45,164,62,102,0,0,0
2019-02-08 20:00,158,54,104,0,0,0
2019-02-08 20:15,164,60,104,0,0,0
2019-02-08 20:30,141,63,78,0,0,0
2019-02-08 20:45,100,47,53,0,0,0
2019-02-08 21:00,101,37,64,0,0,0
2019-02-08 21:15,92,37,55,0,0,0
2019-02-08 21:30,77,31,46,0,0,0
2019-02-08 21:45,97,35,62,0,0,0
2019-02-08 22:00,92,48,44,0,0,0
2019-02-08 22:15,81,28,53,0,0,0
2019-02-08 22:30,80,45,35,0,0,0
2019-02-08 22:45,111,52,59,0,0,0
2019-02-08 23:00,58,22,36,0,0,0
2019-02-08 23:15,70,25,45,0,0,0
2019-02-08 23:30,79,39,40,0,0,0
2019-02-08 23:45,69,31,38,0,0,0
2019-02-09 00:00,79,27,52,0,0,0
2019-02-09 00:15,57,20,37,0,0,0
2019-02-09 00:30,52,19,33,0,0,0
2019-02-09 00:45,55,13,42,0,0,0
2019-02-09 01:00,48,21,27,0,0,0
2019-02-09 01:15,38,10,28,0,0,0
2019-02-09 01:30,39,8,31,0,0,0
2019-02-09 01:45,30,12,18,0,0,0
2019-02-09 02:00,49,26,23,0,0,0
2019-02-09 02:15,40,10,30,0,0,0
2019-02-09 02:30,28,17,11,0,0,0
2019-02-09 02:45,31,12,19,0,0,0
2019-02-09 03:00,36,14,22,0,0,0
2019-02-09 03:15,44,20,24,0,0,0
2019-02-09 03:30,42,25,17,0,0,0
2019-02-09 03:45,27,14,13,0,0,0
2019-02-09 04:00,21,9,12,0,0,0
2019-02-09 04:15,21,9,12,0,0,0
2019-02-09 04:30,17,7,10,0,0,0
2019-02-09 04:45,28,19,9,0,0,0
2019-02-09 05:00,12,5,7,0,0,0
2019-02-09 05:15,31,17,14,0,0,0
2019-02-09 05:30,17,6,11,0,0,0
2019-02-09 05:45,17,9,8,0,0,0
2019-02-09 06:00,5,3,2,0,0,0
2019-02-09 06:15,11,6,5,0,0,0
2019-02-09 06:30,11,6,5,0,0,0
2019-02-09 06:45,13,11,2,0,0,0
2019-02-09 07:00,11,7,4,0,0,0
2019-02-09 07:15,12,10,2,0,0,0
2019-02-09 07:30,22,18,4,0,0,0
2019-02-09 07:45,67,54,13,0,0,0
2019-02-09 08:00,54,30,24,0,0,0
2019-02-09 08:15,64,57,7,0,0,0
2019-02-09 08:30,104,91,13,0,0,0
2019-02-09 08:45,79,57,22,0,0,0
2019-02-09 09:00,62,43,19,0,0,0
2019-02-09 09:15,53,42,11,0,0,0
2019-02-09 09:30,77,63,14,0,0,0
2019-02-09 09:45,118,96,22,0,0,0
2019-02-09 10:00,87,62,25,0,0,0
2019-02-09 10:15,66,62,4,0,0,0
2019-02-09 10:30,78,60,18,0,0,0
2019-02-09 10:45,108,68,40,0,0,0
2019-02-09 11:00,121,63,58,0,0,0
2019-02-09 11:15,93,66,27,0,0,0
2019-02-09 11:30,102,62,40,0,0,0
2019-02-09 11:45,107,76,31,0,0,0
2019-02-09 12:00,100,60,40,0,0,0
2019-02-09 12:15,93,53,40,0,0,0
2019-02-09 12:30,99,55,44,0,0,0
2019-02-09 12:45,122,69,53,0,0,0
2019-02-09 13:00,117,57,60,0,0,0
2019-02-09 13:15,117,60,57,0,0,0
2019-02-09 13:30,117,59,58,0,0,0
2019-02-09 13:45,119,64,55,0,0,0
2019-02-09 14:00,131,59,72,0,0,0
2019-02-09 14:15,109,39,70,0,0,0
2019-02-09 14:30,129,60,69,0,0,0
2019-02-09 14:45,104,47,57,0,0,0
2019-02-09 15:00,109,41,68,0,0,0
2019-02-09 15:15,96,50,46,0,0,0
2019-02-09 15:30,115,50,65,0,0,0
2019-02-09 15:45,115,54,61,0,0,0
2019-02-09 16:00,96,47,49,0,0,0
2019-02-09 16:15,126,50,76,0,0,0
2019-02-09 16:30,96,48,48,0,0,0
2019-02-09 16:45,115,61,54,0,0,0
2019-02-09 17:00,93,47,46,0,0,0
2019-02-09 17:15,123,50,73,0,0,0
2019-02-09 17:30,123,58,65,0,0,0
2019-02-09 17:45,128,75,53,0,0,0
2019-02-09 18:00,135,55,80,0,0,0
2019-02-09 18:15,126,54,72,0,0,0
2019-02-09 18:30,108,60,48,0,0,0
2019-02-09 18:45,153,94,59,0,0,0
2019-02-09 19:00,100,52,48,0,0,0
2019-02-09 19:15,114,54,60,0,0,0
2019-02-09 19:30,96,45,51,0,0,0
2019-02-09 19:45,117,68,49,0,0,0
2019-02-09 20:00,110,54,56,0,0,0
2019-02-09 20:15,88,50,38,0,0,0
2019-02-09 20:30,95,41,54,0,0,0
2019-02-09 20:45,69,40,29,0,0,0
2019-02-09 21:00,62,21,41,0,0,0
2019-02-09 21:15,63,33,30,0,0,0
2019-02-09 21:30,55,26,29,0,0,0
2019-02-09 21:45,60,29,31,0,0,0
2019-02-09 22:00,77,31,46,0,0,0
2019-02-09 22:15,53,16,37,0,0,0
2019-02-09 22:30,56,19,37,0,0,0
2019-02-09 22:45,41,14,27,0,0,0
2019-02-09 23:00,57,15,42,0,0,0
2019-02-09 23:15,50,17,33,0,0,0
2019-02-09 23:30,45,21,24,0,0,0
2019-02-09 23:45,52,16,36,0,0,0
2019-02-10 00:00,45,16,29,0,0,0
2019-02-10 00:15,48,20,28,0,0,0
2019-02-10 00:30,49,15,34,0,0,0
2019-02-10 00:45,68,24,44,0,0,0
2019-02-10 01:00,68,34,34,0,0,0
2019-02-10 01:15,64,36,28,0,0,0
2019-02-10 01:30,44,10,34,0,0,0
2019-02-10 01:45,55,17,38,0,0,0
2019-02-10 02:00,25,7,18,0,0,0
2019-02-10 02:15,41,12,29,0,0,0
2019-02-10 02:30,30,5,25,0,0,0
2019-02-10 02:45,32,11,21,0,0,0
2019-02-10 03:00,38,9,29,0,0,0
2019-02-10 03:15,22,5,17,0,0,0
2019-02-10 03:30,20,5,15,0,0,0
2019-02-10 03:45,21,8,13,0,0,0
2019-02-10 04:00,19,1,18,0,0,0
2019-02-10 04:15,32,4,28,0,0,0
2019-02-10 04:30,19,5,14,0,0,0
2019-02-10 04:45,5,1,4,0,0,0
2019-02-10 05:00,10,2,8,0,0,0
2019-02-10 05:15,14,4,10,0,0,0
2019-02-10 05:30,12,3,9,0,0,0
2019-02-10 05:45,15,4,11,0,0,0
2019-02-10 06:00,4,0,4,0,0,0
2019-02-10 06:15,8,3,5,0,0,0
2019-02-10 06:30,5,1,4,0,0,0
2019-02-10 06:45,9,3,6,0,0,0
2019-02-10 07:00,1,1,0,0,0,0
2019-02-10 07:15,4,2,2,0,0,0
2019-02-10 07:30,12,7,5,0,0,0
2019-02-10 07:45,27,22,5,0,0,0
2019-02-10 08:00,16,15,1,0,0,0
2019-02-10 08:15,15,14,1,0,0,0
2019-02-10 08:30,22,22,0,0,0,0
2019-02-10 08:45,14,7,7,0,0,0
2019-02-10 09:00,12,11,1,0,0,0
2019-02-10 09:15,16,12,4,0,0,0
2019-02-10 09:30,22,16,6,0,0,0
2019-02-10 09:45,56,41,15,0,0,0
2019-02-10 10:00,30,19,11,0,0,0
2019-02-10 10:15,24,14,10,0,0,0
2019-02-10 10:30,21,15,6,0,0,0
2019-02-10 10:45,48,31,17,0,0,0
2019-02-10 11:00,37,23,14,0,0,0
2019-02-10 11:15,20,5,15,0,0,0
2019-02-10 11:30,34,16,18,0,0,0
2019-02-10 11:45,38,25,13,0,0,0
2019-02-10 12:00,36,23,13,0,0,0
2019-02-10 12:15,47,19,28,0,0,0
2019-02-10 12:30,33,20,13,0,0,0
2019-02-10 12:45,54,24,30,0,0,0
2019-02-10 13:00,43,20,23,0,0,0
2019-02-10 13:15,46,24,22,0,0,0
2019-02-10 13:30,56,25,31,0,0,0
2019-02-10 13:45,51,31,20,0,0,0
2019-02-10 14:00,61,28,33,0,0,0
2019-02-10 14:15,64,29,35,0,0,0
2019-02-10 14:30,52,22,30,0,0,0
2019-02-10 14:45,60,34,26,0,0,0
2019-02-10 15:00,86,41,45,0,0,0
2019-02-10 15:15,55,23,32,0,0,0
2019-02-10 15:30,71,40,31,0,0,0
2019-02-10 15:45,103,47,56,0,0,0
2019-02-10 16:00,46,16,30,0,0,0
2019-02-10 16:15,85,46,39,0,0,0
2019-02-10 16:30,68,35,33,0,0,0
2019-02-10 16:45,72,47,25,0,0,0
2019-02-10 17:00,80,41,39,0,0,0
2019-02-10 17:15,76,36,40,0,0,0
2019-02-10 17:30,63,36,27,0,0,0
2019-02-10 17:45,64,31,33,0,0,0
2019-02-10 18:00,78,43,35,0,0,0
2019-02-10 18:15,52,18,34,0,0,0
2019-02-10 18:30,44,24,20,0,0,0
2019-02-10 18:45,69,35,34,0,0,0
2019-02-10 19:00,57,17,40,0,0,0
2019-02-10 19:15,47,25,22,0,0,0
2019-02-10 19:30,41,22,19,0,0,0
2019-02-10 19:45,40,22,18,0,0,0
2019-02-10 20:00,36,12,24,0,0,0
2019-02-10 20:15,51,16,35,0,0,0
2019-02-10 20:30,32,11,21,0,0,0
2019-02-10 20:45,38,16,22,0,0,0
2019-02-10 21:00,27,3,24,0,0,0
2019-02-10 21:15,25,5,20,0,0,0
2019-02-10 21:30,22,8,14,0,0,0
2019-02-10 21:45,16,5,11,0,0,0
2019-02-10 22:00,41,13,28,0,0,0
2019-02-10 22:15,25,6,19,0,0,0
2019-02-10 22:30,14,5,9,0,0,0
2019-02-10 22:45,22,5,17,0,0,0
2019-02-10 23:00,10,3,7,0,0,0
2019-02-10 23:15,13,2,11,0,0,0
2019-02-10 23:30,16,10,6,0,0,0
2019-02-10 23:45,23,15,8,0,0,0
2019-02-11 00:00,8,3,5,0,0,0
2019-02-11 00:15,6,3,3,0,0,0
2019-02-11 00:30,13,3,10,0,0,0
2019-02-11 00:45,10,4,6,0,0,0
2019-02-11 01:00,9,5,4,0,0,0
2019-02-11 01:15,4,0,4,0,0,0
2019-02-11 01:30,4,2,2,0,0,0
2019-02-11 01:45,8,0,8,0,0,0
2019-02-11 02:00,5,3,2,0,0,0
2019-02-11 02:15,2,2,0,0,0,0
2019-02-11 02:30,3,0,3,0,0,0
2019-02-11 02:45,3,1,2,0,0,0
2019-02-11 03:00,3,2,1,0,0,0
2019-02-11 03:15,2,0,2,0,0,0
2019-02-11 03:30,2,0,2,0,0,0
2019-02-11 03:45,1,0,1,0,0,0
2019-02-11 04:00,0,0,0,0,0,0
2019-02-11 04:15,2,1,1,0,0,0
2019-02-11 04:30,3,1,2,0,0,0
2019-02-11 04:45,6,6,0,0,0,0
2019-02-11 05:00,7,5,2,0,0,0
2019-02-11 05:15,6,4,2,0,0,0
2019-02-11 05:30,13,11,2,0,0,0
2019-02-11 05:45,21,10,11,0,0,0
2019-02-11 06:00,23,18,5,0,0,0
2019-02-11 06:15,29,24,5,0,0,0
2019-02-11 06:30,53,33,20,0,0,0
2019-02-11 06:45,60,53,7,0,0,0
2019-02-11 07:00,54,45,9,0,0,0
2019-02-11 07:15,108,78,30,0,0,0
2019-02-11 07:30,196,138,58,0,0,0
2019-02-11 07:45,221,162,59,0,0,0
2019-02-11 08:00,199,126,73,0,0,0
2019-02-11 08:15,208,126,82,0,0,0
2019-02-11 08:30,184,120,64,0,0,0
2019-02-11 08:45,266,181,85,0,0,0
2019-02-11 09:00,169,103,66,0,0,0
2019-02-11 09:15,136,81,55,0,0,0
2019-02-11 09:30,122,68,54,0,0,0
2019-02-11 09:45,159,93,66,0,0,0
2019-02-11 10:00,101,55,46,0,0,0
2019-02-11 10:15,105,59,46,0,0,0
2019-02-11 10:30,101,69,32,0,0,0
2019-02-11 10:45,135,80,55,0,0,0
2019-02-11 11:00,113,58,55,0,0,0
2019-02-11 11:15,101,59,42,0,0,0
2019-02-11 11:30,99,60,39,0,0,0
2019-02-11 11:45,114,68,46,0,0,0
2019-02-11 12:00,95,54,41,0,0,0
2019-02-11 12:15,150,88,62,0,0,0
2019-02-11 12:30,104,35,69,0,0,0
2019-02-11 12:45,146,99,47,0,0,0
2019-02-11 13:00,150,72,78,0,0,0
2019-02-11 13:15,155,77,78,0,0,0
2019-02-11 13:30,133,63,70,0,0,0
2019-02-11 13:45,116,59,57,0,0,0
2019-02-11 14:00,161,81,80,0,0,0
2019-02-11 14:15,119,64,55,0,0,0
2019-02-11 14:30,115,60,55,0,0,0
2019-02-11 14:45,151,63,88,0,0,0
2019-02-11 15:00,134,63,71,0,0,0
2019-02-11 15:15,129,54,75,0,0,0
2019-02-11 15:30,121,55,66,0,0,0
2019-02-11 15:45,211,82,129,0,0,0
2019-02-11 16:00,168,81,87,0,0,0
2019-02-11 16:15,187,104,83,0,0,0
2019-02-11 16:30,178,87,91,0,0,0
2019-02-11 16:45,190,100,90,0,0,0
2019-02-11 17:00,211,104,107,0,0,0
2019-02-11 17:15,202,93,109,0,0,0
2019-02-11 17:30,239,107,132,0,0,0
2019-02-11 17:45,263,118,145,0,0,0
2019-02-11 18:00,213,91,122,0,0,0
2019-02-11 18:15,228,80,148,0,0,0
2019-02-11 18:30,198,71,127,0,0,0
2019-02-11 18:45,223,105,118,0,0,0
2019-02-11 19:00,180,86,94,0,0,0
2019-02-11 19:15,190,86,104,0,0,0
2019-02-11 19:30,164,72,92,0,0,0
2019-02-11 19:45,188,80,108,0,0,0
2019-02-11 20:00,124,42,82,0,0,0
2019-02-11 20:15,145,53,92,0,0,0
2019-02-11 20:30,121,45,76,0,0,0
2019-02-11 20:45,85,38,47,0,0,0
2019-02-11 21:00,72,30,42,0,0,0
2019-02-11 21:15,74,27,47,0,0,0
2019-02-11 21:30,94,36,58,0,0,0
2019-02-11 21:45,79,36,43,0,0,0
2019-02-11 22:00,92,23,69,0,0,0
2019-02-11 22:15,77,32,45,0,0,0
2019-02-11 22:30,39,18,21,0,0,0
2019-02-11 22:45,50,17,33,0,0,0
2019-02-11 23:00,40,16,24,0,0,0
2019-02-11 23:15,37,9,28,0,0,0
2019-02-11 23:30,28,10,18,0,0,0
2019-02-11 23:45,25,8,17,0,0,0
2019-02-12 00:00,20,3,17,0,0,0
2019-02-12 00:15,16,8,8,0,0,0
2019-02-12 00:30,8,1,7,0,0,0
2019-02-12 00:45,9,1,8,0,0,0
2019-02-12 01:00,15,2,13,0,0,0
2019-02-12 01:15,19,4,15,0,0,0
2019-02-12 01:30,12,4,8,0,0,0
2019-02-12 01:45,10,0,10,0,0,0
2019-02-12 02:00,8,2,6,0,0,0
2019-02-12 02:15,1,1,0,0,0,0
2019-02-12 02:30,2,2,0,0,0,0
2019-02-12 02:45,4,3,1,0,0,0
2019-02-12 03:00,9,5,4,0,0,0
2019-02-12 03:15,2,1,1,0,0,0
2019-02-12 03:30,3,1,2,0,0,0
2019-02-12 03:45,1,1,0,0,0,0
2019-02-12 04:00,3,3,0,0,0,0
2019-02-12 04:15,2,2,0,0,0,0
2019-02-12 04:30,6,6,0,0,0,0
2019-02-12 04:45,6,5,1,0,0,0
2019-02-12 05:00,7,4,3,0,0,0
2019-02-12 05:15,8,7,1,0,0,0
2019-02-12 05:30,17,12,5,0,0,0
2019-02-12 05:45,20,11,9,0,0,0
2019-02-12 06:00,23,20,3,0,0,0
2019-02-12 06:15,23,19,4,0,0,0
2019-02-12 06:30,54,38,16,0,0,0
2019-02-12 06:45,66,49,17,0,0,0
2019-02-12 07:00,91,65,26,0,0,0
2019-02-12 07:15,108,74,34,0,0,0
2019-02-12 07:30,194,145,49,0,0,0
2019-02-12 07:45,276,198,78,0,0,0
2019-02-12 08:00,209,128,81,0,0,0
2019-02-12 08:15,214,135,79,0,0,0
2019-02-12 08:30,184,112,72,0,0,0
2019-02-12 08:45,273,201,72,0,0,0
2019-02-12 09:00,188,113,75,0,0,0
2019-02-12 09:15,158,88,70,0,0,0
2019-02-12 09:30,137,86,51,0,0,0
2019-02-12 09:45,195,125,70,0,0,0
2019-02-12 10:00,103,50,53,0,0,0
2019-02-12 10:15,110,63,47,0,0,0
2019-02-12 10:30,110,57,53,0,0,0
2019-02-12 10:45,111,72,39,0,0,0
2019-02-12 11:00,100,50,50,0,0,0
2019-02-12 11:15,96,63,33,0,0,0
2019-02-12 11:30,111,57,54,0,0,0
2019-02-12 11:45,149,88,61,0,0,0
2019-02-12 12:00,141,70,71,0,0,0
2019-02-12 12:15,140,76,64,0,0,0
2019-02-12 12:30,157,86,71,0,0,0
2019-02-12 12:45,167,105,62,0,0,0
2019-02-12 13:00,166,85,81,0,0,0
2019-02-12 13:15,165,82,83,0,0,0
2019-02-12 13:30,171,90,81,0,0,0
2019-02-12 13:45,175,99,76,0,0,0
2019-02-12 14:00,154,86,68,0,0,0
2019-02-12 14:15,174,80,94,0,0,0
2019-02-12 14:30,153,81,72,0,0,0
2019-02-12 14:45,157,90,67,0,0,0
2019-02-12 15:00,171,86,85,0,0,0
2019-02-12 15:15,188,81,107,0,0,0
2019-02-12 15:30,201,96,105,0,0,0
2019-02-12 15:45,254,138,116,0,0,0
2019-02-12 16:00,216,108,108,0,0,0
2019-02-12 16:15,238,124,114,0,0,0
2019-02-12 16:30,210,106,104,0,0,0
2019-02-12 16:45,250,124,126,0,0,0
2019-02-12 17:00,224,114,110,0,0,0
2019-02-12 17:15,241,99,142,0,0,0
2019-02-12 17:30,283,116,167,0,0,0
2019-02-12 17:45,257,110,147,0,0,0
2019-02-12 18:00,250,96,154,0,0,0
2019-02-12 18:15,237,88,149,0,0,0
2019-02-12 18:30,187,78,109,0,0,0
2019-02-12 18:45,237,86,151,0,0,0
2019-02-12 19:00,172,83,89,0,0,0
2019-02-12 19:15,182,66,116,0,0,0
2019-02-12 19:30,153,64,89,0,0,0
2019-02-12 19:45,201,104,97,0,0,0
2019-02-12 20:00,153,68,85,0,0,0
2019-02-12 20:15,133,49,84,0,0,0
2019-02-12 20:30,94,34,60,0,0,0
2019-02-12 20:45,91,38,53,0,0,0
2019-02-12 21:00,93,36,57,0,0,0
2019-02-12 21:15,98,36,62,0,0,0
2019-02-12 21:30,124,52,72,0,0,0
2019-02-12 21:45,69,27,42,0,0,0
2019-02-12 22:00,96,34,62,0,0,0
2019-02-12 22:15,95,51,44,0,0,0
2019-02-12 22:30,68,25,43,0,0,0
2019-02-12 22:45,60,23,37,0,0,0
2019-02-12 23:00,63,25,38,0,0,0
2019-02-12 23:15,52,17,35,0,0,0
2019-02-12 23:30,53,22,31,0,0,0
2019-02-12 23:45,30,7,23,0,0,0
2019-02-13 00:00,22,6,16,0,0,0
2019-02-13 00:15,30,2,28,0,0,0
2019-02-13 00:30,17,11,6,0,0,0
2019-02-13 00:45,25,5,20,0,0,0
2019-02-13 01:00,21,8,13,0,0,0
2019-02-13 01:15,22,3,19,0,0,0
2019-02-13 01:30,10,4,6,0,0,0
2019-02-13 01:45,13,1,12,0,0,0
2019-02-13 02:00,9,4,5,0,0,0
2019-02-13 02:15,12,7,5,0,0,0
2019-02-13 02:30,2,1,1,0,0,0
2019-02-13 02:45,11,1,10,0,0,0
2019-02-13 03:00,8,5,3,0,0,0
2019-02-13 03:15,5,0,5,0,0,0
2019-02-13 03:30,5,0,5,0,0,0
2019-02-13 03:45,4,3,1,0,0,0
2019-02-13 04:00,1,0,1,0,0,0
2019-02-13 04:15,2,1,1,0,0,0
2019-02-13 04:30,6,5,1,0,0,0
2019-02-13 04:45,5,4,1,0,0,0
2019-02-13 05:00,9,6,3,0,0,0
2019-02-13 05:15,10,8,2,0,0,0
2019-02-13 05:30,15,12,3,0,0,0
2019-02-13 05:45,25,15,10,0,0,0
2019-02-13 06:00,27,21,6,0,0,0
2019-02-13 06:15,33,31,2,0,0,0
2019-02-13 06:30,43,35,8,0,0,0
2019-02-13 06:45,80,64,16,0,0,0
2019-02-13 07:00,71,48,23,0,0,0
2019-02-13 07:15,119,93,26,0,0,0
2019-02-13 07:30,216,177,39,0,0,0
2019-02-13 07:45,281,213,68,0,0,0
2019-02-13 08:00,223,139,84,0,0,0
2019-02-13 08:15,200,122,78,0,0,0
2019-02-13 08:30,223,140,83,0,0,0
2019-02-13 08:45,277,192,85,0,0,0
2019-02-13 09:00,197,138,59,0,0,0
2019-02-13 09:15,189,123,66,0,0,0
2019-02-13 09:30,228,162,66,0,0,0
2019-02-13 09:45,225,149,76,0,0,0
2019-02-13 10:00,143,81,62,0,0,0
2019-02-13 10:15,119,77,42,0,0,0
2019-02-13 10:30,113,65,48,0,0,0
2019-02-13 10:45,126,68,58,0,0,0
2019-02-13 11:00,105,54,51,0,0,0
2019-02-13 11:15,106,69,37,0,0,0
2019-02-13 11:30,149,89,60,0,0,0
2019-02-13 11:45,141,91,50,0,0,0
2019-02-13 12:00,130,90,40,0,0,0
2019-02-13 12:15,177,94,83,0,0,0
2019-02-13 12:30,207,99,108,0,0,0
2019-02-13 12:45,182,95,87,0,0,0
2019-02-13 13:00,156,79,77,0,0,0
2019-02-13 13:15,191,77,114,0,0,0
2019-02-13 13:30,168,97,71,0,0,0
2019-02-13 13:45,205,106,99,0,0,0
2019-02-13 14:00,172,75,97,0,0,0
2019-02-13 14:15,173,69,104,0,0,0
2019-02-13 14:30,171,80,91,0,0,0
2019-02-13 14:45,138,64,74,0,0,0
2019-02-13 15:00,131,45,86,0,0,0
2019-02-13 15:15,155,71,84,0,0,0
2019-02-13 15:30,186,65,121,0,0,0
2019-02-13 15:45,232,92,140,0,0,0
2019-02-13 16:00,212,103,109,0,0,0
2019-02-13 16:15,224,82,142,0,0,0
2019-02-13 16:30,211,104,107,0,0,0
2019-02-13 16:45,231,110,121,0,0,0
2019-02-13 17:00,213,92,121,0,0,0
2019-02-13 17:15,266,117,149,0,0,0
2019-02-13 17:30,230,127,103,0,0,0
2019-02-13 17:45,277,145,132,0,0,0
2019-02-13 18:00,251,108,143,0,0,0
2019-02-13 18:15,220,85,135,0,0,0
2019-02-13 18:30,216,80,136,0,0,0
2019-02-13 18:45,244,105,139,0,0,0
2019-02-13 19:00,227,96,131,0,0,0
2019-02-13 19:15,163,70,93,0,0,0
2019-02-13 19:30,160,72,88,0,0,0
2019-02-13 19:45,192,87,105,0,0,0
2019-02-13 20:00,172,79,93,0,0,0
2019-02-13 20:15,184,72,112,0,0,0
2019-02-13 20:30,138,56,82,0,0,0
2019-02-13 20:45,96,35,61,0,0,0
2019-02-13 21:00,94,52,42,0,0,0
2019-02-13 21:15,65,28,37,0,0,0
2019-02-13 21:30,109,31,78,0,0,0
2019-02-13 21:45,82,33,49,0,0,0
2019-02-13 22:00,83,40,43,0,0,0
2019-02-13 22:15,99,53,46,0,0,0
2019-02-13 22:30,81,29,52,0,0,0
2019-02-13 22:45,81,39,42,0,0,0
2019-02-13 23:00,88,40,48,0,0,0
2019-02-13 23:15,119,57,62,0,0,0
2019-02-13 23:30,50,18,32,0,0,0
2019-02-13 23:45,53,22,31,0,0,0
2019-02-14 00:00,40,15,25,0,0,0
2019-02-14 00:15,33,10,23,0,0,0
2019-02-14 00:30,47,26,21,0,0,0
2019-02-14 00:45,20,3,17,0,0,0
2019-02-14 01:00,27,11,16,0,0,0
2019-02-14 01:15,31,22,9,0,0,0
2019-02-14 01:30,25,8,17,0,0,0
2019-02-14 01:45,16,0,16,0,0,0
2019-02-14 02:00,18,2,16,0,0,0
2019-02-14 02:15,21,0,21,0,0,0
2019-02-14 02:30,19,2,17,0,0,0
2019-02-14 02:45,18,5,13,0,0,0
2019-02-14 03:00,12,1,11,0,0,0
2019-02-14 03:15,16,4,12,0,0,0
2019-02-14 03:30,12,5,7,0,0,0
2019-02-14 03:45,9,1,8,0,0,0
2019-02-14 04:00,14,1,13,0,0,0
2019-02-14 04:15,10,2,8,0,0,0
2019-02-14 04:30,13,3,10,0,0,0
2019-02-14 04:45,9,3,6,0,0,0
2019-02-14 05:00,19,6,13,0,0,0
2019-02-14 05:15,20,10,10,0,0,0
2019-02-14 05:30,24,14,10,0,0,0
2019-02-14 05:45,23,8,15,0,0,0
2019-02-14 06:00,24,17,7,0,0,0
2019-02-14 06:15,26,20,6,0,0,0
2019-02-14 06:30,47,40,7,0,0,0
2019-02-14 06:45,77,56,21,0,0,0
2019-02-14 07:00,78,54,24,0,0,0
2019-02-14 07:15,113,84,29,0,0,0
2019-02-14 07:30,200,162,38,0,0,0
2019-02-14 07:45,217,162,55,0,0,0
2019-02-14 08:00,162,79,83,0,0,0
2019-02-14 08:15,218,126,92,0,0,0
2019-02-14 08:30,236,181,55,0,0,0
2019-02-14 08:45,245,176,69,0,0,0
2019-02-14 09:00,187,117,70,0,0,0
2019-02-14 09:15,133,85,48,0,0,0
2019-02-14 09:30,110,68,42,0,0,0
2019-02-14 09:45,184,115,69,0,0,0
2019-02-14 10:00,120,79,41,0,0,0
2019-02-14 10:15,108,54,54,0,0,0
2019-02-14 10:30,121,66,55,0,0,0
2019-02-14 10:45,150,89,61,0,0,0
2019-02-14 11:00,125,62,63,0,0,0
2019-02-14 11:15,149,81,68,0,0,0
2019-02-14 11:30,160,100,60,0,0,0
2019-02-14 11:45,118,78,40,0,0,0
2019-02-14 12:00,159,97,62,0,0,0
2019-02-14 12:15,158,79,79,0,0,0
2019-02-14 12:30,142,79,63,0,0,0
2019-02-14 12:45,167,78,89,0,0,0
2019-02-14 13:00,171,107,64,0,0,0
2019-02-14 13:15,190,92,98,0,0,0
2019-02-14 13:30,189,90,99,0,0,0
2019-02-14 13:45,197,95,102,0,0,0
2019-02-14 14:00,168,88,80,0,0,0
2019-02-14 14:15,190,89,101,0,0,0
2019-02-14 14:30,203,105,98,0,0,0
2019-02-14 14:45,239,119,120,0,0,0
2019-02-14 15:00,177,87,90,0,0,0
2019-02-14 15:15,169,81,88,0,0,0
2019-02-14 15:30,182,96,86,0,0,0
2019-02-14 15:45,304,140,164,0,0,0
2019-02-14 16:00,224,102,122,0,0,0
2019-02-14 16:15,238,118,120,0,0,0
2019-02-14 16:30,255,114,141,0,0,0
2019-02-14 16:45,254,127,127,0,0,0
2019-02-14 17:00,234,119,115,0,0,0
2019-02-14 17:15,289,124,165,0,0,0
2019-02-14 17:30,272,133,139,0,0,0
2019-02-14 17:45,306,145,161,0,0,0
2019-02-14 18:00,269,109,160,0,0,0
2019-02-14 18:15,230,86,144,0,0,0
2019-02-14 18:30,228,92,136,0,0,0
2019-02-14 18:45,263,132,131,0,0,0
2019-02-14 19:00,191,79,112,0,0,0
2019-02-14 19:15,195,92,103,0,0,0
2019-02-14 19:30,187,78,109,0,0,0
2019-02-14 19:45,197,82,115,0,0,0
2019-02-14 20:00,159,66,93,0,0,0
2019-02-14 20:15,154,56,98,0,0,0
2019-02-14 20:30,80,36,44,0,0,0
2019-02-14 20:45,101,40,61,0,0,0
2019-02-14 21:00,112,56,56,0,0,0
2019-02-14 21:15,75,30,45,0,0,0
2019-02-14 21:30,104,32,72,0,0,0
2019-02-14 21:45,89,22,67,0,0,0
2019-02-14 22:00,86,19,67,0,0,0
2019-02-14 22:15,100,44,56,0,0,0
2019-02-14 22:30,96,33,63,0,0,0
2019-02-14 22:45,68,20,48,0,0,0
2019-02-14 23:00,53,15,38,0,0,0
2019-02-14 23:15,57,21,36,0,0,0
2019-02-14 23:30,49,17,32,0,0,0
2019-02-14 23:45,33,10,23,0,0,0
2019-02-15 00:00,44,13,31,0,0,0
2019-02-15 00:15,21,3,18,0,0,0
2019-02-15 00:30,10,2,8,0,0,0
2019-02-15 00:45,40,17,23,0,0,0
2019-02-15 01:00,18,5,13,0,0,0
2019-02-15 01:15,19,3,16,0,0,0
2019-02-15 01:30,11,1,10,0,0,0
2019-02-15 01:45,9,1,8,0,0,0
2019-02-15 02:00,16,10,6,0,0,0
2019-02-15 02:15,4,1,3,0,0,0
2019-02-15 02:30,6,5,1,0,0,0
2019-02-15 02:45,9,0,9,0,0,0
2019-02-15 03:00,8,5,3,0,0,0
2019-02-15 03:15,6,1,5,0,0,0
2019-02-15 03:30,6,4,2,0,0,0
2019-02-15 03:45,2,0,2,0,0,0
2019-02-15 04:00,1,1,0,0,0,0
2019-02-15 04:15,2,1,1,0,0,0
2019-02-15 04:30,1,1,0,0,0,0
2019-02-15 04:45,4,2,2,0,0,0
2019-02-15 05:00,7,4,3,0,0,0
2019-02-15 05:15,8,6,2,0,0,0
2019-02-15 05:30,28,15,13,0,0,0
2019-02-15 05:45,19,15,4,0,0,0
2019-02-15 06:00,17,13,4,0,0,0
2019-02-15 06:15,47,36,11,0,0,0
2019-02-15 06:30,53,33,20,0,0,0
2019-02-15 06:45,65,39,26,0,0,0
2019-02-15 07:00,81,45,36,0,0,0
2019-02-15 07:15,126,92,34,0,0,0
2019-02-15 07:30,229,164,65,0,0,0
2019-02-15 07:45,263,187,76,0,0,0
2019-02-15 08:00,191,109,82,0,0,0
2019-02-15 08:15,215,149,66,0,0,0
2019-02-15 08:30,239,174,65,0,0,0
2019-02-15 08:45,209,144,65,0,0,0
2019-02-15 09:00,141,101,40,0,0,0
2019-02-15 09:15,128,73,55,0,0,0
2019-02-15 09:30,178,98,80,0,0,0
2019-02-15 09:45,146,83,63,0,0,0
2019-02-15 10:00,115,83,32,0,0,0
2019-02-15 10:15,107,61,46,0,0,0
2019-02-15 10:30,132,79,53,0,0,0
2019-02-15 10:45,126,73,53,0,0,0
2019-02-15 11:00,137,80,57,0,0,0
2019-02-15 11:15,114,61,53,0,0,0
2019-02-15 11:30,109,65,44,0,0,0
2019-02-15 11:45,173,107,66,0,0,0
2019-02-15 12:00,151,63,88,0,0,0
2019-02-15 12:15,167,83,84,0,0,0
2019-02-15 12:30,203,96,107,0,0,0
2019-02-15 12:45,195,98,97,0,0,0
2019-02-15 13:00,194,75,119,0,0,0
2019-02-15 13:15,182,95,87,0,0,0
2019-02-15 13:30,199,90,109,0,0,0
2019-02-15 13:45,243,116,127,0,0,0
2019-02-15 14:00,191,87,104,0,0,0
2019-02-15 14:15,183,87,96,0,0,0
2019-02-15 14:30,203,98,105,0,0,0
2019-02-15 14:45,200,104,96,0,0,0
2019-02-15 15:00,214,116,98,0,0,0
2019-02-15 15:15,218,107,111,0,0,0
2019-02-15 15:30,255,122,133,0,0,0
2019-02-15 15:45,220,121,99,0,0,0
2019-02-15 16:00,241,109,132,0,0,0
2019-02-15 16:15,211,102,109,0,0,0
2019-02-15 16:30,239,106,133,0,0,0
2019-02-15 16:45,240,115,125,0,0,0
2019-02-15 17:00,226,125,101,0,0,0
2019-02-15 17:15,237,114,123,0,0,0
2019-02-15 17:30,214,89,125,0,0,0
2019-02-15 17:45,228,99,129,0,0,0
2019-02-15 18:00,206,88,118,0,0,0
2019-02-15 18:15,159,64,95,0,0,0
2019-02-15 18:30,169,66,103,0,0,0
2019-02-15 18:45,198,84,114,0,0,0
2019-02-15 19:00,191,97,94,0,0,0
2019-02-15 19:15,186,92,94,0,0,0
2019-02-15 19:30,153,74,79,0,0,0
2019-02-15 19:45,137,75,62,0,0,0
2019-02-15 20:00,147,68,79,0,0,0
2019-02-15 20:15,117,63,54,0,0,0
2019-02-15 20:30,84,41,43,0,0,0
2019-02-15 20:45,96,44,52,0,0,0
2019-02-15 21:00,75,32,43,0,0,0
2019-02-15 21:15,92,32,60,0,0,0
2019-02-15 21:30,58,30,28,0,0,0
2019-02-15 21:45,75,34,41,0,0,0
2019-02-15 22:00,92,47,45,0,0,0
2019-02-15 22:15,74,27,47,0,0,0
2019-02-15 22:30,92,40,52,0,0,0
2019-02-15 22:45,60,33,27,0,0,0
2019-02-15 23:00,56,22,34,0,0,0
2019-02-15 23:15,62,29,33,0,0,0
2019-02-15 23:30,73,28,45,0,0,0
2019-02-15 23:45,60,17,43,0,0,0
2019-02-16 00:00,59,20,39,0,0,0
2019-02-16 00:15,64,29,35,0,0,0
2019-02-16 00:30,54,24,30,0,0,0
2019-02-16 00:45,56,16,40,0,0,0
2019-02-16 01:00,65,14,51,0,0,0
2019-02-16 01:15,38,13,25,0,0,0
2019-02-16 01:30,54,28,26,0,0,0
2019-02-16 01:45,52,26,26,0,0,0
2019-02-16 02:00,33,5,28,0,0,0
2019-02-16 02:15,25,8,17,0,0,0
2019-02-16 02:30,27,3,24,0,0,0
2019-02-16 02:45,21,3,18,0,0,0
2019-02-16 03:00,37,4,33,0,0,0
2019-02-16 03:15,20,3,17,0,0,0
2019-02-16 03:30,19,4,15,0,0,0
2019-02-16 03:45,4,4,0,0,0,0
2019-02-16 04:00,17,1,16,0,0,0
2019-02-16 04:15,14,1,13,0,0,0
2019-02-16 04:30,8,1,7,0,0,0
2019-02-16 04:45,13,1,12,0,0,0
2019-02-16 05:00,16,1,15,0,0,0
2019-02-16 05:15,13,4,9,0,0,0
2019-02-16 05:30,10,6,4,0,0,0
2019-02-16 05:45,14,4,10,0,0,0
2019-02-16 06:00,7,4,3,0,0,0
2019-02-16 06:15,7,3,4,0,0,0
2019-02-16 06:30,10,3,7,0,0,0
2019-02-16 06:45,6,2,4,0,0,0
2019-02-16 07:00,11,7,4,0,0,0
2019-02-16 07:15,11,9,2,0,0,0
2019-02-16 07:30,16,11,5,0,0,0
2019-02-16 07:45,54,45,9,0,0,0
2019-02-16 08:00,32,20,12,0,0,0
2019-02-16 08:15,40,32,8,0,0,0
2019-02-16 08:30,74,60,14,0,0,0
2019-02-16 08:45,86,50,36,0,0,0
2019-02-16 09:00,75,48,27,0,0,0
2019-02-16 09:15,83,61,22,0,0,0
2019-02-16 09:30,87,69,18,0,0,0
2019-02-16 09:45,151,107,44,0,0,0
2019-02-16 10:00,153,123,30,0,0,0
2019-02-16 10:15,108,78,30,0,0,0
2019-02-16 10:30,119,79,40,0,0,0
2019-02-16 10:45,154,95,59,0,0,0
2019-02-16 11:00,130,88,42,0,0,0
2019-02-16 11:15,144,100,44,0,0,0
2019-02-16 11:30,161,123,38,0,0,0
2019-02-16 11:45,127,68,59,0,0,0
2019-02-16 12:00,123,84,39,0,0,0
2019-02-16 12:15,171,114,57,0,0,0
2019-02-16 12:30,194,131,63,0,0,0
2019-02-16 12:45,185,114,71,0,0,0
2019-02-16 13:00,152,87,65,0,0,0
2019-02-16 13:15,171,107,64,0,0,0
2019-02-16 13:30,180,103,77,0,0,0
2019-02-16 13:45,168,89,79,0,0,0
2019-02-16 14:00,146,70,76,0,0,0
2019-02-16 14:15,183,89,94,0,0,0
2019-02-16 14:30,132,73,59,0,0,0
2019-02-16 14:45,189,104,85,0,0,0
2019-02-16 15:00,174,83,91,0,0,0
2019-02-16 15:15,151,67,84,0,0,0
2019-02-16 15:30,165,69,96,0,0,0
2019-02-16 15:45,161,83,78,0,0,0
2019-02-16 16:00,159,78,81,0,0,0
2019-02-16 16:15,128,63,65,0,0,0
2019-02-16 16:30,172,51,121,0,0,0
2019-02-16 16:45,182,70,112,0,0,0
2019-02-16 17:00,149,59,90,0,0,0
2019-02-16 17:15,182,71,111,0,0,0
2019-02-16 17:30,142,59,83,0,0,0
2019-02-16 17:45,157,69,88,0,0,0
2019-02-16 18:00,163,50,113,0,0,0
2019-02-16 18:15,144,56,88,0,0,0
2019-02-16 18:30,147,58,89,0,0,0
2019-02-16 18:45,153,82,71,0,0,0
2019-02-16 19:00,134,60,74,0,0,0
2019-02-16 19:15,138,63,75,0,0,0
2019-02-16 19:30,111,60,51,0,0,0
2019-02-16 19:45,133,60,73,0,0,0
2019-02-16 20:00,131,49,82,0,0,0
2019-02-16 20:15,136,44,92,0,0,0
2019-02-16 20:30,96,44,52,0,0,0
2019-02-16 20:45,90,44,46,0,0,0
2019-02-16 21:00,104,47,57,0,0,0
2019-02-16 21:15,76,39,37,0,0,0
2019-02-16 21:30,55,19,36,0,0,0
2019-02-16 21:45,76,26,50,0,0,0
2019-02-16 22:00,41,18,23,0,0,0
2019-02-16 22:15,53,25,28,0,0,0
2019-02-16 22:30,73,28,45,0,0,0
2019-02-16 22:45,49,23,26,0,0,0
2019-02-16 23:00,58,24,34,0,0,0
2019-02-16 23:15,73,25,48,0,0,0
2019-02-16 23:30,81,30,51,0,0,0
2019-02-16 23:45,68,33,35,0,0,0
2019-02-17 00:00,69,22,47,0,0,0
2019-02-17 00:15,55,19,36,0,0,0
2019-02-17 00:30,53,22,31,0,0,0
2019-02-17 00:45,70,31,39,0,0,0
2019-02-17 01:00,49,15,34,0,0,0
2019-02-17 01:15,46,9,37,0,0,0
2019-02-17 01:30,60,23,37,0,0,0
2019-02-17 01:45,46,16,30,0,0,0
2019-02-17 02:00,40,14,26,0,0,0
2019-02-17 02:15,42,12,30,0,0,0
2019-02-17 02:30,32,12,20,0,0,0
2019-02-17 02:45,28,4,24,0,0,0
2019-02-17 03:00,25,6,19,0,0,0
2019-02-17 03:15,33,8,25,0,0,0
2019-02-17 03:30,27,9,18,0,0,0
2019-02-17 03:45,21,1,20,0,0,0
2019-02-17 04:00,9,5,4,0,0,0
2019-02-17 04:15,8,2,6,0,0,0
2019-02-17 04:30,13,0,13,0,0,0
2019-02-17 04:45,15,4,11,0,0,0
2019-02-17 05:00,10,1,9,0,0,0
2019-02-17 05:15,16,5,11,0,0,0
2019-02-17 05:30,9,5,4,0,0,0
2019-02-17 05:45,3,1,2,0,0,0
2019-02-17 06:00,8,5,3,0,0,0
2019-02-17 06:15,5,3,2,0,0,0
2019-02-17 06:30,4,3,1,0,0,0
2019-02-17 06:45,12,3,9,0,0,0
2019-02-17 07:00,8,5,3,0,0,0
2019-02-17 07:15,14,10,4,0,0,0
2019-02-17 07:30,11,8,3,0,0,0
2019-02-17 07:45,20,13,7,0,0,0
2019-02-17 08:00,7,2,5,0,0,0
2019-02-17 08:15,12,6,6,0,0,0
2019-02-17 08:30,17,10,7,0,0,0
2019-02-17 08:45,26,17,9,0,0,0
2019-02-17 09:00,26,25,1,0,0,0
2019-02-17 09:15,35,28,7,0,0,0
2019-02-17 09:30,51,34,17,0,0,0
2019-02-17 09:45,118,107,11,0,0,0
2019-02-17 10:00,78,62,16,0,0,0
2019-02-17 10:15,77,64,13,0,0,0
2019-02-17 10:30,71,34,37,0,0,0
2019-02-17 10:45,86,65,21,0,0,0
2019-02-17 11:00,48,33,15,0,0,0
2019-02-17 11:15,67,35,32,0,0,0
2019-02-17 11:30,83,46,37,0,0,0
2019-02-17 11:45,96,63,33,0,0,0
2019-02-17 12:00,83,48,35,0,0,0
2019-02-17 12:15,85,47,38,0,0,0
2019-02-17 12:30,99,47,52,0,0,0
2019-02-17 12:45,114,58,56,0,0,0
2019-02-17 13:00,93,42,51,0,0,0
2019-02-17 13:15,109,56,53,0,0,0
2019-02-17 13:30,103,56,47,0,0,0
2019-02-17 13:45,136,69,67,0,0,0
2019-02-17 14:00,125,80,45,0,0,0
2019-02-17 14:15,94,51,43,0,0,0
2019-02-17 14:30,110,59,51,0,0,0
2019-02-17 14:45,188,102,86,0,0,0
2019-02-17 15:00,122,64,58,0,0,0
2019-02-17 15:15,107,44,63,0,0,0
2019-02-17 15:30,150,70,80,0,0,0
2019-02-17 15:45,105,58,47,0,0,0
2019-02-17 16:00,147,74,73,0,0,0
2019-02-17 16:15,117,44,73,0,0,0
2019-02-17 16:30,133,45,88,0,0,0
2019-02-17 16:45,148,64,84,0,0,0
2019-02-17 17:00,130,53,77,0,0,0
2019-02-17 17:15,119,40,79,0,0,0
2019-02-17 17:30,118,52,66,0,0,0
2019-02-17 17:45,168,76,92,0,0,0
2019-02-17 18:00,105,49,56,0,0,0
2019-02-17 18:15,130,50,80,0,0,0
2019-02-17 18:30,92,47,45,0,0,0
2019-02-17 18:45,131,60,71,0,0,0
2019-02-17 19:00,83,30,53,0,0,0
2019-02-17 19:15,98,49,49,0,0,0
2019-02-17 19:30,94,42,52,0,0,0
2019-02-17 19:45,110,38,72,0,0,0
2019-02-17 20:00,86,35,51,0,0,0
2019-02-17 20:15,59,19,40,0,0,0
2019-02-17 20:30,47,20,27,0,0,0
2019-02-17 20:45,35,7,28,0,0,0
2019-02-17 21:00,50,13,37,0,0,0
2019-02-17 21:15,35,12,23,0,0,0
2019-02-17 21:30,42,14,28,0,0,0
2019-02-17 21:45,23,4,19,0,0,0
2019-02-17 22:00,45,16,29,0,0,0
2019-02-17 22:15,44,22,22,0,0,0
2019-02-17 22:30,44,9,35,0,0,0
2019-02-17 22:45,49,11,38,0,0,0
2019-02-17 23:00,18,6,12,0,0,0
2019-02-17 23:15,18,13,5,0,0,0
2019-02-17 23:30,20,7,13,0,0,0
2019-02-17 23:45,20,9,11,0,0,0
2019-02-18 00:00,14,5,9,0,0,0
2019-02-18 00:15,9,4,5,0,0,0
2019-02-18 00:30,5,1,4,0,0,0
2019-02-18 00:45,1,0,1,0,0,0
2019-02-18 01:00,4,3,1,0,0,0
2019-02-18 01:15,5,3,2,0,0,0
2019-02-18 01:30,5,0,5,0,0,0
2019-02-18 01:45,4,2,2,0,0,0
2019-02-18 02:00,3,0,3,0,0,0
2019-02-18 02:15,2,1,1,0,0,0
2019-02-18 02:30,1,0,1,0,0,0
2019-02-18 02:45,3,2,1,0,0,0
2019-02-18 03:00,0,0,0,0,0,0
2019-02-18 03:15,2,1,1,0,0,0
2019-02-18 03:30,0,0,0,0,0,0
2019-02-18 03:45,1,0,1,0,0,0
2019-02-18 04:00,1,0,1,0,0,0
2019-02-18 04:15,1,1,0,0,0,0
2019-02-18 04:30,5,2,3,0,0,0
2019-02-18 04:45,6,4,2,0,0,0
2019-02-18 05:00,6,3,3,0,0,0
2019-02-18 05:15,7,3,4,0,0,0
2019-02-18 05:30,24,15,9,0,0,0
2019-02-18 05:45,20,16,4,0,0,0
2019-02-18 06:00,20,13,7,0,0,0
2019-02-18 06:15,35,22,13,0,0,0
2019-02-18 06:30,61,43,18,0,0,0
2019-02-18 06:45,80,50,30,0,0,0
2019-02-18 07:00,96,56,40,0,0,0
2019-02-18 07:15,137,97,40,0,0,0
2019-02-18 07:30,248,181,67,0,0,0
2019-02-18 07:45,264,198,66,0,0,0
2019-02-18 08:00,227,156,71,0,0,0
2019-02-18 08:15,228,172,56,0,0,0
2019-02-18 08:30,263,165,98,0,0,0
2019-02-18 08:45,250,180,70,0,0,0
2019-02-18 09:00,184,125,59,0,0,0
2019-02-18 09:15,140,93,47,0,0,0
2019-02-18 09:30,181,98,83,0,0,0
2019-02-18 09:45,156,111,45,0,0,0
2019-02-18 10:00,133,69,64,0,0,0
2019-02-18 10:15,132,76,56,0,0,0
2019-02-18 10:30,121,80,41,0,0,0
2019-02-18 10:45,147,85,62,0,0,0
2019-02-18 11:00,120,60,60,0,0,0
2019-02-18 11:15,127,73,54,0,0,0
2019-02-18 11:30,122,62,60,0,0,0
2019-02-18 11:45,140,79,61,0,0,0
2019-02-18 12:00,145,66,79,0,0,0
2019-02-18 12:15,161,76,85,0,0,0
2019-02-18 12:30,158,61,97,0,0,0
2019-02-18 12:45,158,78,80,0,0,0
2019-02-18 13:00,206,89,117,0,0,0
2019-02-18 13:15,175,84,91,0,0,0
2019-02-18 13:30,156,83,73,0,0,0
2019-02-18 13:45,184,102,82,0,0,0
2019-02-18 14:00,172,75,97,0,0,0
2019-02-18 14:15,154,79,75,0,0,0
2019-02-18 14:30,190,94,96,0,0,0
2019-02-18 14:45,222,105,117,0,0,0
2019-02-18 15:00,177,90,87,0,0,0
2019-02-18 15:15,212,91,121,0,0,0
2019-02-18 15:30,219,75,144,0,0,0
2019-02-18 15:45,229,106,123,0,0,0
2019-02-18 16:00,228,105,123,0,0,0
2019-02-18 16:15,277,133,144,0,0,0
2019-02-18 16:30,237,102,135,0,0,0
2019-02-18 16:45,263,123,140,0,0,0
2019-02-18 17:00,273,110,163,0,0,0
2019-02-18 17:15,304,128,176,0,0,0
2019-02-18 17:30,276,126,150,0,0,0
2019-02-18 17:45,287,127,160,0,0,0
2019-02-18 18:00,324,111,213,0,0,0
2019-02-18 18:15,240,109,131,0,0,0
2019-02-18 18:30,181,59,122,0,0,0
2019-02-18 18:45,196,94,102,0,0,0
2019-02-18 19:00,217,98,119,0,0,0
2019-02-18 19:15,192,82,110,0,0,0
2019-02-18 19:30,183,74,109,0,0,0
2019-02-18 19:45,171,82,89,0,0,0
2019-02-18 20:00,139,55,84,0,0,0
2019-02-18 20:15,142,70,72,0,0,0
2019-02-18 20:30,120,59,61,0,0,0
2019-02-18 20:45,88,36,52,0,0,0
2019-02-18 21:00,119,68,51,0,0,0
2019-02-18 21:15,107,41,66,0,0,0
2019-02-18 21:30,90,31,59,0,0,0
2019-02-18 21:45,86,29,57,0,0,0
2019-02-18 22:00,67,26,41,0,0,0
2019-02-18 22:15,77,22,55,0,0,0
2019-02-18 22:30,56,22,34,0,0,0
2019-02-18 22:45,49,9,40,0,0,0
2019-02-18 23:00,39,13,26,0,0,0
2019-02-18 23:15,27,4,23,0,0,0
2019-02-18 23:30,37,8,29,0,0,0
2019-02-18 23:45,34,15,19,0,0,0
2019-02-19 00:00,22,7,15,0,0,0
2019-02-19 00:15,15,2,13,0,0,0
2019-02-19 00:30,19,2,17,0,0,0
2019-02-19 00:45,18,6,12,0,0,0
2019-02-19 01:00,12,4,8,0,0,0
2019-02-19 01:15,12,6,6,0,0,0
2019-02-19 01:30,7,4,3,0,0,0
2019-02-19 01:45,15,4,11,0,0,0
2019-02-19 02:00,6,3,3,0,0,0
2019-02-19 02:15,6,1,5,0,0,0
2019-02-19 02:30,4,3,1,0,0,0
2019-02-19 02:45,3,1,2,0,0,0
2019-02-19 03:00,1,1,0,0,0,0
2019-02-19 03:15,0,0,0,0,0,0
2019-02-19 03:30,1,0,1,0,0,0
2019-02-19 03:45,2,1,1,0,0,0
2019-02-19 04:00,1,0,1,0,0,0
2019-02-19 04:15,0,0,0,0,0,0
2019-02-19 04:30,6,5,1,0,0,0
2019-02-19 04:45,5,4,1,0,0,0
2019-02-19 05:00,7,6,1,0,0,0
2019-02-19 05:15,9,6,3,0,0,0
2019-02-19 05:30,28,14,14,0,0,0
2019-02-19 05:45,17,12,5,0,0,0
2019-02-19 06:00,26,20,6,0,0,0
2019-02-19 06:15,37,21,16,0,0,0
2019-02-19 06:30,76,51,25,0,0,0
2019-02-19 06:45,80,53,27,0,0,0
2019-02-19 07:00,98,64,34,0,0,0
2019-02-19 07:15,138,97,41,0,0,0
2019-02-19 07:30,257,191,66,0,0,0
2019-02-19 07:45,284,198,86,0,0,0
2019-02-19 08:00,241,153,88,0,0,0
2019-02-19 08:15,246,192,54,0,0,0
2019-02-19 08:30,256,177,79,0,0,0
2019-02-19 08:45,237,162,75,0,0,0
2019-02-19 09:00,190,155,35,0,0,0
2019-02-19 09:15,159,102,57,0,0,0
2019-02-19 09:30,148,91,57,0,0,0
2019-02-19 09:45,180,125,55,0,0,0
2019-02-19 10:00,139,67,72,0,0,0
2019-02-19 10:15,127,69,58,0,0,0
2019-02-19 10:30,124,68,56,0,0,0
2019-02-19 10:45,140,95,45,0,0,0
2019-02-19 11:00,115,66,49,0,0,0
2019-02-19 11:15,107,51,56,0,0,0
2019-02-19 11:30,138,70,68,0,0,0
2019-02-19 11:45,147,96,51,0,0,0
2019-02-19 12:00,120,63,57,0,0,0
2019-02-19 12:15,161,96,65,0,0,0
2019-02-19 12:30,148,72,76,0,0,0
2019-02-19 12:45,182,110,72,0,0,0
2019-02-19 13:00,202,86,116,0,0,0
2019-02-19 13:15,179,75,104,0,0,0
2019-02-19 13:30,150,79,71,0,0,0
2019-02-19 13:45,180,98,82,0,0,0
2019-02-19 14:00,152,66,86,0,0,0
2019-02-19 14:15,141,72,69,0,0,0
2019-02-19 14:30,157,81,76,0,0,0
2019-02-19 14:45,171,82,89,0,0,0
2019-02-19 15:00,160,86,74,0,0,0
2019-02-19 15:15,156,78,78,0,0,0
2019-02-19 15:30,225,91,134,0,0,0
2019-02-19 15:45,189,79,110,0,0,0
2019-02-19 16:00,213,77,136,0,0,0
2019-02-19 16:15,213,99,114,0,0,0
2019-02-19 16:30,219,101,118,0,0,0
2019-02-19 16:45,265,128,137,0,0,0
2019-02-19 17:00,255,124,131,0,0,0
2019-02-19 17:15,255,129,126,0,0,0
2019-02-19 17:30,265,117,148,0,0,0
2019-02-19 17:45,267,114,153,0,0,0
2019-02-19 18:00,270,96,174,0,0,0
2019-02-19 18:15,215,90,125,0,0,0
2019-02-19 18:30,207,83,124,0,0,0
2019-02-19 18:45,216,100,116,0,0,0
2019-02-19 19:00,183,86,97,0,0,0
2019-02-19 19:15,162,73,89,0,0,0
2019-02-19 19:30,167,80,87,0,0,0
2019-02-19 19:45,181,86,95,0,0,0
2019-02-19 20:00,185,63,122,0,0,0
2019-02-19 20:15,146,71,75,0,0,0
2019-02-19 20:30,96,37,59,0,0,0
2019-02-19 20:45,97,47,50,0,0,0
2019-02-19 21:00,93,29,64,0,0,0
2019-02-19 21:15,64,25,39,0,0,0
2019-02-19 21:30,102,33,69,0,0,0
2019-02-19 21:45,86,30,56,0,0,0
2019-02-19 22:00,64,23,41,0,0,0
2019-02-19 22:15,86,29,57,0,0,0
2019-02-19 22:30,55,22,33,0,0,0
2019-02-19 22:45,83,21,62,0,0,0
2019-02-19 23:00,94,48,46,0,0,0
2019-02-19 23:15,45,17,28,0,0,0
2019-02-19 23:30,68,23,45,0,0,0
2019-02-19 23:45,36,12,24,0,0,0
2019-02-20 00:00,34,9,25,0,0,0
2019-02-20 00:15,26,7,19,0,0,0
2019-02-20 00:30,14,7,7,0,0,0
2019-02-20 00:45,21,6,15,0,0,0
2019-02-20 01:00,8,2,6,0,0,0
2019-02-20 01:15,13,4,9,0,0,0
2019-02-20 01:30,10,2,8,0,0,0
2019-02-20 01:45,6,1,5,0,0,0
2019-02-20 02:00,7,1,6,0,0,0
2019-02-20 02:15,7,3,4,0,0,0
2019-02-20 02:30,2,1,1,0,0,0
2019-02-20 02:45,2,1,1,0,0,0
2019-02-20 03:00,10,1,9,0,0,0
2019-02-20 03:15,2,1,1,0,0,0
2019-02-20 03:30,3,1,2,0,0,0
2019-02-20 03:45,1,0,1,0,0,0
2019-02-20 04:00,1,0,1,0,0,0
2019-02-20 04:15,1,1,0,0,0,0
2019-02-20 04:30,5,4,1,0,0,0
2019-02-20 04:45,7,3,4,0,0,0
2019-02-20 05:00,7,4,3,0,0,0
2019-02-20 05:15,12,5,7,0,0,0
2019-02-20 05:30,16,13,3,0,0,0
2019-02-20 05:45,22,17,5,0,0,0
2019-02-20 06:00,22,18,4,0,0,0
2019-02-20 06:15,48,34,14,0,0,0
2019-02-20 06:30,75,57,18,0,0,0
2019-02-20 06:45,85,64,21,0,0,0
2019-02-20 07:00,93,52,41,0,0,0
2019-02-20 07:15,143,101,42,0,0,0
2019-02-20 07:30,281,207,74,0,0,0
2019-02-20 07:45,308,218,90,0,0,0
2019-02-20 08:00,225,160,65,0,0,0
2019-02-20 08:15,202,145,57,0,0,0
2019-02-20 08:30,218,137,81,0,0,0
2019-02-20 08:45,253,173,80,0,0,0
2019-02-20 09:00,179,123,56,0,0,0
2019-02-20 09:15,154,88,66,0,0,0
2019-02-20 09:30,204,134,70,0,0,0
2019-02-20 09:45,167,117,50,0,0,0
2019-02-20 10:00,135,88,47,0,0,0
2019-02-20 10:15,130,85,45,0,0,0
2019-02-20 10:30,128,85,43,0,0,0
2019-02-20 10:45,158,97,61,0,0,0
2019-02-20 11:00,133,78,55,0,0,0
2019-02-20 11:15,134,77,57,0,0,0
2019-02-20 11:30,144,85,59,0,0,0
2019-02-20 11:45,185,122,63,0,0,0
2019-02-20 12:00,156,82,74,0,0,0
2019-02-20 12:15,160,89,71,0,0,0
2019-02-20 12:30,160,69,91,0,0,0
2019-02-20 12:45,196,111,85,0,0,0
2019-02-20 13:00,196,96,100,0,0,0
2019-02-20 13:15,183,87,96,0,0,0
2019-02-20 13:30,164,91,73,0,0,0
2019-02-20 13:45,178,86,92,0,0,0
2019-02-20 14:00,196,73,123,0,0,0
2019-02-20 14:15,146,71,75,0,0,0
2019-02-20 14:30,178,81,97,0,0,0
2019-02-20 14:45,159,67,92,0,0,0
2019-02-20 15:00,199,100,99,0,0,0
2019-02-20 15:15,176,80,96,0,0,0
2019-02-20 15:30,205,77,128,0,0,0
2019-02-20 15:45,208,99,109,0,0,0
2019-02-20 16:00,261,99,162,0,0,0
2019-02-20 16:15,260,107,153,0,0,0
2019-02-20 16:30,232,107,125,0,0,0
2019-02-20 16:45,238,132,106,0,0,0
2019-02-20 17:00,276,141,135,0,0,0
2019-02-20 17:15,283,122,161,0,0,0
2019-02-20 17:30,245,107,138,0,0,0
2019-02-20 17:45,282,131,151,0,0,0
2019-02-20 18:00,271,109,162,0,0,0
2019-02-20 18:15,206,94,112,0,0,0
2019-02-20 18:30,201,67,134,0,0,0
2019-02-20 18:45,207,108,99,0,0,0
2019-02-20 19:00,229,103,126,0,0,0
2019-02-20 19:15,194,97,97,0,0,0
2019-02-20 19:30,168,68,100,0,0,0
2019-02-20 19:45,196,91,105,0,0,0
2019-02-20 20:00,143,69,74,0,0,0
2019-02-20 20:15,109,47,62,0,0,0
2019-02-20 20:30,113,52,61,0,0,0
2019-02-20 20:45,88,39,49,0,0,0
2019-02-20 21:00,93,41,52,0,0,0
2019-02-20 21:15,90,36,54,0,0,0
2019-02-20 21:30,84,34,50,0,0,0
2019-02-20 21:45,94,36,58,0,0,0
2019-02-20 22:00,75,38,37,0,0,0
2019-02-20 22:15,118,52,66,0,0,0
2019-02-20 22:30,94,40,54,0,0,0
2019-02-20 22:45,77,38,39,0,0,0
2019-02-20 23:00,79,32,47,0,0,0
2019-02-20 23:15,51,23,28,0,0,0
2019-02-20 23:30,57,19,38,0,0,0
2019-02-20 23:45,45,11,34,0,0,0
2019-02-21 00:00,36,8,28,0,0,0
2019-02-21 00:15,28,8,20,0,0,0
2019-02-21 00:30,20,6,14,0,0,0
2019-02-21 00:45,20,6,14,0,0,0
2019-02-21 01:00,22,6,16,0,0,0
2019-02-21 01:15,35,8,27,0,0,0
2019-02-21 01:30,14,3,11,0,0,0
2019-02-21 01:45,13,4,9,0,0,0
2019-02-21 02:00,22,6,16,0,0,0
2019-02-21 02:15,14,1,13,0,0,0
2019-02-21 02:30,16,3,13,0,0,0
2019-02-21 02:45,14,2,12,0,0,0
2019-02-21 03:00,5,1,4,0,0,0
2019-02-21 03:15,15,2,13,0,0,0
2019-02-21 03:30,10,0,10,0,0,0
2019-02-21 03:45,7,0,7,0,0,0
2019-02-21 04:00,7,1,6,0,0,0
2019-02-21 04:15,9,0,9,0,0,0
2019-02-21 04:30,11,4,7,0,0,0
2019-02-21 04:45,9,2,7,0,0,0
2019-02-21 05:00,10,8,2,0,0,0
2019-02-21 05:15,14,5,9,0,0,0
2019-02-21 05:30,20,10,10,0,0,0
2019-02-21 05:45,20,11,9,0,0,0
2019-02-21 06:00,25,20,5,0,0,0
2019-02-21 06:15,39,27,12,0,0,0
2019-02-21 06:30,73,50,23,0,0,0
2019-02-21 06:45,76,51,25,0,0,0
2019-02-21 07:00,110,58,52,0,0,0
2019-02-21 07:15,137,97,40,0,0,0
2019-02-21 07:30,253,182,71,0,0,0
2019-02-21 07:45,252,179,73,0,0,0
2019-02-21 08:00,231,139,92,0,0,0
2019-02-21 08:15,184,128,56,0,0,0
2019-02-21 08:30,231,156,75,0,0,0
2019-02-21 08:45,229,162,67,0,0,0
2019-02-21 09:00,185,127,58,0,0,0
2019-02-21 09:15,135,97,38,0,0,0
2019-02-21 09:30,165,93,72,0,0,0
2019-02-21 09:45,178,129,49,0,0,0
2019-02-21 10:00,144,76,68,0,0,0
2019-02-21 10:15,105,67,38,0,0,0
2019-02-21 10:30,109,68,41,0,0,0
2019-02-21 10:45,126,84,42,0,0,0
2019-02-21 11:00,112,57,55,0,0,0
2019-02-21 11:15,112,64,48,0,0,0
2019-02-21 11:30,100,52,48,0,0,0
2019-02-21 11:45,135,86,49,0,0,0
2019-02-21 12:00,149,73,76,0,0,0
2019-02-21 12:15,149,81,68,0,0,0
2019-02-21 12:30,147,79,68,0,0,0
2019-02-21 12:45,139,74,65,0,0,0
2019-02-21 13:00,195,104,91,0,0,0
2019-02-21 13:15,154,78,76,0,0,0
2019-02-21 13:30,148,68,80,0,0,0
2019-02-21 13:45,157,76,81,0,0,0
2019-02-21 14:00,155,73,82,0,0,0
2019-02-21 14:15,166,83,83,0,0,0
2019-02-21 14:30,158,78,80,0,0,0
2019-02-21 14:45,183,78,105,0,0,0
2019-02-21 15:00,168,75,93,0,0,0
2019-02-21 15:15,145,68,77,0,0,0
2019-02-21 15:30,208,81,127,0,0,0
2019-02-21 15:45,202,103,99,0,0,0
2019-02-21 16:00,256,136,120,0,0,0
2019-02-21 16:15,235,124,111,0,0,0
2019-02-21 16:30,201,83,118,0,0,0
2019-02-21 16:45,231,126,105,0,0,0
2019-02-21 17:00,233,99,134,0,0,0
2019-02-21 17:15,257,130,127,0,0,0
2019-02-21 17:30,250,98,152,0,0,0
2019-02-21 17:45,255,126,129,0,0,0
2019-02-21 18:00,227,94,133,0,0,0
2019-02-21 18:15,224,100,124,0,0,0
2019-02-21 18:30,214,84,130,0,0,0
2019-02-21 18:45,229,96,133,0,0,0
2019-02-21 19:00,177,79,98,0,0,0
2019-02-21 19:15,148,76,72,0,0,0
2019-02-21 19:30,165,74,91,0,0,0
2019-02-21 19:45,166,82,84,0,0,0
2019-02-21 20:00,153,60,93,0,0,0
2019-02-21 20:15,137,73,64,0,0,0
2019-02-21 20:30,79,37,42,0,0,0
2019-02-21 20:45,93,50,43,0,0,0
2019-02-21 21:00,81,36,45,0,0,0
2019-02-21 21:15,93,34,59,0,0,0
2019-02-21 21:30,64,24,40,0,0,0
2019-02-21 21:45,55,24,31,0,0,0
2019-02-21 22:00,53,18,35,0,0,0
2019-02-21 22:15,84,42,42,0,0,0
2019-02-21 22:30,72,38,34,0,0,0
2019-02-21 22:45,58,24,34,0,0,0
2019-02-21 23:00,55,16,39,0,0,0
2019-02-21 23:15,64,20,44,0,0,0
2019-02-21 23:30,32,8,24,0,0,0
2019-02-21 23:45,32,16,16,0,0,0
2019-02-22 00:00,33,15,18,0,0,0
2019-02-22 00:15,12,5,7,0,0,0
2019-02-22 00:30,18,3,15,0,0,0
2019-02-22 00:45,15,2,13,0,0,0
2019-02-22 01:00,11,3,8,0,0,0
2019-02-22 01:15,18,2,16,0,0,0
2019-02-22 01:30,9,5,4,0,0,0
2019-02-22 01:45,4,1,3,0,0,0
2019-02-22 02:00,9,1,8,0,0,0
2019-02-22 02:15,2,1,1,0,0,0
2019-02-22 02:30,9,3,6,0,0,0
2019-02-22 02:45,4,0,4,0,0,0
2019-02-22 03:00,5,2,3,0,0,0
2019-02-22 03:15,9,2,7,0,0,0
2019-02-22 03:30,8,2,6,0,0,0
2019-02-22 03:45,8,4,4,0,0,0
2019-02-22 04:00,6,0,6,0,0,0
2019-02-22 04:15,1,0,1,0,0,0
2019-02-22 04:30,3,3,0,0,0,0
2019-02-22 04:45,6,4,2,0,0,0
2019-02-22 05:00,6,5,1,0,0,0
2019-02-22 05:15,10,7,3,0,0,0
2019-02-22 05:30,18,9,9,0,0,0
2019-02-22 05:45,22,14,8,0,0,0
2019-02-22 06:00,23,13,10,0,0,0
2019-02-22 06:15,35,25,10,0,0,0
2019-02-22 06:30,48,38,10,0,0,0
2019-02-22 06:45,56,32,24,0,0,0
2019-02-22 07:00,100,70,30,0,0,0
2019-02-22 07:15,139,88,51,0,0,0
2019-02-22 07:30,225,169,56,0,0,0
2019-02-22 07:45,275,196,79,0,0,0
2019-02-22 08:00,185,115,70,0,0,0
2019-02-22 08:15,228,150,78,0,0,0
2019-02-22 08:30,212,162,50,0,0,0
2019-02-22 08:45,227,160,67,0,0,0
2019-02-22 09:00,166,111,55,0,0,0
2019-02-22 09:15,128,74,54,0,0,0
2019-02-22 09:30,127,78,49,0,0,0
2019-02-22 09:45,151,103,48,0,0,0
2019-02-22 10:00,120,76,44,0,0,0
2019-02-22 10:15,100,67,33,0,0,0
2019-02-22 10:30,123,61,62,0,0,0
2019-02-22 10:45,114,72,42,0,0,0
2019-02-22 11:00,124,66,58,0,0,0
2019-02-22 11:15,134,76,58,0,0,0
2019-02-22 11:30,149,89,60,0,0,0
2019-02-22 11:45,138,72,66,0,0,0
2019-02-22 12:00,152,73,79,0,0,0
2019-02-22 12:15,136,67,69,0,0,0
2019-02-22 12:30,152,67,85,0,0,0
2019-02-22 12:45,151,75,76,0,0,0
2019-02-22 13:00,204,75,129,0,0,0
2019-02-22 13:15,158,73,85,0,0,0
2019-02-22 13:30,170,83,87,0,0,0
2019-02-22 13:45,184,86,98,0,0,0
2019-02-22 14:00,209,84,125,0,0,0
2019-02-22 14:15,202,98,104,0,0,0
2019-02-22 14:30,196,113,83,0,0,0
2019-02-22 14:45,167,71,96,0,0,0
2019-02-22 15:00,169,85,84,0,0,0
2019-02-22 15:15,140,69,71,0,0,0
2019-02-22 15:30,168,75,93,0,0,0
2019-02-22 15:45,180,92,88,0,0,0
2019-02-22 16:00,193,97,96,0,0,0
2019-02-22 16:15,238,135,103,0,0,0
2019-02-22 16:30,172,92,80,0,0,0
2019-02-22 16:45,240,140,100,0,0,0
2019-02-22 17:00,199,98,101,0,0,0
2019-02-22 17:15,250,143,107,0,0,0
2019-02-22 17:30,219,102,117,0,0,0
2019-02-22 17:45,231,98,133,0,0,0
2019-02-22 18:00,204,76,128,0,0,0
2019-02-22 18:15,193,93,100,0,0,0
2019-02-22 18:30,210,103,107,0,0,0
2019-02-22 18:45,181,93,88,0,0,0
2019-02-22 19:00,197,78,119,0,0,0
2019-02-22 19:15,185,82,103,0,0,0
2019-02-22 19:30,155,60,95,0,0,0
2019-02-22 19:45,188,100,88,0,0,0
2019-02-22 20:00,136,53,83,0,0,0
2019-02-22 20:15,149,58,91,0,0,0
2019-02-22 20:30,108,53,55,0,0,0
2019-02-22 20:45,126,69,57,0,0,0
2019-02-22 21:00,118,52,66,0,0,0
2019-02-22 21:15,98,54,44,0,0,0
2019-02-22 21:30,96,50,46,0,0,0
2019-02-22 21:45,96,44,52,0,0,0
2019-02-22 22:00,67,33,34,0,0,0
2019-02-22 22:15,79,31,48,0,0,0
2019-02-22 22:30,47,19,28,0,0,0
2019-02-22 22:45,47,16,31,0,0,0
2019-02-22 23:00,60,15,45,0,0,0
2019-02-22 23:15,82,18,64,0,0,0
2019-02-22 23:30,64,25,39,0,0,0
2019-02-22 23:45,73,24,49,0,0,0
2019-02-23 00:00,70,22,48,0,0,0
2019-02-23 00:15,91,56,35,0,0,0
2019-02-23 00:30,64,30,34,0,0,0
2019-02-23 00:45,89,47,42,0,0,0
2019-02-23 01:00,69,34,35,0,0,0
2019-02-23 01:15,59,26,33,0,0,0
2019-02-23 01:30,45,17,28,0,0,0
2019-02-23 01:45,38,10,28,0,0,0
2019-02-23 02:00,51,11,40,0,0,0
2019-02-23 02:15,27,7,20,0,0,0
2019-02-23 02:30,37,11,26,0,0,0
2019-02-23 02:45,41,15,26,0,0,0
2019-02-23 03:00,29,5,24,0,0,0
2019-02-23 03:15,26,4,22,0,0,0
2019-02-23 03:30,46,5,41,0,0,0
2019-02-23 03:45,22,2,20,0,0,0
2019-02-23 04:00,27,7,20,0,0,0
2019-02-23 04:15,9,0,9,0,0,0
2019-02-23 04:30,18,4,14,0,0,0
2019-02-23 04:45,21,2,19,0,0,0
2019-02-23 05:00,24,2,22,0,0,0
2019-02-23 05:15,10,4,6,0,0,0
2019-02-23 05:30,25,9,16,0,0,0
2019-02-23 05:45,18,8,10,0,0,0
2019-02-23 06:00,12,8,4,0,0,0
2019-02-23 06:15,7,5,2,0,0,0
2019-02-23 06:30,11,6,5,0,0,0
2019-02-23 06:45,18,11,7,0,0,0
2019-02-23 07:00,13,12,1,0,0,0
2019-02-23 07:15,17,13,4,0,0,0
2019-02-23 07:30,26,15,11,0,0,0
2019-02-23 07:45,43,35,8,0,0,0
2019-02-23 08:00,27,18,9,0,0,0
2019-02-23 08:15,40,22,18,0,0,0
2019-02-23 08:30,57,34,23,0,0,0
2019-02-23 08:45,84,60,24,0,0,0
2019-02-23 09:00,69,50,19,0,0,0
2019-02-23 09:15,67,49,18,0,0,0
2019-02-23 09:30,103,63,40,0,0,0
2019-02-23 09:45,132,105,27,0,0,0
2019-02-23 10:00,91,69,22,0,0,0
2019-02-23 10:15,96,69,27,0,0,0
2019-02-23 10:30,114,82,32,0,0,0
2019-02-23 10:45,108,74,34,0,0,0
2019-02-23 11:00,99,63,36,0,0,0
2019-02-23 11:15,146,91,55,0,0,0
2019-02-23 11:30,118,71,47,0,0,0
2019-02-23 11:45,139,83,56,0,0,0
2019-02-23 12:00,124,82,42,0,0,0
2019-02-23 12:15,147,98,49,0,0,0
2019-02-23 12:30,137,91,46,0,0,0
2019-02-23 12:45,171,114,57,0,0,0
2019-02-23 13:00,175,93,82,0,0,0
2019-02-23 13:15,160,94,66,0,0,0
2019-02-23 13:30,146,74,72,0,0,0
2019-02-23 13:45,133,85,48,0,0,0
2019-02-23 14:00,139,71,68,0,0,0
2019-02-23 14:15,133,62,71,0,0,0
2019-02-23 14:30,154,67,87,0,0,0
2019-02-23 14:45,162,91,71,0,0,0
2019-02-23 15:00,152,67,85,0,0,0
2019-02-23 15:15,134,66,68,0,0,0
2019-02-23 15:30,122,60,62,0,0,0
2019-02-23 15:45,171,89,82,0,0,0
2019-02-23 16:00,163,87,76,0,0,0
2019-02-23 16:15,119,59,60,0,0,0
2019-02-23 16:30,161,84,77,0,0,0
2019-02-23 16:45,146,72,74,0,0,0
2019-02-23 17:00,112,53,59,0,0,0
2019-02-23 17:15,133,56,77,0,0,0
2019-02-23 17:30,142,66,76,0,0,0
2019-02-23 17:45,169,65,104,0,0,0
2019-02-23 18:00,152,70,82,0,0,0
2019-02-23 18:15,140,60,80,0,0,0
2019-02-23 18:30,126,62,64,0,0,0
2019-02-23 18:45,122,53,69,0,0,0
2019-02-23 19:00,128,63,65,0,0,0
2019-02-23 19:15,139,57,82,0,0,0
2019-02-23 19:30,147,90,57,0,0,0
2019-02-23 19:45,102,45,57,0,0,0
2019-02-23 20:00,116,45,71,0,0,0
2019-02-23 20:15,80,39,41,0,0,0
2019-02-23 20:30,70,39,31,0,0,0
2019-02-23 20:45,58,33,25,0,0,0
2019-02-23 21:00,79,36,43,0,0,0
2019-02-23 21:15,70,21,49,0,0,0
2019-02-23 21:30,82,24,58,0,0,0
2019-02-23 21:45,70,35,35,0,0,0
2019-02-23 22:00,55,19,36,0,0,0
2019-02-23 22:15,53,25,28,0,0,0
2019-02-23 22:30,54,23,31,0,0,0
2019-02-23 22:45,84,29,55,0,0,0
2019-02-23 23:00,58,18,40,0,0,0
2019-02-23 23:15,48,20,28,0,0,0
2019-02-23 23:30,72,27,45,0,0,0
2019-02-23 23:45,50,19,31,0,0,0
2019-02-24 00:00,40,10,30,0,0,0
2019-02-24 00:15,58,17,41,0,0,0
2019-02-24 00:30,67,21,46,0,0,0
2019-02-24 00:45,54,12,42,0,0,0
2019-02-24 01:00,63,18,45,0,0,0
2019-02-24 01:15,43,16,27,0,0,0
2019-02-24 01:30,47,19,28,0,0,0
2019-02-24 01:45,38,6,32,0,0,0
2019-02-24 02:00,36,9,27,0,0,0
2019-02-24 02:15,38,13,25,0,0,0
2019-02-24 02:30,29,6,23,0,0,0
2019-02-24 02:45,44,18,26,0,0,0
2019-02-24 03:00,16,3,13,0,0,0
2019-02-24 03:15,30,7,23,0,0,0
2019-02-24 03:30,18,7,11,0,0,0
2019-02-24 03:45,10,2,8,0,0,0
2019-02-24 04:00,16,0,16,0,0,0
2019-02-24 04:15,15,2,13,0,0,0
2019-02-24 04:30,4,2,2,0,0,0
2019-02-24 04:45,11,4,7,0,0,0
2019-02-24 05:00,2,0,2,0,0,0
2019-02-24 05:15,10,2,8,0,0,0
2019-02-24 05:30,19,6,13,0,0,0
2019-02-24 05:45,16,4,12,0,0,0
2019-02-24 06:00,6,3,3,0,0,0
2019-02-24 06:15,10,4,6,0,0,0
2019-02-24 06:30,6,2,4,0,0,0
2019-02-24 06:45,3,2,1,0,0,0
2019-02-24 07:00,3,1,2,0,0,0
2019-02-24 07:15,6,4,2,0,0,0
2019-02-24 07:30,8,7,1,0,0,0
2019-02-24 07:45,22,14,8,0,0,0
2019-02-24 08:00,16,11,5,0,0,0
2019-02-24 08:15,13,8,5,0,0,0
2019-02-24 08:30,18,9,9,0,0,0
2019-02-24 08:45,13,5,8,0,0,0
2019-02-24 09:00,21,14,7,0,0,0
2019-02-24 09:15,22,15,7,0,0,0
2019-02-24 09:30,46,34,12,0,0,0
2019-02-24 09:45,96,82,14,0,0,0
2019-02-24 10:00,63,43,20,0,0,0
2019-02-24 10:15,46,29,17,0,0,0
2019-02-24 10:30,71,42,29,0,0,0
2019-02-24 10:45,73,45,28,0,0,0
2019-02-24 11:00,70,43,27,0,0,0
2019-02-24 11:15,71,38,33,0,0,0
2019-02-24 11:30,81,34,47,0,0,0
2019-02-24 11:45,71,45,26,0,0,0
2019-02-24 12:00,89,34,55,0,0,0
2019-02-24 12:15,71,40,31,0,0,0
2019-02-24 12:30,86,48,38,0,0,0
2019-02-24 12:45,96,48,48,0,0,0
2019-02-24 13:00,100,67,33,0,0,0
2019-02-24 13:15,112,58,54,0,0,0
2019-02-24 13:30,116,56,60,0,0,0
2019-02-24 13:45,136,85,51,0,0,0
2019-02-24 14:00,116,68,48,0,0,0
2019-02-24 14:15,136,65,71,0,0,0
2019-02-24 14:30,127,67,60,0,0,0
2019-02-24 14:45,156,79,77,0,0,0
2019-02-24 15:00,123,55,68,0,0,0
2019-02-24 15:15,143,84,59,0,0,0
2019-02-24 15:30,142,84,58,0,0,0
2019-02-24 15:45,129,68,61,0,0,0
2019-02-24 16:00,130,69,61,0,0,0
2019-02-24 16:15,152,68,84,0,0,0
2019-02-24 16:30,165,77,88,0,0,0
2019-02-24 16:45,150,63,87,0,0,0
2019-02-24 17:00,181,82,99,0,0,0
2019-02-24 17:15,133,58,75,0,0,0
2019-02-24 17:30,138,70,68,0,0,0
2019-02-24 17:45,173,80,93,0,0,0
2019-02-24 18:00,115,46,69,0,0,0
2019-02-24 18:15,104,41,63,0,0,0
2019-02-24 18:30,105,47,58,0,0,0
2019-02-24 18:45,127,55,72,0,0,0
2019-02-24 19:00,88,40,48,0,0,0
2019-02-24 19:15,84,42,42,0,0,0
2019-02-24 19:30,73,22,51,0,0,0
2019-02-24 19:45,90,34,56,0,0,0
2019-02-24 20:00,88,39,49,0,0,0
2019-02-24 20:15,80,27,53,0,0,0
2019-02-24 20:30,53,23,30,0,0,0
2019-02-24 20:45,49,14,35,0,0,0
2019-02-24 21:00,54,15,39,0,0,0
2019-02-24 21:15,39,10,29,0,0,0
2019-02-24 21:30,43,8,35,0,0,0
2019-02-24 21:45,48,12,36,0,0,0
2019-02-24 22:00,25,14,11,0,0,0
2019-02-24 22:15,35,13,22,0,0,0
2019-02-24 22:30,28,5,23,0,0,0
2019-02-24 22:45,44,9,35,0,0,0
2019-02-24 23:00,28,10,18,0,0,0
2019-02-24 23:15,19,7,12,0,0,0
2019-02-24 23:30,8,2,6,0,0,0
2019-02-24 23:45,16,6,10,0,0,0
2019-02-25 00:00,8,6,2,0,0,0
2019-02-25 00:15,4,2,2,0,0,0
2019-02-25 00:30,9,2,7,0,0,0
2019-02-25 00:45,4,0,4,0,0,0
2019-02-25 01:00,9,3,6,0,0,0
2019-02-25 01:15,5,2,3,0,0,0
2019-02-25 01:30,2,2,0,0,0,0
2019-02-25 01:45,8,7,1,0,0,0
2019-02-25 02:00,2,2,0,0,0,0
2019-02-25 02:15,0,0,0,0,0,0
2019-02-25 02:30,4,1,3,0,0,0
2019-02-25 02:45,1,0,1,0,0,0
2019-02-25 03:00,3,2,1,0,0,0
2019-02-25 03:15,1,1,0,0,0,0
2019-02-25 03:30,3,2,1,0,0,0
2019-02-25 03:45,1,1,0,0,0,0
2019-02-25 04:00,3,2,1,0,0,0
2019-02-25 04:15,2,1,1,0,0,0
2019-02-25 04:30,4,3,1,0,0,0
2019-02-25 04:45,5,3,2,0,0,0
2019-02-25 05:00,6,5,1,0,0,0
2019-02-25 05:15,9,5,4,0,0,0
2019-02-25 05:30,20,14,6,0,0,0
2019-02-25 05:45,26,18,8,0,0,0
2019-02-25 06:00,20,15,5,0,0,0
2019-02-25 06:15,42,29,13,0,0,0
2019-02-25 06:30,72,45,27,0,0,0
2019-02-25 06:45,78,48,30,0,0,0
2019-02-25 07:00,97,65,32,0,0,0
2019-02-25 07:15,148,105,43,0,0,0
2019-02-25 07:30,248,179,69,0,0,0
2019-02-25 07:45,243,157,86,0,0,0
2019-02-25 08:00,215,138,77,0,0,0
2019-02-25 08:15,197,124,73,0,0,0
2019-02-25 08:30,213,124,89,0,0,0
2019-02-25 08:45,246,167,79,0,0,0
2019-02-25 09:00,178,122,56,0,0,0
2019-02-25 09:15,138,86,52,0,0,0
2019-02-25 09:30,155,91,64,0,0,0
2019-02-25 09:45,160,96,64,0,0,0
2019-02-25 10:00,107,72,35,0,0,0
2019-02-25 10:15,114,77,37,0,0,0
2019-02-25 10:30,139,79,60,0,0,0
2019-02-25 10:45,127,70,57,0,0,0
2019-02-25 11:00,113,71,42,0,0,0
2019-02-25 11:15,110,59,51,0,0,0
2019-02-25 11:30,113,65,48,0,0,0
2019-02-25 11:45,133,82,51,0,0,0
2019-02-25 12:00,135,60,75,0,0,0
2019-02-25 12:15,130,58,72,0,0,0
2019-02-25 12:30,159,73,86,0,0,0
2019-02-25 12:45,189,108,81,0,0,0
2019-02-25 13:00,196,90,106,0,0,0
2019-02-25 13:15,168,77,91,0,0,0
2019-02-25 13:30,158,72,86,0,0,0
2019-02-25 13:45,180,95,85,0,0,0
2019-02-25 14:00,165,78,87,0,0,0
2019-02-25 14:15,186,103,83,0,0,0
2019-02-25 14:30,163,82,81,0,0,0
2019-02-25 14:45,190,96,94,0,0,0
2019-02-25 15:00,151,69,82,0,0,0
2019-02-25 15:15,176,70,106,0,0,0
2019-02-25 15:30,219,94,125,0,0,0
2019-02-25 15:45,252,115,137,0,0,0
2019-02-25 16:00,233,110,123,0,0,0
2019-02-25 16:15,220,108,112,0,0,0
2019-02-25 16:30,280,116,164,0,0,0
2019-02-25 16:45,240,104,136,0,0,0
2019-02-25 17:00,251,93,158,0,0,0
2019-02-25 17:15,293,131,162,0,0,0
2019-02-25 17:30,273,115,158,0,0,0
2019-02-25 17:45,265,121,144,0,0,0
2019-02-25 18:00,297,134,163,0,0,0
2019-02-25 18:15,217,94,123,0,0,0
2019-02-25 18:30,229,89,140,0,0,0
2019-02-25 18:45,214,107,107,0,0,0
2019-02-25 19:00,214,108,106,0,0,0
2019-02-25 19:15,184,97,87,0,0,0
2019-02-25 19:30,181,71,110,0,0,0
2019-02-25 19:45,152,72,80,0,0,0
2019-02-25 20:00,144,44,100,0,0,0
2019-02-25 20:15,137,62,75,0,0,0
2019-02-25 20:30,95,54,41,0,0,0
2019-02-25 20:45,87,39,48,0,0,0
2019-02-25 21:00,85,37,48,0,0,0
2019-02-25 21:15,68,30,38,0,0,0
2019-02-25 21:30,94,37,57,0,0,0
2019-02-25 21:45,90,30,60,0,0,0
2019-02-25 22:00,65,28,37,0,0,0
2019-02-25 22:15,94,40,54,0,0,0
2019-02-25 22:30,70,19,51,0,0,0
2019-02-25 22:45,62,14,48,0,0,0
2019-02-25 23:00,51,9,42,0,0,0
2019-02-25 23:15,27,12,15,0,0,0
2019-02-25 23:30,33,8,25,0,0,0
2019-02-25 23:45,27,10,17,0,0,0
2019-02-26 00:00,19,4,15,0,0,0
2019-02-26 00:15,12,2,10,0,0,0
2019-02-26 00:30,17,4,13,0,0,0
2019-02-26 00:45,18,2,16,0,0,0
2019-02-26 01:00,11,2,9,0,0,0
2019-02-26 01:15,14,4,10,0,0,0
2019-02-26 01:30,10,2,8,0,0,0
2019-02-26 01:45,4,2,2,0,0,0
2019-02-26 02:00,3,0,3,0,0,0
2019-02-26 02:15,1,0,1,0,0,0
2019-02-26 02:30,2,2,0,0,0,0
2019-02-26 02:45,6,3,3,0,0,0
2019-02-26 03:00,7,5,2,0,0,0
2019-02-26 03:15,0,0,0,0,0,0
2019-02-26 03:30,0,0,0,0,0,0
2019-02-26 03:45,2,0,2,0,0,0
2019-02-26 04:00,0,0,0,0,0,0
2019-02-26 04:15,1,0,1,0,0,0
2019-02-26 04:30,5,1,4,0,0,0
2019-02-26 04:45,10,7,3,0,0,0
2019-02-26 05:00,9,8,1,0,0,0
2019-02-26 05:15,14,8,6,0,0,0
2019-02-26 05:30,28,13,15,0,0,0
2019-02-26 05:45,20,14,6,0,0,0
2019-02-26 06:00,32,25,7,0,0,0
2019-02-26 06:15,42,29,13,0,0,0
2019-02-26 06:30,84,54,30,0,0,0
2019-02-26 06:45,89,55,34,0,0,0
2019-02-26 07:00,118,67,51,0,0,0
2019-02-26 07:15,180,130,50,0,0,0
2019-02-26 07:30,265,197,68,0,0,0
2019-02-26 07:45,283,183,100,0,0,0
2019-02-26 08:00,245,149,96,0,0,0
2019-02-26 08:15,205,134,71,0,0,0
2019-02-26 08:30,254,138,116,0,0,0
2019-02-26 08:45,235,153,82,0,0,0
2019-02-26 09:00,195,134,61,0,0,0
2019-02-26 09:15,145,94,51,0,0,0
2019-02-26 09:30,167,113,54,0,0,0
2019-02-26 09:45,158,106,52,0,0,0
2019-02-26 10:00,128,85,43,0,0,0
2019-02-26 10:15,130,79,51,0,0,0
2019-02-26 10:30,119,78,41,0,0,0
2019-02-26 10:45,140,93,47,0,0,0
2019-02-26 11:00,138,86,52,0,0,0
2019-02-26 11:15,124,69,55,0,0,0
2019-02-26 11:30,152,80,72,0,0,0
2019-02-26 11:45,161,90,71,0,0,0
2019-02-26 12:00,139,66,73,0,0,0
2019-02-26 12:15,162,91,71,0,0,0
2019-02-26 12:30,170,89,81,0,0,0
2019-02-26 12:45,171,89,82,0,0,0
2019-02-26 13:00,214,85,129,0,0,0
2019-02-26 13:15,166,86,80,0,0,0
2019-02-26 13:30,164,80,84,0,0,0
2019-02-26 13:45,182,87,95,0,0,0
2019-02-26 14:00,189,87,102,0,0,0
2019-02-26 14:15,198,98,100,0,0,0
2019-02-26 14:30,171,89,82,0,0,0
2019-02-26 14:45,199,92,107,0,0,0
2019-02-26 15:00,199,101,98,0,0,0
2019-02-26 15:15,198,96,102,0,0,0
2019-02-26 15:30,230,92,138,0,0,0
2019-02-26 15:45,244,113,131,0,0,0
2019-02-26 16:00,266,121,145,0,0,0
2019-02-26 16:15,256,128,128,0,0,0
2019-02-26 16:30,260,114,146,0,0,0
2019-02-26 16:45,281,132,149,0,0,0
2019-02-26 17:00,268,114,154,0,0,0
2019-02-26 17:15,299,116,183,0,0,0
2019-02-26 17:30,326,136,190,0,0,0
2019-02-26 17:45,293,128,165,0,0,0
2019-02-26 18:00,289,113,176,0,0,0
2019-02-26 18:15,204,90,114,0,0,0
2019-02-26 18:30,191,66,125,0,0,0
2019-02-26 18:45,239,99,140,0,0,0
2019-02-26 19:00,227,100,127,0,0,0
2019-02-26 19:15,201,103,98,0,0,0
2019-02-26 19:30,154,68,86,0,0,0
2019-02-26 19:45,208,82,126,0,0,0
2019-02-26 20:00,129,48,81,0,0,0
2019-02-26 20:15,117,53,64,0,0,0
2019-02-26 20:30,89,31,58,0,0,0
2019-02-26 20:45,95,41,54,0,0,0
2019-02-26 21:00,102,45,57,0,0,0
2019-02-26 21:15,91,34,57,0,0,0
2019-02-26 21:30,79,36,43,0,0,0
2019-02-26 21:45,76,30,46,0,0,0
2019-02-26 22:00,72,24,48,0,0,0
2019-02-26 22:15,81,43,38,0,0,0
2019-02-26 22:30,63,21,42,0,0,0
2019-02-26 22:45,43,14,29,0,0,0
2019-02-26 23:00,54,15,39,0,0,0
2019-02-26 23:15,39,10,29,0,0,0
2019-02-26 23:30,41,8,33,0,0,0
2019-02-26 23:45,30,9,21,0,0,0
2019-02-27 00:00,22,9,13,0,0,0
2019-02-27 00:15,6,0,6,0,0,0
2019-02-27 00:30,14,5,9,0,0,0
2019-02-27 00:45,9,4,5,0,0,0
2019-02-27 01:00,16,3,13,0,0,0
2019-02-27 01:15,12,1,11,0,0,0
2019-02-27 01:30,19,4,15,0,0,0
2019-02-27 01:45,9,2,7,0,0,0
2019-02-27 02:00,1,0,1,0,0,0
2019-02-27 02:15,3,0,3,0,0,0
2019-02-27 02:30,3,1,2,0,0,0
2019-02-27 02:45,2,0,2,0,0,0
2019-02-27 03:00,5,1,4,0,0,0
2019-02-27 03:15,3,0,3,0,0,0
2019-02-27 03:30,1,1,0,0,0,0
2019-02-27 03:45,3,3,0,0,0,0
2019-02-27 04:00,1,1,0,0,0,0
2019-02-27 04:15,1,1,0,0,0,0
2019-02-27 04:30,6,6,0,0,0,0
2019-02-27 04:45,7,4,3,0,0,0
2019-02-27 05:00,10,8,2,0,0,0
2019-02-27 05:15,13,11,2,0,0,0
2019-02-27 05:30,21,13,8,0,0,0
2019-02-27 05:45,22,14,8,0,0,0
2019-02-27 06:00,22,16,6,0,0,0
2019-02-27 06:15,56,43,13,0,0,0
2019-02-27 06:30,76,50,26,0,0,0
2019-02-27 06:45,101,75,26,0,0,0
2019-02-27 07:00,119,80,39,0,0,0
2019-02-27 07:15,154,100,54,0,0,0
2019-02-27 07:30,279,204,75,0,0,0
2019-02-27 07:45,290,199,91,0,0,0
2019-02-27 08:00,207,121,86,0,0,0
2019-02-27 08:15,222,145,77,0,0,0
2019-02-27 08:30,239,137,102,0,0,0
2019-02-27 08:45,237,147,90,0,0,0
2019-02-27 09:00,204,142,62,0,0,0
2019-02-27 09:15,165,115,50,0,0,0
2019-02-27 09:30,165,109,56,0,0,0
2019-02-27 09:45,194,134,60,0,0,0
2019-02-27 10:00,133,92,41,0,0,0
2019-02-27 10:15,137,97,40,0,0,0
2019-02-27 10:30,139,82,57,0,0,0
2019-02-27 10:45,152,104,48,0,0,0
2019-02-27 11:00,131,79,52,0,0,0
2019-02-27 11:15,138,70,68,0,0,0
2019-02-27 11:30,172,101,71,0,0,0
2019-02-27 11:45,180,116,64,0,0,0
2019-02-27 12:00,182,97,85,0,0,0
2019-02-27 12:15,207,114,93,0,0,0
2019-02-27 12:30,177,88,89,0,0,0
2019-02-27 12:45,210,109,101,0,0,0
2019-02-27 13:00,211,105,106,0,0,0
2019-02-27 13:15,169,76,93,0,0,0
2019-02-27 13:30,168,92,76,0,0,0
2019-02-27 13:45,224,110,114,0,0,0
2019-02-27 14:00,192,84,108,0,0,0
2019-02-27 14:15,185,93,92,0,0,0
2019-02-27 14:30,205,103,102,0,0,0
2019-02-27 14:45,206,119,87,0,0,0
2019-02-27 15:00,197,94,103,0,0,0
2019-02-27 15:15,218,120,98,0,0,0
2019-02-27 15:30,230,78,152,0,0,0
2019-02-27 15:45,249,104,145,0,0,0
2019-02-27 16:00,292,117,175,0,0,0
2019-02-27 16:15,242,110,132,0,0,0
2019-02-27 16:30,258,127,131,0,0,0
2019-02-27 16:45,283,146,137,0,0,0
2019-02-27 17:00,281,112,169,0,0,0
2019-02-27 17:15,293,140,153,0,0,0
2019-02-27 17:30,311,121,190,0,0,0
2019-02-27 17:45,267,108,159,0,0,0
2019-02-27 18:00,276,96,180,0,0,0
2019-02-27 18:15,225,89,136,0,0,0
2019-02-27 18:30,213,76,137,0,0,0
2019-02-27 18:45,254,118,136,0,0,0
2019-02-27 19:00,214,107,107,0,0,0
2019-02-27 19:15,199,99,100,0,0,0
2019-02-27 19:30,233,88,145,0,0,0
2019-02-27 19:45,200,84,116,0,0,0
2019-02-27 20:00,151,66,85,0,0,0
2019-02-27 20:15,112,55,57,0,0,0
2019-02-27 20:30,99,43,56,0,0,0
2019-02-27 20:45,98,41,57,0,0,0
2019-02-27 21:00,97,38,59,0,0,0
2019-02-27 21:15,67,33,34,0,0,0
2019-02-27 21:30,85,33,52,0,0,0
2019-02-27 21:45,82,40,42,0,0,0
2019-02-27 22:00,86,32,54,0,0,0
2019-02-27 22:15,88,35,53,0,0,0
2019-02-27 22:30,70,36,34,0,0,0
2019-02-27 22:45,88,33,55,0,0,0
2019-02-27 23:00,71,27,44,0,0,0
2019-02-27 23:15,65,23,42,0,0,0
2019-02-27 23:30,43,19,24,0,0,0
2019-02-27 23:45,41,17,24,0,0,0
2019-02-28 00:00,31,5,26,0,0,0
2019-02-28 00:15,29,6,23,0,0,0
2019-02-28 00:30,34,8,26,0,0,0
2019-02-28 00:45,34,12,22,0,0,0
2019-02-28 01:00,28,15,13,0,0,0
2019-02-28 01:15,13,3,10,0,0,0
2019-02-28 01:30,11,3,8,0,0,0
2019-02-28 01:45,16,9,7,0,0,0
2019-02-28 02:00,13,0,13,0,0,0
2019-02-28 02:15,8,2,6,0,0,0
2019-02-28 02:30,11,1,10,0,0,0
2019-02-28 02:45,3,2,1,0,0,0
2019-02-28 03:00,9,4,5,0,0,0
2019-02-28 03:15,10,3,7,0,0,0
2019-02-28 03:30,1,0,1,0,0,0
2019-02-28 03:45,3,0,3,0,0,0
2019-02-28 04:00,1,1,0,0,0,0
2019-02-28 04:15,0,0,0,0,0,0
2019-02-28 04:30,14,3,11,0,0,0
2019-02-28 04:45,12,4,8,0,0,0
2019-02-28 05:00,8,7,1,0,0,0
2019-02-28 05:15,15,10,5,0,0,0
2019-02-28 05:30,17,7,10,0,0,0
2019-02-28 05:45,19,14,5,0,0,0
2019-02-28 06:00,22,15,7,0,0,0
2019-02-28 06:15,45,33,12,0,0,0
2019-02-28 06:30,56,36,20,0,0,0
2019-02-28 06:45,84,58,26,0,0,0
2019-02-28 07:00,109,70,39,0,0,0
2019-02-28 07:15,143,100,43,0,0,0
2019-02-28 07:30,249,191,58,0,0,0
2019-02-28 07:45,246,167,79,0,0,0
2019-02-28 08:00,179,116,63,0,0,0
2019-02-28 08:15,182,115,67,0,0,0
2019-02-28 08:30,226,130,96,0,0,0
2019-02-28 08:45,217,155,62,0,0,0
2019-02-28 09:00,174,129,45,0,0,0
2019-02-28 09:15,135,90,45,0,0,0
2019-02-28 09:30,160,107,53,0,0,0
2019-02-28 09:45,178,136,42,0,0,0
2019-02-28 10:00,114,70,44,0,0,0
2019-02-28 10:15,103,54,49,0,0,0
2019-02-28 10:30,133,74,59,0,0,0
2019-02-28 10:45,143,74,69,0,0,0
2019-02-28 11:00,122,64,58,0,0,0
2019-02-28 11:15,117,63,54,0,0,0
2019-02-28 11:30,135,78,57,0,0,0
2019-02-28 11:45,132,68,64,0,0,0
2019-02-28 12:00,148,78,70,0,0,0
2019-02-28 12:15,176,88,88,0,0,0
2019-02-28 12:30,161,67,94,0,0,0
2019-02-28 12:45,174,91,83,0,0,0
2019-02-28 13:00,153,59,94,0,0,0
2019-02-28 13:15,173,88,85,0,0,0
2019-02-28 13:30,168,68,100,0,0,0
2019-02-28 13:45,167,91,76,0,0,0
2019-02-28 14:00,152,67,85,0,0,0
2019-02-28 14:15,141,66,75,0,0,0
2019-02-28 14:30,154,66,88,0,0,0
2019-02-28 14:45,186,93,93,0,0,0
2019-02-28 15:00,159,69,90,0,0,0
2019-02-28 15:15,168,70,98,0,0,0
2019-02-28 15:30,209,98,111,0,0,0
2019-02-28 15:45,207,93,114,0,0,0
2019-02-28 16:00,219,94,125,0,0,0
2019-02-28 16:15,201,94,107,0,0,0
2019-02-28 16:30,218,104,114,0,0,0
2019-02-28 16:45,205,74,131,0,0,0
2019-02-28 17:00,244,111,133,0,0,0
2019-02-28 17:15,215,100,115,0,0,0
2019-02-28 17:30,234,101,133,0,0,0
2019-02-28 17:45,228,93,135,0,0,0
2019-02-28 18:00,220,98,122,0,0,0
2019-02-28 18:15,200,101,99,0,0,0
2019-02-28 18:30,184,86,98,0,0,0
2019-02-28 18:45,164,73,91,0,0,0
2019-02-28 19:00,203,87,116,0,0,0
2019-02-28 19:15,162,88,74,0,0,0
2019-02-28 19:30,124,53,71,0,0,0
2019-02-28 19:45,157,81,76,0,0,0
2019-02-28 20:00,170,78,92,0,0,0
2019-02-28 20:15,104,48,56,0,0,0
2019-02-28 20:30,98,29,69,0,0,0
2019-02-28 20:45,83,39,44,0,0,0
2019-02-28 21:00,76,28,48,0,0,0
2019-02-28 21:15,68,22,46,0,0,0
2019-02-28 21:30,82,29,53,0,0,0
2019-02-28 21:45,89,25,64,0,0,0
2019-02-28 22:00,83,31,52,0,0,0
2019-02-28 22:15,82,38,44,0,0,0
2019-02-28 22:30,56,19,37,0,0,0
2019-02-28 22:45,94,35,59,0,0,0
2019-02-28 23:00,93,32,61,0,0,0
2019-02-28 23:15,64,27,37,0,0,0
2019-02-28 23:30,49,9,40,0,0,0
2019-02-28 23:45,32,11,21,0,0,0
