Datetime,100035541 (Neutor),101035541 (Neutor stadteinwÃ¤rts),102035541 (Neutor stadtauswÃ¤rts),100035541-status,101035541-status,102035541-status
2019-01-01 00:00,9,4,5,0,0,0
2019-01-01 00:15,6,5,1,0,0,0
2019-01-01 00:30,17,3,14,0,0,0
2019-01-01 00:45,56,14,42,0,0,0
2019-01-01 01:00,54,12,42,0,0,0
2019-01-01 01:15,55,11,44,0,0,0
2019-01-01 01:30,63,28,35,0,0,0
2019-01-01 01:45,25,6,19,0,0,0
2019-01-01 02:00,71,18,53,0,0,0
2019-01-01 02:15,81,19,62,0,0,0
2019-01-01 02:30,73,30,43,0,0,0
2019-01-01 02:45,77,27,50,0,0,0
2019-01-01 03:00,71,36,35,0,0,0
2019-01-01 03:15,74,35,39,0,0,0
2019-01-01 03:30,88,26,62,0,0,0
2019-01-01 03:45,69,24,45,0,0,0
2019-01-01 04:00,76,26,50,0,0,0
2019-01-01 04:15,70,30,40,0,0,0
2019-01-01 04:30,117,40,77,0,0,0
2019-01-01 04:45,65,23,42,0,0,0
2019-01-01 05:00,36,13,23,0,0,0
2019-01-01 05:15,28,16,12,0,0,0
2019-01-01 05:30,34,9,25,0,0,0
2019-01-01 05:45,26,13,13,0,0,0
2019-01-01 06:00,22,4,18,0,0,0
2019-01-01 06:15,14,9,5,0,0,0
2019-01-01 06:30,19,12,7,0,0,0
2019-01-01 06:45,19,14,5,0,0,0
2019-01-01 07:00,22,13,9,0,0,0
2019-01-01 07:15,7,4,3,0,0,0
2019-01-01 07:30,9,4,5,0,0,0
2019-01-01 07:45,12,7,5,0,0,0
2019-01-01 08:00,5,2,3,0,0,0
2019-01-01 08:15,11,3,8,0,0,0
2019-01-01 08:30,3,2,1,0,0,0
2019-01-01 08:45,7,5,2,0,0,0
2019-01-01 09:00,9,5,4,0,0,0
2019-01-01 09:15,6,2,4,0,0,0
2019-01-01 09:30,8,5,3,0,0,0
2019-01-01 09:45,14,11,3,0,0,0
2019-01-01 10:00,6,2,4,0,0,0
2019-01-01 10:15,10,6,4,0,0,0
2019-01-01 10:30,9,2,7,0,0,0
2019-01-01 10:45,11,4,7,0,0,0
2019-01-01 11:00,10,6,4,0,0,0
2019-01-01 11:15,14,6,8,0,0,0
2019-01-01 11:30,15,10,5,0,0,0
2019-01-01 11:45,17,10,7,0,0,0
2019-01-01 12:00,11,2,9,0,0,0
2019-01-01 12:15,11,7,4,0,0,0
2019-01-01 12:30,18,11,7,0,0,0
2019-01-01 12:45,27,19,8,0,0,0
2019-01-01 13:00,22,15,7,0,0,0
2019-01-01 13:15,22,14,8,0,0,0
2019-01-01 13:30,24,9,15,0,0,0
2019-01-01 13:45,38,24,14,0,0,0
2019-01-01 14:00,27,17,10,0,0,0
2019-01-01 14:15,34,19,15,0,0,0
2019-01-01 14:30,38,24,14,0,0,0
2019-01-01 14:45,44,19,25,0,0,0
2019-01-01 15:00,43,29,14,0,0,0
2019-01-01 15:15,39,24,15,0,0,0
2019-01-01 15:30,36,17,19,0,0,0
2019-01-01 15:45,44,30,14,0,0,0
2019-01-01 16:00,40,18,22,0,0,0
2019-01-01 16:15,31,13,18,0,0,0
2019-01-01 16:30,31,12,19,0,0,0
2019-01-01 16:45,18,5,13,0,0,0
2019-01-01 17:00,31,13,18,0,0,0
2019-01-01 17:15,31,15,16,0,0,0
2019-01-01 17:30,21,8,13,0,0,0
2019-01-01 17:45,25,8,17,0,0,0
2019-01-01 18:00,22,13,9,0,0,0
2019-01-01 18:15,20,9,11,0,0,0
2019-01-01 18:30,20,7,13,0,0,0
2019-01-01 18:45,28,20,8,0,0,0
2019-01-01 19:00,20,11,9,0,0,0
2019-01-01 19:15,30,6,24,0,0,0
2019-01-01 19:30,25,11,14,0,0,0
2019-01-01 19:45,25,12,13,0,0,0
2019-01-01 20:00,18,3,15,0,0,0
2019-01-01 20:15,20,4,16,0,0,0
2019-01-01 20:30,13,4,9,0,0,0
2019-01-01 20:45,13,6,7,0,0,0
2019-01-01 21:00,19,8,11,0,0,0
2019-01-01 21:15,14,4,10,0,0,0
2019-01-01 21:30,11,4,7,0,0,0
2019-01-01 21:45,6,4,2,0,0,0
2019-01-01 22:00,11,3,8,0,0,0
2019-01-01 22:15,15,10,5,0,0,0
2019-01-01 22:30,12,6,6,0,0,0
2019-01-01 22:45,13,3,10,0,0,0
2019-01-01 23:00,9,2,7,0,0,0
2019-01-01 23:15,6,2,4,0,0,0
2019-01-01 23:30,8,5,3,0,0,0
2019-01-01 23:45,6,3,3,0,0,0
2019-01-02 00:00,4,2,2,0,0,0
2019-01-02 00:15,3,0,3,0,0,0
2019-01-02 00:30,5,1,4,0,0,0
2019-01-02 00:45,2,0,2,0,0,0
2019-01-02 01:00,7,4,3,0,0,0
2019-01-02 01:15,2,1,1,0,0,0
2019-01-02 01:30,2,0,2,0,0,0
2019-01-02 01:45,1,0,1,0,0,0
2019-01-02 02:00,3,0,3,0,0,0
2019-01-02 02:15,1,1,0,0,0,0
2019-01-02 02:30,0,0,0,0,0,0
2019-01-02 02:45,1,0,1,0,0,0
2019-01-02 03:00,0,0,0,0,0,0
2019-01-02 03:15,1,1,0,0,0,0
2019-01-02 03:30,2,2,0,0,0,0
2019-01-02 03:45,1,0,1,0,0,0
2019-01-02 04:00,1,1,0,0,0,0
2019-01-02 04:15,1,0,1,0,0,0
2019-01-02 04:30,1,1,0,0,0,0
2019-01-02 04:45,5,5,0,0,0,0
2019-01-02 05:00,8,5,3,0,0,0
2019-01-02 05:15,5,4,1,0,0,0
2019-01-02 05:30,8,5,3,0,0,0
2019-01-02 05:45,11,4,7,0,0,0
2019-01-02 06:00,12,9,3,0,0,0
2019-01-02 06:15,20,16,4,0,0,0
2019-01-02 06:30,33,24,9,0,0,0
2019-01-02 06:45,34,21,13,0,0,0
2019-01-02 07:00,51,33,18,0,0,0
2019-01-02 07:15,49,38,11,0,0,0
2019-01-02 07:30,52,38,14,0,0,0
2019-01-02 07:45,106,67,39,0,0,0
2019-01-02 08:00,80,50,30,0,0,0
2019-01-02 08:15,91,59,32,0,0,0
2019-01-02 08:30,83,60,23,0,0,0
2019-01-02 08:45,111,69,42,0,0,0
2019-01-02 09:00,85,47,38,0,0,0
2019-01-02 09:15,93,59,34,0,0,0
2019-01-02 09:30,70,55,15,0,0,0
2019-01-02 09:45,97,67,30,0,0,0
2019-01-02 10:00,71,45,26,0,0,0
2019-01-02 10:15,78,47,31,0,0,0
2019-01-02 10:30,67,44,23,0,0,0
2019-01-02 10:45,77,50,27,0,0,0
2019-01-02 11:00,75,49,26,0,0,0
2019-01-02 11:15,77,60,17,0,0,0
2019-01-02 11:30,92,57,35,0,0,0
2019-01-02 11:45,81,50,31,0,0,0
2019-01-02 12:00,72,44,28,0,0,0
2019-01-02 12:15,109,62,47,0,0,0
2019-01-02 12:30,99,58,41,0,0,0
2019-01-02 12:45,124,68,56,0,0,0
2019-01-02 13:00,84,45,39,0,0,0
2019-01-02 13:15,90,47,43,0,0,0
2019-01-02 13:30,91,45,46,0,0,0
2019-01-02 13:45,117,65,52,0,0,0
2019-01-02 14:00,99,45,54,0,0,0
2019-01-02 14:15,90,47,43,0,0,0
2019-01-02 14:30,111,57,54,0,0,0
2019-01-02 14:45,120,62,58,0,0,0
2019-01-02 15:00,98,50,48,0,0,0
2019-01-02 15:15,116,56,60,0,0,0
2019-01-02 15:30,111,47,64,0,0,0
2019-01-02 15:45,147,69,78,0,0,0
2019-01-02 16:00,135,64,71,0,0,0
2019-01-02 16:15,129,60,69,0,0,0
2019-01-02 16:30,135,54,81,0,0,0
2019-01-02 16:45,148,65,83,0,0,0
2019-01-02 17:00,121,56,65,0,0,0
2019-01-02 17:15,131,52,79,0,0,0
2019-01-02 17:30,138,65,73,0,0,0
2019-01-02 17:45,126,44,82,0,0,0
2019-01-02 18:00,108,40,68,0,0,0
2019-01-02 18:15,113,49,64,0,0,0
2019-01-02 18:30,118,46,72,0,0,0
2019-01-02 18:45,120,46,74,0,0,0
2019-01-02 19:00,91,34,57,0,0,0
2019-01-02 19:15,101,46,55,0,0,0
2019-01-02 19:30,82,38,44,0,0,0
2019-01-02 19:45,69,40,29,0,0,0
2019-01-02 20:00,81,42,39,0,0,0
2019-01-02 20:15,59,23,36,0,0,0
2019-01-02 20:30,50,25,25,0,0,0
2019-01-02 20:45,40,15,25,0,0,0
2019-01-02 21:00,54,21,33,0,0,0
2019-01-02 21:15,30,10,20,0,0,0
2019-01-02 21:30,41,14,27,0,0,0
2019-01-02 21:45,27,5,22,0,0,0
2019-01-02 22:00,38,15,23,0,0,0
2019-01-02 22:15,33,8,25,0,0,0
2019-01-02 22:30,39,8,31,0,0,0
2019-01-02 22:45,31,5,26,0,0,0
2019-01-02 23:00,27,3,24,0,0,0
2019-01-02 23:15,23,8,15,0,0,0
2019-01-02 23:30,31,16,15,0,0,0
2019-01-02 23:45,23,6,17,0,0,0
2019-01-03 00:00,21,4,17,0,0,0
2019-01-03 00:15,21,9,12,0,0,0
2019-01-03 00:30,15,6,9,0,0,0
2019-01-03 00:45,24,4,20,0,0,0
2019-01-03 01:00,13,3,10,0,0,0
2019-01-03 01:15,13,6,7,0,0,0
2019-01-03 01:30,6,1,5,0,0,0
2019-01-03 01:45,7,6,1,0,0,0
2019-01-03 02:00,7,4,3,0,0,0
2019-01-03 02:15,9,4,5,0,0,0
2019-01-03 02:30,8,0,8,0,0,0
2019-01-03 02:45,3,1,2,0,0,0
2019-01-03 03:00,1,0,1,0,0,0
2019-01-03 03:15,3,1,2,0,0,0
2019-01-03 03:30,2,0,2,0,0,0
2019-01-03 03:45,5,5,0,0,0,0
2019-01-03 04:00,0,0,0,0,0,0
2019-01-03 04:15,6,3,3,0,0,0
2019-01-03 04:30,6,5,1,0,0,0
2019-01-03 04:45,5,1,4,0,0,0
2019-01-03 05:00,10,6,4,0,0,0
2019-01-03 05:15,2,1,1,0,0,0
2019-01-03 05:30,15,13,2,0,0,0
2019-01-03 05:45,14,6,8,0,0,0
2019-01-03 06:00,10,6,4,0,0,0
2019-01-03 06:15,27,26,1,0,0,0
2019-01-03 06:30,37,27,10,0,0,0
2019-01-03 06:45,35,25,10,0,0,0
2019-01-03 07:00,47,32,15,0,0,0
2019-01-03 07:15,53,38,15,0,0,0
2019-01-03 07:30,84,57,27,0,0,0
2019-01-03 07:45,96,59,37,0,0,0
2019-01-03 08:00,80,45,35,0,0,0
2019-01-03 08:15,105,69,36,0,0,0
2019-01-03 08:30,88,58,30,0,0,0
2019-01-03 08:45,146,91,55,0,0,0
2019-01-03 09:00,86,37,49,0,0,0
2019-01-03 09:15,70,50,20,0,0,0
2019-01-03 09:30,60,44,16,0,0,0
2019-01-03 09:45,79,59,20,0,0,0
2019-01-03 10:00,63,39,24,0,0,0
2019-01-03 10:15,61,43,18,0,0,0
2019-01-03 10:30,56,37,19,0,0,0
2019-01-03 10:45,70,40,30,0,0,0
2019-01-03 11:00,82,49,33,0,0,0
2019-01-03 11:15,68,36,32,0,0,0
2019-01-03 11:30,74,50,24,0,0,0
2019-01-03 11:45,70,39,31,0,0,0
2019-01-03 12:00,70,38,32,0,0,0
2019-01-03 12:15,64,31,33,0,0,0
2019-01-03 12:30,97,43,54,0,0,0
2019-01-03 12:45,98,57,41,0,0,0
2019-01-03 13:00,93,50,43,0,0,0
2019-01-03 13:15,93,53,40,0,0,0
2019-01-03 13:30,102,56,46,0,0,0
2019-01-03 13:45,103,61,42,0,0,0
2019-01-03 14:00,91,53,38,0,0,0
2019-01-03 14:15,105,61,44,0,0,0
2019-01-03 14:30,79,48,31,0,0,0
2019-01-03 14:45,133,67,66,0,0,0
2019-01-03 15:00,103,51,52,0,0,0
2019-01-03 15:15,113,54,59,0,0,0
2019-01-03 15:30,131,74,57,0,0,0
2019-01-03 15:45,69,26,43,0,0,0
2019-01-03 16:00,86,14,72,0,0,0
2019-01-03 16:15,94,19,75,0,0,0
2019-01-03 16:30,142,66,76,0,0,0
2019-01-03 16:45,142,69,73,0,0,0
2019-01-03 17:00,130,58,72,0,0,0
2019-01-03 17:15,129,41,88,0,0,0
2019-01-03 17:30,126,60,66,0,0,0
2019-01-03 17:45,142,50,92,0,0,0
2019-01-03 18:00,153,73,80,0,0,0
2019-01-03 18:15,119,53,66,0,0,0
2019-01-03 18:30,121,59,62,0,0,0
2019-01-03 18:45,127,71,56,0,0,0
2019-01-03 19:00,103,44,59,0,0,0
2019-01-03 19:15,107,46,61,0,0,0
2019-01-03 19:30,82,30,52,0,0,0
2019-01-03 19:45,93,41,52,0,0,0
2019-01-03 20:00,65,30,35,0,0,0
2019-01-03 20:15,67,26,41,0,0,0
2019-01-03 20:30,47,18,29,0,0,0
2019-01-03 20:45,47,24,23,0,0,0
2019-01-03 21:00,38,13,25,0,0,0
2019-01-03 21:15,45,21,24,0,0,0
2019-01-03 21:30,45,12,33,0,0,0
2019-01-03 21:45,30,7,23,0,0,0
2019-01-03 22:00,50,18,32,0,0,0
2019-01-03 22:15,37,12,25,0,0,0
2019-01-03 22:30,33,10,23,0,0,0
2019-01-03 22:45,28,2,26,0,0,0
2019-01-03 23:00,30,8,22,0,0,0
2019-01-03 23:15,34,16,18,0,0,0
2019-01-03 23:30,22,7,15,0,0,0
2019-01-03 23:45,27,9,18,0,0,0
2019-01-04 00:00,14,10,4,0,0,0
2019-01-04 00:15,15,6,9,0,0,0
2019-01-04 00:30,20,5,15,0,0,0
2019-01-04 00:45,11,4,7,0,0,0
2019-01-04 01:00,13,5,8,0,0,0
2019-01-04 01:15,14,5,9,0,0,0
2019-01-04 01:30,6,0,6,0,0,0
2019-01-04 01:45,11,2,9,0,0,0
2019-01-04 02:00,4,1,3,0,0,0
2019-01-04 02:15,8,3,5,0,0,0
2019-01-04 02:30,8,1,7,0,0,0
2019-01-04 02:45,2,1,1,0,0,0
2019-01-04 03:00,2,0,2,0,0,0
2019-01-04 03:15,6,2,4,0,0,0
2019-01-04 03:30,4,2,2,0,0,0
2019-01-04 03:45,4,3,1,0,0,0
2019-01-04 04:00,0,0,0,0,0,0
2019-01-04 04:15,1,0,1,0,0,0
2019-01-04 04:30,4,3,1,0,0,0
2019-01-04 04:45,6,4,2,0,0,0
2019-01-04 05:00,5,4,1,0,0,0
2019-01-04 05:15,5,4,1,0,0,0
2019-01-04 05:30,14,9,5,0,0,0
2019-01-04 05:45,13,8,5,0,0,0
2019-01-04 06:00,8,4,4,0,0,0
2019-01-04 06:15,18,14,4,0,0,0
2019-01-04 06:30,36,26,10,0,0,0
2019-01-04 06:45,44,32,12,0,0,0
2019-01-04 07:00,47,37,10,0,0,0
2019-01-04 07:15,62,41,21,0,0,0
2019-01-04 07:30,44,35,9,0,0,0
2019-01-04 07:45,112,61,51,0,0,0
2019-01-04 08:00,93,67,26,0,0,0
2019-01-04 08:15,93,73,20,0,0,0
2019-01-04 08:30,96,61,35,0,0,0
2019-01-04 08:45,131,70,61,0,0,0
2019-01-04 09:00,111,69,42,0,0,0
2019-01-04 09:15,94,66,28,0,0,0
2019-01-04 09:30,81,51,30,0,0,0
2019-01-04 09:45,113,82,31,0,0,0
2019-01-04 10:00,89,52,37,0,0,0
2019-01-04 10:15,82,52,30,0,0,0
2019-01-04 10:30,61,37,24,0,0,0
2019-01-04 10:45,82,47,35,0,0,0
2019-01-04 11:00,78,45,33,0,0,0
2019-01-04 11:15,76,39,37,0,0,0
2019-01-04 11:30,68,42,26,0,0,0
2019-01-04 11:45,121,85,36,0,0,0
2019-01-04 12:00,75,40,35,0,0,0
2019-01-04 12:15,101,58,43,0,0,0
2019-01-04 12:30,84,43,41,0,0,0
2019-01-04 12:45,99,51,48,0,0,0
2019-01-04 13:00,118,64,54,0,0,0
2019-01-04 13:15,114,59,55,0,0,0
2019-01-04 13:30,95,50,45,0,0,0
2019-01-04 13:45,97,54,43,0,0,0
2019-01-04 14:00,99,55,44,0,0,0
2019-01-04 14:15,106,64,42,0,0,0
2019-01-04 14:30,121,56,65,0,0,0
2019-01-04 14:45,122,58,64,0,0,0
2019-01-04 15:00,105,48,57,0,0,0
2019-01-04 15:15,110,54,56,0,0,0
2019-01-04 15:30,116,53,63,0,0,0
2019-01-04 15:45,129,69,60,0,0,0
2019-01-04 16:00,118,53,65,0,0,0
2019-01-04 16:15,133,73,60,0,0,0
2019-01-04 16:30,103,46,57,0,0,0
2019-01-04 16:45,131,63,68,0,0,0
2019-01-04 17:00,81,33,48,0,0,0
2019-01-04 17:15,96,48,48,0,0,0
2019-01-04 17:30,102,55,47,0,0,0
2019-01-04 17:45,112,46,66,0,0,0
2019-01-04 18:00,112,49,63,0,0,0
2019-01-04 18:15,124,43,81,0,0,0
2019-01-04 18:30,103,46,57,0,0,0
2019-01-04 18:45,115,62,53,0,0,0
2019-01-04 19:00,105,48,57,0,0,0
2019-01-04 19:15,91,41,50,0,0,0
2019-01-04 19:30,78,37,41,0,0,0
2019-01-04 19:45,94,59,35,0,0,0
2019-01-04 20:00,77,45,32,0,0,0
2019-01-04 20:15,79,37,42,0,0,0
2019-01-04 20:30,60,28,32,0,0,0
2019-01-04 20:45,74,41,33,0,0,0
2019-01-04 21:00,69,28,41,0,0,0
2019-01-04 21:15,57,30,27,0,0,0
2019-01-04 21:30,49,13,36,0,0,0
2019-01-04 21:45,39,16,23,0,0,0
2019-01-04 22:00,45,18,27,0,0,0
2019-01-04 22:15,51,26,25,0,0,0
2019-01-04 22:30,38,15,23,0,0,0
2019-01-04 22:45,35,7,28,0,0,0
2019-01-04 23:00,30,10,20,0,0,0
2019-01-04 23:15,30,7,23,0,0,0
2019-01-04 23:30,31,16,15,0,0,0
2019-01-04 23:45,40,12,28,0,0,0
2019-01-05 00:00,40,11,29,0,0,0
2019-01-05 00:15,23,7,16,0,0,0
2019-01-05 00:30,30,11,19,0,0,0
2019-01-05 00:45,39,13,26,0,0,0
2019-01-05 01:00,37,10,27,0,0,0
2019-01-05 01:15,25,7,18,0,0,0
2019-01-05 01:30,21,7,14,0,0,0
2019-01-05 01:45,32,10,22,0,0,0
2019-01-05 02:00,18,4,14,0,0,0
2019-01-05 02:15,25,6,19,0,0,0
2019-01-05 02:30,20,5,15,0,0,0
2019-01-05 02:45,12,3,9,0,0,0
2019-01-05 03:00,16,2,14,0,0,0
2019-01-05 03:15,15,1,14,0,0,0
2019-01-05 03:30,17,0,17,0,0,0
2019-01-05 03:45,9,3,6,0,0,0
2019-01-05 04:00,11,2,9,0,0,0
2019-01-05 04:15,8,0,8,0,0,0
2019-01-05 04:30,4,1,3,0,0,0
2019-01-05 04:45,8,0,8,0,0,0
2019-01-05 05:00,8,2,6,0,0,0
2019-01-05 05:15,7,3,4,0,0,0
2019-01-05 05:30,16,6,10,0,0,0
2019-01-05 05:45,9,3,6,0,0,0
2019-01-05 06:00,7,1,6,0,0,0
2019-01-05 06:15,5,2,3,0,0,0
2019-01-05 06:30,4,1,3,0,0,0
2019-01-05 06:45,8,5,3,0,0,0
2019-01-05 07:00,10,4,6,0,0,0
2019-01-05 07:15,8,5,3,0,0,0
2019-01-05 07:30,18,12,6,0,0,0
2019-01-05 07:45,21,19,2,0,0,0
2019-01-05 08:00,12,8,4,0,0,0
2019-01-05 08:15,17,14,3,0,0,0
2019-01-05 08:30,26,18,8,0,0,0
2019-01-05 08:45,40,32,8,0,0,0
2019-01-05 09:00,37,22,15,0,0,0
2019-01-05 09:15,36,25,11,0,0,0
2019-01-05 09:30,43,31,12,0,0,0
2019-01-05 09:45,112,94,18,0,0,0
2019-01-05 10:00,77,59,18,0,0,0
2019-01-05 10:15,67,50,17,0,0,0
2019-01-05 10:30,47,36,11,0,0,0
2019-01-05 10:45,61,41,20,0,0,0
2019-01-05 11:00,68,44,24,0,0,0
2019-01-05 11:15,68,45,23,0,0,0
2019-01-05 11:30,64,40,24,0,0,0
2019-01-05 11:45,95,57,38,0,0,0
2019-01-05 12:00,67,41,26,0,0,0
2019-01-05 12:15,96,49,47,0,0,0
2019-01-05 12:30,74,48,26,0,0,0
2019-01-05 12:45,88,53,35,0,0,0
2019-01-05 13:00,83,42,41,0,0,0
2019-01-05 13:15,78,43,35,0,0,0
2019-01-05 13:30,80,41,39,0,0,0
2019-01-05 13:45,77,45,32,0,0,0
2019-01-05 14:00,91,43,48,0,0,0
2019-01-05 14:15,93,49,44,0,0,0
2019-01-05 14:30,77,27,50,0,0,0
2019-01-05 14:45,99,47,52,0,0,0
2019-01-05 15:00,85,27,58,0,0,0
2019-01-05 15:15,88,44,44,0,0,0
2019-01-05 15:30,74,31,43,0,0,0
2019-01-05 15:45,86,51,35,0,0,0
2019-01-05 16:00,74,37,37,0,0,0
2019-01-05 16:15,61,29,32,0,0,0
2019-01-05 16:30,82,46,36,0,0,0
2019-01-05 16:45,92,41,51,0,0,0
2019-01-05 17:00,64,20,44,0,0,0
2019-01-05 17:15,86,35,51,0,0,0
2019-01-05 17:30,79,35,44,0,0,0
2019-01-05 17:45,83,46,37,0,0,0
2019-01-05 18:00,85,33,52,0,0,0
2019-01-05 18:15,71,34,37,0,0,0
2019-01-05 18:30,81,36,45,0,0,0
2019-01-05 18:45,82,35,47,0,0,0
2019-01-05 19:00,72,29,43,0,0,0
2019-01-05 19:15,76,38,38,0,0,0
2019-01-05 19:30,65,32,33,0,0,0
2019-01-05 19:45,109,62,47,0,0,0
2019-01-05 20:00,101,46,55,0,0,0
2019-01-05 20:15,57,21,36,0,0,0
2019-01-05 20:30,53,29,24,0,0,0
2019-01-05 20:45,47,29,18,0,0,0
2019-01-05 21:00,55,26,29,0,0,0
2019-01-05 21:15,38,23,15,0,0,0
2019-01-05 21:30,40,19,21,0,0,0
2019-01-05 21:45,29,17,12,0,0,0
2019-01-05 22:00,41,18,23,0,0,0
2019-01-05 22:15,46,19,27,0,0,0
2019-01-05 22:30,32,12,20,0,0,0
2019-01-05 22:45,47,12,35,0,0,0
2019-01-05 23:00,29,6,23,0,0,0
2019-01-05 23:15,31,10,21,0,0,0
2019-01-05 23:30,32,15,17,0,0,0
2019-01-05 23:45,47,19,28,0,0,0
2019-01-06 00:00,37,12,25,0,0,0
2019-01-06 00:15,39,14,25,0,0,0
2019-01-06 00:30,26,9,17,0,0,0
2019-01-06 00:45,34,10,24,0,0,0
2019-01-06 01:00,60,23,37,0,0,0
2019-01-06 01:15,35,8,27,0,0,0
2019-01-06 01:30,32,13,19,0,0,0
2019-01-06 01:45,26,10,16,0,0,0
2019-01-06 02:00,32,15,17,0,0,0
2019-01-06 02:15,31,11,20,0,0,0
2019-01-06 02:30,16,8,8,0,0,0
2019-01-06 02:45,14,1,13,0,0,0
2019-01-06 03:00,26,5,21,0,0,0
2019-01-06 03:15,25,15,10,0,0,0
2019-01-06 03:30,13,3,10,0,0,0
2019-01-06 03:45,7,1,6,0,0,0
2019-01-06 04:00,13,0,13,0,0,0
2019-01-06 04:15,18,7,11,0,0,0
2019-01-06 04:30,8,2,6,0,0,0
2019-01-06 04:45,6,1,5,0,0,0
2019-01-06 05:00,14,5,9,0,0,0
2019-01-06 05:15,6,0,6,0,0,0
2019-01-06 05:30,2,0,2,0,0,0
2019-01-06 05:45,12,1,11,0,0,0
2019-01-06 06:00,5,1,4,0,0,0
2019-01-06 06:15,7,2,5,0,0,0
2019-01-06 06:30,3,3,0,0,0,0
2019-01-06 06:45,7,1,6,0,0,0
2019-01-06 07:00,4,3,1,0,0,0
2019-01-06 07:15,4,3,1,0,0,0
2019-01-06 07:30,10,9,1,0,0,0
2019-01-06 07:45,15,10,5,0,0,0
2019-01-06 08:00,9,3,6,0,0,0
2019-01-06 08:15,10,2,8,0,0,0
2019-01-06 08:30,11,8,3,0,0,0
2019-01-06 08:45,15,12,3,0,0,0
2019-01-06 09:00,15,11,4,0,0,0
2019-01-06 09:15,16,10,6,0,0,0
2019-01-06 09:30,27,20,7,0,0,0
2019-01-06 09:45,83,72,11,0,0,0
2019-01-06 10:00,73,52,21,0,0,0
2019-01-06 10:15,49,26,23,0,0,0
2019-01-06 10:30,42,35,7,0,0,0
2019-01-06 10:45,51,41,10,0,0,0
2019-01-06 11:00,42,26,16,0,0,0
2019-01-06 11:15,23,19,4,0,0,0
2019-01-06 11:30,46,26,20,0,0,0
2019-01-06 11:45,44,26,18,0,0,0
2019-01-06 12:00,52,39,13,0,0,0
2019-01-06 12:15,55,34,21,0,0,0
2019-01-06 12:30,53,27,26,0,0,0
2019-01-06 12:45,62,37,25,0,0,0
2019-01-06 13:00,62,35,27,0,0,0
2019-01-06 13:15,54,28,26,0,0,0
2019-01-06 13:30,50,25,25,0,0,0
2019-01-06 13:45,67,45,22,0,0,0
2019-01-06 14:00,57,28,29,0,0,0
2019-01-06 14:15,66,29,37,0,0,0
2019-01-06 14:30,66,38,28,0,0,0
2019-01-06 14:45,90,59,31,0,0,0
2019-01-06 15:00,94,53,41,0,0,0
2019-01-06 15:15,81,42,39,0,0,0
2019-01-06 15:30,72,35,37,0,0,0
2019-01-06 15:45,74,46,28,0,0,0
2019-01-06 16:00,77,41,36,0,0,0
2019-01-06 16:15,81,45,36,0,0,0
2019-01-06 16:30,90,44,46,0,0,0
2019-01-06 16:45,88,43,45,0,0,0
2019-01-06 17:00,80,35,45,0,0,0
2019-01-06 17:15,80,33,47,0,0,0
2019-01-06 17:30,59,25,34,0,0,0
2019-01-06 17:45,96,48,48,0,0,0
2019-01-06 18:00,76,21,55,0,0,0
2019-01-06 18:15,99,36,63,0,0,0
2019-01-06 18:30,73,27,46,0,0,0
2019-01-06 18:45,101,47,54,0,0,0
2019-01-06 19:00,71,31,40,0,0,0
2019-01-06 19:15,71,30,41,0,0,0
2019-01-06 19:30,60,26,34,0,0,0
2019-01-06 19:45,101,38,63,0,0,0
2019-01-06 20:00,76,28,48,0,0,0
2019-01-06 20:15,78,22,56,0,0,0
2019-01-06 20:30,38,15,23,0,0,0
2019-01-06 20:45,41,5,36,0,0,0
2019-01-06 21:00,32,17,15,0,0,0
2019-01-06 21:15,44,9,35,0,0,0
2019-01-06 21:30,30,11,19,0,0,0
2019-01-06 21:45,38,14,24,0,0,0
2019-01-06 22:00,28,9,19,0,0,0
2019-01-06 22:15,40,13,27,0,0,0
2019-01-06 22:30,39,11,28,0,0,0
2019-01-06 22:45,35,9,26,0,0,0
2019-01-06 23:00,30,10,20,0,0,0
2019-01-06 23:15,16,3,13,0,0,0
2019-01-06 23:30,13,3,10,0,0,0
2019-01-06 23:45,20,3,17,0,0,0
2019-01-07 00:00,19,11,8,0,0,0
2019-01-07 00:15,9,4,5,0,0,0
2019-01-07 00:30,11,5,6,0,0,0
2019-01-07 00:45,5,0,5,0,0,0
2019-01-07 01:00,8,3,5,0,0,0
2019-01-07 01:15,5,2,3,0,0,0
2019-01-07 01:30,7,0,7,0,0,0
2019-01-07 01:45,6,2,4,0,0,0
2019-01-07 02:00,2,2,0,0,0,0
2019-01-07 02:15,4,1,3,0,0,0
2019-01-07 02:30,2,0,2,0,0,0
2019-01-07 02:45,0,0,0,0,0,0
2019-01-07 03:00,2,0,2,0,0,0
2019-01-07 03:15,1,1,0,0,0,0
2019-01-07 03:30,0,0,0,0,0,0
2019-01-07 03:45,3,1,2,0,0,0
2019-01-07 04:00,0,0,0,0,0,0
2019-01-07 04:15,2,1,1,0,0,0
2019-01-07 04:30,3,3,0,0,0,0
2019-01-07 04:45,5,3,2,0,0,0
2019-01-07 05:00,5,4,1,0,0,0
2019-01-07 05:15,8,7,1,0,0,0
2019-01-07 05:30,20,15,5,0,0,0
2019-01-07 05:45,14,10,4,0,0,0
2019-01-07 06:00,22,15,7,0,0,0
2019-01-07 06:15,27,25,2,0,0,0
2019-01-07 06:30,53,42,11,0,0,0
2019-01-07 06:45,67,53,14,0,0,0
2019-01-07 07:00,76,52,24,0,0,0
2019-01-07 07:15,118,84,34,0,0,0
2019-01-07 07:30,214,179,35,0,0,0
2019-01-07 07:45,310,213,97,0,0,0
2019-01-07 08:00,424,230,194,0,0,0
2019-01-07 08:15,345,184,161,0,0,0
2019-01-07 08:30,198,104,94,0,0,0
2019-01-07 08:45,241,153,88,0,0,0
2019-01-07 09:00,162,90,72,0,0,0
2019-01-07 09:15,121,86,35,0,0,0
2019-01-07 09:30,140,87,53,0,0,0
2019-01-07 09:45,317,200,117,0,0,0
2019-01-07 10:00,467,277,190,0,0,0
2019-01-07 10:15,175,75,100,0,0,0
2019-01-07 10:30,107,50,57,0,0,0
2019-01-07 10:45,102,54,48,0,0,0
2019-01-07 11:00,116,65,51,0,0,0
2019-01-07 11:15,161,53,108,0,0,0
2019-01-07 11:30,142,71,71,0,0,0
2019-01-07 11:45,246,135,111,0,0,0
2019-01-07 12:00,305,127,178,0,0,0
2019-01-07 12:15,226,97,129,0,0,0
2019-01-07 12:30,152,71,81,0,0,0
2019-01-07 12:45,169,106,63,0,0,0
2019-01-07 13:00,155,87,68,0,0,0
2019-01-07 13:15,183,72,111,0,0,0
2019-01-07 13:30,193,108,85,0,0,0
2019-01-07 13:45,304,191,113,0,0,0
2019-01-07 14:00,366,183,183,0,0,0
2019-01-07 14:15,218,78,140,0,0,0
2019-01-07 14:30,141,74,67,0,0,0
2019-01-07 14:45,150,57,93,0,0,0
2019-01-07 15:00,168,76,92,0,0,0
2019-01-07 15:15,159,84,75,0,0,0
2019-01-07 15:30,170,98,72,0,0,0
2019-01-07 15:45,477,310,167,0,0,0
2019-01-07 16:00,474,252,222,0,0,0
2019-01-07 16:15,237,100,137,0,0,0
2019-01-07 16:30,183,90,93,0,0,0
2019-01-07 16:45,233,103,130,0,0,0
2019-01-07 17:00,228,101,127,0,0,0
2019-01-07 17:15,225,99,126,0,0,0
2019-01-07 17:30,263,129,134,0,0,0
2019-01-07 17:45,385,190,195,0,0,0
2019-01-07 18:00,349,113,236,0,0,0
2019-01-07 18:15,216,75,141,0,0,0
2019-01-07 18:30,183,69,114,0,0,0
2019-01-07 18:45,182,85,97,0,0,0
2019-01-07 19:00,160,85,75,0,0,0
2019-01-07 19:15,159,69,90,0,0,0
2019-01-07 19:30,172,76,96,0,0,0
2019-01-07 19:45,249,104,145,0,0,0
2019-01-07 20:00,185,58,127,0,0,0
2019-01-07 20:15,115,45,70,0,0,0
2019-01-07 20:30,103,44,59,0,0,0
2019-01-07 20:45,96,51,45,0,0,0
2019-01-07 21:00,83,37,46,0,0,0
2019-01-07 21:15,71,27,44,0,0,0
2019-01-07 21:30,65,26,39,0,0,0
2019-01-07 21:45,76,25,51,0,0,0
2019-01-07 22:00,81,30,51,0,0,0
2019-01-07 22:15,77,25,52,0,0,0
2019-01-07 22:30,59,27,32,0,0,0
2019-01-07 22:45,50,14,36,0,0,0
2019-01-07 23:00,30,5,25,0,0,0
2019-01-07 23:15,44,16,28,0,0,0
2019-01-07 23:30,26,6,20,0,0,0
2019-01-07 23:45,17,5,12,0,0,0
2019-01-08 00:00,12,6,6,0,0,0
2019-01-08 00:15,18,3,15,0,0,0
2019-01-08 00:30,6,2,4,0,0,0
2019-01-08 00:45,14,3,11,0,0,0
2019-01-08 01:00,8,4,4,0,0,0
2019-01-08 01:15,11,4,7,0,0,0
2019-01-08 01:30,7,5,2,0,0,0
2019-01-08 01:45,7,2,5,0,0,0
2019-01-08 02:00,8,2,6,0,0,0
2019-01-08 02:15,2,0,2,0,0,0
2019-01-08 02:30,1,0,1,0,0,0
2019-01-08 02:45,2,1,1,0,0,0
2019-01-08 03:00,3,3,0,0,0,0
2019-01-08 03:15,4,3,1,0,0,0
2019-01-08 03:30,0,0,0,0,0,0
2019-01-08 03:45,1,0,1,0,0,0
2019-01-08 04:00,0,0,0,0,0,0
2019-01-08 04:15,1,0,1,0,0,0
2019-01-08 04:30,3,2,1,0,0,0
2019-01-08 04:45,7,6,1,0,0,0
2019-01-08 05:00,7,5,2,0,0,0
2019-01-08 05:15,9,8,1,0,0,0
2019-01-08 05:30,16,10,6,0,0,0
2019-01-08 05:45,15,8,7,0,0,0
2019-01-08 06:00,26,20,6,0,0,0
2019-01-08 06:15,27,24,3,0,0,0
2019-01-08 06:30,40,34,6,0,0,0
2019-01-08 06:45,71,61,10,0,0,0
2019-01-08 07:00,73,59,14,0,0,0
2019-01-08 07:15,110,80,30,0,0,0
2019-01-08 07:30,190,148,42,0,0,0
2019-01-08 07:45,280,195,85,0,0,0
2019-01-08 08:00,447,222,225,0,0,0
2019-01-08 08:15,359,192,167,0,0,0
2019-01-08 08:30,170,106,64,0,0,0
2019-01-08 08:45,261,148,113,0,0,0
2019-01-08 09:00,204,120,84,0,0,0
2019-01-08 09:15,149,98,51,0,0,0
2019-01-08 09:30,156,88,68,0,0,0
2019-01-08 09:45,320,218,102,0,0,0
2019-01-08 10:00,633,340,293,0,0,0
2019-01-08 10:15,168,58,110,0,0,0
2019-01-08 10:30,109,62,47,0,0,0
2019-01-08 10:45,114,68,46,0,0,0
2019-01-08 11:00,114,60,54,0,0,0
2019-01-08 11:15,111,45,66,0,0,0
2019-01-08 11:30,134,62,72,0,0,0
2019-01-08 11:45,341,203,138,0,0,0
2019-01-08 12:00,397,192,205,0,0,0
2019-01-08 12:15,178,63,115,0,0,0
2019-01-08 12:30,149,72,77,0,0,0
2019-01-08 12:45,173,103,70,0,0,0
2019-01-08 13:00,144,65,79,0,0,0
2019-01-08 13:15,184,76,108,0,0,0
2019-01-08 13:30,167,84,83,0,0,0
2019-01-08 13:45,290,181,109,0,0,0
2019-01-08 14:00,368,160,208,0,0,0
2019-01-08 14:15,178,89,89,0,0,0
2019-01-08 14:30,174,96,78,0,0,0
2019-01-08 14:45,146,72,74,0,0,0
2019-01-08 15:00,129,66,63,0,0,0
2019-01-08 15:15,150,70,80,0,0,0
2019-01-08 15:30,176,109,67,0,0,0
2019-01-08 15:45,384,223,161,0,0,0
2019-01-08 16:00,408,183,225,0,0,0
2019-01-08 16:15,266,122,144,0,0,0
2019-01-08 16:30,176,101,75,0,0,0
2019-01-08 16:45,201,99,102,0,0,0
2019-01-08 17:00,223,114,109,0,0,0
2019-01-08 17:15,185,96,89,0,0,0
2019-01-08 17:30,235,122,113,0,0,0
2019-01-08 17:45,324,167,157,0,0,0
2019-01-08 18:00,366,143,223,0,0,0
2019-01-08 18:15,242,100,142,0,0,0
2019-01-08 18:30,181,64,117,0,0,0
2019-01-08 18:45,176,62,114,0,0,0
2019-01-08 19:00,164,64,100,0,0,0
2019-01-08 19:15,161,93,68,0,0,0
2019-01-08 19:30,119,66,53,0,0,0
2019-01-08 19:45,223,81,142,0,0,0
2019-01-08 20:00,168,50,118,0,0,0
2019-01-08 20:15,114,43,71,0,0,0
2019-01-08 20:30,88,33,55,0,0,0
2019-01-08 20:45,60,32,28,0,0,0
2019-01-08 21:00,67,34,33,0,0,0
2019-01-08 21:15,92,27,65,0,0,0
2019-01-08 21:30,58,25,33,0,0,0
2019-01-08 21:45,68,22,46,0,0,0
2019-01-08 22:00,93,43,50,0,0,0
2019-01-08 22:15,66,30,36,0,0,0
2019-01-08 22:30,39,6,33,0,0,0
2019-01-08 22:45,43,16,27,0,0,0
2019-01-08 23:00,42,19,23,0,0,0
2019-01-08 23:15,33,13,20,0,0,0
2019-01-08 23:30,20,8,12,0,0,0
2019-01-08 23:45,25,9,16,0,0,0
2019-01-09 00:00,27,11,16,0,0,0
2019-01-09 00:15,9,1,8,0,0,0
2019-01-09 00:30,11,3,8,0,0,0
2019-01-09 00:45,7,0,7,0,0,0
2019-01-09 01:00,5,1,4,0,0,0
2019-01-09 01:15,10,1,9,0,0,0
2019-01-09 01:30,3,0,3,0,0,0
2019-01-09 01:45,1,0,1,0,0,0
2019-01-09 02:00,3,0,3,0,0,0
2019-01-09 02:15,1,0,1,0,0,0
2019-01-09 02:30,2,2,0,0,0,0
2019-01-09 02:45,1,0,1,0,0,0
2019-01-09 03:00,2,1,1,0,0,0
2019-01-09 03:15,4,2,2,0,0,0
2019-01-09 03:30,3,1,2,0,0,0
2019-01-09 03:45,1,1,0,0,0,0
2019-01-09 04:00,2,0,2,0,0,0
2019-01-09 04:15,1,0,1,0,0,0
2019-01-09 04:30,1,0,1,0,0,0
2019-01-09 04:45,5,5,0,0,0,0
2019-01-09 05:00,7,5,2,0,0,0
2019-01-09 05:15,11,8,3,0,0,0
2019-01-09 05:30,20,16,4,0,0,0
2019-01-09 05:45,17,9,8,0,0,0
2019-01-09 06:00,24,18,6,0,0,0
2019-01-09 06:15,36,32,4,0,0,0
2019-01-09 06:30,55,46,9,0,0,0
2019-01-09 06:45,69,54,15,0,0,0
2019-01-09 07:00,68,55,13,0,0,0
2019-01-09 07:15,111,78,33,0,0,0
2019-01-09 07:30,203,146,57,0,0,0
2019-01-09 07:45,345,245,100,0,0,0
2019-01-09 08:00,548,285,263,0,0,0
2019-01-09 08:15,368,178,190,0,0,0
2019-01-09 08:30,203,124,79,0,0,0
2019-01-09 08:45,237,148,89,0,0,0
2019-01-09 09:00,209,109,100,0,0,0
2019-01-09 09:15,151,79,72,0,0,0
2019-01-09 09:30,162,107,55,0,0,0
2019-01-09 09:45,337,233,104,0,0,0
2019-01-09 10:00,562,276,286,0,0,0
2019-01-09 10:15,229,106,123,0,0,0
2019-01-09 10:30,127,68,59,0,0,0
2019-01-09 10:45,135,88,47,0,0,0
2019-01-09 11:00,145,73,72,0,0,0
2019-01-09 11:15,120,74,46,0,0,0
2019-01-09 11:30,192,111,81,0,0,0
2019-01-09 11:45,368,252,116,0,0,0
2019-01-09 12:00,430,226,204,0,0,0
2019-01-09 12:15,223,104,119,0,0,0
2019-01-09 12:30,185,93,92,0,0,0
2019-01-09 12:45,196,115,81,0,0,0
2019-01-09 13:00,203,102,101,0,0,0
2019-01-09 13:15,200,89,111,0,0,0
2019-01-09 13:30,205,122,83,0,0,0
2019-01-09 13:45,349,209,140,0,0,0
2019-01-09 14:00,440,232,208,0,0,0
2019-01-09 14:15,245,92,153,0,0,0
2019-01-09 14:30,176,97,79,0,0,0
2019-01-09 14:45,209,106,103,0,0,0
2019-01-09 15:00,164,66,98,0,0,0
2019-01-09 15:15,167,87,80,0,0,0
2019-01-09 15:30,238,117,121,0,0,0
2019-01-09 15:45,359,178,181,0,0,0
2019-01-09 16:00,413,188,225,0,0,0
2019-01-09 16:15,298,139,159,0,0,0
2019-01-09 16:30,211,97,114,0,0,0
2019-01-09 16:45,249,121,128,0,0,0
2019-01-09 17:00,243,129,114,0,0,0
2019-01-09 17:15,248,110,138,0,0,0
2019-01-09 17:30,247,142,105,0,0,0
2019-01-09 17:45,409,225,184,0,0,0
2019-01-09 18:00,376,164,212,0,0,0
2019-01-09 18:15,262,105,157,0,0,0
2019-01-09 18:30,222,98,124,0,0,0
2019-01-09 18:45,274,130,144,0,0,0
2019-01-09 19:00,209,105,104,0,0,0
2019-01-09 19:15,188,82,106,0,0,0
2019-01-09 19:30,213,96,117,0,0,0
2019-01-09 19:45,313,119,194,0,0,0
2019-01-09 20:00,288,99,189,0,0,0
2019-01-09 20:15,193,83,110,0,0,0
2019-01-09 20:30,114,43,71,0,0,0
2019-01-09 20:45,113,52,61,0,0,0
2019-01-09 21:00,87,27,60,0,0,0
2019-01-09 21:15,88,31,57,0,0,0
2019-01-09 21:30,80,33,47,0,0,0
2019-01-09 21:45,79,32,47,0,0,0
2019-01-09 22:00,88,28,60,0,0,0
2019-01-09 22:15,97,41,56,0,0,0
2019-01-09 22:30,139,53,86,0,0,0
2019-01-09 22:45,72,32,40,0,0,0
2019-01-09 23:00,80,26,54,0,0,0
2019-01-09 23:15,65,27,38,0,0,0
2019-01-09 23:30,99,36,63,0,0,0
2019-01-09 23:45,57,27,30,0,0,0
2019-01-10 00:00,47,11,36,0,0,0
2019-01-10 00:15,30,12,18,0,0,0
2019-01-10 00:30,31,14,17,0,0,0
2019-01-10 00:45,20,9,11,0,0,0
2019-01-10 01:00,37,24,13,0,0,0
2019-01-10 01:15,13,3,10,0,0,0
2019-01-10 01:30,21,6,15,0,0,0
2019-01-10 01:45,14,1,13,0,0,0
2019-01-10 02:00,8,0,8,0,0,0
2019-01-10 02:15,18,7,11,0,0,0
2019-01-10 02:30,12,2,10,0,0,0
2019-01-10 02:45,15,2,13,0,0,0
2019-01-10 03:00,12,1,11,0,0,0
2019-01-10 03:15,19,4,15,0,0,0
2019-01-10 03:30,11,1,10,0,0,0
2019-01-10 03:45,10,1,9,0,0,0
2019-01-10 04:00,3,0,3,0,0,0
2019-01-10 04:15,3,1,2,0,0,0
2019-01-10 04:30,4,2,2,0,0,0
2019-01-10 04:45,15,6,9,0,0,0
2019-01-10 05:00,5,4,1,0,0,0
2019-01-10 05:15,7,6,1,0,0,0
2019-01-10 05:30,18,15,3,0,0,0
2019-01-10 05:45,19,12,7,0,0,0
2019-01-10 06:00,25,17,8,0,0,0
2019-01-10 06:15,29,25,4,0,0,0
2019-01-10 06:30,48,35,13,0,0,0
2019-01-10 06:45,49,37,12,0,0,0
2019-01-10 07:00,67,51,16,0,0,0
2019-01-10 07:15,104,77,27,0,0,0
2019-01-10 07:30,212,157,55,0,0,0
2019-01-10 07:45,287,174,113,0,0,0
2019-01-10 08:00,456,192,264,0,0,0
2019-01-10 08:15,392,189,203,0,0,0
2019-01-10 08:30,208,128,80,0,0,0
2019-01-10 08:45,243,164,79,0,0,0
2019-01-10 09:00,192,107,85,0,0,0
2019-01-10 09:15,170,105,65,0,0,0
2019-01-10 09:30,159,109,50,0,0,0
2019-01-10 09:45,336,210,126,0,0,0
2019-01-10 10:00,517,323,194,0,0,0
2019-01-10 10:15,204,88,116,0,0,0
2019-01-10 10:30,113,66,47,0,0,0
2019-01-10 10:45,123,71,52,0,0,0
2019-01-10 11:00,103,56,47,0,0,0
2019-01-10 11:15,97,64,33,0,0,0
2019-01-10 11:30,159,92,67,0,0,0
2019-01-10 11:45,335,227,108,0,0,0
2019-01-10 12:00,507,195,312,0,0,0
2019-01-10 12:15,206,98,108,0,0,0
2019-01-10 12:30,180,103,77,0,0,0
2019-01-10 12:45,222,136,86,0,0,0
2019-01-10 13:00,194,104,90,0,0,0
2019-01-10 13:15,197,83,114,0,0,0
2019-01-10 13:30,169,89,80,0,0,0
2019-01-10 13:45,329,197,132,0,0,0
2019-01-10 14:00,417,193,224,0,0,0
2019-01-10 14:15,272,116,156,0,0,0
2019-01-10 14:30,188,85,103,0,0,0
2019-01-10 14:45,181,89,92,0,0,0
2019-01-10 15:00,167,77,90,0,0,0
2019-01-10 15:15,213,122,91,0,0,0
2019-01-10 15:30,207,120,87,0,0,0
2019-01-10 15:45,382,237,145,0,0,0
2019-01-10 16:00,447,223,224,0,0,0
2019-01-10 16:15,277,121,156,0,0,0
2019-01-10 16:30,170,64,106,0,0,0
2019-01-10 16:45,184,58,126,0,0,0
2019-01-10 17:00,240,136,104,0,0,0
2019-01-10 17:15,238,116,122,0,0,0
2019-01-10 17:30,274,157,117,0,0,0
2019-01-10 17:45,404,212,192,0,0,0
2019-01-10 18:00,346,163,183,0,0,0
2019-01-10 18:15,324,153,171,0,0,0
2019-01-10 18:30,199,95,104,0,0,0
2019-01-10 18:45,252,140,112,0,0,0
2019-01-10 19:00,171,81,90,0,0,0
2019-01-10 19:15,185,82,103,0,0,0
2019-01-10 19:30,183,88,95,0,0,0
2019-01-10 19:45,215,94,121,0,0,0
2019-01-10 20:00,224,91,133,0,0,0
2019-01-10 20:15,147,55,92,0,0,0
2019-01-10 20:30,151,48,103,0,0,0
2019-01-10 20:45,126,44,82,0,0,0
2019-01-10 21:00,97,38,59,0,0,0
2019-01-10 21:15,77,30,47,0,0,0
2019-01-10 21:30,94,42,52,0,0,0
2019-01-10 21:45,74,26,48,0,0,0
2019-01-10 22:00,109,31,78,0,0,0
2019-01-10 22:15,97,39,58,0,0,0
2019-01-10 22:30,82,25,57,0,0,0
2019-01-10 22:45,65,26,39,0,0,0
2019-01-10 23:00,81,26,55,0,0,0
2019-01-10 23:15,54,14,40,0,0,0
2019-01-10 23:30,44,20,24,0,0,0
2019-01-10 23:45,41,7,34,0,0,0
2019-01-11 00:00,30,12,18,0,0,0
2019-01-11 00:15,43,19,24,0,0,0
2019-01-11 00:30,17,4,13,0,0,0
2019-01-11 00:45,22,8,14,0,0,0
2019-01-11 01:00,13,8,5,0,0,0
2019-01-11 01:15,20,2,18,0,0,0
2019-01-11 01:30,4,1,3,0,0,0
2019-01-11 01:45,5,2,3,0,0,0
2019-01-11 02:00,10,3,7,0,0,0
2019-01-11 02:15,6,1,5,0,0,0
2019-01-11 02:30,13,0,13,0,0,0
2019-01-11 02:45,4,3,1,0,0,0
2019-01-11 03:00,3,1,2,0,0,0
2019-01-11 03:15,5,3,2,0,0,0
2019-01-11 03:30,3,2,1,0,0,0
2019-01-11 03:45,6,1,5,0,0,0
2019-01-11 04:00,2,0,2,0,0,0
2019-01-11 04:15,2,0,2,0,0,0
2019-01-11 04:30,2,2,0,0,0,0
2019-01-11 04:45,5,5,0,0,0,0
2019-01-11 05:00,6,5,1,0,0,0
2019-01-11 05:15,8,6,2,0,0,0
2019-01-11 05:30,12,8,4,0,0,0
2019-01-11 05:45,14,9,5,0,0,0
2019-01-11 06:00,25,17,8,0,0,0
2019-01-11 06:15,31,29,2,0,0,0
2019-01-11 06:30,46,33,13,0,0,0
2019-01-11 06:45,51,32,19,0,0,0
2019-01-11 07:00,72,59,13,0,0,0
2019-01-11 07:15,76,55,21,0,0,0
2019-01-11 07:30,149,118,31,0,0,0
2019-01-11 07:45,294,210,84,0,0,0
2019-01-11 08:00,367,205,162,0,0,0
2019-01-11 08:15,267,136,131,0,0,0
2019-01-11 08:30,171,109,62,0,0,0
2019-01-11 08:45,252,146,106,0,0,0
2019-01-11 09:00,180,92,88,0,0,0
2019-01-11 09:15,135,73,62,0,0,0
2019-01-11 09:30,138,89,49,0,0,0
2019-01-11 09:45,308,176,132,0,0,0
2019-01-11 10:00,358,233,125,0,0,0
2019-01-11 10:15,165,83,82,0,0,0
2019-01-11 10:30,109,63,46,0,0,0
2019-01-11 10:45,128,56,72,0,0,0
2019-01-11 11:00,130,65,65,0,0,0
2019-01-11 11:15,124,63,61,0,0,0
2019-01-11 11:30,135,75,60,0,0,0
2019-01-11 11:45,247,153,94,0,0,0
2019-01-11 12:00,278,148,130,0,0,0
2019-01-11 12:15,176,88,88,0,0,0
2019-01-11 12:30,161,78,83,0,0,0
2019-01-11 12:45,217,140,77,0,0,0
2019-01-11 13:00,185,98,87,0,0,0
2019-01-11 13:15,200,108,92,0,0,0
2019-01-11 13:30,197,106,91,0,0,0
2019-01-11 13:45,270,162,108,0,0,0
2019-01-11 14:00,281,140,141,0,0,0
2019-01-11 14:15,178,71,107,0,0,0
2019-01-11 14:30,176,89,87,0,0,0
2019-01-11 14:45,201,93,108,0,0,0
2019-01-11 15:00,190,88,102,0,0,0
2019-01-11 15:15,195,89,106,0,0,0
2019-01-11 15:30,137,69,68,0,0,0
2019-01-11 15:45,238,127,111,0,0,0
2019-01-11 16:00,212,96,116,0,0,0
2019-01-11 16:15,155,82,73,0,0,0
2019-01-11 16:30,166,85,81,0,0,0
2019-01-11 16:45,224,129,95,0,0,0
2019-01-11 17:00,183,96,87,0,0,0
2019-01-11 17:15,197,105,92,0,0,0
2019-01-11 17:30,176,66,110,0,0,0
2019-01-11 17:45,219,117,102,0,0,0
2019-01-11 18:00,180,81,99,0,0,0
2019-01-11 18:15,180,83,97,0,0,0
2019-01-11 18:30,179,89,90,0,0,0
2019-01-11 18:45,171,89,82,0,0,0
2019-01-11 19:00,164,79,85,0,0,0
2019-01-11 19:15,165,83,82,0,0,0
2019-01-11 19:30,135,67,68,0,0,0
2019-01-11 19:45,185,123,62,0,0,0
2019-01-11 20:00,155,81,74,0,0,0
2019-01-11 20:15,161,82,79,0,0,0
2019-01-11 20:30,124,71,53,0,0,0
2019-01-11 20:45,92,50,42,0,0,0
2019-01-11 21:00,90,49,41,0,0,0
2019-01-11 21:15,103,45,58,0,0,0
2019-01-11 21:30,77,34,43,0,0,0
2019-01-11 21:45,77,39,38,0,0,0
2019-01-11 22:00,89,38,51,0,0,0
2019-01-11 22:15,81,32,49,0,0,0
2019-01-11 22:30,71,25,46,0,0,0
2019-01-11 22:45,75,24,51,0,0,0
2019-01-11 23:00,69,27,42,0,0,0
2019-01-11 23:15,82,23,59,0,0,0
2019-01-11 23:30,64,23,41,0,0,0
2019-01-11 23:45,81,35,46,0,0,0
2019-01-12 00:00,71,16,55,0,0,0
2019-01-12 00:15,56,17,39,0,0,0
2019-01-12 00:30,74,22,52,0,0,0
2019-01-12 00:45,38,16,22,0,0,0
2019-01-12 01:00,45,11,34,0,0,0
2019-01-12 01:15,49,11,38,0,0,0
2019-01-12 01:30,45,10,35,0,0,0
2019-01-12 01:45,47,13,34,0,0,0
2019-01-12 02:00,35,7,28,0,0,0
2019-01-12 02:15,31,6,25,0,0,0
2019-01-12 02:30,31,10,21,0,0,0
2019-01-12 02:45,20,3,17,0,0,0
2019-01-12 03:00,31,11,20,0,0,0
2019-01-12 03:15,20,5,15,0,0,0
2019-01-12 03:30,29,3,26,0,0,0
2019-01-12 03:45,15,5,10,0,0,0
2019-01-12 04:00,17,5,12,0,0,0
2019-01-12 04:15,19,5,14,0,0,0
2019-01-12 04:30,11,1,10,0,0,0
2019-01-12 04:45,15,3,12,0,0,0
2019-01-12 05:00,15,3,12,0,0,0
2019-01-12 05:15,9,6,3,0,0,0
2019-01-12 05:30,18,4,14,0,0,0
2019-01-12 05:45,15,7,8,0,0,0
2019-01-12 06:00,11,4,7,0,0,0
2019-01-12 06:15,4,4,0,0,0,0
2019-01-12 06:30,6,3,3,0,0,0
2019-01-12 06:45,10,5,5,0,0,0
2019-01-12 07:00,9,6,3,0,0,0
2019-01-12 07:15,9,6,3,0,0,0
2019-01-12 07:30,19,16,3,0,0,0
2019-01-12 07:45,77,66,11,0,0,0
2019-01-12 08:00,50,39,11,0,0,0
2019-01-12 08:15,54,45,9,0,0,0
2019-01-12 08:30,59,47,12,0,0,0
2019-01-12 08:45,87,66,21,0,0,0
2019-01-12 09:00,94,59,35,0,0,0
2019-01-12 09:15,73,55,18,0,0,0
2019-01-12 09:30,72,54,18,0,0,0
2019-01-12 09:45,102,78,24,0,0,0
2019-01-12 10:00,125,88,37,0,0,0
2019-01-12 10:15,79,56,23,0,0,0
2019-01-12 10:30,96,73,23,0,0,0
2019-01-12 10:45,134,98,36,0,0,0
2019-01-12 11:00,89,50,39,0,0,0
2019-01-12 11:15,76,50,26,0,0,0
2019-01-12 11:30,81,51,30,0,0,0
2019-01-12 11:45,105,67,38,0,0,0
2019-01-12 12:00,111,60,51,0,0,0
2019-01-12 12:15,109,60,49,0,0,0
2019-01-12 12:30,117,72,45,0,0,0
2019-01-12 12:45,144,73,71,0,0,0
2019-01-12 13:00,94,55,39,0,0,0
2019-01-12 13:15,112,50,62,0,0,0
2019-01-12 13:30,90,43,47,0,0,0
2019-01-12 13:45,115,51,64,0,0,0
2019-01-12 14:00,109,63,46,0,0,0
2019-01-12 14:15,92,36,56,0,0,0
2019-01-12 14:30,74,34,40,0,0,0
2019-01-12 14:45,123,54,69,0,0,0
2019-01-12 15:00,97,40,57,0,0,0
2019-01-12 15:15,88,30,58,0,0,0
2019-01-12 15:30,76,35,41,0,0,0
2019-01-12 15:45,104,60,44,0,0,0
2019-01-12 16:00,93,54,39,0,0,0
2019-01-12 16:15,90,44,46,0,0,0
2019-01-12 16:30,82,43,39,0,0,0
2019-01-12 16:45,103,48,55,0,0,0
2019-01-12 17:00,91,40,51,0,0,0
2019-01-12 17:15,98,33,65,0,0,0
2019-01-12 17:30,101,52,49,0,0,0
2019-01-12 17:45,91,37,54,0,0,0
2019-01-12 18:00,142,55,87,0,0,0
2019-01-12 18:15,109,52,57,0,0,0
2019-01-12 18:30,79,36,43,0,0,0
2019-01-12 18:45,130,70,60,0,0,0
2019-01-12 19:00,100,35,65,0,0,0
2019-01-12 19:15,107,53,54,0,0,0
2019-01-12 19:30,104,48,56,0,0,0
2019-01-12 19:45,69,34,35,0,0,0
2019-01-12 20:00,91,41,50,0,0,0
2019-01-12 20:15,78,33,45,0,0,0
2019-01-12 20:30,74,42,32,0,0,0
2019-01-12 20:45,62,31,31,0,0,0
2019-01-12 21:00,60,22,38,0,0,0
2019-01-12 21:15,47,19,28,0,0,0
2019-01-12 21:30,35,21,14,0,0,0
2019-01-12 21:45,36,17,19,0,0,0
2019-01-12 22:00,63,16,47,0,0,0
2019-01-12 22:15,45,16,29,0,0,0
2019-01-12 22:30,38,22,16,0,0,0
2019-01-12 22:45,42,8,34,0,0,0
2019-01-12 23:00,32,14,18,0,0,0
2019-01-12 23:15,40,17,23,0,0,0
2019-01-12 23:30,48,18,30,0,0,0
2019-01-12 23:45,48,21,27,0,0,0
2019-01-13 00:00,73,28,45,0,0,0
2019-01-13 00:15,29,8,21,0,0,0
2019-01-13 00:30,55,18,37,0,0,0
2019-01-13 00:45,41,22,19,0,0,0
2019-01-13 01:00,47,19,28,0,0,0
2019-01-13 01:15,35,10,25,0,0,0
2019-01-13 01:30,42,13,29,0,0,0
2019-01-13 01:45,22,7,15,0,0,0
2019-01-13 02:00,32,9,23,0,0,0
2019-01-13 02:15,31,6,25,0,0,0
2019-01-13 02:30,30,11,19,0,0,0
2019-01-13 02:45,18,3,15,0,0,0
2019-01-13 03:00,23,7,16,0,0,0
2019-01-13 03:15,18,6,12,0,0,0
2019-01-13 03:30,31,4,27,0,0,0
2019-01-13 03:45,23,1,22,0,0,0
2019-01-13 04:00,15,6,9,0,0,0
2019-01-13 04:15,12,2,10,0,0,0
2019-01-13 04:30,7,3,4,0,0,0
2019-01-13 04:45,11,1,10,0,0,0
2019-01-13 05:00,8,1,7,0,0,0
2019-01-13 05:15,9,2,7,0,0,0
2019-01-13 05:30,11,4,7,0,0,0
2019-01-13 05:45,9,2,7,0,0,0
2019-01-13 06:00,5,2,3,0,0,0
2019-01-13 06:15,6,3,3,0,0,0
2019-01-13 06:30,6,4,2,0,0,0
2019-01-13 06:45,8,2,6,0,0,0
2019-01-13 07:00,8,3,5,0,0,0
2019-01-13 07:15,4,2,2,0,0,0
2019-01-13 07:30,9,7,2,0,0,0
2019-01-13 07:45,20,18,2,0,0,0
2019-01-13 08:00,23,17,6,0,0,0
2019-01-13 08:15,24,18,6,0,0,0
2019-01-13 08:30,20,17,3,0,0,0
2019-01-13 08:45,23,19,4,0,0,0
2019-01-13 09:00,25,20,5,0,0,0
2019-01-13 09:15,28,18,10,0,0,0
2019-01-13 09:30,36,29,7,0,0,0
2019-01-13 09:45,55,45,10,0,0,0
2019-01-13 10:00,55,46,9,0,0,0
2019-01-13 10:15,39,27,12,0,0,0
2019-01-13 10:30,30,19,11,0,0,0
2019-01-13 10:45,53,26,27,0,0,0
2019-01-13 11:00,41,29,12,0,0,0
2019-01-13 11:15,27,20,7,0,0,0
2019-01-13 11:30,32,16,16,0,0,0
2019-01-13 11:45,47,21,26,0,0,0
2019-01-13 12:00,31,18,13,0,0,0
2019-01-13 12:15,45,24,21,0,0,0
2019-01-13 12:30,30,17,13,0,0,0
2019-01-13 12:45,46,32,14,0,0,0
2019-01-13 13:00,67,33,34,0,0,0
2019-01-13 13:15,69,32,37,0,0,0
2019-01-13 13:30,44,21,23,0,0,0
2019-01-13 13:45,67,37,30,0,0,0
2019-01-13 14:00,70,35,35,0,0,0
2019-01-13 14:15,49,25,24,0,0,0
2019-01-13 14:30,81,43,38,0,0,0
2019-01-13 14:45,64,34,30,0,0,0
2019-01-13 15:00,52,26,26,0,0,0
2019-01-13 15:15,70,38,32,0,0,0
2019-01-13 15:30,62,35,27,0,0,0
2019-01-13 15:45,67,42,25,0,0,0
2019-01-13 16:00,72,37,35,0,0,0
2019-01-13 16:15,59,32,27,0,0,0
2019-01-13 16:30,58,33,25,0,0,0
2019-01-13 16:45,59,27,32,0,0,0
2019-01-13 17:00,75,32,43,0,0,0
2019-01-13 17:15,86,35,51,0,0,0
2019-01-13 17:30,54,21,33,0,0,0
2019-01-13 17:45,81,41,40,0,0,0
2019-01-13 18:00,68,24,44,0,0,0
2019-01-13 18:15,80,30,50,0,0,0
2019-01-13 18:30,68,36,32,0,0,0
2019-01-13 18:45,70,45,25,0,0,0
2019-01-13 19:00,69,25,44,0,0,0
2019-01-13 19:15,73,44,29,0,0,0
2019-01-13 19:30,71,31,40,0,0,0
2019-01-13 19:45,83,45,38,0,0,0
2019-01-13 20:00,58,24,34,0,0,0
2019-01-13 20:15,68,17,51,0,0,0
2019-01-13 20:30,49,17,32,0,0,0
2019-01-13 20:45,41,11,30,0,0,0
2019-01-13 21:00,44,15,29,0,0,0
2019-01-13 21:15,34,4,30,0,0,0
2019-01-13 21:30,19,6,13,0,0,0
2019-01-13 21:45,32,6,26,0,0,0
2019-01-13 22:00,49,9,40,0,0,0
2019-01-13 22:15,35,9,26,0,0,0
2019-01-13 22:30,29,8,21,0,0,0
2019-01-13 22:45,24,10,14,0,0,0
2019-01-13 23:00,34,13,21,0,0,0
2019-01-13 23:15,22,11,11,0,0,0
2019-01-13 23:30,11,3,8,0,0,0
2019-01-13 23:45,14,4,10,0,0,0
2019-01-14 00:00,17,4,13,0,0,0
2019-01-14 00:15,21,4,17,0,0,0
2019-01-14 00:30,12,5,7,0,0,0
2019-01-14 00:45,3,2,1,0,0,0
2019-01-14 01:00,2,0,2,0,0,0
2019-01-14 01:15,4,2,2,0,0,0
2019-01-14 01:30,3,3,0,0,0,0
2019-01-14 01:45,8,7,1,0,0,0
2019-01-14 02:00,8,3,5,0,0,0
2019-01-14 02:15,1,0,1,0,0,0
2019-01-14 02:30,0,0,0,0,0,0
2019-01-14 02:45,4,0,4,0,0,0
2019-01-14 03:00,0,0,0,0,0,0
2019-01-14 03:15,2,0,2,0,0,0
2019-01-14 03:30,2,2,0,0,0,0
2019-01-14 03:45,1,1,0,0,0,0
2019-01-14 04:00,3,0,3,0,0,0
2019-01-14 04:15,2,1,1,0,0,0
2019-01-14 04:30,6,4,2,0,0,0
2019-01-14 04:45,5,2,3,0,0,0
2019-01-14 05:00,5,4,1,0,0,0
2019-01-14 05:15,6,6,0,0,0,0
2019-01-14 05:30,21,15,6,0,0,0
2019-01-14 05:45,20,10,10,0,0,0
2019-01-14 06:00,22,17,5,0,0,0
2019-01-14 06:15,21,20,1,0,0,0
2019-01-14 06:30,38,25,13,0,0,0
2019-01-14 06:45,67,47,20,0,0,0
2019-01-14 07:00,72,49,23,0,0,0
2019-01-14 07:15,109,83,26,0,0,0
2019-01-14 07:30,209,162,47,0,0,0
2019-01-14 07:45,280,182,98,0,0,0
2019-01-14 08:00,410,211,199,0,0,0
2019-01-14 08:15,318,167,151,0,0,0
2019-01-14 08:30,197,103,94,0,0,0
2019-01-14 08:45,248,143,105,0,0,0
2019-01-14 09:00,202,116,86,0,0,0
2019-01-14 09:15,146,78,68,0,0,0
2019-01-14 09:30,173,109,64,0,0,0
2019-01-14 09:45,328,206,122,0,0,0
2019-01-14 10:00,520,303,217,0,0,0
2019-01-14 10:15,204,84,120,0,0,0
2019-01-14 10:30,117,62,55,0,0,0
2019-01-14 10:45,124,64,60,0,0,0
2019-01-14 11:00,136,75,61,0,0,0
2019-01-14 11:15,145,75,70,0,0,0
2019-01-14 11:30,141,83,58,0,0,0
2019-01-14 11:45,282,172,110,0,0,0
2019-01-14 12:00,419,160,259,0,0,0
2019-01-14 12:15,208,88,120,0,0,0
2019-01-14 12:30,193,86,107,0,0,0
2019-01-14 12:45,207,114,93,0,0,0
2019-01-14 13:00,194,110,84,0,0,0
2019-01-14 13:15,183,79,104,0,0,0
2019-01-14 13:30,211,120,91,0,0,0
2019-01-14 13:45,325,188,137,0,0,0
2019-01-14 14:00,377,185,192,0,0,0
2019-01-14 14:15,192,89,103,0,0,0
2019-01-14 14:30,158,84,74,0,0,0
2019-01-14 14:45,163,82,81,0,0,0
2019-01-14 15:00,174,72,102,0,0,0
2019-01-14 15:15,182,86,96,0,0,0
2019-01-14 15:30,206,99,107,0,0,0
2019-01-14 15:45,409,277,132,0,0,0
2019-01-14 16:00,480,262,218,0,0,0
2019-01-14 16:15,257,129,128,0,0,0
2019-01-14 16:30,224,104,120,0,0,0
2019-01-14 16:45,234,117,117,0,0,0
2019-01-14 17:00,222,100,122,0,0,0
2019-01-14 17:15,274,139,135,0,0,0
2019-01-14 17:30,269,144,125,0,0,0
2019-01-14 17:45,415,200,215,0,0,0
2019-01-14 18:00,412,170,242,0,0,0
2019-01-14 18:15,297,118,179,0,0,0
2019-01-14 18:30,234,109,125,0,0,0
2019-01-14 18:45,242,116,126,0,0,0
2019-01-14 19:00,218,109,109,0,0,0
2019-01-14 19:15,247,118,129,0,0,0
2019-01-14 19:30,194,103,91,0,0,0
2019-01-14 19:45,257,121,136,0,0,0
2019-01-14 20:00,202,52,150,0,0,0
2019-01-14 20:15,155,50,105,0,0,0
2019-01-14 20:30,116,46,70,0,0,0
2019-01-14 20:45,95,46,49,0,0,0
2019-01-14 21:00,88,43,45,0,0,0
2019-01-14 21:15,84,33,51,0,0,0
2019-01-14 21:30,77,27,50,0,0,0
2019-01-14 21:45,92,36,56,0,0,0
2019-01-14 22:00,110,41,69,0,0,0
2019-01-14 22:15,87,42,45,0,0,0
2019-01-14 22:30,70,17,53,0,0,0
2019-01-14 22:45,74,22,52,0,0,0
2019-01-14 23:00,53,11,42,0,0,0
2019-01-14 23:15,59,22,37,0,0,0
2019-01-14 23:30,42,10,32,0,0,0
2019-01-14 23:45,34,7,27,0,0,0
2019-01-15 00:00,21,8,13,0,0,0
2019-01-15 00:15,15,1,14,0,0,0
2019-01-15 00:30,18,5,13,0,0,0
2019-01-15 00:45,11,2,9,0,0,0
2019-01-15 01:00,8,4,4,0,0,0
2019-01-15 01:15,9,3,6,0,0,0
2019-01-15 01:30,9,2,7,0,0,0
2019-01-15 01:45,7,1,6,0,0,0
2019-01-15 02:00,7,3,4,0,0,0
2019-01-15 02:15,4,2,2,0,0,0
2019-01-15 02:30,0,0,0,0,0,0
2019-01-15 02:45,2,0,2,0,0,0
2019-01-15 03:00,2,0,2,0,0,0
2019-01-15 03:15,8,3,5,0,0,0
2019-01-15 03:30,1,0,1,0,0,0
2019-01-15 03:45,0,0,0,0,0,0
2019-01-15 04:00,4,4,0,0,0,0
2019-01-15 04:15,1,0,1,0,0,0
2019-01-15 04:30,2,2,0,0,0,0
2019-01-15 04:45,11,9,2,0,0,0
2019-01-15 05:00,6,3,3,0,0,0
2019-01-15 05:15,12,11,1,0,0,0
2019-01-15 05:30,19,16,3,0,0,0
2019-01-15 05:45,26,14,12,0,0,0
2019-01-15 06:00,22,16,6,0,0,0
2019-01-15 06:15,34,32,2,0,0,0
2019-01-15 06:30,35,24,11,0,0,0
2019-01-15 06:45,82,59,23,0,0,0
2019-01-15 07:00,80,53,27,0,0,0
2019-01-15 07:15,128,91,37,0,0,0
2019-01-15 07:30,185,139,46,0,0,0
2019-01-15 07:45,339,210,129,0,0,0
2019-01-15 08:00,488,233,255,0,0,0
2019-01-15 08:15,351,185,166,0,0,0
2019-01-15 08:30,222,128,94,0,0,0
2019-01-15 08:45,247,172,75,0,0,0
2019-01-15 09:00,226,115,111,0,0,0
2019-01-15 09:15,173,107,66,0,0,0
2019-01-15 09:30,166,98,68,0,0,0
2019-01-15 09:45,319,206,113,0,0,0
2019-01-15 10:00,621,327,294,0,0,0
2019-01-15 10:15,197,83,114,0,0,0
2019-01-15 10:30,138,77,61,0,0,0
2019-01-15 10:45,159,83,76,0,0,0
2019-01-15 11:00,117,58,59,0,0,0
2019-01-15 11:15,164,75,89,0,0,0
2019-01-15 11:30,142,69,73,0,0,0
2019-01-15 11:45,368,227,141,0,0,0
2019-01-15 12:00,416,205,211,0,0,0
2019-01-15 12:15,218,101,117,0,0,0
2019-01-15 12:30,166,90,76,0,0,0
2019-01-15 12:45,183,103,80,0,0,0
2019-01-15 13:00,187,109,78,0,0,0
2019-01-15 13:15,220,91,129,0,0,0
2019-01-15 13:30,229,106,123,0,0,0
2019-01-15 13:45,323,202,121,0,0,0
2019-01-15 14:00,448,186,262,0,0,0
2019-01-15 14:15,241,125,116,0,0,0
2019-01-15 14:30,158,71,87,0,0,0
2019-01-15 14:45,172,81,91,0,0,0
2019-01-15 15:00,189,95,94,0,0,0
2019-01-15 15:15,172,74,98,0,0,0
2019-01-15 15:30,190,105,85,0,0,0
2019-01-15 15:45,457,281,176,0,0,0
2019-01-15 16:00,459,208,251,0,0,0
2019-01-15 16:15,301,131,170,0,0,0
2019-01-15 16:30,225,111,114,0,0,0
2019-01-15 16:45,245,124,121,0,0,0
2019-01-15 17:00,242,120,122,0,0,0
2019-01-15 17:15,237,119,118,0,0,0
2019-01-15 17:30,264,136,128,0,0,0
2019-01-15 17:45,423,216,207,0,0,0
2019-01-15 18:00,429,203,226,0,0,0
2019-01-15 18:15,298,140,158,0,0,0
2019-01-15 18:30,218,89,129,0,0,0
2019-01-15 18:45,233,99,134,0,0,0
2019-01-15 19:00,200,116,84,0,0,0
2019-01-15 19:15,243,128,115,0,0,0
2019-01-15 19:30,191,94,97,0,0,0
2019-01-15 19:45,259,130,129,0,0,0
2019-01-15 20:00,205,83,122,0,0,0
2019-01-15 20:15,175,90,85,0,0,0
2019-01-15 20:30,147,62,85,0,0,0
2019-01-15 20:45,85,42,43,0,0,0
2019-01-15 21:00,107,44,63,0,0,0
2019-01-15 21:15,136,43,93,0,0,0
2019-01-15 21:30,87,43,44,0,0,0
2019-01-15 21:45,93,21,72,0,0,0
2019-01-15 22:00,115,32,83,0,0,0
2019-01-15 22:15,139,58,81,0,0,0
2019-01-15 22:30,111,28,83,0,0,0
2019-01-15 22:45,89,26,63,0,0,0
2019-01-15 23:00,62,18,44,0,0,0
2019-01-15 23:15,47,19,28,0,0,0
2019-01-15 23:30,49,19,30,0,0,0
2019-01-15 23:45,26,9,17,0,0,0
2019-01-16 00:00,27,2,25,0,0,0
2019-01-16 00:15,27,10,17,0,0,0
2019-01-16 00:30,20,8,12,0,0,0
2019-01-16 00:45,19,6,13,0,0,0
2019-01-16 01:00,13,5,8,0,0,0
2019-01-16 01:15,17,6,11,0,0,0
2019-01-16 01:30,7,2,5,0,0,0
2019-01-16 01:45,14,4,10,0,0,0
2019-01-16 02:00,22,4,18,0,0,0
2019-01-16 02:15,8,2,6,0,0,0
2019-01-16 02:30,3,1,2,0,0,0
2019-01-16 02:45,2,0,2,0,0,0
2019-01-16 03:00,4,1,3,0,0,0
2019-01-16 03:15,2,1,1,0,0,0
2019-01-16 03:30,3,0,3,0,0,0
2019-01-16 03:45,2,0,2,0,0,0
2019-01-16 04:00,3,1,2,0,0,0
2019-01-16 04:15,5,4,1,0,0,0
2019-01-16 04:30,1,1,0,0,0,0
2019-01-16 04:45,8,5,3,0,0,0
2019-01-16 05:00,6,4,2,0,0,0
2019-01-16 05:15,10,8,2,0,0,0
2019-01-16 05:30,22,14,8,0,0,0
2019-01-16 05:45,20,11,9,0,0,0
2019-01-16 06:00,22,16,6,0,0,0
2019-01-16 06:15,30,29,1,0,0,0
2019-01-16 06:30,52,34,18,0,0,0
2019-01-16 06:45,75,57,18,0,0,0
2019-01-16 07:00,73,53,20,0,0,0
2019-01-16 07:15,113,89,24,0,0,0
2019-01-16 07:30,214,156,58,0,0,0
2019-01-16 07:45,334,227,107,0,0,0
2019-01-16 08:00,489,225,264,0,0,0
2019-01-16 08:15,393,198,195,0,0,0
2019-01-16 08:30,223,130,93,0,0,0
2019-01-16 08:45,257,154,103,0,0,0
2019-01-16 09:00,187,103,84,0,0,0
2019-01-16 09:15,145,85,60,0,0,0
2019-01-16 09:30,157,111,46,0,0,0
2019-01-16 09:45,356,228,128,0,0,0
2019-01-16 10:00,510,277,233,0,0,0
2019-01-16 10:15,199,93,106,0,0,0
2019-01-16 10:30,134,74,60,0,0,0
2019-01-16 10:45,146,72,74,0,0,0
2019-01-16 11:00,142,76,66,0,0,0
2019-01-16 11:15,117,67,50,0,0,0
2019-01-16 11:30,194,97,97,0,0,0
2019-01-16 11:45,332,242,90,0,0,0
2019-01-16 12:00,410,192,218,0,0,0
2019-01-16 12:15,236,94,142,0,0,0
2019-01-16 12:30,206,119,87,0,0,0
2019-01-16 12:45,190,112,78,0,0,0
2019-01-16 13:00,180,80,100,0,0,0
2019-01-16 13:15,206,121,85,0,0,0
2019-01-16 13:30,198,112,86,0,0,0
2019-01-16 13:45,353,213,140,0,0,0
2019-01-16 14:00,382,199,183,0,0,0
2019-01-16 14:15,205,87,118,0,0,0
2019-01-16 14:30,148,76,72,0,0,0
2019-01-16 14:45,202,95,107,0,0,0
2019-01-16 15:00,177,75,102,0,0,0
2019-01-16 15:15,200,101,99,0,0,0
2019-01-16 15:30,220,116,104,0,0,0
2019-01-16 15:45,353,177,176,0,0,0
2019-01-16 16:00,384,181,203,0,0,0
2019-01-16 16:15,258,119,139,0,0,0
2019-01-16 16:30,211,95,116,0,0,0
2019-01-16 16:45,230,130,100,0,0,0
2019-01-16 17:00,244,135,109,0,0,0
2019-01-16 17:15,251,139,112,0,0,0
2019-01-16 17:30,294,161,133,0,0,0
2019-01-16 17:45,402,232,170,0,0,0
2019-01-16 18:00,358,178,180,0,0,0
2019-01-16 18:15,270,120,150,0,0,0
2019-01-16 18:30,223,89,134,0,0,0
2019-01-16 18:45,220,109,111,0,0,0
2019-01-16 19:00,230,114,116,0,0,0
2019-01-16 19:15,209,108,101,0,0,0
2019-01-16 19:30,183,94,89,0,0,0
2019-01-16 19:45,313,147,166,0,0,0
2019-01-16 20:00,241,98,143,0,0,0
2019-01-16 20:15,214,75,139,0,0,0
2019-01-16 20:30,151,51,100,0,0,0
2019-01-16 20:45,123,54,69,0,0,0
2019-01-16 21:00,112,47,65,0,0,0
2019-01-16 21:15,83,26,57,0,0,0
2019-01-16 21:30,97,41,56,0,0,0
2019-01-16 21:45,98,40,58,0,0,0
2019-01-16 22:00,105,38,67,0,0,0
2019-01-16 22:15,143,66,77,0,0,0
2019-01-16 22:30,139,39,100,0,0,0
2019-01-16 22:45,112,25,87,0,0,0
2019-01-16 23:00,90,33,57,0,0,0
2019-01-16 23:15,64,17,47,0,0,0
2019-01-16 23:30,53,18,35,0,0,0
2019-01-16 23:45,44,13,31,0,0,0
2019-01-17 00:00,41,17,24,0,0,0
2019-01-17 00:15,31,7,24,0,0,0
2019-01-17 00:30,34,11,23,0,0,0
2019-01-17 00:45,23,11,12,0,0,0
2019-01-17 01:00,25,7,18,0,0,0
2019-01-17 01:15,25,10,15,0,0,0
2019-01-17 01:30,15,0,15,0,0,0
2019-01-17 01:45,9,1,8,0,0,0
2019-01-17 02:00,11,1,10,0,0,0
2019-01-17 02:15,17,0,17,0,0,0
2019-01-17 02:30,3,2,1,0,0,0
2019-01-17 02:45,19,3,16,0,0,0
2019-01-17 03:00,7,0,7,0,0,0
2019-01-17 03:15,5,3,2,0,0,0
2019-01-17 03:30,1,1,0,0,0,0
2019-01-17 03:45,5,0,5,0,0,0
2019-01-17 04:00,3,2,1,0,0,0
2019-01-17 04:15,4,0,4,0,0,0
2019-01-17 04:30,4,3,1,0,0,0
2019-01-17 04:45,8,5,3,0,0,0
2019-01-17 05:00,13,7,6,0,0,0
2019-01-17 05:15,8,6,2,0,0,0
2019-01-17 05:30,23,11,12,0,0,0
2019-01-17 05:45,16,12,4,0,0,0
2019-01-17 06:00,19,12,7,0,0,0
2019-01-17 06:15,33,30,3,0,0,0
2019-01-17 06:30,38,27,11,0,0,0
2019-01-17 06:45,71,53,18,0,0,0
2019-01-17 07:00,66,48,18,0,0,0
2019-01-17 07:15,117,90,27,0,0,0
2019-01-17 07:30,198,150,48,0,0,0
2019-01-17 07:45,300,201,99,0,0,0
2019-01-17 08:00,470,214,256,0,0,0
2019-01-17 08:15,384,180,204,0,0,0
2019-01-17 08:30,200,102,98,0,0,0
2019-01-17 08:45,214,125,89,0,0,0
2019-01-17 09:00,204,105,99,0,0,0
2019-01-17 09:15,173,102,71,0,0,0
2019-01-17 09:30,140,97,43,0,0,0
2019-01-17 09:45,306,187,119,0,0,0
2019-01-17 10:00,558,352,206,0,0,0
2019-01-17 10:15,208,82,126,0,0,0
2019-01-17 10:30,136,75,61,0,0,0
2019-01-17 10:45,138,84,54,0,0,0
2019-01-17 11:00,116,65,51,0,0,0
2019-01-17 11:15,168,79,89,0,0,0
2019-01-17 11:30,165,91,74,0,0,0
2019-01-17 11:45,307,165,142,0,0,0
2019-01-17 12:00,348,137,211,0,0,0
2019-01-17 12:15,191,96,95,0,0,0
2019-01-17 12:30,164,79,85,0,0,0
2019-01-17 12:45,134,70,64,0,0,0
2019-01-17 13:00,147,78,69,0,0,0
2019-01-17 13:15,148,72,76,0,0,0
2019-01-17 13:30,141,77,64,0,0,0
2019-01-17 13:45,262,140,122,0,0,0
2019-01-17 14:00,389,202,187,0,0,0
2019-01-17 14:15,213,99,114,0,0,0
2019-01-17 14:30,125,59,66,0,0,0
2019-01-17 14:45,139,77,62,0,0,0
2019-01-17 15:00,142,78,64,0,0,0
2019-01-17 15:15,150,91,59,0,0,0
2019-01-17 15:30,189,108,81,0,0,0
2019-01-17 15:45,348,195,153,0,0,0
2019-01-17 16:00,407,186,221,0,0,0
2019-01-17 16:15,221,111,110,0,0,0
2019-01-17 16:30,192,99,93,0,0,0
2019-01-17 16:45,230,134,96,0,0,0
2019-01-17 17:00,197,99,98,0,0,0
2019-01-17 17:15,205,117,88,0,0,0
2019-01-17 17:30,241,123,118,0,0,0
2019-01-17 17:45,327,163,164,0,0,0
2019-01-17 18:00,360,157,203,0,0,0
2019-01-17 18:15,251,118,133,0,0,0
2019-01-17 18:30,222,113,109,0,0,0
2019-01-17 18:45,268,141,127,0,0,0
2019-01-17 19:00,182,89,93,0,0,0
2019-01-17 19:15,183,97,86,0,0,0
2019-01-17 19:30,153,82,71,0,0,0
2019-01-17 19:45,219,101,118,0,0,0
2019-01-17 20:00,174,84,90,0,0,0
2019-01-17 20:15,140,70,70,0,0,0
2019-01-17 20:30,110,45,65,0,0,0
2019-01-17 20:45,106,35,71,0,0,0
2019-01-17 21:00,95,34,61,0,0,0
2019-01-17 21:15,107,41,66,0,0,0
2019-01-17 21:30,80,28,52,0,0,0
2019-01-17 21:45,101,21,80,0,0,0
2019-01-17 22:00,119,27,92,0,0,0
2019-01-17 22:15,90,34,56,0,0,0
2019-01-17 22:30,75,17,58,0,0,0
2019-01-17 22:45,60,22,38,0,0,0
2019-01-17 23:00,49,21,28,0,0,0
2019-01-17 23:15,70,22,48,0,0,0
2019-01-17 23:30,46,10,36,0,0,0
2019-01-17 23:45,40,13,27,0,0,0
2019-01-18 00:00,36,4,32,0,0,0
2019-01-18 00:15,27,11,16,0,0,0
2019-01-18 00:30,18,4,14,0,0,0
2019-01-18 00:45,15,2,13,0,0,0
2019-01-18 01:00,15,7,8,0,0,0
2019-01-18 01:15,24,4,20,0,0,0
2019-01-18 01:30,15,2,13,0,0,0
2019-01-18 01:45,10,1,9,0,0,0
2019-01-18 02:00,10,0,10,0,0,0
2019-01-18 02:15,4,0,4,0,0,0
2019-01-18 02:30,3,0,3,0,0,0
2019-01-18 02:45,5,2,3,0,0,0
2019-01-18 03:00,0,0,0,0,0,0
2019-01-18 03:15,4,3,1,0,0,0
2019-01-18 03:30,4,2,2,0,0,0
2019-01-18 03:45,4,4,0,0,0,0
2019-01-18 04:00,10,0,10,0,0,0
2019-01-18 04:15,0,0,0,0,0,0
2019-01-18 04:30,5,4,1,0,0,0
2019-01-18 04:45,7,6,1,0,0,0
2019-01-18 05:00,11,6,5,0,0,0
2019-01-18 05:15,8,7,1,0,0,0
2019-01-18 05:30,22,15,7,0,0,0
2019-01-18 05:45,17,11,6,0,0,0
2019-01-18 06:00,20,12,8,0,0,0
2019-01-18 06:15,30,27,3,0,0,0
2019-01-18 06:30,39,32,7,0,0,0
2019-01-18 06:45,47,34,13,0,0,0
2019-01-18 07:00,74,53,21,0,0,0
2019-01-18 07:15,82,58,24,0,0,0
2019-01-18 07:30,162,123,39,0,0,0
2019-01-18 07:45,270,168,102,0,0,0
2019-01-18 08:00,339,195,144,0,0,0
2019-01-18 08:15,266,133,133,0,0,0
2019-01-18 08:30,174,99,75,0,0,0
2019-01-18 08:45,229,127,102,0,0,0
2019-01-18 09:00,218,122,96,0,0,0
2019-01-18 09:15,130,74,56,0,0,0
2019-01-18 09:30,168,102,66,0,0,0
2019-01-18 09:45,259,142,117,0,0,0
2019-01-18 10:00,387,235,152,0,0,0
2019-01-18 10:15,167,75,92,0,0,0
2019-01-18 10:30,113,58,55,0,0,0
2019-01-18 10:45,103,58,45,0,0,0
2019-01-18 11:00,145,83,62,0,0,0
2019-01-18 11:15,144,82,62,0,0,0
2019-01-18 11:30,125,72,53,0,0,0
2019-01-18 11:45,238,149,89,0,0,0
2019-01-18 12:00,296,146,150,0,0,0
2019-01-18 12:15,197,102,95,0,0,0
2019-01-18 12:30,181,108,73,0,0,0
2019-01-18 12:45,214,118,96,0,0,0
2019-01-18 13:00,191,94,97,0,0,0
2019-01-18 13:15,213,100,113,0,0,0
2019-01-18 13:30,207,123,84,0,0,0
2019-01-18 13:45,290,191,99,0,0,0
2019-01-18 14:00,266,138,128,0,0,0
2019-01-18 14:15,210,100,110,0,0,0
2019-01-18 14:30,176,89,87,0,0,0
2019-01-18 14:45,206,104,102,0,0,0
2019-01-18 15:00,198,113,85,0,0,0
2019-01-18 15:15,207,95,112,0,0,0
2019-01-18 15:30,157,82,75,0,0,0
2019-01-18 15:45,233,140,93,0,0,0
2019-01-18 16:00,224,109,115,0,0,0
2019-01-18 16:15,225,117,108,0,0,0
2019-01-18 16:30,173,94,79,0,0,0
2019-01-18 16:45,209,113,96,0,0,0
2019-01-18 17:00,205,98,107,0,0,0
2019-01-18 17:15,184,91,93,0,0,0
2019-01-18 17:30,164,76,88,0,0,0
2019-01-18 17:45,185,74,111,0,0,0
2019-01-18 18:00,211,109,102,0,0,0
2019-01-18 18:15,171,75,96,0,0,0
2019-01-18 18:30,206,78,128,0,0,0
2019-01-18 18:45,192,93,99,0,0,0
2019-01-18 19:00,183,70,113,0,0,0
2019-01-18 19:15,145,79,66,0,0,0
2019-01-18 19:30,159,76,83,0,0,0
2019-01-18 19:45,135,77,58,0,0,0
2019-01-18 20:00,205,98,107,0,0,0
2019-01-18 20:15,143,64,79,0,0,0
2019-01-18 20:30,108,61,47,0,0,0
2019-01-18 20:45,95,52,43,0,0,0
2019-01-18 21:00,85,48,37,0,0,0
2019-01-18 21:15,76,45,31,0,0,0
2019-01-18 21:30,81,41,40,0,0,0
2019-01-18 21:45,69,26,43,0,0,0
2019-01-18 22:00,64,32,32,0,0,0
2019-01-18 22:15,59,25,34,0,0,0
2019-01-18 22:30,76,30,46,0,0,0
2019-01-18 22:45,68,27,41,0,0,0
2019-01-18 23:00,70,18,52,0,0,0
2019-01-18 23:15,56,20,36,0,0,0
2019-01-18 23:30,79,17,62,0,0,0
2019-01-18 23:45,57,24,33,0,0,0
2019-01-19 00:00,50,18,32,0,0,0
2019-01-19 00:15,57,20,37,0,0,0
2019-01-19 00:30,65,31,34,0,0,0
2019-01-19 00:45,58,27,31,0,0,0
2019-01-19 01:00,52,17,35,0,0,0
2019-01-19 01:15,45,13,32,0,0,0
2019-01-19 01:30,38,20,18,0,0,0
2019-01-19 01:45,48,19,29,0,0,0
2019-01-19 02:00,42,11,31,0,0,0
2019-01-19 02:15,42,15,27,0,0,0
2019-01-19 02:30,50,24,26,0,0,0
2019-01-19 02:45,31,21,10,0,0,0
2019-01-19 03:00,32,15,17,0,0,0
2019-01-19 03:15,39,11,28,0,0,0
2019-01-19 03:30,17,4,13,0,0,0
2019-01-19 03:45,16,9,7,0,0,0
2019-01-19 04:00,21,6,15,0,0,0
2019-01-19 04:15,10,1,9,0,0,0
2019-01-19 04:30,12,0,12,0,0,0
2019-01-19 04:45,14,7,7,0,0,0
2019-01-19 05:00,8,3,5,0,0,0
2019-01-19 05:15,10,5,5,0,0,0
2019-01-19 05:30,6,3,3,0,0,0
2019-01-19 05:45,19,7,12,0,0,0
2019-01-19 06:00,5,5,0,0,0,0
2019-01-19 06:15,4,1,3,0,0,0
2019-01-19 06:30,9,6,3,0,0,0
2019-01-19 06:45,7,3,4,0,0,0
2019-01-19 07:00,10,4,6,0,0,0
2019-01-19 07:15,5,5,0,0,0,0
2019-01-19 07:30,24,21,3,0,0,0
2019-01-19 07:45,68,59,9,0,0,0
2019-01-19 08:00,67,52,15,0,0,0
2019-01-19 08:15,47,36,11,0,0,0
2019-01-19 08:30,45,39,6,0,0,0
2019-01-19 08:45,75,48,27,0,0,0
2019-01-19 09:00,68,40,28,0,0,0
2019-01-19 09:15,65,49,16,0,0,0
2019-01-19 09:30,68,47,21,0,0,0
2019-01-19 09:45,141,103,38,0,0,0
2019-01-19 10:00,94,69,25,0,0,0
2019-01-19 10:15,96,61,35,0,0,0
2019-01-19 10:30,72,44,28,0,0,0
2019-01-19 10:45,119,95,24,0,0,0
2019-01-19 11:00,101,64,37,0,0,0
2019-01-19 11:15,101,67,34,0,0,0
2019-01-19 11:30,92,61,31,0,0,0
2019-01-19 11:45,114,79,35,0,0,0
2019-01-19 12:00,122,72,50,0,0,0
2019-01-19 12:15,126,85,41,0,0,0
2019-01-19 12:30,140,86,54,0,0,0
2019-01-19 12:45,129,80,49,0,0,0
2019-01-19 13:00,138,80,58,0,0,0
2019-01-19 13:15,123,76,47,0,0,0
2019-01-19 13:30,132,76,56,0,0,0
2019-01-19 13:45,141,67,74,0,0,0
2019-01-19 14:00,147,71,76,0,0,0
2019-01-19 14:15,114,65,49,0,0,0
2019-01-19 14:30,144,56,88,0,0,0
2019-01-19 14:45,144,72,72,0,0,0
2019-01-19 15:00,143,69,74,0,0,0
2019-01-19 15:15,114,49,65,0,0,0
2019-01-19 15:30,126,56,70,0,0,0
2019-01-19 15:45,135,66,69,0,0,0
2019-01-19 16:00,108,42,66,0,0,0
2019-01-19 16:15,117,51,66,0,0,0
2019-01-19 16:30,114,41,73,0,0,0
2019-01-19 16:45,124,61,63,0,0,0
2019-01-19 17:00,113,49,64,0,0,0
2019-01-19 17:15,109,45,64,0,0,0
2019-01-19 17:30,95,41,54,0,0,0
2019-01-19 17:45,123,53,70,0,0,0
2019-01-19 18:00,110,47,63,0,0,0
2019-01-19 18:15,121,55,66,0,0,0
2019-01-19 18:30,104,41,63,0,0,0
2019-01-19 18:45,140,71,69,0,0,0
2019-01-19 19:00,102,40,62,0,0,0
2019-01-19 19:15,91,49,42,0,0,0
2019-01-19 19:30,79,35,44,0,0,0
2019-01-19 19:45,121,56,65,0,0,0
2019-01-19 20:00,120,51,69,0,0,0
2019-01-19 20:15,100,52,48,0,0,0
2019-01-19 20:30,80,41,39,0,0,0
2019-01-19 20:45,69,40,29,0,0,0
2019-01-19 21:00,61,29,32,0,0,0
2019-01-19 21:15,53,27,26,0,0,0
2019-01-19 21:30,52,28,24,0,0,0
2019-01-19 21:45,75,21,54,0,0,0
2019-01-19 22:00,55,19,36,0,0,0
2019-01-19 22:15,66,23,43,0,0,0
2019-01-19 22:30,47,13,34,0,0,0
2019-01-19 22:45,52,24,28,0,0,0
2019-01-19 23:00,65,20,45,0,0,0
2019-01-19 23:15,41,11,30,0,0,0
2019-01-19 23:30,57,19,38,0,0,0
2019-01-19 23:45,54,23,31,0,0,0
2019-01-20 00:00,50,20,30,0,0,0
2019-01-20 00:15,55,21,34,0,0,0
2019-01-20 00:30,42,17,25,0,0,0
2019-01-20 00:45,61,25,36,0,0,0
2019-01-20 01:00,54,24,30,0,0,0
2019-01-20 01:15,35,7,28,0,0,0
2019-01-20 01:30,44,14,30,0,0,0
2019-01-20 01:45,19,10,9,0,0,0
2019-01-20 02:00,29,5,24,0,0,0
2019-01-20 02:15,34,10,24,0,0,0
2019-01-20 02:30,24,8,16,0,0,0
2019-01-20 02:45,19,1,18,0,0,0
2019-01-20 03:00,28,7,21,0,0,0
2019-01-20 03:15,15,2,13,0,0,0
2019-01-20 03:30,11,2,9,0,0,0
2019-01-20 03:45,8,0,8,0,0,0
2019-01-20 04:00,8,0,8,0,0,0
2019-01-20 04:15,23,9,14,0,0,0
2019-01-20 04:30,11,2,9,0,0,0
2019-01-20 04:45,10,1,9,0,0,0
2019-01-20 05:00,7,1,6,0,0,0
2019-01-20 05:15,7,4,3,0,0,0
2019-01-20 05:30,10,4,6,0,0,0
2019-01-20 05:45,9,4,5,0,0,0
2019-01-20 06:00,7,3,4,0,0,0
2019-01-20 06:15,9,4,5,0,0,0
2019-01-20 06:30,5,3,2,0,0,0
2019-01-20 06:45,4,1,3,0,0,0
2019-01-20 07:00,3,2,1,0,0,0
2019-01-20 07:15,6,4,2,0,0,0
2019-01-20 07:30,6,3,3,0,0,0
2019-01-20 07:45,42,38,4,0,0,0
2019-01-20 08:00,37,32,5,0,0,0
2019-01-20 08:15,37,28,9,0,0,0
2019-01-20 08:30,28,25,3,0,0,0
2019-01-20 08:45,26,21,5,0,0,0
2019-01-20 09:00,27,13,14,0,0,0
2019-01-20 09:15,31,21,10,0,0,0
2019-01-20 09:30,45,22,23,0,0,0
2019-01-20 09:45,65,55,10,0,0,0
2019-01-20 10:00,42,29,13,0,0,0
2019-01-20 10:15,41,32,9,0,0,0
2019-01-20 10:30,42,24,18,0,0,0
2019-01-20 10:45,51,34,17,0,0,0
2019-01-20 11:00,57,22,35,0,0,0
2019-01-20 11:15,37,18,19,0,0,0
2019-01-20 11:30,54,31,23,0,0,0
2019-01-20 11:45,78,43,35,0,0,0
2019-01-20 12:00,87,39,48,0,0,0
2019-01-20 12:15,91,36,55,0,0,0
2019-01-20 12:30,66,31,35,0,0,0
2019-01-20 12:45,82,41,41,0,0,0
2019-01-20 13:00,78,38,40,0,0,0
2019-01-20 13:15,90,50,40,0,0,0
2019-01-20 13:30,76,39,37,0,0,0
2019-01-20 13:45,112,59,53,0,0,0
2019-01-20 14:00,96,47,49,0,0,0
2019-01-20 14:15,115,69,46,0,0,0
2019-01-20 14:30,109,56,53,0,0,0
2019-01-20 14:45,135,71,64,0,0,0
2019-01-20 15:00,110,43,67,0,0,0
2019-01-20 15:15,118,60,58,0,0,0
2019-01-20 15:30,105,63,42,0,0,0
2019-01-20 15:45,98,55,43,0,0,0
2019-01-20 16:00,114,63,51,0,0,0
2019-01-20 16:15,127,68,59,0,0,0
2019-01-20 16:30,98,53,45,0,0,0
2019-01-20 16:45,109,54,55,0,0,0
2019-01-20 17:00,94,37,57,0,0,0
2019-01-20 17:15,98,47,51,0,0,0
2019-01-20 17:30,114,56,58,0,0,0
2019-01-20 17:45,96,44,52,0,0,0
2019-01-20 18:00,90,37,53,0,0,0
2019-01-20 18:15,96,42,54,0,0,0
2019-01-20 18:30,82,33,49,0,0,0
2019-01-20 18:45,108,58,50,0,0,0
2019-01-20 19:00,63,29,34,0,0,0
2019-01-20 19:15,68,30,38,0,0,0
2019-01-20 19:30,63,24,39,0,0,0
2019-01-20 19:45,64,27,37,0,0,0
2019-01-20 20:00,90,37,53,0,0,0
2019-01-20 20:15,68,27,41,0,0,0
2019-01-20 20:30,61,12,49,0,0,0
2019-01-20 20:45,71,17,54,0,0,0
2019-01-20 21:00,52,12,40,0,0,0
2019-01-20 21:15,44,7,37,0,0,0
2019-01-20 21:30,41,9,32,0,0,0
2019-01-20 21:45,66,18,48,0,0,0
2019-01-20 22:00,42,8,34,0,0,0
2019-01-20 22:15,31,11,20,0,0,0
2019-01-20 22:30,36,14,22,0,0,0
2019-01-20 22:45,32,7,25,0,0,0
2019-01-20 23:00,15,5,10,0,0,0
2019-01-20 23:15,21,3,18,0,0,0
2019-01-20 23:30,11,6,5,0,0,0
2019-01-20 23:45,17,5,12,0,0,0
2019-01-21 00:00,13,4,9,0,0,0
2019-01-21 00:15,9,3,6,0,0,0
2019-01-21 00:30,23,12,11,0,0,0
2019-01-21 00:45,17,4,13,0,0,0
2019-01-21 01:00,7,5,2,0,0,0
2019-01-21 01:15,4,1,3,0,0,0
2019-01-21 01:30,7,2,5,0,0,0
2019-01-21 01:45,4,2,2,0,0,0
2019-01-21 02:00,3,1,2,0,0,0
2019-01-21 02:15,2,0,2,0,0,0
2019-01-21 02:30,1,0,1,0,0,0
2019-01-21 02:45,1,1,0,0,0,0
2019-01-21 03:00,0,0,0,0,0,0
2019-01-21 03:15,2,2,0,0,0,0
2019-01-21 03:30,1,1,0,0,0,0
2019-01-21 03:45,1,1,0,0,0,0
2019-01-21 04:00,0,0,0,0,0,0
2019-01-21 04:15,3,2,1,0,0,0
2019-01-21 04:30,9,4,5,0,0,0
2019-01-21 04:45,4,3,1,0,0,0
2019-01-21 05:00,9,7,2,0,0,0
2019-01-21 05:15,7,5,2,0,0,0
2019-01-21 05:30,19,14,5,0,0,0
2019-01-21 05:45,19,12,7,0,0,0
2019-01-21 06:00,20,13,7,0,0,0
2019-01-21 06:15,32,26,6,0,0,0
2019-01-21 06:30,54,33,21,0,0,0
2019-01-21 06:45,61,48,13,0,0,0
2019-01-21 07:00,78,55,23,0,0,0
2019-01-21 07:15,103,82,21,0,0,0
2019-01-21 07:30,184,141,43,0,0,0
2019-01-21 07:45,290,197,93,0,0,0
2019-01-21 08:00,334,202,132,0,0,0
2019-01-21 08:15,339,176,163,0,0,0
2019-01-21 08:30,175,111,64,0,0,0
2019-01-21 08:45,225,138,87,0,0,0
2019-01-21 09:00,185,103,82,0,0,0
2019-01-21 09:15,156,104,52,0,0,0
2019-01-21 09:30,140,89,51,0,0,0
2019-01-21 09:45,267,165,102,0,0,0
2019-01-21 10:00,373,199,174,0,0,0
2019-01-21 10:15,187,87,100,0,0,0
2019-01-21 10:30,101,45,56,0,0,0
2019-01-21 10:45,108,60,48,0,0,0
2019-01-21 11:00,123,62,61,0,0,0
2019-01-21 11:15,142,56,86,0,0,0
2019-01-21 11:30,150,85,65,0,0,0
2019-01-21 11:45,263,155,108,0,0,0
2019-01-21 12:00,313,148,165,0,0,0
2019-01-21 12:15,182,73,109,0,0,0
2019-01-21 12:30,160,73,87,0,0,0
2019-01-21 12:45,194,100,94,0,0,0
2019-01-21 13:00,185,93,92,0,0,0
2019-01-21 13:15,184,80,104,0,0,0
2019-01-21 13:30,159,80,79,0,0,0
2019-01-21 13:45,261,141,120,0,0,0
2019-01-21 14:00,321,154,167,0,0,0
2019-01-21 14:15,234,101,133,0,0,0
2019-01-21 14:30,168,82,86,0,0,0
2019-01-21 14:45,176,77,99,0,0,0
2019-01-21 15:00,146,53,93,0,0,0
2019-01-21 15:15,179,96,83,0,0,0
2019-01-21 15:30,229,117,112,0,0,0
2019-01-21 15:45,346,201,145,0,0,0
2019-01-21 16:00,373,191,182,0,0,0
2019-01-21 16:15,260,114,146,0,0,0
2019-01-21 16:30,177,84,93,0,0,0
2019-01-21 16:45,204,90,114,0,0,0
2019-01-21 17:00,249,113,136,0,0,0
2019-01-21 17:15,244,108,136,0,0,0
2019-01-21 17:30,252,127,125,0,0,0
2019-01-21 17:45,341,165,176,0,0,0
2019-01-21 18:00,302,113,189,0,0,0
2019-01-21 18:15,282,98,184,0,0,0
2019-01-21 18:30,180,73,107,0,0,0
2019-01-21 18:45,211,97,114,0,0,0
2019-01-21 19:00,168,75,93,0,0,0
2019-01-21 19:15,206,99,107,0,0,0
2019-01-21 19:30,175,61,114,0,0,0
2019-01-21 19:45,238,98,140,0,0,0
2019-01-21 20:00,187,63,124,0,0,0
2019-01-21 20:15,166,71,95,0,0,0
2019-01-21 20:30,118,42,76,0,0,0
2019-01-21 20:45,113,41,72,0,0,0
2019-01-21 21:00,117,49,68,0,0,0
2019-01-21 21:15,73,22,51,0,0,0
2019-01-21 21:30,91,32,59,0,0,0
2019-01-21 21:45,75,25,50,0,0,0
2019-01-21 22:00,91,32,59,0,0,0
2019-01-21 22:15,85,34,51,0,0,0
2019-01-21 22:30,84,33,51,0,0,0
2019-01-21 22:45,75,27,48,0,0,0
2019-01-21 23:00,57,17,40,0,0,0
2019-01-21 23:15,34,14,20,0,0,0
2019-01-21 23:30,42,15,27,0,0,0
2019-01-21 23:45,30,9,21,0,0,0
2019-01-22 00:00,20,2,18,0,0,0
2019-01-22 00:15,8,2,6,0,0,0
2019-01-22 00:30,12,4,8,0,0,0
2019-01-22 00:45,14,9,5,0,0,0
2019-01-22 01:00,10,5,5,0,0,0
2019-01-22 01:15,3,2,1,0,0,0
2019-01-22 01:30,3,2,1,0,0,0
2019-01-22 01:45,7,1,6,0,0,0
2019-01-22 02:00,4,1,3,0,0,0
2019-01-22 02:15,10,3,7,0,0,0
2019-01-22 02:30,8,2,6,0,0,0
2019-01-22 02:45,1,0,1,0,0,0
2019-01-22 03:00,5,4,1,0,0,0
2019-01-22 03:15,1,0,1,0,0,0
2019-01-22 03:30,1,1,0,0,0,0
2019-01-22 03:45,2,0,2,0,0,0
2019-01-22 04:00,2,1,1,0,0,0
2019-01-22 04:15,0,0,0,0,0,0
2019-01-22 04:30,3,2,1,0,0,0
2019-01-22 04:45,6,4,2,0,0,0
2019-01-22 05:00,9,7,2,0,0,0
2019-01-22 05:15,8,7,1,0,0,0
2019-01-22 05:30,12,11,1,0,0,0
2019-01-22 05:45,26,15,11,0,0,0
2019-01-22 06:00,27,22,5,0,0,0
2019-01-22 06:15,38,31,7,0,0,0
2019-01-22 06:30,40,32,8,0,0,0
2019-01-22 06:45,63,46,17,0,0,0
2019-01-22 07:00,83,59,24,0,0,0
2019-01-22 07:15,118,88,30,0,0,0
2019-01-22 07:30,203,152,51,0,0,0
2019-01-22 07:45,340,243,97,0,0,0
2019-01-22 08:00,457,242,215,0,0,0
2019-01-22 08:15,365,202,163,0,0,0
2019-01-22 08:30,193,127,66,0,0,0
2019-01-22 08:45,249,168,81,0,0,0
2019-01-22 09:00,204,119,85,0,0,0
2019-01-22 09:15,142,88,54,0,0,0
2019-01-22 09:30,159,102,57,0,0,0
2019-01-22 09:45,311,200,111,0,0,0
2019-01-22 10:00,407,199,208,0,0,0
2019-01-22 10:15,195,74,121,0,0,0
2019-01-22 10:30,132,57,75,0,0,0
2019-01-22 10:45,135,73,62,0,0,0
2019-01-22 11:00,94,49,45,0,0,0
2019-01-22 11:15,135,64,71,0,0,0
2019-01-22 11:30,154,90,64,0,0,0
2019-01-22 11:45,322,211,111,0,0,0
2019-01-22 12:00,356,202,154,0,0,0
2019-01-22 12:15,177,89,88,0,0,0
2019-01-22 12:30,157,68,89,0,0,0
2019-01-22 12:45,192,98,94,0,0,0
2019-01-22 13:00,188,95,93,0,0,0
2019-01-22 13:15,202,92,110,0,0,0
2019-01-22 13:30,198,87,111,0,0,0
2019-01-22 13:45,309,155,154,0,0,0
2019-01-22 14:00,374,178,196,0,0,0
2019-01-22 14:15,212,102,110,0,0,0
2019-01-22 14:30,162,77,85,0,0,0
2019-01-22 14:45,183,96,87,0,0,0
2019-01-22 15:00,158,62,96,0,0,0
2019-01-22 15:15,185,84,101,0,0,0
2019-01-22 15:30,202,99,103,0,0,0
2019-01-22 15:45,321,184,137,0,0,0
2019-01-22 16:00,423,171,252,0,0,0
2019-01-22 16:15,251,96,155,0,0,0
2019-01-22 16:30,185,83,102,0,0,0
2019-01-22 16:45,237,119,118,0,0,0
2019-01-22 17:00,189,91,98,0,0,0
2019-01-22 17:15,234,115,119,0,0,0
2019-01-22 17:30,231,118,113,0,0,0
2019-01-22 17:45,376,170,206,0,0,0
2019-01-22 18:00,422,147,275,0,0,0
2019-01-22 18:15,267,109,158,0,0,0
2019-01-22 18:30,203,85,118,0,0,0
2019-01-22 18:45,218,97,121,0,0,0
2019-01-22 19:00,190,78,112,0,0,0
2019-01-22 19:15,193,76,117,0,0,0
2019-01-22 19:30,166,77,89,0,0,0
2019-01-22 19:45,212,97,115,0,0,0
2019-01-22 20:00,191,68,123,0,0,0
2019-01-22 20:15,126,51,75,0,0,0
2019-01-22 20:30,101,48,53,0,0,0
2019-01-22 20:45,86,27,59,0,0,0
2019-01-22 21:00,112,49,63,0,0,0
2019-01-22 21:15,84,40,44,0,0,0
2019-01-22 21:30,71,35,36,0,0,0
2019-01-22 21:45,71,23,48,0,0,0
2019-01-22 22:00,94,41,53,0,0,0
2019-01-22 22:15,131,49,82,0,0,0
2019-01-22 22:30,89,19,70,0,0,0
2019-01-22 22:45,42,8,34,0,0,0
2019-01-22 23:00,42,14,28,0,0,0
2019-01-22 23:15,32,10,22,0,0,0
2019-01-22 23:30,36,7,29,0,0,0
2019-01-22 23:45,28,9,19,0,0,0
2019-01-23 00:00,19,7,12,0,0,0
2019-01-23 00:15,24,14,10,0,0,0
2019-01-23 00:30,13,7,6,0,0,0
2019-01-23 00:45,7,0,7,0,0,0
2019-01-23 01:00,11,3,8,0,0,0
2019-01-23 01:15,13,2,11,0,0,0
2019-01-23 01:30,4,1,3,0,0,0
2019-01-23 01:45,8,3,5,0,0,0
2019-01-23 02:00,8,2,6,0,0,0
2019-01-23 02:15,7,4,3,0,0,0
2019-01-23 02:30,14,2,12,0,0,0
2019-01-23 02:45,7,0,7,0,0,0
2019-01-23 03:00,2,0,2,0,0,0
2019-01-23 03:15,2,0,2,0,0,0
2019-01-23 03:30,4,1,3,0,0,0
2019-01-23 03:45,0,0,0,0,0,0
2019-01-23 04:00,0,0,0,0,0,0
2019-01-23 04:15,1,0,1,0,0,0
2019-01-23 04:30,3,3,0,0,0,0
2019-01-23 04:45,4,2,2,0,0,0
2019-01-23 05:00,6,5,1,0,0,0
2019-01-23 05:15,8,8,0,0,0,0
2019-01-23 05:30,15,10,5,0,0,0
2019-01-23 05:45,15,10,5,0,0,0
2019-01-23 06:00,21,17,4,0,0,0
2019-01-23 06:15,29,25,4,0,0,0
2019-01-23 06:30,41,34,7,0,0,0
2019-01-23 06:45,64,52,12,0,0,0
2019-01-23 07:00,72,55,17,0,0,0
2019-01-23 07:15,102,70,32,0,0,0
2019-01-23 07:30,169,120,49,0,0,0
2019-01-23 07:45,303,214,89,0,0,0
2019-01-23 08:00,394,196,198,0,0,0
2019-01-23 08:15,299,137,162,0,0,0
2019-01-23 08:30,213,117,96,0,0,0
2019-01-23 08:45,205,120,85,0,0,0
2019-01-23 09:00,182,85,97,0,0,0
2019-01-23 09:15,144,71,73,0,0,0
2019-01-23 09:30,155,87,68,0,0,0
2019-01-23 09:45,258,167,91,0,0,0
2019-01-23 10:00,354,184,170,0,0,0
2019-01-23 10:15,159,66,93,0,0,0
2019-01-23 10:30,116,58,58,0,0,0
2019-01-23 10:45,99,54,45,0,0,0
2019-01-23 11:00,131,58,73,0,0,0
2019-01-23 11:15,115,49,66,0,0,0
2019-01-23 11:30,112,52,60,0,0,0
2019-01-23 11:45,263,177,86,0,0,0
2019-01-23 12:00,315,161,154,0,0,0
2019-01-23 12:15,200,81,119,0,0,0
2019-01-23 12:30,163,85,78,0,0,0
2019-01-23 12:45,193,95,98,0,0,0
2019-01-23 13:00,175,83,92,0,0,0
2019-01-23 13:15,178,97,81,0,0,0
2019-01-23 13:30,154,74,80,0,0,0
2019-01-23 13:45,227,149,78,0,0,0
2019-01-23 14:00,325,159,166,0,0,0
2019-01-23 14:15,179,79,100,0,0,0
2019-01-23 14:30,164,81,83,0,0,0
2019-01-23 14:45,164,72,92,0,0,0
2019-01-23 15:00,126,44,82,0,0,0
2019-01-23 15:15,156,65,91,0,0,0
2019-01-23 15:30,160,92,68,0,0,0
2019-01-23 15:45,275,125,150,0,0,0
2019-01-23 16:00,345,138,207,0,0,0
2019-01-23 16:15,220,104,116,0,0,0
2019-01-23 16:30,190,88,102,0,0,0
2019-01-23 16:45,190,102,88,0,0,0
2019-01-23 17:00,184,100,84,0,0,0
2019-01-23 17:15,187,95,92,0,0,0
2019-01-23 17:30,201,107,94,0,0,0
2019-01-23 17:45,354,191,163,0,0,0
2019-01-23 18:00,341,172,169,0,0,0
2019-01-23 18:15,212,96,116,0,0,0
2019-01-23 18:30,183,88,95,0,0,0
2019-01-23 18:45,197,94,103,0,0,0
2019-01-23 19:00,175,85,90,0,0,0
2019-01-23 19:15,141,48,93,0,0,0
2019-01-23 19:30,164,76,88,0,0,0
2019-01-23 19:45,263,107,156,0,0,0
2019-01-23 20:00,180,47,133,0,0,0
2019-01-23 20:15,138,55,83,0,0,0
2019-01-23 20:30,123,47,76,0,0,0
2019-01-23 20:45,87,42,45,0,0,0
2019-01-23 21:00,88,29,59,0,0,0
2019-01-23 21:15,69,19,50,0,0,0
2019-01-23 21:30,66,20,46,0,0,0
2019-01-23 21:45,60,21,39,0,0,0
2019-01-23 22:00,84,26,58,0,0,0
2019-01-23 22:15,83,34,49,0,0,0
2019-01-23 22:30,86,37,49,0,0,0
2019-01-23 22:45,95,30,65,0,0,0
2019-01-23 23:00,76,18,58,0,0,0
2019-01-23 23:15,47,17,30,0,0,0
2019-01-23 23:30,47,23,24,0,0,0
2019-01-23 23:45,47,15,32,0,0,0
2019-01-24 00:00,25,2,23,0,0,0
2019-01-24 00:15,32,24,8,0,0,0
2019-01-24 00:30,21,8,13,0,0,0
2019-01-24 00:45,17,6,11,0,0,0
2019-01-24 01:00,20,8,12,0,0,0
2019-01-24 01:15,14,3,11,0,0,0
2019-01-24 01:30,13,4,9,0,0,0
2019-01-24 01:45,16,2,14,0,0,0
2019-01-24 02:00,7,1,6,0,0,0
2019-01-24 02:15,16,1,15,0,0,0
2019-01-24 02:30,3,2,1,0,0,0
2019-01-24 02:45,5,2,3,0,0,0
2019-01-24 03:00,15,4,11,0,0,0
2019-01-24 03:15,5,2,3,0,0,0
2019-01-24 03:30,4,1,3,0,0,0
2019-01-24 03:45,1,0,1,0,0,0
2019-01-24 04:00,4,0,4,0,0,0
2019-01-24 04:15,2,0,2,0,0,0
2019-01-24 04:30,4,0,4,0,0,0
2019-01-24 04:45,4,0,4,0,0,0
2019-01-24 05:00,2,0,2,0,0,0
2019-01-24 05:15,2,0,2,0,0,0
2019-01-24 05:30,2,0,2,0,0,0
2019-01-24 05:45,7,0,7,0,0,0
2019-01-24 06:00,4,0,4,0,0,0
2019-01-24 06:15,6,0,6,0,0,0
2019-01-24 06:30,27,18,9,0,0,0
2019-01-24 06:45,60,46,14,0,0,0
2019-01-24 07:00,60,44,16,0,0,0
2019-01-24 07:15,99,75,24,0,0,0
2019-01-24 07:30,188,134,54,0,0,0
2019-01-24 07:45,265,177,88,0,0,0
2019-01-24 08:00,435,213,222,0,0,0
2019-01-24 08:15,302,149,153,0,0,0
2019-01-24 08:30,178,95,83,0,0,0
2019-01-24 08:45,213,131,82,0,0,0
2019-01-24 09:00,179,100,79,0,0,0
2019-01-24 09:15,123,69,54,0,0,0
2019-01-24 09:30,135,78,57,0,0,0
2019-01-24 09:45,281,175,106,0,0,0
2019-01-24 10:00,425,270,155,0,0,0
2019-01-24 10:15,168,69,99,0,0,0
2019-01-24 10:30,109,56,53,0,0,0
2019-01-24 10:45,136,76,60,0,0,0
2019-01-24 11:00,126,67,59,0,0,0
2019-01-24 11:15,131,57,74,0,0,0
2019-01-24 11:30,151,89,62,0,0,0
2019-01-24 11:45,275,169,106,0,0,0
2019-01-24 12:00,303,125,178,0,0,0
2019-01-24 12:15,238,114,124,0,0,0
2019-01-24 12:30,134,67,67,0,0,0
2019-01-24 12:45,164,83,81,0,0,0
2019-01-24 13:00,178,99,79,0,0,0
2019-01-24 13:15,143,55,88,0,0,0
2019-01-24 13:30,164,85,79,0,0,0
2019-01-24 13:45,261,154,107,0,0,0
2019-01-24 14:00,282,104,178,0,0,0
2019-01-24 14:15,226,95,131,0,0,0
2019-01-24 14:30,175,81,94,0,0,0
2019-01-24 14:45,135,68,67,0,0,0
2019-01-24 15:00,155,75,80,0,0,0
2019-01-24 15:15,147,70,77,0,0,0
2019-01-24 15:30,198,95,103,0,0,0
2019-01-24 15:45,276,124,152,0,0,0
2019-01-24 16:00,334,159,175,0,0,0
2019-01-24 16:15,221,98,123,0,0,0
2019-01-24 16:30,181,62,119,0,0,0
2019-01-24 16:45,191,80,111,0,0,0
2019-01-24 17:00,201,91,110,0,0,0
2019-01-24 17:15,183,77,106,0,0,0
2019-01-24 17:30,198,90,108,0,0,0
2019-01-24 17:45,314,172,142,0,0,0
2019-01-24 18:00,286,102,184,0,0,0
2019-01-24 18:15,229,103,126,0,0,0
2019-01-24 18:30,181,96,85,0,0,0
2019-01-24 18:45,213,111,102,0,0,0
2019-01-24 19:00,146,62,84,0,0,0
2019-01-24 19:15,159,68,91,0,0,0
2019-01-24 19:30,147,55,92,0,0,0
2019-01-24 19:45,178,72,106,0,0,0
2019-01-24 20:00,172,87,85,0,0,0
2019-01-24 20:15,138,83,55,0,0,0
2019-01-24 20:30,102,29,73,0,0,0
2019-01-24 20:45,126,40,86,0,0,0
2019-01-24 21:00,89,31,58,0,0,0
2019-01-24 21:15,83,33,50,0,0,0
2019-01-24 21:30,75,24,51,0,0,0
2019-01-24 21:45,97,26,71,0,0,0
2019-01-24 22:00,84,24,60,0,0,0
2019-01-24 22:15,78,26,52,0,0,0
2019-01-24 22:30,62,17,45,0,0,0
2019-01-24 22:45,53,17,36,0,0,0
2019-01-24 23:00,56,23,33,0,0,0
2019-01-24 23:15,56,20,36,0,0,0
2019-01-24 23:30,36,3,33,0,0,0
2019-01-24 23:45,36,16,20,0,0,0
2019-01-25 00:00,15,7,8,0,0,0
2019-01-25 00:15,26,7,19,0,0,0
2019-01-25 00:30,24,6,18,0,0,0
2019-01-25 00:45,16,1,15,0,0,0
2019-01-25 01:00,18,4,14,0,0,0
2019-01-25 01:15,16,4,12,0,0,0
2019-01-25 01:30,9,0,9,0,0,0
2019-01-25 01:45,4,1,3,0,0,0
2019-01-25 02:00,10,1,9,0,0,0
2019-01-25 02:15,2,0,2,0,0,0
2019-01-25 02:30,0,0,0,0,0,0
2019-01-25 02:45,3,2,1,0,0,0
2019-01-25 03:00,3,3,0,0,0,0
2019-01-25 03:15,3,1,2,0,0,0
2019-01-25 03:30,2,2,0,0,0,0
2019-01-25 03:45,4,1,3,0,0,0
2019-01-25 04:00,2,0,2,0,0,0
2019-01-25 04:15,4,1,3,0,0,0
2019-01-25 04:30,3,3,0,0,0,0
2019-01-25 04:45,4,1,3,0,0,0
2019-01-25 05:00,8,7,1,0,0,0
2019-01-25 05:15,8,7,1,0,0,0
2019-01-25 05:30,9,7,2,0,0,0
2019-01-25 05:45,14,6,8,0,0,0
2019-01-25 06:00,22,13,9,0,0,0
2019-01-25 06:15,24,17,7,0,0,0
2019-01-25 06:30,30,21,9,0,0,0
2019-01-25 06:45,54,38,16,0,0,0
2019-01-25 07:00,74,53,21,0,0,0
2019-01-25 07:15,92,62,30,0,0,0
2019-01-25 07:30,174,136,38,0,0,0
2019-01-25 07:45,278,210,68,0,0,0
2019-01-25 08:00,347,203,144,0,0,0
2019-01-25 08:15,225,99,126,0,0,0
2019-01-25 08:30,160,103,57,0,0,0
2019-01-25 08:45,203,124,79,0,0,0
2019-01-25 09:00,200,104,96,0,0,0
2019-01-25 09:15,148,79,69,0,0,0
2019-01-25 09:30,120,66,54,0,0,0
2019-01-25 09:45,258,143,115,0,0,0
2019-01-25 10:00,317,184,133,0,0,0
2019-01-25 10:15,167,89,78,0,0,0
2019-01-25 10:30,105,59,46,0,0,0
2019-01-25 10:45,110,48,62,0,0,0
2019-01-25 11:00,108,52,56,0,0,0
2019-01-25 11:15,115,51,64,0,0,0
2019-01-25 11:30,99,55,44,0,0,0
2019-01-25 11:45,183,108,75,0,0,0
2019-01-25 12:00,245,118,127,0,0,0
2019-01-25 12:15,177,90,87,0,0,0
2019-01-25 12:30,146,77,69,0,0,0
2019-01-25 12:45,176,107,69,0,0,0
2019-01-25 13:00,179,89,90,0,0,0
2019-01-25 13:15,158,60,98,0,0,0
2019-01-25 13:30,192,89,103,0,0,0
2019-01-25 13:45,206,126,80,0,0,0
2019-01-25 14:00,192,92,100,0,0,0
2019-01-25 14:15,185,93,92,0,0,0
2019-01-25 14:30,143,74,69,0,0,0
2019-01-25 14:45,150,83,67,0,0,0
2019-01-25 15:00,146,56,90,0,0,0
2019-01-25 15:15,138,65,73,0,0,0
2019-01-25 15:30,155,74,81,0,0,0
2019-01-25 15:45,195,86,109,0,0,0
2019-01-25 16:00,165,84,81,0,0,0
2019-01-25 16:15,162,81,81,0,0,0
2019-01-25 16:30,124,59,65,0,0,0
2019-01-25 16:45,159,84,75,0,0,0
2019-01-25 17:00,144,58,86,0,0,0
2019-01-25 17:15,152,61,91,0,0,0
2019-01-25 17:30,149,79,70,0,0,0
2019-01-25 17:45,179,87,92,0,0,0
2019-01-25 18:00,162,67,95,0,0,0
2019-01-25 18:15,144,61,83,0,0,0
2019-01-25 18:30,128,50,78,0,0,0
2019-01-25 18:45,146,79,67,0,0,0
2019-01-25 19:00,108,65,43,0,0,0
2019-01-25 19:15,131,69,62,0,0,0
2019-01-25 19:30,90,37,53,0,0,0
2019-01-25 19:45,128,75,53,0,0,0
2019-01-25 20:00,126,40,86,0,0,0
2019-01-25 20:15,107,47,60,0,0,0
2019-01-25 20:30,66,35,31,0,0,0
2019-01-25 20:45,78,38,40,0,0,0
2019-01-25 21:00,46,23,23,0,0,0
2019-01-25 21:15,53,28,25,0,0,0
2019-01-25 21:30,60,12,48,0,0,0
2019-01-25 21:45,36,18,18,0,0,0
2019-01-25 22:00,65,19,46,0,0,0
2019-01-25 22:15,69,28,41,0,0,0
2019-01-25 22:30,56,16,40,0,0,0
2019-01-25 22:45,44,16,28,0,0,0
2019-01-25 23:00,48,19,29,0,0,0
2019-01-25 23:15,74,16,58,0,0,0
2019-01-25 23:30,36,14,22,0,0,0
2019-01-25 23:45,27,9,18,0,0,0
2019-01-26 00:00,44,19,25,0,0,0
2019-01-26 00:15,43,22,21,0,0,0
2019-01-26 00:30,36,15,21,0,0,0
2019-01-26 00:45,25,12,13,0,0,0
2019-01-26 01:00,26,13,13,0,0,0
2019-01-26 01:15,29,11,18,0,0,0
2019-01-26 01:30,27,3,24,0,0,0
2019-01-26 01:45,25,6,19,0,0,0
2019-01-26 02:00,24,4,20,0,0,0
2019-01-26 02:15,15,4,11,0,0,0
2019-01-26 02:30,19,1,18,0,0,0
2019-01-26 02:45,11,4,7,0,0,0
2019-01-26 03:00,16,4,12,0,0,0
2019-01-26 03:15,24,5,19,0,0,0
2019-01-26 03:30,17,5,12,0,0,0
2019-01-26 03:45,18,2,16,0,0,0
2019-01-26 04:00,12,2,10,0,0,0
2019-01-26 04:15,4,1,3,0,0,0
2019-01-26 04:30,4,2,2,0,0,0
2019-01-26 04:45,7,3,4,0,0,0
2019-01-26 05:00,3,2,1,0,0,0
2019-01-26 05:15,5,2,3,0,0,0
2019-01-26 05:30,9,6,3,0,0,0
2019-01-26 05:45,13,3,10,0,0,0
2019-01-26 06:00,9,3,6,0,0,0
2019-01-26 06:15,4,3,1,0,0,0
2019-01-26 06:30,5,1,4,0,0,0
2019-01-26 06:45,8,2,6,0,0,0
2019-01-26 07:00,10,5,5,0,0,0
2019-01-26 07:15,17,9,8,0,0,0
2019-01-26 07:30,30,10,20,0,0,0
2019-01-26 07:45,81,71,10,0,0,0
2019-01-26 08:00,56,52,4,0,0,0
2019-01-26 08:15,48,43,5,0,0,0
2019-01-26 08:30,37,31,6,0,0,0
2019-01-26 08:45,65,44,21,0,0,0
2019-01-26 09:00,44,26,18,0,0,0
2019-01-26 09:15,44,34,10,0,0,0
2019-01-26 09:30,67,45,22,0,0,0
2019-01-26 09:45,93,80,13,0,0,0
2019-01-26 10:00,62,42,20,0,0,0
2019-01-26 10:15,57,41,16,0,0,0
2019-01-26 10:30,68,44,24,0,0,0
2019-01-26 10:45,72,46,26,0,0,0
2019-01-26 11:00,58,31,27,0,0,0
2019-01-26 11:15,60,34,26,0,0,0
2019-01-26 11:30,58,33,25,0,0,0
2019-01-26 11:45,94,62,32,0,0,0
2019-01-26 12:00,77,51,26,0,0,0
2019-01-26 12:15,91,54,37,0,0,0
2019-01-26 12:30,67,29,38,0,0,0
2019-01-26 12:45,83,53,30,0,0,0
2019-01-26 13:00,87,50,37,0,0,0
2019-01-26 13:15,99,51,48,0,0,0
2019-01-26 13:30,84,38,46,0,0,0
2019-01-26 13:45,91,57,34,0,0,0
2019-01-26 14:00,88,50,38,0,0,0
2019-01-26 14:15,114,53,61,0,0,0
2019-01-26 14:30,98,37,61,0,0,0
2019-01-26 14:45,112,75,37,0,0,0
2019-01-26 15:00,108,55,53,0,0,0
2019-01-26 15:15,86,45,41,0,0,0
2019-01-26 15:30,98,57,41,0,0,0
2019-01-26 15:45,101,58,43,0,0,0
2019-01-26 16:00,105,46,59,0,0,0
2019-01-26 16:15,91,39,52,0,0,0
2019-01-26 16:30,76,34,42,0,0,0
2019-01-26 16:45,87,36,51,0,0,0
2019-01-26 17:00,80,42,38,0,0,0
2019-01-26 17:15,109,45,64,0,0,0
2019-01-26 17:30,92,43,49,0,0,0
2019-01-26 17:45,96,53,43,0,0,0
2019-01-26 18:00,110,31,79,0,0,0
2019-01-26 18:15,121,44,77,0,0,0
2019-01-26 18:30,96,43,53,0,0,0
2019-01-26 18:45,116,68,48,0,0,0
2019-01-26 19:00,109,55,54,0,0,0
2019-01-26 19:15,88,42,46,0,0,0
2019-01-26 19:30,104,49,55,0,0,0
2019-01-26 19:45,114,67,47,0,0,0
2019-01-26 20:00,103,42,61,0,0,0
2019-01-26 20:15,78,39,39,0,0,0
2019-01-26 20:30,60,32,28,0,0,0
2019-01-26 20:45,53,25,28,0,0,0
2019-01-26 21:00,62,35,27,0,0,0
2019-01-26 21:15,66,23,43,0,0,0
2019-01-26 21:30,52,19,33,0,0,0
2019-01-26 21:45,63,14,49,0,0,0
2019-01-26 22:00,55,16,39,0,0,0
2019-01-26 22:15,42,18,24,0,0,0
2019-01-26 22:30,49,12,37,0,0,0
2019-01-26 22:45,76,41,35,0,0,0
2019-01-26 23:00,34,11,23,0,0,0
2019-01-26 23:15,67,32,35,0,0,0
2019-01-26 23:30,43,20,23,0,0,0
2019-01-26 23:45,54,20,34,0,0,0
2019-01-27 00:00,41,19,22,0,0,0
2019-01-27 00:15,52,10,42,0,0,0
2019-01-27 00:30,43,16,27,0,0,0
2019-01-27 00:45,65,35,30,0,0,0
2019-01-27 01:00,51,22,29,0,0,0
2019-01-27 01:15,36,6,30,0,0,0
2019-01-27 01:30,44,17,27,0,0,0
2019-01-27 01:45,36,14,22,0,0,0
2019-01-27 02:00,31,14,17,0,0,0
2019-01-27 02:15,30,3,27,0,0,0
2019-01-27 02:30,35,13,22,0,0,0
2019-01-27 02:45,23,1,22,0,0,0
2019-01-27 03:00,19,3,16,0,0,0
2019-01-27 03:15,15,4,11,0,0,0
2019-01-27 03:30,23,2,21,0,0,0
2019-01-27 03:45,8,1,7,0,0,0
2019-01-27 04:00,18,3,15,0,0,0
2019-01-27 04:15,12,6,6,0,0,0
2019-01-27 04:30,10,2,8,0,0,0
2019-01-27 04:45,15,5,10,0,0,0
2019-01-27 05:00,16,2,14,0,0,0
2019-01-27 05:15,8,1,7,0,0,0
2019-01-27 05:30,5,1,4,0,0,0
2019-01-27 05:45,5,4,1,0,0,0
2019-01-27 06:00,3,0,3,0,0,0
2019-01-27 06:15,8,5,3,0,0,0
2019-01-27 06:30,3,1,2,0,0,0
2019-01-27 06:45,8,2,6,0,0,0
2019-01-27 07:00,4,4,0,0,0,0
2019-01-27 07:15,5,4,1,0,0,0
2019-01-27 07:30,3,2,1,0,0,0
2019-01-27 07:45,51,44,7,0,0,0
2019-01-27 08:00,54,47,7,0,0,0
2019-01-27 08:15,29,24,5,0,0,0
2019-01-27 08:30,27,20,7,0,0,0
2019-01-27 08:45,30,25,5,0,0,0
2019-01-27 09:00,26,14,12,0,0,0
2019-01-27 09:15,32,21,11,0,0,0
2019-01-27 09:30,43,27,16,0,0,0
2019-01-27 09:45,78,59,19,0,0,0
2019-01-27 10:00,47,33,14,0,0,0
2019-01-27 10:15,51,39,12,0,0,0
2019-01-27 10:30,32,15,17,0,0,0
2019-01-27 10:45,45,27,18,0,0,0
2019-01-27 11:00,47,26,21,0,0,0
2019-01-27 11:15,49,25,24,0,0,0
2019-01-27 11:30,32,20,12,0,0,0
2019-01-27 11:45,40,25,15,0,0,0
2019-01-27 12:00,42,23,19,0,0,0
2019-01-27 12:15,53,23,30,0,0,0
2019-01-27 12:30,33,17,16,0,0,0
2019-01-27 12:45,74,51,23,0,0,0
2019-01-27 13:00,63,31,32,0,0,0
2019-01-27 13:15,59,35,24,0,0,0
2019-01-27 13:30,44,22,22,0,0,0
2019-01-27 13:45,72,39,33,0,0,0
2019-01-27 14:00,73,42,31,0,0,0
2019-01-27 14:15,74,38,36,0,0,0
2019-01-27 14:30,49,28,21,0,0,0
2019-01-27 14:45,60,31,29,0,0,0
2019-01-27 15:00,66,30,36,0,0,0
2019-01-27 15:15,48,22,26,0,0,0
2019-01-27 15:30,49,23,26,0,0,0
2019-01-27 15:45,88,46,42,0,0,0
2019-01-27 16:00,52,20,32,0,0,0
2019-01-27 16:15,65,33,32,0,0,0
2019-01-27 16:30,89,60,29,0,0,0
2019-01-27 16:45,76,45,31,0,0,0
2019-01-27 17:00,73,28,45,0,0,0
2019-01-27 17:15,83,42,41,0,0,0
2019-01-27 17:30,83,41,42,0,0,0
2019-01-27 17:45,83,36,47,0,0,0
2019-01-27 18:00,75,26,49,0,0,0
2019-01-27 18:15,72,29,43,0,0,0
2019-01-27 18:30,73,27,46,0,0,0
2019-01-27 18:45,88,39,49,0,0,0
2019-01-27 19:00,75,29,46,0,0,0
2019-01-27 19:15,66,29,37,0,0,0
2019-01-27 19:30,79,28,51,0,0,0
2019-01-27 19:45,88,42,46,0,0,0
2019-01-27 20:00,60,25,35,0,0,0
2019-01-27 20:15,62,22,40,0,0,0
2019-01-27 20:30,68,29,39,0,0,0
2019-01-27 20:45,67,23,44,0,0,0
2019-01-27 21:00,49,9,40,0,0,0
2019-01-27 21:15,50,17,33,0,0,0
2019-01-27 21:30,26,7,19,0,0,0
2019-01-27 21:45,31,11,20,0,0,0
2019-01-27 22:00,57,18,39,0,0,0
2019-01-27 22:15,42,12,30,0,0,0
2019-01-27 22:30,33,5,28,0,0,0
2019-01-27 22:45,30,11,19,0,0,0
2019-01-27 23:00,21,5,16,0,0,0
2019-01-27 23:15,19,9,10,0,0,0
2019-01-27 23:30,20,7,13,0,0,0
2019-01-27 23:45,17,12,5,0,0,0
2019-01-28 00:00,14,6,8,0,0,0
2019-01-28 00:15,8,5,3,0,0,0
2019-01-28 00:30,9,8,1,0,0,0
2019-01-28 00:45,4,2,2,0,0,0
2019-01-28 01:00,3,0,3,0,0,0
2019-01-28 01:15,3,2,1,0,0,0
2019-01-28 01:30,4,2,2,0,0,0
2019-01-28 01:45,3,0,3,0,0,0
2019-01-28 02:00,0,0,0,0,0,0
2019-01-28 02:15,2,2,0,0,0,0
2019-01-28 02:30,5,3,2,0,0,0
2019-01-28 02:45,1,0,1,0,0,0
2019-01-28 03:00,1,1,0,0,0,0
2019-01-28 03:15,4,4,0,0,0,0
2019-01-28 03:30,1,1,0,0,0,0
2019-01-28 03:45,2,0,2,0,0,0
2019-01-28 04:00,0,0,0,0,0,0
2019-01-28 04:15,0,0,0,0,0,0
2019-01-28 04:30,5,4,1,0,0,0
2019-01-28 04:45,4,2,2,0,0,0
2019-01-28 05:00,8,6,2,0,0,0
2019-01-28 05:15,3,3,0,0,0,0
2019-01-28 05:30,13,11,2,0,0,0
2019-01-28 05:45,17,10,7,0,0,0
2019-01-28 06:00,17,12,5,0,0,0
2019-01-28 06:15,29,23,6,0,0,0
2019-01-28 06:30,45,35,10,0,0,0
2019-01-28 06:45,51,36,15,0,0,0
2019-01-28 07:00,68,48,20,0,0,0
2019-01-28 07:15,98,79,19,0,0,0
2019-01-28 07:30,226,191,35,0,0,0
2019-01-28 07:45,305,235,70,0,0,0
2019-01-28 08:00,319,205,114,0,0,0
2019-01-28 08:15,230,138,92,0,0,0
2019-01-28 08:30,165,105,60,0,0,0
2019-01-28 08:45,214,135,79,0,0,0
2019-01-28 09:00,169,97,72,0,0,0
2019-01-28 09:15,107,50,57,0,0,0
2019-01-28 09:30,175,79,96,0,0,0
2019-01-28 09:45,232,123,109,0,0,0
2019-01-28 10:00,261,151,110,0,0,0
2019-01-28 10:15,117,57,60,0,0,0
2019-01-28 10:30,88,48,40,0,0,0
2019-01-28 10:45,131,78,53,0,0,0
2019-01-28 11:00,109,54,55,0,0,0
2019-01-28 11:15,151,66,85,0,0,0
2019-01-28 11:30,140,87,53,0,0,0
2019-01-28 11:45,195,97,98,0,0,0
2019-01-28 12:00,212,111,101,0,0,0
2019-01-28 12:15,200,102,98,0,0,0
2019-01-28 12:30,151,66,85,0,0,0
2019-01-28 12:45,176,94,82,0,0,0
2019-01-28 13:00,137,72,65,0,0,0
2019-01-28 13:15,138,72,66,0,0,0
2019-01-28 13:30,179,91,88,0,0,0
2019-01-28 13:45,234,131,103,0,0,0
2019-01-28 14:00,195,84,111,0,0,0
2019-01-28 14:15,137,70,67,0,0,0
2019-01-28 14:30,141,73,68,0,0,0
2019-01-28 14:45,138,80,58,0,0,0
2019-01-28 15:00,153,71,82,0,0,0
2019-01-28 15:15,136,72,64,0,0,0
2019-01-28 15:30,199,130,69,0,0,0
2019-01-28 15:45,264,134,130,0,0,0
2019-01-28 16:00,258,133,125,0,0,0
2019-01-28 16:15,215,97,118,0,0,0
2019-01-28 16:30,151,78,73,0,0,0
2019-01-28 16:45,186,98,88,0,0,0
2019-01-28 17:00,194,92,102,0,0,0
2019-01-28 17:15,233,85,148,0,0,0
2019-01-28 17:30,217,98,119,0,0,0
2019-01-28 17:45,314,156,158,0,0,0
2019-01-28 18:00,261,110,151,0,0,0
2019-01-28 18:15,213,97,116,0,0,0
2019-01-28 18:30,154,77,77,0,0,0
2019-01-28 18:45,183,93,90,0,0,0
2019-01-28 19:00,161,75,86,0,0,0
2019-01-28 19:15,177,81,96,0,0,0
2019-01-28 19:30,137,54,83,0,0,0
2019-01-28 19:45,193,97,96,0,0,0
2019-01-28 20:00,156,60,96,0,0,0
2019-01-28 20:15,132,46,86,0,0,0
2019-01-28 20:30,100,40,60,0,0,0
2019-01-28 20:45,89,46,43,0,0,0
2019-01-28 21:00,76,36,40,0,0,0
2019-01-28 21:15,83,37,46,0,0,0
2019-01-28 21:30,79,29,50,0,0,0
2019-01-28 21:45,92,23,69,0,0,0
2019-01-28 22:00,103,33,70,0,0,0
2019-01-28 22:15,60,30,30,0,0,0
2019-01-28 22:30,63,26,37,0,0,0
2019-01-28 22:45,51,14,37,0,0,0
2019-01-28 23:00,32,14,18,0,0,0
2019-01-28 23:15,67,26,41,0,0,0
2019-01-28 23:30,35,19,16,0,0,0
2019-01-28 23:45,28,7,21,0,0,0
2019-01-29 00:00,18,3,15,0,0,0
2019-01-29 00:15,14,4,10,0,0,0
2019-01-29 00:30,10,3,7,0,0,0
2019-01-29 00:45,20,6,14,0,0,0
2019-01-29 01:00,11,7,4,0,0,0
2019-01-29 01:15,9,3,6,0,0,0
2019-01-29 01:30,10,5,5,0,0,0
2019-01-29 01:45,2,2,0,0,0,0
2019-01-29 02:00,11,1,10,0,0,0
2019-01-29 02:15,5,1,4,0,0,0
2019-01-29 02:30,2,1,1,0,0,0
2019-01-29 02:45,6,2,4,0,0,0
2019-01-29 03:00,0,0,0,0,0,0
2019-01-29 03:15,2,2,0,0,0,0
2019-01-29 03:30,3,0,3,0,0,0
2019-01-29 03:45,3,2,1,0,0,0
2019-01-29 04:00,2,1,1,0,0,0
2019-01-29 04:15,5,4,1,0,0,0
2019-01-29 04:30,5,4,1,0,0,0
2019-01-29 04:45,6,5,1,0,0,0
2019-01-29 05:00,12,11,1,0,0,0
2019-01-29 05:15,3,1,2,0,0,0
2019-01-29 05:30,18,14,4,0,0,0
2019-01-29 05:45,16,11,5,0,0,0
2019-01-29 06:00,21,16,5,0,0,0
2019-01-29 06:15,24,20,4,0,0,0
2019-01-29 06:30,55,40,15,0,0,0
2019-01-29 06:45,66,53,13,0,0,0
2019-01-29 07:00,69,46,23,0,0,0
2019-01-29 07:15,97,63,34,0,0,0
2019-01-29 07:30,204,164,40,0,0,0
2019-01-29 07:45,346,265,81,0,0,0
2019-01-29 08:00,265,165,100,0,0,0
2019-01-29 08:15,221,154,67,0,0,0
2019-01-29 08:30,191,138,53,0,0,0
2019-01-29 08:45,246,158,88,0,0,0
2019-01-29 09:00,239,136,103,0,0,0
2019-01-29 09:15,158,97,61,0,0,0
2019-01-29 09:30,199,132,67,0,0,0
2019-01-29 09:45,249,138,111,0,0,0
2019-01-29 10:00,286,142,144,0,0,0
2019-01-29 10:15,152,68,84,0,0,0
2019-01-29 10:30,117,58,59,0,0,0
2019-01-29 10:45,110,50,60,0,0,0
2019-01-29 11:00,126,75,51,0,0,0
2019-01-29 11:15,159,78,81,0,0,0
2019-01-29 11:30,195,131,64,0,0,0
2019-01-29 11:45,243,166,77,0,0,0
2019-01-29 12:00,241,112,129,0,0,0
2019-01-29 12:15,188,74,114,0,0,0
2019-01-29 12:30,175,93,82,0,0,0
2019-01-29 12:45,178,111,67,0,0,0
2019-01-29 13:00,188,101,87,0,0,0
2019-01-29 13:15,250,114,136,0,0,0
2019-01-29 13:30,231,98,133,0,0,0
2019-01-29 13:45,266,139,127,0,0,0
2019-01-29 14:00,247,121,126,0,0,0
2019-01-29 14:15,175,71,104,0,0,0
2019-01-29 14:30,158,85,73,0,0,0
2019-01-29 14:45,181,99,82,0,0,0
2019-01-29 15:00,192,93,99,0,0,0
2019-01-29 15:15,190,92,98,0,0,0
2019-01-29 15:30,245,138,107,0,0,0
2019-01-29 15:45,273,139,134,0,0,0
2019-01-29 16:00,294,107,187,0,0,0
2019-01-29 16:15,228,114,114,0,0,0
2019-01-29 16:30,228,107,121,0,0,0
2019-01-29 16:45,265,131,134,0,0,0
2019-01-29 17:00,240,129,111,0,0,0
2019-01-29 17:15,246,110,136,0,0,0
2019-01-29 17:30,240,110,130,0,0,0
2019-01-29 17:45,373,182,191,0,0,0
2019-01-29 18:00,323,141,182,0,0,0
2019-01-29 18:15,280,113,167,0,0,0
2019-01-29 18:30,233,105,128,0,0,0
2019-01-29 18:45,256,126,130,0,0,0
2019-01-29 19:00,156,79,77,0,0,0
2019-01-29 19:15,237,118,119,0,0,0
2019-01-29 19:30,165,66,99,0,0,0
2019-01-29 19:45,222,93,129,0,0,0
2019-01-29 20:00,134,47,87,0,0,0
2019-01-29 20:15,146,53,93,0,0,0
2019-01-29 20:30,89,33,56,0,0,0
2019-01-29 20:45,99,42,57,0,0,0
2019-01-29 21:00,102,38,64,0,0,0
2019-01-29 21:15,80,36,44,0,0,0
2019-01-29 21:30,103,28,75,0,0,0
2019-01-29 21:45,107,28,79,0,0,0
2019-01-29 22:00,111,44,67,0,0,0
2019-01-29 22:15,99,24,75,0,0,0
2019-01-29 22:30,66,22,44,0,0,0
2019-01-29 22:45,60,16,44,0,0,0
2019-01-29 23:00,65,29,36,0,0,0
2019-01-29 23:15,48,24,24,0,0,0
2019-01-29 23:30,44,17,27,0,0,0
2019-01-29 23:45,43,17,26,0,0,0
2019-01-30 00:00,31,6,25,0,0,0
2019-01-30 00:15,18,8,10,0,0,0
2019-01-30 00:30,15,2,13,0,0,0
2019-01-30 00:45,18,6,12,0,0,0
2019-01-30 01:00,13,5,8,0,0,0
2019-01-30 01:15,19,10,9,0,0,0
2019-01-30 01:30,16,5,11,0,0,0
2019-01-30 01:45,19,2,17,0,0,0
2019-01-30 02:00,8,2,6,0,0,0
2019-01-30 02:15,14,1,13,0,0,0
2019-01-30 02:30,6,1,5,0,0,0
2019-01-30 02:45,5,1,4,0,0,0
2019-01-30 03:00,2,0,2,0,0,0
2019-01-30 03:15,4,1,3,0,0,0
2019-01-30 03:30,1,1,0,0,0,0
2019-01-30 03:45,7,1,6,0,0,0
2019-01-30 04:00,2,2,0,0,0,0
2019-01-30 04:15,7,0,7,0,0,0
2019-01-30 04:30,7,3,4,0,0,0
2019-01-30 04:45,5,4,1,0,0,0
2019-01-30 05:00,2,1,1,0,0,0
2019-01-30 05:15,6,3,3,0,0,0
2019-01-30 05:30,18,14,4,0,0,0
2019-01-30 05:45,20,16,4,0,0,0
2019-01-30 06:00,13,9,4,0,0,0
2019-01-30 06:15,26,22,4,0,0,0
2019-01-30 06:30,45,38,7,0,0,0
2019-01-30 06:45,61,44,17,0,0,0
2019-01-30 07:00,83,61,22,0,0,0
2019-01-30 07:15,104,66,38,0,0,0
2019-01-30 07:30,211,162,49,0,0,0
2019-01-30 07:45,336,248,88,0,0,0
2019-01-30 08:00,284,167,117,0,0,0
2019-01-30 08:15,238,125,113,0,0,0
2019-01-30 08:30,185,109,76,0,0,0
2019-01-30 08:45,217,149,68,0,0,0
2019-01-30 09:00,193,106,87,0,0,0
2019-01-30 09:15,178,107,71,0,0,0
2019-01-30 09:30,175,125,50,0,0,0
2019-01-30 09:45,276,172,104,0,0,0
2019-01-30 10:00,254,162,92,0,0,0
2019-01-30 10:15,172,91,81,0,0,0
2019-01-30 10:30,134,67,67,0,0,0
2019-01-30 10:45,149,93,56,0,0,0
2019-01-30 11:00,116,58,58,0,0,0
2019-01-30 11:15,158,93,65,0,0,0
2019-01-30 11:30,180,89,91,0,0,0
2019-01-30 11:45,247,160,87,0,0,0
2019-01-30 12:00,269,116,153,0,0,0
2019-01-30 12:15,220,110,110,0,0,0
2019-01-30 12:30,175,88,87,0,0,0
2019-01-30 12:45,159,78,81,0,0,0
2019-01-30 13:00,155,74,81,0,0,0
2019-01-30 13:15,167,72,95,0,0,0
2019-01-30 13:30,162,77,85,0,0,0
2019-01-30 13:45,247,129,118,0,0,0
2019-01-30 14:00,198,93,105,0,0,0
2019-01-30 14:15,171,78,93,0,0,0
2019-01-30 14:30,141,76,65,0,0,0
2019-01-30 14:45,183,94,89,0,0,0
2019-01-30 15:00,143,62,81,0,0,0
2019-01-30 15:15,177,86,91,0,0,0
2019-01-30 15:30,175,77,98,0,0,0
2019-01-30 15:45,262,128,134,0,0,0
2019-01-30 16:00,234,113,121,0,0,0
2019-01-30 16:15,228,106,122,0,0,0
2019-01-30 16:30,176,82,94,0,0,0
2019-01-30 16:45,194,111,83,0,0,0
2019-01-30 17:00,202,88,114,0,0,0
2019-01-30 17:15,237,136,101,0,0,0
2019-01-30 17:30,217,94,123,0,0,0
2019-01-30 17:45,258,106,152,0,0,0
2019-01-30 18:00,262,125,137,0,0,0
2019-01-30 18:15,186,60,126,0,0,0
2019-01-30 18:30,197,66,131,0,0,0
2019-01-30 18:45,217,77,140,0,0,0
2019-01-30 19:00,179,54,125,0,0,0
2019-01-30 19:15,154,62,92,0,0,0
2019-01-30 19:30,160,62,98,0,0,0
2019-01-30 19:45,179,56,123,0,0,0
2019-01-30 20:00,192,47,145,0,0,0
2019-01-30 20:15,131,31,100,0,0,0
2019-01-30 20:30,106,45,61,0,0,0
2019-01-30 20:45,87,27,60,0,0,0
2019-01-30 21:00,71,24,47,0,0,0
2019-01-30 21:15,73,33,40,0,0,0
2019-01-30 21:30,75,30,45,0,0,0
2019-01-30 21:45,127,35,92,0,0,0
2019-01-30 22:00,78,32,46,0,0,0
2019-01-30 22:15,88,50,38,0,0,0
2019-01-30 22:30,89,50,39,0,0,0
2019-01-30 22:45,130,61,69,0,0,0
2019-01-30 23:00,123,90,33,0,0,0
2019-01-30 23:15,60,35,25,0,0,0
2019-01-30 23:30,54,38,16,0,0,0
2019-01-30 23:45,52,34,18,0,0,0
2019-01-31 00:00,39,24,15,0,0,0
2019-01-31 00:15,31,15,16,0,0,0
2019-01-31 00:30,33,12,21,0,0,0
2019-01-31 00:45,14,6,8,0,0,0
2019-01-31 01:00,44,28,16,0,0,0
2019-01-31 01:15,28,12,16,0,0,0
2019-01-31 01:30,26,3,23,0,0,0
2019-01-31 01:45,22,7,15,0,0,0
2019-01-31 02:00,26,14,12,0,0,0
2019-01-31 02:15,27,9,18,0,0,0
2019-01-31 02:30,9,6,3,0,0,0
2019-01-31 02:45,12,4,8,0,0,0
2019-01-31 03:00,10,3,7,0,0,0
2019-01-31 03:15,8,2,6,0,0,0
2019-01-31 03:30,7,6,1,0,0,0
2019-01-31 03:45,3,1,2,0,0,0
2019-01-31 04:00,9,5,4,0,0,0
2019-01-31 04:15,10,7,3,0,0,0
2019-01-31 04:30,12,6,6,0,0,0
2019-01-31 04:45,12,5,7,0,0,0
2019-01-31 05:00,10,6,4,0,0,0
2019-01-31 05:15,11,5,6,0,0,0
2019-01-31 05:30,15,11,4,0,0,0
2019-01-31 05:45,16,8,8,0,0,0
2019-01-31 06:00,24,20,4,0,0,0
2019-01-31 06:15,17,13,4,0,0,0
2019-01-31 06:30,39,29,10,0,0,0
2019-01-31 06:45,57,43,14,0,0,0
2019-01-31 07:00,54,39,15,0,0,0
2019-01-31 07:15,95,67,28,0,0,0
2019-01-31 07:30,171,131,40,0,0,0
2019-01-31 07:45,272,202,70,0,0,0
2019-01-31 08:00,257,145,112,0,0,0
2019-01-31 08:15,196,108,88,0,0,0
2019-01-31 08:30,118,75,43,0,0,0
2019-01-31 08:45,208,120,88,0,0,0
2019-01-31 09:00,174,91,83,0,0,0
2019-01-31 09:15,129,67,62,0,0,0
2019-01-31 09:30,166,108,58,0,0,0
2019-01-31 09:45,262,166,96,0,0,0
2019-01-31 10:00,272,170,102,0,0,0
2019-01-31 10:15,142,59,83,0,0,0
2019-01-31 10:30,138,90,48,0,0,0
2019-01-31 10:45,127,83,44,0,0,0
2019-01-31 11:00,109,60,49,0,0,0
2019-01-31 11:15,134,61,73,0,0,0
2019-01-31 11:30,152,93,59,0,0,0
2019-01-31 11:45,199,130,69,0,0,0
2019-01-31 12:00,210,91,119,0,0,0
2019-01-31 12:15,155,81,74,0,0,0
2019-01-31 12:30,159,73,86,0,0,0
2019-01-31 12:45,169,91,78,0,0,0
2019-01-31 13:00,148,72,76,0,0,0
2019-01-31 13:15,160,80,80,0,0,0
2019-01-31 13:30,186,101,85,0,0,0
2019-01-31 13:45,196,103,93,0,0,0
2019-01-31 14:00,210,106,104,0,0,0
2019-01-31 14:15,206,81,125,0,0,0
2019-01-31 14:30,164,92,72,0,0,0
2019-01-31 14:45,158,86,72,0,0,0
2019-01-31 15:00,131,63,68,0,0,0
2019-01-31 15:15,151,61,90,0,0,0
2019-01-31 15:30,138,63,75,0,0,0
2019-01-31 15:45,209,117,92,0,0,0
2019-01-31 16:00,230,108,122,0,0,0
2019-01-31 16:15,183,92,91,0,0,0
2019-01-31 16:30,193,111,82,0,0,0
2019-01-31 16:45,177,89,88,0,0,0
2019-01-31 17:00,172,78,94,0,0,0
2019-01-31 17:15,223,125,98,0,0,0
2019-01-31 17:30,198,91,107,0,0,0
2019-01-31 17:45,268,147,121,0,0,0
2019-01-31 18:00,299,126,173,0,0,0
2019-01-31 18:15,241,99,142,0,0,0
2019-01-31 18:30,192,83,109,0,0,0
2019-01-31 18:45,208,109,99,0,0,0
2019-01-31 19:00,150,73,77,0,0,0
2019-01-31 19:15,174,70,104,0,0,0
2019-01-31 19:30,154,88,66,0,0,0
2019-01-31 19:45,178,88,90,0,0,0
2019-01-31 20:00,143,69,74,0,0,0
2019-01-31 20:15,156,75,81,0,0,0
2019-01-31 20:30,87,35,52,0,0,0
2019-01-31 20:45,105,40,65,0,0,0
2019-01-31 21:00,88,37,51,0,0,0
2019-01-31 21:15,101,47,54,0,0,0
2019-01-31 21:30,100,22,78,0,0,0
2019-01-31 21:45,70,22,48,0,0,0
2019-01-31 22:00,69,21,48,0,0,0
2019-01-31 22:15,103,47,56,0,0,0
2019-01-31 22:30,77,29,48,0,0,0
2019-01-31 22:45,42,8,34,0,0,0
2019-01-31 23:00,45,18,27,0,0,0
2019-01-31 23:15,51,20,31,0,0,0
2019-01-31 23:30,25,8,17,0,0,0
2019-01-31 23:45,42,20,22,0,0,0
