Datetime,100035541 (Neutor),101035541 (Neutor stadteinwÃ¤rts),102035541 (Neutor stadtauswÃ¤rts),100035541-status,101035541-status,102035541-status
2019-04-01 00:00,12,4,8,0,0,0
2019-04-01 00:15,12,7,5,0,0,0
2019-04-01 00:30,20,5,15,0,0,0
2019-04-01 00:45,10,0,10,0,0,0
2019-04-01 01:00,8,6,2,0,0,0
2019-04-01 01:15,9,3,6,0,0,0
2019-04-01 01:30,7,2,5,0,0,0
2019-04-01 01:45,2,1,1,0,0,0
2019-04-01 02:00,4,2,2,0,0,0
2019-04-01 02:15,4,3,1,0,0,0
2019-04-01 02:30,0,0,0,0,0,0
2019-04-01 02:45,2,0,2,0,0,0
2019-04-01 03:00,0,0,0,0,0,0
2019-04-01 03:15,2,0,2,0,0,0
2019-04-01 03:30,1,1,0,0,0,0
2019-04-01 03:45,1,1,0,0,0,0
2019-04-01 04:00,2,2,0,0,0,0
2019-04-01 04:15,4,2,2,0,0,0
2019-04-01 04:30,7,2,5,0,0,0
2019-04-01 04:45,6,4,2,0,0,0
2019-04-01 05:00,10,6,4,0,0,0
2019-04-01 05:15,11,8,3,0,0,0
2019-04-01 05:30,17,8,9,0,0,0
2019-04-01 05:45,19,11,8,0,0,0
2019-04-01 06:00,15,12,3,0,0,0
2019-04-01 06:15,33,18,15,0,0,0
2019-04-01 06:30,61,37,24,0,0,0
2019-04-01 06:45,91,73,18,0,0,0
2019-04-01 07:00,113,73,40,0,0,0
2019-04-01 07:15,139,98,41,0,0,0
2019-04-01 07:30,286,170,116,0,0,0
2019-04-01 07:45,391,184,207,0,0,0
2019-04-01 08:00,289,165,124,0,0,0
2019-04-01 08:15,242,153,89,0,0,0
2019-04-01 08:30,257,150,107,0,0,0
2019-04-01 08:45,287,187,100,0,0,0
2019-04-01 09:00,210,141,69,0,0,0
2019-04-01 09:15,191,110,81,0,0,0
2019-04-01 09:30,278,127,151,0,0,0
2019-04-01 09:45,438,215,223,0,0,0
2019-04-01 10:00,294,164,130,0,0,0
2019-04-01 10:15,178,91,87,0,0,0
2019-04-01 10:30,138,79,59,0,0,0
2019-04-01 10:45,163,83,80,0,0,0
2019-04-01 11:00,148,89,59,0,0,0
2019-04-01 11:15,191,114,77,0,0,0
2019-04-01 11:30,251,133,118,0,0,0
2019-04-01 11:45,379,204,175,0,0,0
2019-04-01 12:00,314,194,120,0,0,0
2019-04-01 12:15,210,105,105,0,0,0
2019-04-01 12:30,190,120,70,0,0,0
2019-04-01 12:45,260,152,108,0,0,0
2019-04-01 13:00,312,130,182,0,0,0
2019-04-01 13:15,247,144,103,0,0,0
2019-04-01 13:30,318,146,172,0,0,0
2019-04-01 13:45,414,231,183,0,0,0
2019-04-01 14:00,292,163,129,0,0,0
2019-04-01 14:15,218,112,106,0,0,0
2019-04-01 14:30,254,122,132,0,0,0
2019-04-01 14:45,213,123,90,0,0,0
2019-04-01 15:00,282,150,132,0,0,0
2019-04-01 15:15,222,113,109,0,0,0
2019-04-01 15:30,293,139,154,0,0,0
2019-04-01 15:45,507,274,233,0,0,0
2019-04-01 16:00,375,193,182,0,0,0
2019-04-01 16:15,288,126,162,0,0,0
2019-04-01 16:30,299,135,164,0,0,0
2019-04-01 16:45,316,148,168,0,0,0
2019-04-01 17:00,339,160,179,0,0,0
2019-04-01 17:15,303,128,175,0,0,0
2019-04-01 17:30,386,172,214,0,0,0
2019-04-01 17:45,482,269,213,0,0,0
2019-04-01 18:00,346,167,179,0,0,0
2019-04-01 18:15,303,123,180,0,0,0
2019-04-01 18:30,268,126,142,0,0,0
2019-04-01 18:45,299,144,155,0,0,0
2019-04-01 19:00,252,119,133,0,0,0
2019-04-01 19:15,252,117,135,0,0,0
2019-04-01 19:30,217,70,147,0,0,0
2019-04-01 19:45,287,128,159,0,0,0
2019-04-01 20:00,236,93,143,0,0,0
2019-04-01 20:15,179,74,105,0,0,0
2019-04-01 20:30,149,54,95,0,0,0
2019-04-01 20:45,147,50,97,0,0,0
2019-04-01 21:00,138,49,89,0,0,0
2019-04-01 21:15,107,38,69,0,0,0
2019-04-01 21:30,103,43,60,0,0,0
2019-04-01 21:45,126,34,92,0,0,0
2019-04-01 22:00,111,36,75,0,0,0
2019-04-01 22:15,86,26,60,0,0,0
2019-04-01 22:30,123,33,90,0,0,0
2019-04-01 22:45,80,27,53,0,0,0
2019-04-01 23:00,68,24,44,0,0,0
2019-04-01 23:15,52,20,32,0,0,0
2019-04-01 23:30,53,24,29,0,0,0
2019-04-01 23:45,48,29,19,0,0,0
2019-04-02 00:00,60,27,33,0,0,0
2019-04-02 00:15,25,15,10,0,0,0
2019-04-02 00:30,45,21,24,0,0,0
2019-04-02 00:45,27,7,20,0,0,0
2019-04-02 01:00,33,23,10,0,0,0
2019-04-02 01:15,15,6,9,0,0,0
2019-04-02 01:30,18,1,17,0,0,0
2019-04-02 01:45,13,0,13,0,0,0
2019-04-02 02:00,14,1,13,0,0,0
2019-04-02 02:15,13,2,11,0,0,0
2019-04-02 02:30,12,5,7,0,0,0
2019-04-02 02:45,13,5,8,0,0,0
2019-04-02 03:00,10,6,4,0,0,0
2019-04-02 03:15,12,0,12,0,0,0
2019-04-02 03:30,11,1,10,0,0,0
2019-04-02 03:45,13,4,9,0,0,0
2019-04-02 04:00,12,3,9,0,0,0
2019-04-02 04:15,8,1,7,0,0,0
2019-04-02 04:30,20,7,13,0,0,0
2019-04-02 04:45,15,5,10,0,0,0
2019-04-02 05:00,13,6,7,0,0,0
2019-04-02 05:15,14,11,3,0,0,0
2019-04-02 05:30,19,10,9,0,0,0
2019-04-02 05:45,22,11,11,0,0,0
2019-04-02 06:00,23,16,7,0,0,0
2019-04-02 06:15,46,33,13,0,0,0
2019-04-02 06:30,48,29,19,0,0,0
2019-04-02 06:45,88,63,25,0,0,0
2019-04-02 07:00,97,60,37,0,0,0
2019-04-02 07:15,156,105,51,0,0,0
2019-04-02 07:30,287,167,120,0,0,0
2019-04-02 07:45,539,287,252,0,0,0
2019-04-02 08:00,407,204,203,0,0,0
2019-04-02 08:15,242,144,98,0,0,0
2019-04-02 08:30,273,136,137,0,0,0
2019-04-02 08:45,304,198,106,0,0,0
2019-04-02 09:00,238,170,68,0,0,0
2019-04-02 09:15,181,112,69,0,0,0
2019-04-02 09:30,239,127,112,0,0,0
2019-04-02 09:45,461,222,239,0,0,0
2019-04-02 10:00,381,218,163,0,0,0
2019-04-02 10:15,193,105,88,0,0,0
2019-04-02 10:30,155,88,67,0,0,0
2019-04-02 10:45,186,106,80,0,0,0
2019-04-02 11:00,153,87,66,0,0,0
2019-04-02 11:15,200,124,76,0,0,0
2019-04-02 11:30,222,112,110,0,0,0
2019-04-02 11:45,458,299,159,0,0,0
2019-04-02 12:00,297,157,140,0,0,0
2019-04-02 12:15,217,115,102,0,0,0
2019-04-02 12:30,212,105,107,0,0,0
2019-04-02 12:45,200,93,107,0,0,0
2019-04-02 13:00,271,136,135,0,0,0
2019-04-02 13:15,246,110,136,0,0,0
2019-04-02 13:30,323,132,191,0,0,0
2019-04-02 13:45,491,222,269,0,0,0
2019-04-02 14:00,295,151,144,0,0,0
2019-04-02 14:15,216,107,109,0,0,0
2019-04-02 14:30,204,105,99,0,0,0
2019-04-02 14:45,200,103,97,0,0,0
2019-04-02 15:00,211,103,108,0,0,0
2019-04-02 15:15,251,135,116,0,0,0
2019-04-02 15:30,313,153,160,0,0,0
2019-04-02 15:45,429,221,208,0,0,0
2019-04-02 16:00,340,184,156,0,0,0
2019-04-02 16:15,261,137,124,0,0,0
2019-04-02 16:30,221,124,97,0,0,0
2019-04-02 16:45,263,134,129,0,0,0
2019-04-02 17:00,284,128,156,0,0,0
2019-04-02 17:15,288,143,145,0,0,0
2019-04-02 17:30,352,160,192,0,0,0
2019-04-02 17:45,419,191,228,0,0,0
2019-04-02 18:00,371,190,181,0,0,0
2019-04-02 18:15,220,108,112,0,0,0
2019-04-02 18:30,213,98,115,0,0,0
2019-04-02 18:45,258,133,125,0,0,0
2019-04-02 19:00,207,84,123,0,0,0
2019-04-02 19:15,207,122,85,0,0,0
2019-04-02 19:30,173,78,95,0,0,0
2019-04-02 19:45,288,126,162,0,0,0
2019-04-02 20:00,172,69,103,0,0,0
2019-04-02 20:15,135,55,80,0,0,0
2019-04-02 20:30,124,47,77,0,0,0
2019-04-02 20:45,99,45,54,0,0,0
2019-04-02 21:00,125,48,77,0,0,0
2019-04-02 21:15,79,30,49,0,0,0
2019-04-02 21:30,113,50,63,0,0,0
2019-04-02 21:45,113,47,66,0,0,0
2019-04-02 22:00,108,38,70,0,0,0
2019-04-02 22:15,110,48,62,0,0,0
2019-04-02 22:30,98,32,66,0,0,0
2019-04-02 22:45,78,29,49,0,0,0
2019-04-02 23:00,56,19,37,0,0,0
2019-04-02 23:15,60,17,43,0,0,0
2019-04-02 23:30,62,28,34,0,0,0
2019-04-02 23:45,41,14,27,0,0,0
2019-04-03 00:00,26,10,16,0,0,0
2019-04-03 00:15,33,5,28,0,0,0
2019-04-03 00:30,23,4,19,0,0,0
2019-04-03 00:45,22,4,18,0,0,0
2019-04-03 01:00,21,4,17,0,0,0
2019-04-03 01:15,11,3,8,0,0,0
2019-04-03 01:30,10,1,9,0,0,0
2019-04-03 01:45,12,4,8,0,0,0
2019-04-03 02:00,3,1,2,0,0,0
2019-04-03 02:15,9,0,9,0,0,0
2019-04-03 02:30,1,0,1,0,0,0
2019-04-03 02:45,7,2,5,0,0,0
2019-04-03 03:00,6,1,5,0,0,0
2019-04-03 03:15,4,1,3,0,0,0
2019-04-03 03:30,11,0,11,0,0,0
2019-04-03 03:45,6,4,2,0,0,0
2019-04-03 04:00,3,3,0,0,0,0
2019-04-03 04:15,1,0,1,0,0,0
2019-04-03 04:30,9,5,4,0,0,0
2019-04-03 04:45,7,2,5,0,0,0
2019-04-03 05:00,6,4,2,0,0,0
2019-04-03 05:15,12,10,2,0,0,0
2019-04-03 05:30,22,14,8,0,0,0
2019-04-03 05:45,16,12,4,0,0,0
2019-04-03 06:00,19,13,6,0,0,0
2019-04-03 06:15,40,31,9,0,0,0
2019-04-03 06:30,62,43,19,0,0,0
2019-04-03 06:45,70,48,22,0,0,0
2019-04-03 07:00,96,67,29,0,0,0
2019-04-03 07:15,238,185,53,0,0,0
2019-04-03 07:30,342,231,111,0,0,0
2019-04-03 07:45,570,294,276,0,0,0
2019-04-03 08:00,414,215,199,0,0,0
2019-04-03 08:15,226,144,82,0,0,0
2019-04-03 08:30,219,122,97,0,0,0
2019-04-03 08:45,254,144,110,0,0,0
2019-04-03 09:00,211,123,88,0,0,0
2019-04-03 09:15,158,88,70,0,0,0
2019-04-03 09:30,265,152,113,0,0,0
2019-04-03 09:45,477,278,199,0,0,0
2019-04-03 10:00,403,273,130,0,0,0
2019-04-03 10:15,176,124,52,0,0,0
2019-04-03 10:30,150,75,75,0,0,0
2019-04-03 10:45,143,91,52,0,0,0
2019-04-03 11:00,133,83,50,0,0,0
2019-04-03 11:15,147,63,84,0,0,0
2019-04-03 11:30,218,105,113,0,0,0
2019-04-03 11:45,432,228,204,0,0,0
2019-04-03 12:00,270,155,115,0,0,0
2019-04-03 12:15,160,83,77,0,0,0
2019-04-03 12:30,199,88,111,0,0,0
2019-04-03 12:45,198,111,87,0,0,0
2019-04-03 13:00,193,93,100,0,0,0
2019-04-03 13:15,192,103,89,0,0,0
2019-04-03 13:30,237,123,114,0,0,0
2019-04-03 13:45,382,205,177,0,0,0
2019-04-03 14:00,340,180,160,0,0,0
2019-04-03 14:15,191,101,90,0,0,0
2019-04-03 14:30,243,125,118,0,0,0
2019-04-03 14:45,216,111,105,0,0,0
2019-04-03 15:00,217,116,101,0,0,0
2019-04-03 15:15,183,104,79,0,0,0
2019-04-03 15:30,297,146,151,0,0,0
2019-04-03 15:45,495,243,252,0,0,0
2019-04-03 16:00,366,181,185,0,0,0
2019-04-03 16:15,272,134,138,0,0,0
2019-04-03 16:30,221,101,120,0,0,0
2019-04-03 16:45,272,122,150,0,0,0
2019-04-03 17:00,243,113,130,0,0,0
2019-04-03 17:15,273,143,130,0,0,0
2019-04-03 17:30,340,149,191,0,0,0
2019-04-03 17:45,396,206,190,0,0,0
2019-04-03 18:00,337,167,170,0,0,0
2019-04-03 18:15,284,140,144,0,0,0
2019-04-03 18:30,217,108,109,0,0,0
2019-04-03 18:45,256,127,129,0,0,0
2019-04-03 19:00,273,145,128,0,0,0
2019-04-03 19:15,258,152,106,0,0,0
2019-04-03 19:30,233,119,114,0,0,0
2019-04-03 19:45,285,142,143,0,0,0
2019-04-03 20:00,227,116,111,0,0,0
2019-04-03 20:15,183,86,97,0,0,0
2019-04-03 20:30,146,58,88,0,0,0
2019-04-03 20:45,160,73,87,0,0,0
2019-04-03 21:00,151,58,93,0,0,0
2019-04-03 21:15,103,56,47,0,0,0
2019-04-03 21:30,118,40,78,0,0,0
2019-04-03 21:45,105,35,70,0,0,0
2019-04-03 22:00,111,35,76,0,0,0
2019-04-03 22:15,116,45,71,0,0,0
2019-04-03 22:30,80,36,44,0,0,0
2019-04-03 22:45,98,40,58,0,0,0
2019-04-03 23:00,84,24,60,0,0,0
2019-04-03 23:15,84,38,46,0,0,0
2019-04-03 23:30,114,69,45,0,0,0
2019-04-03 23:45,108,54,54,0,0,0
2019-04-04 00:00,104,48,56,0,0,0
2019-04-04 00:15,85,43,42,0,0,0
2019-04-04 00:30,67,21,46,0,0,0
2019-04-04 00:45,44,10,34,0,0,0
2019-04-04 01:00,68,11,57,0,0,0
2019-04-04 01:15,44,8,36,0,0,0
2019-04-04 01:30,35,3,32,0,0,0
2019-04-04 01:45,43,8,35,0,0,0
2019-04-04 02:00,44,8,36,0,0,0
2019-04-04 02:15,67,7,60,0,0,0
2019-04-04 02:30,64,6,58,0,0,0
2019-04-04 02:45,38,3,35,0,0,0
2019-04-04 03:00,48,8,40,0,0,0
2019-04-04 03:15,26,7,19,0,0,0
2019-04-04 03:30,36,6,30,0,0,0
2019-04-04 03:45,22,4,18,0,0,0
2019-04-04 04:00,29,6,23,0,0,0
2019-04-04 04:15,19,10,9,0,0,0
2019-04-04 04:30,13,6,7,0,0,0
2019-04-04 04:45,17,2,15,0,0,0
2019-04-04 05:00,26,6,20,0,0,0
2019-04-04 05:15,16,11,5,0,0,0
2019-04-04 05:30,29,17,12,0,0,0
2019-04-04 05:45,21,9,12,0,0,0
2019-04-04 06:00,23,16,7,0,0,0
2019-04-04 06:15,36,29,7,0,0,0
2019-04-04 06:30,40,21,19,0,0,0
2019-04-04 06:45,78,58,20,0,0,0
2019-04-04 07:00,93,58,35,0,0,0
2019-04-04 07:15,133,85,48,0,0,0
2019-04-04 07:30,277,178,99,0,0,0
2019-04-04 07:45,474,218,256,0,0,0
2019-04-04 08:00,432,246,186,0,0,0
2019-04-04 08:15,186,116,70,0,0,0
2019-04-04 08:30,200,111,89,0,0,0
2019-04-04 08:45,206,136,70,0,0,0
2019-04-04 09:00,201,139,62,0,0,0
2019-04-04 09:15,147,81,66,0,0,0
2019-04-04 09:30,224,114,110,0,0,0
2019-04-04 09:45,527,256,271,0,0,0
2019-04-04 10:00,322,217,105,0,0,0
2019-04-04 10:15,145,98,47,0,0,0
2019-04-04 10:30,93,56,37,0,0,0
2019-04-04 10:45,108,70,38,0,0,0
2019-04-04 11:00,127,70,57,0,0,0
2019-04-04 11:15,142,77,65,0,0,0
2019-04-04 11:30,176,89,87,0,0,0
2019-04-04 11:45,456,260,196,0,0,0
2019-04-04 12:00,306,174,132,0,0,0
2019-04-04 12:15,144,76,68,0,0,0
2019-04-04 12:30,176,90,86,0,0,0
2019-04-04 12:45,162,83,79,0,0,0
2019-04-04 13:00,206,97,109,0,0,0
2019-04-04 13:15,219,92,127,0,0,0
2019-04-04 13:30,259,115,144,0,0,0
2019-04-04 13:45,379,188,191,0,0,0
2019-04-04 14:00,306,162,144,0,0,0
2019-04-04 14:15,193,105,88,0,0,0
2019-04-04 14:30,175,76,99,0,0,0
2019-04-04 14:45,183,91,92,0,0,0
2019-04-04 15:00,143,70,73,0,0,0
2019-04-04 15:15,174,89,85,0,0,0
2019-04-04 15:30,297,141,156,0,0,0
2019-04-04 15:45,455,266,189,0,0,0
2019-04-04 16:00,334,205,129,0,0,0
2019-04-04 16:15,228,124,104,0,0,0
2019-04-04 16:30,204,103,101,0,0,0
2019-04-04 16:45,204,122,82,0,0,0
2019-04-04 17:00,225,117,108,0,0,0
2019-04-04 17:15,220,106,114,0,0,0
2019-04-04 17:30,302,159,143,0,0,0
2019-04-04 17:45,336,142,194,0,0,0
2019-04-04 18:00,287,136,151,0,0,0
2019-04-04 18:15,220,110,110,0,0,0
2019-04-04 18:30,196,98,98,0,0,0
2019-04-04 18:45,177,86,91,0,0,0
2019-04-04 19:00,185,96,89,0,0,0
2019-04-04 19:15,156,91,65,0,0,0
2019-04-04 19:30,233,97,136,0,0,0
2019-04-04 19:45,214,87,127,0,0,0
2019-04-04 20:00,155,76,79,0,0,0
2019-04-04 20:15,95,42,53,0,0,0
2019-04-04 20:30,107,45,62,0,0,0
2019-04-04 20:45,93,38,55,0,0,0
2019-04-04 21:00,81,33,48,0,0,0
2019-04-04 21:15,67,26,41,0,0,0
2019-04-04 21:30,73,17,56,0,0,0
2019-04-04 21:45,71,25,46,0,0,0
2019-04-04 22:00,83,29,54,0,0,0
2019-04-04 22:15,87,23,64,0,0,0
2019-04-04 22:30,95,36,59,0,0,0
2019-04-04 22:45,66,21,45,0,0,0
2019-04-04 23:00,54,16,38,0,0,0
2019-04-04 23:15,45,14,31,0,0,0
2019-04-04 23:30,53,18,35,0,0,0
2019-04-04 23:45,35,10,25,0,0,0
2019-04-05 00:00,27,6,21,0,0,0
2019-04-05 00:15,12,2,10,0,0,0
2019-04-05 00:30,17,8,9,0,0,0
2019-04-05 00:45,21,2,19,0,0,0
2019-04-05 01:00,22,2,20,0,0,0
2019-04-05 01:15,14,3,11,0,0,0
2019-04-05 01:30,11,2,9,0,0,0
2019-04-05 01:45,15,2,13,0,0,0
2019-04-05 02:00,9,2,7,0,0,0
2019-04-05 02:15,10,2,8,0,0,0
2019-04-05 02:30,2,0,2,0,0,0
2019-04-05 02:45,8,3,5,0,0,0
2019-04-05 03:00,7,1,6,0,0,0
2019-04-05 03:15,1,1,0,0,0,0
2019-04-05 03:30,6,4,2,0,0,0
2019-04-05 03:45,6,0,6,0,0,0
2019-04-05 04:00,3,0,3,0,0,0
2019-04-05 04:15,6,1,5,0,0,0
2019-04-05 04:30,6,4,2,0,0,0
2019-04-05 04:45,5,1,4,0,0,0
2019-04-05 05:00,9,6,3,0,0,0
2019-04-05 05:15,5,5,0,0,0,0
2019-04-05 05:30,21,16,5,0,0,0
2019-04-05 05:45,20,12,8,0,0,0
2019-04-05 06:00,16,10,6,0,0,0
2019-04-05 06:15,28,19,9,0,0,0
2019-04-05 06:30,42,26,16,0,0,0
2019-04-05 06:45,70,46,24,0,0,0
2019-04-05 07:00,89,63,26,0,0,0
2019-04-05 07:15,124,81,43,0,0,0
2019-04-05 07:30,251,166,85,0,0,0
2019-04-05 07:45,338,192,146,0,0,0
2019-04-05 08:00,296,167,129,0,0,0
2019-04-05 08:15,163,101,62,0,0,0
2019-04-05 08:30,169,93,76,0,0,0
2019-04-05 08:45,223,140,83,0,0,0
2019-04-05 09:00,153,101,52,0,0,0
2019-04-05 09:15,123,77,46,0,0,0
2019-04-05 09:30,161,94,67,0,0,0
2019-04-05 09:45,282,135,147,0,0,0
2019-04-05 10:00,255,154,101,0,0,0
2019-04-05 10:15,128,92,36,0,0,0
2019-04-05 10:30,146,89,57,0,0,0
2019-04-05 10:45,144,93,51,0,0,0
2019-04-05 11:00,114,70,44,0,0,0
2019-04-05 11:15,142,85,57,0,0,0
2019-04-05 11:30,179,98,81,0,0,0
2019-04-05 11:45,289,168,121,0,0,0
2019-04-05 12:00,237,150,87,0,0,0
2019-04-05 12:15,170,96,74,0,0,0
2019-04-05 12:30,224,109,115,0,0,0
2019-04-05 12:45,204,118,86,0,0,0
2019-04-05 13:00,239,95,144,0,0,0
2019-04-05 13:15,172,73,99,0,0,0
2019-04-05 13:30,193,96,97,0,0,0
2019-04-05 13:45,268,130,138,0,0,0
2019-04-05 14:00,204,95,109,0,0,0
2019-04-05 14:15,181,101,80,0,0,0
2019-04-05 14:30,149,75,74,0,0,0
2019-04-05 14:45,210,114,96,0,0,0
2019-04-05 15:00,176,93,83,0,0,0
2019-04-05 15:15,195,98,97,0,0,0
2019-04-05 15:30,194,93,101,0,0,0
2019-04-05 15:45,206,117,89,0,0,0
2019-04-05 16:00,210,107,103,0,0,0
2019-04-05 16:15,206,117,89,0,0,0
2019-04-05 16:30,231,128,103,0,0,0
2019-04-05 16:45,196,112,84,0,0,0
2019-04-05 17:00,189,90,99,0,0,0
2019-04-05 17:15,182,85,97,0,0,0
2019-04-05 17:30,178,94,84,0,0,0
2019-04-05 17:45,221,117,104,0,0,0
2019-04-05 18:00,236,103,133,0,0,0
2019-04-05 18:15,195,109,86,0,0,0
2019-04-05 18:30,184,94,90,0,0,0
2019-04-05 18:45,215,127,88,0,0,0
2019-04-05 19:00,181,92,89,0,0,0
2019-04-05 19:15,173,108,65,0,0,0
2019-04-05 19:30,143,87,56,0,0,0
2019-04-05 19:45,180,103,77,0,0,0
2019-04-05 20:00,131,86,45,0,0,0
2019-04-05 20:15,130,75,55,0,0,0
2019-04-05 20:30,138,82,56,0,0,0
2019-04-05 20:45,126,60,66,0,0,0
2019-04-05 21:00,123,64,59,0,0,0
2019-04-05 21:15,98,42,56,0,0,0
2019-04-05 21:30,111,61,50,0,0,0
2019-04-05 21:45,91,33,58,0,0,0
2019-04-05 22:00,84,36,48,0,0,0
2019-04-05 22:15,73,31,42,0,0,0
2019-04-05 22:30,74,30,44,0,0,0
2019-04-05 22:45,76,22,54,0,0,0
2019-04-05 23:00,84,26,58,0,0,0
2019-04-05 23:15,60,23,37,0,0,0
2019-04-05 23:30,80,36,44,0,0,0
2019-04-05 23:45,63,19,44,0,0,0
2019-04-06 00:00,61,24,37,0,0,0
2019-04-06 00:15,60,20,40,0,0,0
2019-04-06 00:30,79,16,63,0,0,0
2019-04-06 00:45,59,13,46,0,0,0
2019-04-06 01:00,50,20,30,0,0,0
2019-04-06 01:15,47,20,27,0,0,0
2019-04-06 01:30,52,15,37,0,0,0
2019-04-06 01:45,59,24,35,0,0,0
2019-04-06 02:00,59,9,50,0,0,0
2019-04-06 02:15,44,9,35,0,0,0
2019-04-06 02:30,40,7,33,0,0,0
2019-04-06 02:45,32,8,24,0,0,0
2019-04-06 03:00,39,7,32,0,0,0
2019-04-06 03:15,34,8,26,0,0,0
2019-04-06 03:30,33,4,29,0,0,0
2019-04-06 03:45,23,8,15,0,0,0
2019-04-06 04:00,20,2,18,0,0,0
2019-04-06 04:15,22,5,17,0,0,0
2019-04-06 04:30,22,1,21,0,0,0
2019-04-06 04:45,15,5,10,0,0,0
2019-04-06 05:00,11,5,6,0,0,0
2019-04-06 05:15,18,5,13,0,0,0
2019-04-06 05:30,22,14,8,0,0,0
2019-04-06 05:45,14,10,4,0,0,0
2019-04-06 06:00,22,17,5,0,0,0
2019-04-06 06:15,15,9,6,0,0,0
2019-04-06 06:30,8,2,6,0,0,0
2019-04-06 06:45,15,12,3,0,0,0
2019-04-06 07:00,6,6,0,0,0,0
2019-04-06 07:15,19,14,5,0,0,0
2019-04-06 07:30,25,16,9,0,0,0
2019-04-06 07:45,43,31,12,0,0,0
2019-04-06 08:00,45,25,20,0,0,0
2019-04-06 08:15,58,39,19,0,0,0
2019-04-06 08:30,76,50,26,0,0,0
2019-04-06 08:45,101,65,36,0,0,0
2019-04-06 09:00,72,59,13,0,0,0
2019-04-06 09:15,106,70,36,0,0,0
2019-04-06 09:30,96,64,32,0,0,0
2019-04-06 09:45,151,119,32,0,0,0
2019-04-06 10:00,100,63,37,0,0,0
2019-04-06 10:15,122,81,41,0,0,0
2019-04-06 10:30,119,83,36,0,0,0
2019-04-06 10:45,154,101,53,0,0,0
2019-04-06 11:00,103,67,36,0,0,0
2019-04-06 11:15,112,78,34,0,0,0
2019-04-06 11:30,129,82,47,0,0,0
2019-04-06 11:45,146,93,53,0,0,0
2019-04-06 12:00,128,83,45,0,0,0
2019-04-06 12:15,168,112,56,0,0,0
2019-04-06 12:30,161,97,64,0,0,0
2019-04-06 12:45,196,111,85,0,0,0
2019-04-06 13:00,179,100,79,0,0,0
2019-04-06 13:15,176,102,74,0,0,0
2019-04-06 13:30,188,97,91,0,0,0
2019-04-06 13:45,189,92,97,0,0,0
2019-04-06 14:00,181,92,89,0,0,0
2019-04-06 14:15,196,90,106,0,0,0
2019-04-06 14:30,149,68,81,0,0,0
2019-04-06 14:45,159,70,89,0,0,0
2019-04-06 15:00,165,81,84,0,0,0
2019-04-06 15:15,178,79,99,0,0,0
2019-04-06 15:30,187,82,105,0,0,0
2019-04-06 15:45,175,87,88,0,0,0
2019-04-06 16:00,193,103,90,0,0,0
2019-04-06 16:15,185,99,86,0,0,0
2019-04-06 16:30,174,85,89,0,0,0
2019-04-06 16:45,183,83,100,0,0,0
2019-04-06 17:00,160,86,74,0,0,0
2019-04-06 17:15,159,82,77,0,0,0
2019-04-06 17:30,203,100,103,0,0,0
2019-04-06 17:45,226,101,125,0,0,0
2019-04-06 18:00,217,92,125,0,0,0
2019-04-06 18:15,229,92,137,0,0,0
2019-04-06 18:30,168,81,87,0,0,0
2019-04-06 18:45,219,124,95,0,0,0
2019-04-06 19:00,202,91,111,0,0,0
2019-04-06 19:15,170,107,63,0,0,0
2019-04-06 19:30,180,79,101,0,0,0
2019-04-06 19:45,176,87,89,0,0,0
2019-04-06 20:00,188,85,103,0,0,0
2019-04-06 20:15,162,70,92,0,0,0
2019-04-06 20:30,189,112,77,0,0,0
2019-04-06 20:45,124,72,52,0,0,0
2019-04-06 21:00,147,57,90,0,0,0
2019-04-06 21:15,139,70,69,0,0,0
2019-04-06 21:30,117,45,72,0,0,0
2019-04-06 21:45,97,26,71,0,0,0
2019-04-06 22:00,134,57,77,0,0,0
2019-04-06 22:15,94,31,63,0,0,0
2019-04-06 22:30,105,49,56,0,0,0
2019-04-06 22:45,89,43,46,0,0,0
2019-04-06 23:00,88,27,61,0,0,0
2019-04-06 23:15,77,29,48,0,0,0
2019-04-06 23:30,94,47,47,0,0,0
2019-04-06 23:45,70,25,45,0,0,0
2019-04-07 00:00,61,21,40,0,0,0
2019-04-07 00:15,59,20,39,0,0,0
2019-04-07 00:30,62,29,33,0,0,0
2019-04-07 00:45,88,40,48,0,0,0
2019-04-07 01:00,63,23,40,0,0,0
2019-04-07 01:15,47,14,33,0,0,0
2019-04-07 01:30,59,21,38,0,0,0
2019-04-07 01:45,48,20,28,0,0,0
2019-04-07 02:00,77,32,45,0,0,0
2019-04-07 02:15,42,12,30,0,0,0
2019-04-07 02:30,51,14,37,0,0,0
2019-04-07 02:45,53,8,45,0,0,0
2019-04-07 03:00,50,10,40,0,0,0
2019-04-07 03:15,33,11,22,0,0,0
2019-04-07 03:30,39,9,30,0,0,0
2019-04-07 03:45,36,4,32,0,0,0
2019-04-07 04:00,32,8,24,0,0,0
2019-04-07 04:15,20,2,18,0,0,0
2019-04-07 04:30,13,1,12,0,0,0
2019-04-07 04:45,15,2,13,0,0,0
2019-04-07 05:00,21,4,17,0,0,0
2019-04-07 05:15,18,5,13,0,0,0
2019-04-07 05:30,12,7,5,0,0,0
2019-04-07 05:45,11,6,5,0,0,0
2019-04-07 06:00,17,8,9,0,0,0
2019-04-07 06:15,11,6,5,0,0,0
2019-04-07 06:30,17,6,11,0,0,0
2019-04-07 06:45,8,4,4,0,0,0
2019-04-07 07:00,8,3,5,0,0,0
2019-04-07 07:15,9,5,4,0,0,0
2019-04-07 07:30,18,10,8,0,0,0
2019-04-07 07:45,10,6,4,0,0,0
2019-04-07 08:00,15,11,4,0,0,0
2019-04-07 08:15,20,12,8,0,0,0
2019-04-07 08:30,24,19,5,0,0,0
2019-04-07 08:45,37,23,14,0,0,0
2019-04-07 09:00,26,18,8,0,0,0
2019-04-07 09:15,41,26,15,0,0,0
2019-04-07 09:30,43,27,16,0,0,0
2019-04-07 09:45,102,77,25,0,0,0
2019-04-07 10:00,64,44,20,0,0,0
2019-04-07 10:15,59,39,20,0,0,0
2019-04-07 10:30,85,45,40,0,0,0
2019-04-07 10:45,103,66,37,0,0,0
2019-04-07 11:00,81,38,43,0,0,0
2019-04-07 11:15,86,49,37,0,0,0
2019-04-07 11:30,123,55,68,0,0,0
2019-04-07 11:45,156,67,89,0,0,0
2019-04-07 12:00,111,53,58,0,0,0
2019-04-07 12:15,134,66,68,0,0,0
2019-04-07 12:30,141,96,45,0,0,0
2019-04-07 12:45,140,79,61,0,0,0
2019-04-07 13:00,169,91,78,0,0,0
2019-04-07 13:15,171,86,85,0,0,0
2019-04-07 13:30,144,80,64,0,0,0
2019-04-07 13:45,216,114,102,0,0,0
2019-04-07 14:00,182,118,64,0,0,0
2019-04-07 14:15,158,84,74,0,0,0
2019-04-07 14:30,197,107,90,0,0,0
2019-04-07 14:45,225,131,94,0,0,0
2019-04-07 15:00,190,101,89,0,0,0
2019-04-07 15:15,156,90,66,0,0,0
2019-04-07 15:30,177,108,69,0,0,0
2019-04-07 15:45,240,119,121,0,0,0
2019-04-07 16:00,192,111,81,0,0,0
2019-04-07 16:15,194,103,91,0,0,0
2019-04-07 16:30,197,101,96,0,0,0
2019-04-07 16:45,181,81,100,0,0,0
2019-04-07 17:00,217,93,124,0,0,0
2019-04-07 17:15,179,93,86,0,0,0
2019-04-07 17:30,183,89,94,0,0,0
2019-04-07 17:45,218,115,103,0,0,0
2019-04-07 18:00,198,93,105,0,0,0
2019-04-07 18:15,211,91,120,0,0,0
2019-04-07 18:30,177,78,99,0,0,0
2019-04-07 18:45,199,90,109,0,0,0
2019-04-07 19:00,159,75,84,0,0,0
2019-04-07 19:15,194,80,114,0,0,0
2019-04-07 19:30,180,77,103,0,0,0
2019-04-07 19:45,180,84,96,0,0,0
2019-04-07 20:00,165,58,107,0,0,0
2019-04-07 20:15,123,52,71,0,0,0
2019-04-07 20:30,100,33,67,0,0,0
2019-04-07 20:45,89,30,59,0,0,0
2019-04-07 21:00,110,29,81,0,0,0
2019-04-07 21:15,72,27,45,0,0,0
2019-04-07 21:30,66,26,40,0,0,0
2019-04-07 21:45,91,23,68,0,0,0
2019-04-07 22:00,96,23,73,0,0,0
2019-04-07 22:15,80,18,62,0,0,0
2019-04-07 22:30,104,25,79,0,0,0
2019-04-07 22:45,55,10,45,0,0,0
2019-04-07 23:00,38,13,25,0,0,0
2019-04-07 23:15,36,11,25,0,0,0
2019-04-07 23:30,18,6,12,0,0,0
2019-04-07 23:45,33,8,25,0,0,0
2019-04-08 00:00,17,7,10,0,0,0
2019-04-08 00:15,12,6,6,0,0,0
2019-04-08 00:30,12,2,10,0,0,0
2019-04-08 00:45,10,2,8,0,0,0
2019-04-08 01:00,4,3,1,0,0,0
2019-04-08 01:15,5,1,4,0,0,0
2019-04-08 01:30,5,2,3,0,0,0
2019-04-08 01:45,4,2,2,0,0,0
2019-04-08 02:00,5,1,4,0,0,0
2019-04-08 02:15,4,1,3,0,0,0
2019-04-08 02:30,1,1,0,0,0,0
2019-04-08 02:45,0,0,0,0,0,0
2019-04-08 03:00,2,0,2,0,0,0
2019-04-08 03:15,3,0,3,0,0,0
2019-04-08 03:30,4,0,4,0,0,0
2019-04-08 03:45,3,1,2,0,0,0
2019-04-08 04:00,1,0,1,0,0,0
2019-04-08 04:15,2,1,1,0,0,0
2019-04-08 04:30,8,3,5,0,0,0
2019-04-08 04:45,8,3,5,0,0,0
2019-04-08 05:00,10,7,3,0,0,0
2019-04-08 05:15,12,8,4,0,0,0
2019-04-08 05:30,30,18,12,0,0,0
2019-04-08 05:45,27,23,4,0,0,0
2019-04-08 06:00,29,22,7,0,0,0
2019-04-08 06:15,46,32,14,0,0,0
2019-04-08 06:30,64,45,19,0,0,0
2019-04-08 06:45,114,72,42,0,0,0
2019-04-08 07:00,108,71,37,0,0,0
2019-04-08 07:15,166,114,52,0,0,0
2019-04-08 07:30,336,213,123,0,0,0
2019-04-08 07:45,488,240,248,0,0,0
2019-04-08 08:00,425,214,211,0,0,0
2019-04-08 08:15,272,184,88,0,0,0
2019-04-08 08:30,239,150,89,0,0,0
2019-04-08 08:45,313,202,111,0,0,0
2019-04-08 09:00,235,149,86,0,0,0
2019-04-08 09:15,237,180,57,0,0,0
2019-04-08 09:30,252,111,141,0,0,0
2019-04-08 09:45,517,262,255,0,0,0
2019-04-08 10:00,397,254,143,0,0,0
2019-04-08 10:15,171,101,70,0,0,0
2019-04-08 10:30,180,92,88,0,0,0
2019-04-08 10:45,170,87,83,0,0,0
2019-04-08 11:00,160,81,79,0,0,0
2019-04-08 11:15,198,93,105,0,0,0
2019-04-08 11:30,297,118,179,0,0,0
2019-04-08 11:45,547,274,273,0,0,0
2019-04-08 12:00,402,253,149,0,0,0
2019-04-08 12:15,241,132,109,0,0,0
2019-04-08 12:30,243,117,126,0,0,0
2019-04-08 12:45,253,126,127,0,0,0
2019-04-08 13:00,337,144,193,0,0,0
2019-04-08 13:15,224,99,125,0,0,0
2019-04-08 13:30,277,118,159,0,0,0
2019-04-08 13:45,606,296,310,0,0,0
2019-04-08 14:00,460,279,181,0,0,0
2019-04-08 14:15,245,132,113,0,0,0
2019-04-08 14:30,219,99,120,0,0,0
2019-04-08 14:45,259,121,138,0,0,0
2019-04-08 15:00,239,116,123,0,0,0
2019-04-08 15:15,260,116,144,0,0,0
2019-04-08 15:30,370,151,219,0,0,0
2019-04-08 15:45,621,364,257,0,0,0
2019-04-08 16:00,524,320,204,0,0,0
2019-04-08 16:15,314,170,144,0,0,0
2019-04-08 16:30,317,171,146,0,0,0
2019-04-08 16:45,354,201,153,0,0,0
2019-04-08 17:00,380,176,204,0,0,0
2019-04-08 17:15,389,200,189,0,0,0
2019-04-08 17:30,542,250,292,0,0,0
2019-04-08 17:45,685,304,381,0,0,0
2019-04-08 18:00,430,219,211,0,0,0
2019-04-08 18:15,391,185,206,0,0,0
2019-04-08 18:30,367,134,233,0,0,0
2019-04-08 18:45,298,160,138,0,0,0
2019-04-08 19:00,306,136,170,0,0,0
2019-04-08 19:15,294,130,164,0,0,0
2019-04-08 19:30,327,120,207,0,0,0
2019-04-08 19:45,400,148,252,0,0,0
2019-04-08 20:00,364,154,210,0,0,0
2019-04-08 20:15,248,108,140,0,0,0
2019-04-08 20:30,151,68,83,0,0,0
2019-04-08 20:45,175,81,94,0,0,0
2019-04-08 21:00,191,72,119,0,0,0
2019-04-08 21:15,149,50,99,0,0,0
2019-04-08 21:30,137,39,98,0,0,0
2019-04-08 21:45,150,45,105,0,0,0
2019-04-08 22:00,126,53,73,0,0,0
2019-04-08 22:15,143,63,80,0,0,0
2019-04-08 22:30,106,21,85,0,0,0
2019-04-08 22:45,84,25,59,0,0,0
2019-04-08 23:00,89,24,65,0,0,0
2019-04-08 23:15,55,11,44,0,0,0
2019-04-08 23:30,69,22,47,0,0,0
2019-04-08 23:45,47,12,35,0,0,0
2019-04-09 00:00,24,10,14,0,0,0
2019-04-09 00:15,26,2,24,0,0,0
2019-04-09 00:30,21,10,11,0,0,0
2019-04-09 00:45,21,5,16,0,0,0
2019-04-09 01:00,17,4,13,0,0,0
2019-04-09 01:15,18,4,14,0,0,0
2019-04-09 01:30,18,3,15,0,0,0
2019-04-09 01:45,17,7,10,0,0,0
2019-04-09 02:00,3,1,2,0,0,0
2019-04-09 02:15,4,0,4,0,0,0
2019-04-09 02:30,8,1,7,0,0,0
2019-04-09 02:45,12,4,8,0,0,0
2019-04-09 03:00,8,2,6,0,0,0
2019-04-09 03:15,1,0,1,0,0,0
2019-04-09 03:30,3,1,2,0,0,0
2019-04-09 03:45,2,1,1,0,0,0
2019-04-09 04:00,5,2,3,0,0,0
2019-04-09 04:15,1,0,1,0,0,0
2019-04-09 04:30,9,6,3,0,0,0
2019-04-09 04:45,4,2,2,0,0,0
2019-04-09 05:00,13,12,1,0,0,0
2019-04-09 05:15,10,6,4,0,0,0
2019-04-09 05:30,21,9,12,0,0,0
2019-04-09 05:45,20,14,6,0,0,0
2019-04-09 06:00,29,21,8,0,0,0
2019-04-09 06:15,50,36,14,0,0,0
2019-04-09 06:30,69,51,18,0,0,0
2019-04-09 06:45,112,81,31,0,0,0
2019-04-09 07:00,122,81,41,0,0,0
2019-04-09 07:15,193,122,71,0,0,0
2019-04-09 07:30,338,226,112,0,0,0
2019-04-09 07:45,560,329,231,0,0,0
2019-04-09 08:00,611,375,236,0,0,0
2019-04-09 08:15,332,207,125,0,0,0
2019-04-09 08:30,297,156,141,0,0,0
2019-04-09 08:45,353,224,129,0,0,0
2019-04-09 09:00,305,199,106,0,0,0
2019-04-09 09:15,224,131,93,0,0,0
2019-04-09 09:30,263,119,144,0,0,0
2019-04-09 09:45,605,272,333,0,0,0
2019-04-09 10:00,546,356,190,0,0,0
2019-04-09 10:15,218,113,105,0,0,0
2019-04-09 10:30,168,87,81,0,0,0
2019-04-09 10:45,160,99,61,0,0,0
2019-04-09 11:00,189,95,94,0,0,0
2019-04-09 11:15,225,130,95,0,0,0
2019-04-09 11:30,327,120,207,0,0,0
2019-04-09 11:45,545,303,242,0,0,0
2019-04-09 12:00,448,293,155,0,0,0
2019-04-09 12:15,204,102,102,0,0,0
2019-04-09 12:30,208,97,111,0,0,0
2019-04-09 12:45,224,122,102,0,0,0
2019-04-09 13:00,268,114,154,0,0,0
2019-04-09 13:15,245,94,151,0,0,0
2019-04-09 13:30,313,120,193,0,0,0
2019-04-09 13:45,548,247,301,0,0,0
2019-04-09 14:00,420,219,201,0,0,0
2019-04-09 14:15,226,129,97,0,0,0
2019-04-09 14:30,222,109,113,0,0,0
2019-04-09 14:45,283,120,163,0,0,0
2019-04-09 15:00,237,98,139,0,0,0
2019-04-09 15:15,252,105,147,0,0,0
2019-04-09 15:30,371,177,194,0,0,0
2019-04-09 15:45,662,375,287,0,0,0
2019-04-09 16:00,497,299,198,0,0,0
2019-04-09 16:15,320,160,160,0,0,0
2019-04-09 16:30,339,153,186,0,0,0
2019-04-09 16:45,404,212,192,0,0,0
2019-04-09 17:00,332,146,186,0,0,0
2019-04-09 17:15,309,135,174,0,0,0
2019-04-09 17:30,455,186,269,0,0,0
2019-04-09 17:45,653,310,343,0,0,0
2019-04-09 18:00,493,218,275,0,0,0
2019-04-09 18:15,350,178,172,0,0,0
2019-04-09 18:30,301,112,189,0,0,0
2019-04-09 18:45,311,131,180,0,0,0
2019-04-09 19:00,283,139,144,0,0,0
2019-04-09 19:15,285,142,143,0,0,0
2019-04-09 19:30,308,139,169,0,0,0
2019-04-09 19:45,385,154,231,0,0,0
2019-04-09 20:00,246,114,132,0,0,0
2019-04-09 20:15,211,121,90,0,0,0
2019-04-09 20:30,147,57,90,0,0,0
2019-04-09 20:45,149,70,79,0,0,0
2019-04-09 21:00,173,85,88,0,0,0
2019-04-09 21:15,154,67,87,0,0,0
2019-04-09 21:30,133,54,79,0,0,0
2019-04-09 21:45,137,43,94,0,0,0
2019-04-09 22:00,130,58,72,0,0,0
2019-04-09 22:15,133,78,55,0,0,0
2019-04-09 22:30,109,44,65,0,0,0
2019-04-09 22:45,85,31,54,0,0,0
2019-04-09 23:00,77,35,42,0,0,0
2019-04-09 23:15,112,53,59,0,0,0
2019-04-09 23:30,63,33,30,0,0,0
2019-04-09 23:45,56,27,29,0,0,0
2019-04-10 00:00,40,12,28,0,0,0
2019-04-10 00:15,78,61,17,0,0,0
2019-04-10 00:30,31,14,17,0,0,0
2019-04-10 00:45,59,22,37,0,0,0
2019-04-10 01:00,31,15,16,0,0,0
2019-04-10 01:15,32,17,15,0,0,0
2019-04-10 01:30,18,7,11,0,0,0
2019-04-10 01:45,10,3,7,0,0,0
2019-04-10 02:00,24,1,23,0,0,0
2019-04-10 02:15,17,1,16,0,0,0
2019-04-10 02:30,29,0,29,0,0,0
2019-04-10 02:45,32,1,31,0,0,0
2019-04-10 03:00,26,1,25,0,0,0
2019-04-10 03:15,35,1,34,0,0,0
2019-04-10 03:30,29,2,27,0,0,0
2019-04-10 03:45,32,4,28,0,0,0
2019-04-10 04:00,27,1,26,0,0,0
2019-04-10 04:15,20,2,18,0,0,0
2019-04-10 04:30,28,7,21,0,0,0
2019-04-10 04:45,19,2,17,0,0,0
2019-04-10 05:00,29,9,20,0,0,0
2019-04-10 05:15,12,6,6,0,0,0
2019-04-10 05:30,18,8,10,0,0,0
2019-04-10 05:45,23,17,6,0,0,0
2019-04-10 06:00,33,21,12,0,0,0
2019-04-10 06:15,48,35,13,0,0,0
2019-04-10 06:30,66,44,22,0,0,0
2019-04-10 06:45,117,77,40,0,0,0
2019-04-10 07:00,106,69,37,0,0,0
2019-04-10 07:15,274,216,58,0,0,0
2019-04-10 07:30,338,223,115,0,0,0
2019-04-10 07:45,571,297,274,0,0,0
2019-04-10 08:00,504,281,223,0,0,0
2019-04-10 08:15,314,206,108,0,0,0
2019-04-10 08:30,275,130,145,0,0,0
2019-04-10 08:45,323,169,154,0,0,0
2019-04-10 09:00,242,136,106,0,0,0
2019-04-10 09:15,182,112,70,0,0,0
2019-04-10 09:30,249,122,127,0,0,0
2019-04-10 09:45,555,335,220,0,0,0
2019-04-10 10:00,591,361,230,0,0,0
2019-04-10 10:15,168,112,56,0,0,0
2019-04-10 10:30,158,95,63,0,0,0
2019-04-10 10:45,167,99,68,0,0,0
2019-04-10 11:00,151,93,58,0,0,0
2019-04-10 11:15,160,96,64,0,0,0
2019-04-10 11:30,237,118,119,0,0,0
2019-04-10 11:45,632,300,332,0,0,0
2019-04-10 12:00,398,260,138,0,0,0
2019-04-10 12:15,233,125,108,0,0,0
2019-04-10 12:30,242,133,109,0,0,0
2019-04-10 12:45,290,161,129,0,0,0
2019-04-10 13:00,260,119,141,0,0,0
2019-04-10 13:15,225,114,111,0,0,0
2019-04-10 13:30,293,133,160,0,0,0
2019-04-10 13:45,604,275,329,0,0,0
2019-04-10 14:00,426,250,176,0,0,0
2019-04-10 14:15,255,129,126,0,0,0
2019-04-10 14:30,225,90,135,0,0,0
2019-04-10 14:45,257,110,147,0,0,0
2019-04-10 15:00,272,114,158,0,0,0
2019-04-10 15:15,234,106,128,0,0,0
2019-04-10 15:30,289,106,183,0,0,0
2019-04-10 15:45,663,267,396,0,0,0
2019-04-10 16:00,471,238,233,0,0,0
2019-04-10 16:15,322,169,153,0,0,0
2019-04-10 16:30,305,121,184,0,0,0
2019-04-10 16:45,311,166,145,0,0,0
2019-04-10 17:00,309,142,167,0,0,0
2019-04-10 17:15,351,164,187,0,0,0
2019-04-10 17:30,401,167,234,0,0,0
2019-04-10 17:45,584,240,344,0,0,0
2019-04-10 18:00,412,203,209,0,0,0
2019-04-10 18:15,339,187,152,0,0,0
2019-04-10 18:30,322,156,166,0,0,0
2019-04-10 18:45,313,177,136,0,0,0
2019-04-10 19:00,277,134,143,0,0,0
2019-04-10 19:15,276,142,134,0,0,0
2019-04-10 19:30,312,128,184,0,0,0
2019-04-10 19:45,331,143,188,0,0,0
2019-04-10 20:00,256,115,141,0,0,0
2019-04-10 20:15,256,122,134,0,0,0
2019-04-10 20:30,176,86,90,0,0,0
2019-04-10 20:45,212,75,137,0,0,0
2019-04-10 21:00,158,92,66,0,0,0
2019-04-10 21:15,220,122,98,0,0,0
2019-04-10 21:30,142,69,73,0,0,0
2019-04-10 21:45,160,55,105,0,0,0
2019-04-10 22:00,134,59,75,0,0,0
2019-04-10 22:15,172,78,94,0,0,0
2019-04-10 22:30,112,60,52,0,0,0
2019-04-10 22:45,92,34,58,0,0,0
2019-04-10 23:00,102,38,64,0,0,0
2019-04-10 23:15,101,43,58,0,0,0
2019-04-10 23:30,114,52,62,0,0,0
2019-04-10 23:45,72,27,45,0,0,0
2019-04-11 00:00,50,11,39,0,0,0
2019-04-11 00:15,58,11,47,0,0,0
2019-04-11 00:30,51,14,37,0,0,0
2019-04-11 00:45,53,18,35,0,0,0
2019-04-11 01:00,36,10,26,0,0,0
2019-04-11 01:15,38,14,24,0,0,0
2019-04-11 01:30,28,5,23,0,0,0
2019-04-11 01:45,29,3,26,0,0,0
2019-04-11 02:00,27,7,20,0,0,0
2019-04-11 02:15,34,6,28,0,0,0
2019-04-11 02:30,31,2,29,0,0,0
2019-04-11 02:45,28,6,22,0,0,0
2019-04-11 03:00,20,2,18,0,0,0
2019-04-11 03:15,16,2,14,0,0,0
2019-04-11 03:30,16,0,16,0,0,0
2019-04-11 03:45,8,2,6,0,0,0
2019-04-11 04:00,32,2,30,0,0,0
2019-04-11 04:15,13,1,12,0,0,0
2019-04-11 04:30,15,4,11,0,0,0
2019-04-11 04:45,10,4,6,0,0,0
2019-04-11 05:00,20,8,12,0,0,0
2019-04-11 05:15,12,8,4,0,0,0
2019-04-11 05:30,22,7,15,0,0,0
2019-04-11 05:45,27,17,10,0,0,0
2019-04-11 06:00,29,18,11,0,0,0
2019-04-11 06:15,47,38,9,0,0,0
2019-04-11 06:30,61,38,23,0,0,0
2019-04-11 06:45,103,69,34,0,0,0
2019-04-11 07:00,106,65,41,0,0,0
2019-04-11 07:15,160,100,60,0,0,0
2019-04-11 07:30,275,184,91,0,0,0
2019-04-11 07:45,474,210,264,0,0,0
2019-04-11 08:00,460,249,211,0,0,0
2019-04-11 08:15,315,202,113,0,0,0
2019-04-11 08:30,265,136,129,0,0,0
2019-04-11 08:45,277,148,129,0,0,0
2019-04-11 09:00,241,148,93,0,0,0
2019-04-11 09:15,196,120,76,0,0,0
2019-04-11 09:30,264,147,117,0,0,0
2019-04-11 09:45,644,342,302,0,0,0
2019-04-11 10:00,488,351,137,0,0,0
2019-04-11 10:15,172,114,58,0,0,0
2019-04-11 10:30,142,83,59,0,0,0
2019-04-11 10:45,140,79,61,0,0,0
2019-04-11 11:00,169,75,94,0,0,0
2019-04-11 11:15,146,67,79,0,0,0
2019-04-11 11:30,278,130,148,0,0,0
2019-04-11 11:45,671,325,346,0,0,0
2019-04-11 12:00,454,289,165,0,0,0
2019-04-11 12:15,232,123,109,0,0,0
2019-04-11 12:30,209,120,89,0,0,0
2019-04-11 12:45,234,122,112,0,0,0
2019-04-11 13:00,248,119,129,0,0,0
2019-04-11 13:15,225,104,121,0,0,0
2019-04-11 13:30,353,173,180,0,0,0
2019-04-11 13:45,551,228,323,0,0,0
2019-04-11 14:00,473,274,199,0,0,0
2019-04-11 14:15,214,96,118,0,0,0
2019-04-11 14:30,202,68,134,0,0,0
2019-04-11 14:45,225,107,118,0,0,0
2019-04-11 15:00,240,106,134,0,0,0
2019-04-11 15:15,191,109,82,0,0,0
2019-04-11 15:30,338,139,199,0,0,0
2019-04-11 15:45,651,345,306,0,0,0
2019-04-11 16:00,397,212,185,0,0,0
2019-04-11 16:15,291,153,138,0,0,0
2019-04-11 16:30,287,130,157,0,0,0
2019-04-11 16:45,304,131,173,0,0,0
2019-04-11 17:00,284,133,151,0,0,0
2019-04-11 17:15,322,145,177,0,0,0
2019-04-11 17:30,412,184,228,0,0,0
2019-04-11 17:45,541,264,277,0,0,0
2019-04-11 18:00,393,221,172,0,0,0
2019-04-11 18:15,293,157,136,0,0,0
2019-04-11 18:30,302,138,164,0,0,0
2019-04-11 18:45,298,162,136,0,0,0
2019-04-11 19:00,250,114,136,0,0,0
2019-04-11 19:15,273,131,142,0,0,0
2019-04-11 19:30,329,129,200,0,0,0
2019-04-11 19:45,340,182,158,0,0,0
2019-04-11 20:00,214,118,96,0,0,0
2019-04-11 20:15,169,77,92,0,0,0
2019-04-11 20:30,116,48,68,0,0,0
2019-04-11 20:45,156,77,79,0,0,0
2019-04-11 21:00,139,61,78,0,0,0
2019-04-11 21:15,156,73,83,0,0,0
2019-04-11 21:30,126,53,73,0,0,0
2019-04-11 21:45,117,40,77,0,0,0
2019-04-11 22:00,146,67,79,0,0,0
2019-04-11 22:15,119,56,63,0,0,0
2019-04-11 22:30,102,40,62,0,0,0
2019-04-11 22:45,108,41,67,0,0,0
2019-04-11 23:00,102,43,59,0,0,0
2019-04-11 23:15,91,31,60,0,0,0
2019-04-11 23:30,56,22,34,0,0,0
2019-04-11 23:45,63,29,34,0,0,0
2019-04-12 00:00,46,9,37,0,0,0
2019-04-12 00:15,35,12,23,0,0,0
2019-04-12 00:30,28,5,23,0,0,0
2019-04-12 00:45,29,8,21,0,0,0
2019-04-12 01:00,22,7,15,0,0,0
2019-04-12 01:15,35,10,25,0,0,0
2019-04-12 01:30,16,5,11,0,0,0
2019-04-12 01:45,30,5,25,0,0,0
2019-04-12 02:00,31,3,28,0,0,0
2019-04-12 02:15,21,7,14,0,0,0
2019-04-12 02:30,19,3,16,0,0,0
2019-04-12 02:45,17,4,13,0,0,0
2019-04-12 03:00,14,3,11,0,0,0
2019-04-12 03:15,10,1,9,0,0,0
2019-04-12 03:30,11,4,7,0,0,0
2019-04-12 03:45,8,3,5,0,0,0
2019-04-12 04:00,11,2,9,0,0,0
2019-04-12 04:15,6,2,4,0,0,0
2019-04-12 04:30,26,4,22,0,0,0
2019-04-12 04:45,12,3,9,0,0,0
2019-04-12 05:00,12,7,5,0,0,0
2019-04-12 05:15,4,3,1,0,0,0
2019-04-12 05:30,18,8,10,0,0,0
2019-04-12 05:45,22,15,7,0,0,0
2019-04-12 06:00,20,16,4,0,0,0
2019-04-12 06:15,36,19,17,0,0,0
2019-04-12 06:30,46,27,19,0,0,0
2019-04-12 06:45,83,57,26,0,0,0
2019-04-12 07:00,83,54,29,0,0,0
2019-04-12 07:15,134,80,54,0,0,0
2019-04-12 07:30,238,145,93,0,0,0
2019-04-12 07:45,357,220,137,0,0,0
2019-04-12 08:00,342,201,141,0,0,0
2019-04-12 08:15,241,148,93,0,0,0
2019-04-12 08:30,207,100,107,0,0,0
2019-04-12 08:45,264,173,91,0,0,0
2019-04-12 09:00,199,135,64,0,0,0
2019-04-12 09:15,157,97,60,0,0,0
2019-04-12 09:30,229,126,103,0,0,0
2019-04-12 09:45,405,213,192,0,0,0
2019-04-12 10:00,292,198,94,0,0,0
2019-04-12 10:15,156,98,58,0,0,0
2019-04-12 10:30,132,83,49,0,0,0
2019-04-12 10:45,162,97,65,0,0,0
2019-04-12 11:00,134,79,55,0,0,0
2019-04-12 11:15,144,90,54,0,0,0
2019-04-12 11:30,187,107,80,0,0,0
2019-04-12 11:45,313,161,152,0,0,0
2019-04-12 12:00,296,189,107,0,0,0
2019-04-12 12:15,213,124,89,0,0,0
2019-04-12 12:30,214,106,108,0,0,0
2019-04-12 12:45,257,132,125,0,0,0
2019-04-12 13:00,260,116,144,0,0,0
2019-04-12 13:15,198,100,98,0,0,0
2019-04-12 13:30,241,128,113,0,0,0
2019-04-12 13:45,316,172,144,0,0,0
2019-04-12 14:00,249,117,132,0,0,0
2019-04-12 14:15,213,108,105,0,0,0
2019-04-12 14:30,225,103,122,0,0,0
2019-04-12 14:45,206,110,96,0,0,0
2019-04-12 15:00,189,97,92,0,0,0
2019-04-12 15:15,199,110,89,0,0,0
2019-04-12 15:30,228,103,125,0,0,0
2019-04-12 15:45,275,133,142,0,0,0
2019-04-12 16:00,231,116,115,0,0,0
2019-04-12 16:15,195,97,98,0,0,0
2019-04-12 16:30,235,124,111,0,0,0
2019-04-12 16:45,240,136,104,0,0,0
2019-04-12 17:00,211,118,93,0,0,0
2019-04-12 17:15,207,93,114,0,0,0
2019-04-12 17:30,226,92,134,0,0,0
2019-04-12 17:45,218,105,113,0,0,0
2019-04-12 18:00,203,97,106,0,0,0
2019-04-12 18:15,199,102,97,0,0,0
2019-04-12 18:30,191,86,105,0,0,0
2019-04-12 18:45,180,110,70,0,0,0
2019-04-12 19:00,196,110,86,0,0,0
2019-04-12 19:15,168,90,78,0,0,0
2019-04-12 19:30,173,98,75,0,0,0
2019-04-12 19:45,197,114,83,0,0,0
2019-04-12 20:00,162,95,67,0,0,0
2019-04-12 20:15,142,86,56,0,0,0
2019-04-12 20:30,129,66,63,0,0,0
2019-04-12 20:45,121,68,53,0,0,0
2019-04-12 21:00,145,79,66,0,0,0
2019-04-12 21:15,119,54,65,0,0,0
2019-04-12 21:30,69,33,36,0,0,0
2019-04-12 21:45,112,39,73,0,0,0
2019-04-12 22:00,86,36,50,0,0,0
2019-04-12 22:15,81,26,55,0,0,0
2019-04-12 22:30,84,32,52,0,0,0
2019-04-12 22:45,85,28,57,0,0,0
2019-04-12 23:00,71,19,52,0,0,0
2019-04-12 23:15,100,23,77,0,0,0
2019-04-12 23:30,86,33,53,0,0,0
2019-04-12 23:45,80,21,59,0,0,0
2019-04-13 00:00,112,38,74,0,0,0
2019-04-13 00:15,95,40,55,0,0,0
2019-04-13 00:30,81,30,51,0,0,0
2019-04-13 00:45,49,23,26,0,0,0
2019-04-13 01:00,78,29,49,0,0,0
2019-04-13 01:15,66,27,39,0,0,0
2019-04-13 01:30,44,13,31,0,0,0
2019-04-13 01:45,56,20,36,0,0,0
2019-04-13 02:00,51,14,37,0,0,0
2019-04-13 02:15,41,15,26,0,0,0
2019-04-13 02:30,28,14,14,0,0,0
2019-04-13 02:45,25,8,17,0,0,0
2019-04-13 03:00,40,16,24,0,0,0
2019-04-13 03:15,37,16,21,0,0,0
2019-04-13 03:30,37,16,21,0,0,0
2019-04-13 03:45,27,9,18,0,0,0
2019-04-13 04:00,29,6,23,0,0,0
2019-04-13 04:15,29,12,17,0,0,0
2019-04-13 04:30,23,6,17,0,0,0
2019-04-13 04:45,26,5,21,0,0,0
2019-04-13 05:00,24,8,16,0,0,0
2019-04-13 05:15,14,6,8,0,0,0
2019-04-13 05:30,19,8,11,0,0,0
2019-04-13 05:45,17,10,7,0,0,0
2019-04-13 06:00,11,6,5,0,0,0
2019-04-13 06:15,10,5,5,0,0,0
2019-04-13 06:30,12,6,6,0,0,0
2019-04-13 06:45,20,11,9,0,0,0
2019-04-13 07:00,15,8,7,0,0,0
2019-04-13 07:15,14,10,4,0,0,0
2019-04-13 07:30,21,18,3,0,0,0
2019-04-13 07:45,41,34,7,0,0,0
2019-04-13 08:00,36,24,12,0,0,0
2019-04-13 08:15,29,19,10,0,0,0
2019-04-13 08:30,75,41,34,0,0,0
2019-04-13 08:45,79,50,29,0,0,0
2019-04-13 09:00,49,33,16,0,0,0
2019-04-13 09:15,76,51,25,0,0,0
2019-04-13 09:30,96,77,19,0,0,0
2019-04-13 09:45,109,94,15,0,0,0
2019-04-13 10:00,94,75,19,0,0,0
2019-04-13 10:15,78,54,24,0,0,0
2019-04-13 10:30,83,49,34,0,0,0
2019-04-13 10:45,103,59,44,0,0,0
2019-04-13 11:00,111,74,37,0,0,0
2019-04-13 11:15,80,52,28,0,0,0
2019-04-13 11:30,87,55,32,0,0,0
2019-04-13 11:45,127,86,41,0,0,0
2019-04-13 12:00,108,73,35,0,0,0
2019-04-13 12:15,127,82,45,0,0,0
2019-04-13 12:30,134,59,75,0,0,0
2019-04-13 12:45,133,97,36,0,0,0
2019-04-13 13:00,120,68,52,0,0,0
2019-04-13 13:15,131,80,51,0,0,0
2019-04-13 13:30,138,67,71,0,0,0
2019-04-13 13:45,143,78,65,0,0,0
2019-04-13 14:00,118,56,62,0,0,0
2019-04-13 14:15,122,71,51,0,0,0
2019-04-13 14:30,121,55,66,0,0,0
2019-04-13 14:45,132,66,66,0,0,0
2019-04-13 15:00,136,74,62,0,0,0
2019-04-13 15:15,100,53,47,0,0,0
2019-04-13 15:30,99,51,48,0,0,0
2019-04-13 15:45,119,61,58,0,0,0
2019-04-13 16:00,78,34,44,0,0,0
2019-04-13 16:15,110,53,57,0,0,0
2019-04-13 16:30,101,41,60,0,0,0
2019-04-13 16:45,106,51,55,0,0,0
2019-04-13 17:00,102,55,47,0,0,0
2019-04-13 17:15,92,45,47,0,0,0
2019-04-13 17:30,149,68,81,0,0,0
2019-04-13 17:45,129,58,71,0,0,0
2019-04-13 18:00,136,60,76,0,0,0
2019-04-13 18:15,114,51,63,0,0,0
2019-04-13 18:30,99,44,55,0,0,0
2019-04-13 18:45,133,69,64,0,0,0
2019-04-13 19:00,121,60,61,0,0,0
2019-04-13 19:15,121,64,57,0,0,0
2019-04-13 19:30,104,43,61,0,0,0
2019-04-13 19:45,132,60,72,0,0,0
2019-04-13 20:00,110,52,58,0,0,0
2019-04-13 20:15,96,50,46,0,0,0
2019-04-13 20:30,81,41,40,0,0,0
2019-04-13 20:45,117,65,52,0,0,0
2019-04-13 21:00,89,43,46,0,0,0
2019-04-13 21:15,72,32,40,0,0,0
2019-04-13 21:30,65,32,33,0,0,0
2019-04-13 21:45,73,26,47,0,0,0
2019-04-13 22:00,69,38,31,0,0,0
2019-04-13 22:15,61,17,44,0,0,0
2019-04-13 22:30,56,23,33,0,0,0
2019-04-13 22:45,54,22,32,0,0,0
2019-04-13 23:00,65,23,42,0,0,0
2019-04-13 23:15,51,18,33,0,0,0
2019-04-13 23:30,51,20,31,0,0,0
2019-04-13 23:45,58,24,34,0,0,0
2019-04-14 00:00,44,14,30,0,0,0
2019-04-14 00:15,61,22,39,0,0,0
2019-04-14 00:30,68,19,49,0,0,0
2019-04-14 00:45,67,29,38,0,0,0
2019-04-14 01:00,40,18,22,0,0,0
2019-04-14 01:15,52,19,33,0,0,0
2019-04-14 01:30,32,8,24,0,0,0
2019-04-14 01:45,42,6,36,0,0,0
2019-04-14 02:00,45,14,31,0,0,0
2019-04-14 02:15,41,11,30,0,0,0
2019-04-14 02:30,34,10,24,0,0,0
2019-04-14 02:45,47,24,23,0,0,0
2019-04-14 03:00,48,8,40,0,0,0
2019-04-14 03:15,26,8,18,0,0,0
2019-04-14 03:30,27,11,16,0,0,0
2019-04-14 03:45,26,11,15,0,0,0
2019-04-14 04:00,19,3,16,0,0,0
2019-04-14 04:15,22,6,16,0,0,0
2019-04-14 04:30,6,2,4,0,0,0
2019-04-14 04:45,12,4,8,0,0,0
2019-04-14 05:00,11,4,7,0,0,0
2019-04-14 05:15,11,7,4,0,0,0
2019-04-14 05:30,15,4,11,0,0,0
2019-04-14 05:45,9,4,5,0,0,0
2019-04-14 06:00,8,3,5,0,0,0
2019-04-14 06:15,9,6,3,0,0,0
2019-04-14 06:30,9,4,5,0,0,0
2019-04-14 06:45,6,3,3,0,0,0
2019-04-14 07:00,6,3,3,0,0,0
2019-04-14 07:15,6,1,5,0,0,0
2019-04-14 07:30,18,10,8,0,0,0
2019-04-14 07:45,13,10,3,0,0,0
2019-04-14 08:00,17,13,4,0,0,0
2019-04-14 08:15,6,5,1,0,0,0
2019-04-14 08:30,19,16,3,0,0,0
2019-04-14 08:45,34,20,14,0,0,0
2019-04-14 09:00,26,14,12,0,0,0
2019-04-14 09:15,36,23,13,0,0,0
2019-04-14 09:30,41,22,19,0,0,0
2019-04-14 09:45,77,59,18,0,0,0
2019-04-14 10:00,57,39,18,0,0,0
2019-04-14 10:15,53,32,21,0,0,0
2019-04-14 10:30,82,49,33,0,0,0
2019-04-14 10:45,92,59,33,0,0,0
2019-04-14 11:00,75,53,22,0,0,0
2019-04-14 11:15,90,37,53,0,0,0
2019-04-14 11:30,89,42,47,0,0,0
2019-04-14 11:45,99,46,53,0,0,0
2019-04-14 12:00,97,50,47,0,0,0
2019-04-14 12:15,89,43,46,0,0,0
2019-04-14 12:30,125,65,60,0,0,0
2019-04-14 12:45,104,50,54,0,0,0
2019-04-14 13:00,115,42,73,0,0,0
2019-04-14 13:15,129,66,63,0,0,0
2019-04-14 13:30,99,59,40,0,0,0
2019-04-14 13:45,113,70,43,0,0,0
2019-04-14 14:00,122,64,58,0,0,0
2019-04-14 14:15,120,76,44,0,0,0
2019-04-14 14:30,108,64,44,0,0,0
2019-04-14 14:45,143,84,59,0,0,0
2019-04-14 15:00,102,51,51,0,0,0
2019-04-14 15:15,123,62,61,0,0,0
2019-04-14 15:30,108,65,43,0,0,0
2019-04-14 15:45,124,73,51,0,0,0
2019-04-14 16:00,99,38,61,0,0,0
2019-04-14 16:15,115,58,57,0,0,0
2019-04-14 16:30,101,41,60,0,0,0
2019-04-14 16:45,132,65,67,0,0,0
2019-04-14 17:00,114,45,69,0,0,0
2019-04-14 17:15,117,60,57,0,0,0
2019-04-14 17:30,118,56,62,0,0,0
2019-04-14 17:45,149,76,73,0,0,0
2019-04-14 18:00,116,52,64,0,0,0
2019-04-14 18:15,118,59,59,0,0,0
2019-04-14 18:30,79,33,46,0,0,0
2019-04-14 18:45,129,78,51,0,0,0
2019-04-14 19:00,106,41,65,0,0,0
2019-04-14 19:15,106,58,48,0,0,0
2019-04-14 19:30,91,34,57,0,0,0
2019-04-14 19:45,106,42,64,0,0,0
2019-04-14 20:00,128,46,82,0,0,0
2019-04-14 20:15,74,30,44,0,0,0
2019-04-14 20:30,72,23,49,0,0,0
2019-04-14 20:45,54,21,33,0,0,0
2019-04-14 21:00,51,17,34,0,0,0
2019-04-14 21:15,51,13,38,0,0,0
2019-04-14 21:30,63,21,42,0,0,0
2019-04-14 21:45,33,15,18,0,0,0
2019-04-14 22:00,58,12,46,0,0,0
2019-04-14 22:15,55,20,35,0,0,0
2019-04-14 22:30,34,9,25,0,0,0
2019-04-14 22:45,37,10,27,0,0,0
2019-04-14 23:00,46,20,26,0,0,0
2019-04-14 23:15,39,13,26,0,0,0
2019-04-14 23:30,29,11,18,0,0,0
2019-04-14 23:45,14,3,11,0,0,0
2019-04-15 00:00,17,7,10,0,0,0
2019-04-15 00:15,12,4,8,0,0,0
2019-04-15 00:30,12,3,9,0,0,0
2019-04-15 00:45,9,0,9,0,0,0
2019-04-15 01:00,11,3,8,0,0,0
2019-04-15 01:15,6,1,5,0,0,0
2019-04-15 01:30,4,2,2,0,0,0
2019-04-15 01:45,3,3,0,0,0,0
2019-04-15 02:00,6,3,3,0,0,0
2019-04-15 02:15,2,1,1,0,0,0
2019-04-15 02:30,2,1,1,0,0,0
2019-04-15 02:45,2,1,1,0,0,0
2019-04-15 03:00,1,1,0,0,0,0
2019-04-15 03:15,2,0,2,0,0,0
2019-04-15 03:30,2,1,1,0,0,0
2019-04-15 03:45,2,1,1,0,0,0
2019-04-15 04:00,2,0,2,0,0,0
2019-04-15 04:15,6,3,3,0,0,0
2019-04-15 04:30,2,1,1,0,0,0
2019-04-15 04:45,12,8,4,0,0,0
2019-04-15 05:00,14,9,5,0,0,0
2019-04-15 05:15,12,7,5,0,0,0
2019-04-15 05:30,22,12,10,0,0,0
2019-04-15 05:45,16,12,4,0,0,0
2019-04-15 06:00,26,15,11,0,0,0
2019-04-15 06:15,36,26,10,0,0,0
2019-04-15 06:30,57,34,23,0,0,0
2019-04-15 06:45,72,46,26,0,0,0
2019-04-15 07:00,72,43,29,0,0,0
2019-04-15 07:15,102,55,47,0,0,0
2019-04-15 07:30,185,89,96,0,0,0
2019-04-15 07:45,376,151,225,0,0,0
2019-04-15 08:00,380,184,196,0,0,0
2019-04-15 08:15,248,134,114,0,0,0
2019-04-15 08:30,211,119,92,0,0,0
2019-04-15 08:45,284,172,112,0,0,0
2019-04-15 09:00,205,142,63,0,0,0
2019-04-15 09:15,239,167,72,0,0,0
2019-04-15 09:30,221,119,102,0,0,0
2019-04-15 09:45,471,244,227,0,0,0
2019-04-15 10:00,451,307,144,0,0,0
2019-04-15 10:15,148,96,52,0,0,0
2019-04-15 10:30,135,60,75,0,0,0
2019-04-15 10:45,137,76,61,0,0,0
2019-04-15 11:00,120,64,56,0,0,0
2019-04-15 11:15,142,93,49,0,0,0
2019-04-15 11:30,187,98,89,0,0,0
2019-04-15 11:45,460,228,232,0,0,0
2019-04-15 12:00,409,261,148,0,0,0
2019-04-15 12:15,230,105,125,0,0,0
2019-04-15 12:30,205,93,112,0,0,0
2019-04-15 12:45,212,126,86,0,0,0
2019-04-15 13:00,268,122,146,0,0,0
2019-04-15 13:15,197,94,103,0,0,0
2019-04-15 13:30,223,91,132,0,0,0
2019-04-15 13:45,476,221,255,0,0,0
2019-04-15 14:00,359,222,137,0,0,0
2019-04-15 14:15,217,97,120,0,0,0
2019-04-15 14:30,188,75,113,0,0,0
2019-04-15 14:45,228,110,118,0,0,0
2019-04-15 15:00,212,104,108,0,0,0
2019-04-15 15:15,230,114,116,0,0,0
2019-04-15 15:30,308,138,170,0,0,0
2019-04-15 15:45,568,290,278,0,0,0
2019-04-15 16:00,501,304,197,0,0,0
2019-04-15 16:15,283,154,129,0,0,0
2019-04-15 16:30,265,151,114,0,0,0
2019-04-15 16:45,281,140,141,0,0,0
2019-04-15 17:00,312,159,153,0,0,0
2019-04-15 17:15,311,156,155,0,0,0
2019-04-15 17:30,391,152,239,0,0,0
2019-04-15 17:45,664,235,429,0,0,0
2019-04-15 18:00,411,197,214,0,0,0
2019-04-15 18:15,329,184,145,0,0,0
2019-04-15 18:30,305,118,187,0,0,0
2019-04-15 18:45,251,126,125,0,0,0
2019-04-15 19:00,254,126,128,0,0,0
2019-04-15 19:15,263,130,133,0,0,0
2019-04-15 19:30,272,91,181,0,0,0
2019-04-15 19:45,352,139,213,0,0,0
2019-04-15 20:00,254,107,147,0,0,0
2019-04-15 20:15,218,107,111,0,0,0
2019-04-15 20:30,135,57,78,0,0,0
2019-04-15 20:45,140,68,72,0,0,0
2019-04-15 21:00,121,46,75,0,0,0
2019-04-15 21:15,99,32,67,0,0,0
2019-04-15 21:30,112,50,62,0,0,0
2019-04-15 21:45,112,30,82,0,0,0
2019-04-15 22:00,121,44,77,0,0,0
2019-04-15 22:15,140,64,76,0,0,0
2019-04-15 22:30,108,28,80,0,0,0
2019-04-15 22:45,85,25,60,0,0,0
2019-04-15 23:00,80,22,58,0,0,0
2019-04-15 23:15,95,27,68,0,0,0
2019-04-15 23:30,55,18,37,0,0,0
2019-04-15 23:45,42,13,29,0,0,0
2019-04-16 00:00,53,15,38,0,0,0
2019-04-16 00:15,29,10,19,0,0,0
2019-04-16 00:30,21,7,14,0,0,0
2019-04-16 00:45,29,13,16,0,0,0
2019-04-16 01:00,14,7,7,0,0,0
2019-04-16 01:15,17,3,14,0,0,0
2019-04-16 01:30,10,3,7,0,0,0
2019-04-16 01:45,4,0,4,0,0,0
2019-04-16 02:00,3,2,1,0,0,0
2019-04-16 02:15,4,2,2,0,0,0
2019-04-16 02:30,8,3,5,0,0,0
2019-04-16 02:45,4,1,3,0,0,0
2019-04-16 03:00,4,4,0,0,0,0
2019-04-16 03:15,1,1,0,0,0,0
2019-04-16 03:30,2,1,1,0,0,0
2019-04-16 03:45,2,1,1,0,0,0
2019-04-16 04:00,3,1,2,0,0,0
2019-04-16 04:15,2,0,2,0,0,0
2019-04-16 04:30,2,2,0,0,0,0
2019-04-16 04:45,6,4,2,0,0,0
2019-04-16 05:00,12,7,5,0,0,0
2019-04-16 05:15,11,7,4,0,0,0
2019-04-16 05:30,31,15,16,0,0,0
2019-04-16 05:45,28,12,16,0,0,0
2019-04-16 06:00,31,22,9,0,0,0
2019-04-16 06:15,28,19,9,0,0,0
2019-04-16 06:30,60,37,23,0,0,0
2019-04-16 06:45,87,54,33,0,0,0
2019-04-16 07:00,88,53,35,0,0,0
2019-04-16 07:15,99,55,44,0,0,0
2019-04-16 07:30,203,101,102,0,0,0
2019-04-16 07:45,445,235,210,0,0,0
2019-04-16 08:00,562,321,241,0,0,0
2019-04-16 08:15,291,169,122,0,0,0
2019-04-16 08:30,260,146,114,0,0,0
2019-04-16 08:45,309,187,122,0,0,0
2019-04-16 09:00,272,185,87,0,0,0
2019-04-16 09:15,235,124,111,0,0,0
2019-04-16 09:30,252,102,150,0,0,0
2019-04-16 09:45,603,235,368,0,0,0
2019-04-16 10:00,545,352,193,0,0,0
2019-04-16 10:15,185,101,84,0,0,0
2019-04-16 10:30,156,81,75,0,0,0
2019-04-16 10:45,207,114,93,0,0,0
2019-04-16 11:00,136,79,57,0,0,0
2019-04-16 11:15,182,95,87,0,0,0
2019-04-16 11:30,280,135,145,0,0,0
2019-04-16 11:45,600,297,303,0,0,0
2019-04-16 12:00,431,264,167,0,0,0
2019-04-16 12:15,195,96,99,0,0,0
2019-04-16 12:30,189,91,98,0,0,0
2019-04-16 12:45,219,119,100,0,0,0
2019-04-16 13:00,228,126,102,0,0,0
2019-04-16 13:15,202,91,111,0,0,0
2019-04-16 13:30,299,120,179,0,0,0
2019-04-16 13:45,595,255,340,0,0,0
2019-04-16 14:00,442,261,181,0,0,0
2019-04-16 14:15,209,123,86,0,0,0
2019-04-16 14:30,235,123,112,0,0,0
2019-04-16 14:45,223,120,103,0,0,0
2019-04-16 15:00,247,121,126,0,0,0
2019-04-16 15:15,216,111,105,0,0,0
2019-04-16 15:30,341,168,173,0,0,0
2019-04-16 15:45,614,322,292,0,0,0
2019-04-16 16:00,466,279,187,0,0,0
2019-04-16 16:15,342,170,172,0,0,0
2019-04-16 16:30,304,143,161,0,0,0
2019-04-16 16:45,281,130,151,0,0,0
2019-04-16 17:00,342,153,189,0,0,0
2019-04-16 17:15,307,162,145,0,0,0
2019-04-16 17:30,507,203,304,0,0,0
2019-04-16 17:45,655,319,336,0,0,0
2019-04-16 18:00,423,216,207,0,0,0
2019-04-16 18:15,347,170,177,0,0,0
2019-04-16 18:30,308,134,174,0,0,0
2019-04-16 18:45,312,152,160,0,0,0
2019-04-16 19:00,314,178,136,0,0,0
2019-04-16 19:15,316,169,147,0,0,0
2019-04-16 19:30,280,136,144,0,0,0
2019-04-16 19:45,369,138,231,0,0,0
2019-04-16 20:00,227,110,117,0,0,0
2019-04-16 20:15,262,129,133,0,0,0
2019-04-16 20:30,196,88,108,0,0,0
2019-04-16 20:45,168,63,105,0,0,0
2019-04-16 21:00,151,68,83,0,0,0
2019-04-16 21:15,145,57,88,0,0,0
2019-04-16 21:30,149,49,100,0,0,0
2019-04-16 21:45,146,33,113,0,0,0
2019-04-16 22:00,121,38,83,0,0,0
2019-04-16 22:15,137,67,70,0,0,0
2019-04-16 22:30,99,29,70,0,0,0
2019-04-16 22:45,137,39,98,0,0,0
2019-04-16 23:00,118,50,68,0,0,0
2019-04-16 23:15,86,32,54,0,0,0
2019-04-16 23:30,52,12,40,0,0,0
2019-04-16 23:45,54,22,32,0,0,0
2019-04-17 00:00,46,16,30,0,0,0
2019-04-17 00:15,44,12,32,0,0,0
2019-04-17 00:30,45,22,23,0,0,0
2019-04-17 00:45,37,11,26,0,0,0
2019-04-17 01:00,30,11,19,0,0,0
2019-04-17 01:15,17,3,14,0,0,0
2019-04-17 01:30,20,1,19,0,0,0
2019-04-17 01:45,19,2,17,0,0,0
2019-04-17 02:00,10,2,8,0,0,0
2019-04-17 02:15,5,1,4,0,0,0
2019-04-17 02:30,16,3,13,0,0,0
2019-04-17 02:45,8,0,8,0,0,0
2019-04-17 03:00,15,3,12,0,0,0
2019-04-17 03:15,14,2,12,0,0,0
2019-04-17 03:30,10,0,10,0,0,0
2019-04-17 03:45,4,2,2,0,0,0
2019-04-17 04:00,5,1,4,0,0,0
2019-04-17 04:15,4,1,3,0,0,0
2019-04-17 04:30,4,4,0,0,0,0
2019-04-17 04:45,11,6,5,0,0,0
2019-04-17 05:00,11,7,4,0,0,0
2019-04-17 05:15,9,5,4,0,0,0
2019-04-17 05:30,21,13,8,0,0,0
2019-04-17 05:45,27,18,9,0,0,0
2019-04-17 06:00,27,17,10,0,0,0
2019-04-17 06:15,44,36,8,0,0,0
2019-04-17 06:30,49,32,17,0,0,0
2019-04-17 06:45,107,78,29,0,0,0
2019-04-17 07:00,113,65,48,0,0,0
2019-04-17 07:15,205,159,46,0,0,0
2019-04-17 07:30,218,129,89,0,0,0
2019-04-17 07:45,433,226,207,0,0,0
2019-04-17 08:00,531,293,238,0,0,0
2019-04-17 08:15,262,172,90,0,0,0
2019-04-17 08:30,217,118,99,0,0,0
2019-04-17 08:45,286,163,123,0,0,0
2019-04-17 09:00,211,131,80,0,0,0
2019-04-17 09:15,185,104,81,0,0,0
2019-04-17 09:30,218,110,108,0,0,0
2019-04-17 09:45,506,250,256,0,0,0
2019-04-17 10:00,539,312,227,0,0,0
2019-04-17 10:15,187,119,68,0,0,0
2019-04-17 10:30,160,89,71,0,0,0
2019-04-17 10:45,139,75,64,0,0,0
2019-04-17 11:00,166,91,75,0,0,0
2019-04-17 11:15,191,118,73,0,0,0
2019-04-17 11:30,292,125,167,0,0,0
2019-04-17 11:45,580,277,303,0,0,0
2019-04-17 12:00,413,257,156,0,0,0
2019-04-17 12:15,215,124,91,0,0,0
2019-04-17 12:30,234,103,131,0,0,0
2019-04-17 12:45,257,133,124,0,0,0
2019-04-17 13:00,229,96,133,0,0,0
2019-04-17 13:15,232,95,137,0,0,0
2019-04-17 13:30,260,114,146,0,0,0
2019-04-17 13:45,485,240,245,0,0,0
2019-04-17 14:00,396,238,158,0,0,0
2019-04-17 14:15,223,105,118,0,0,0
2019-04-17 14:30,238,125,113,0,0,0
2019-04-17 14:45,203,106,97,0,0,0
2019-04-17 15:00,217,108,109,0,0,0
2019-04-17 15:15,253,131,122,0,0,0
2019-04-17 15:30,314,152,162,0,0,0
2019-04-17 15:45,612,230,382,0,0,0
2019-04-17 16:00,433,235,198,0,0,0
2019-04-17 16:15,263,124,139,0,0,0
2019-04-17 16:30,310,145,165,0,0,0
2019-04-17 16:45,279,116,163,0,0,0
2019-04-17 17:00,300,139,161,0,0,0
2019-04-17 17:15,346,148,198,0,0,0
2019-04-17 17:30,388,185,203,0,0,0
2019-04-17 17:45,562,231,331,0,0,0
2019-04-17 18:00,387,210,177,0,0,0
2019-04-17 18:15,313,147,166,0,0,0
2019-04-17 18:30,297,133,164,0,0,0
2019-04-17 18:45,320,165,155,0,0,0
2019-04-17 19:00,290,158,132,0,0,0
2019-04-17 19:15,263,144,119,0,0,0
2019-04-17 19:30,276,119,157,0,0,0
2019-04-17 19:45,309,156,153,0,0,0
2019-04-17 20:00,248,126,122,0,0,0
2019-04-17 20:15,207,103,104,0,0,0
2019-04-17 20:30,147,76,71,0,0,0
2019-04-17 20:45,194,71,123,0,0,0
2019-04-17 21:00,168,89,79,0,0,0
2019-04-17 21:15,131,63,68,0,0,0
2019-04-17 21:30,135,55,80,0,0,0
2019-04-17 21:45,163,77,86,0,0,0
2019-04-17 22:00,156,68,88,0,0,0
2019-04-17 22:15,134,82,52,0,0,0
2019-04-17 22:30,120,51,69,0,0,0
2019-04-17 22:45,139,40,99,0,0,0
2019-04-17 23:00,97,38,59,0,0,0
2019-04-17 23:15,119,52,67,0,0,0
2019-04-17 23:30,65,27,38,0,0,0
2019-04-17 23:45,68,27,41,0,0,0
2019-04-18 00:00,110,49,61,0,0,0
2019-04-18 00:15,74,28,46,0,0,0
2019-04-18 00:30,86,22,64,0,0,0
2019-04-18 00:45,84,35,49,0,0,0
2019-04-18 01:00,55,22,33,0,0,0
2019-04-18 01:15,42,10,32,0,0,0
2019-04-18 01:30,34,12,22,0,0,0
2019-04-18 01:45,28,3,25,0,0,0
2019-04-18 02:00,46,3,43,0,0,0
2019-04-18 02:15,44,4,40,0,0,0
2019-04-18 02:30,25,1,24,0,0,0
2019-04-18 02:45,23,3,20,0,0,0
2019-04-18 03:00,47,2,45,0,0,0
2019-04-18 03:15,15,1,14,0,0,0
2019-04-18 03:30,30,1,29,0,0,0
2019-04-18 03:45,37,3,34,0,0,0
2019-04-18 04:00,35,0,35,0,0,0
2019-04-18 04:15,27,4,23,0,0,0
2019-04-18 04:30,18,4,14,0,0,0
2019-04-18 04:45,19,4,15,0,0,0
2019-04-18 05:00,24,6,18,0,0,0
2019-04-18 05:15,16,6,10,0,0,0
2019-04-18 05:30,27,10,17,0,0,0
2019-04-18 05:45,27,18,9,0,0,0
2019-04-18 06:00,33,16,17,0,0,0
2019-04-18 06:15,37,25,12,0,0,0
2019-04-18 06:30,53,31,22,0,0,0
2019-04-18 06:45,86,55,31,0,0,0
2019-04-18 07:00,71,38,33,0,0,0
2019-04-18 07:15,120,60,60,0,0,0
2019-04-18 07:30,233,84,149,0,0,0
2019-04-18 07:45,373,146,227,0,0,0
2019-04-18 08:00,431,208,223,0,0,0
2019-04-18 08:15,233,126,107,0,0,0
2019-04-18 08:30,183,102,81,0,0,0
2019-04-18 08:45,205,107,98,0,0,0
2019-04-18 09:00,168,101,67,0,0,0
2019-04-18 09:15,142,73,69,0,0,0
2019-04-18 09:30,281,117,164,0,0,0
2019-04-18 09:45,554,281,273,0,0,0
2019-04-18 10:00,448,285,163,0,0,0
2019-04-18 10:15,158,109,49,0,0,0
2019-04-18 10:30,148,89,59,0,0,0
2019-04-18 10:45,146,84,62,0,0,0
2019-04-18 11:00,139,87,52,0,0,0
2019-04-18 11:15,175,92,83,0,0,0
2019-04-18 11:30,238,120,118,0,0,0
2019-04-18 11:45,498,246,252,0,0,0
2019-04-18 12:00,413,242,171,0,0,0
2019-04-18 12:15,206,121,85,0,0,0
2019-04-18 12:30,181,82,99,0,0,0
2019-04-18 12:45,217,124,93,0,0,0
2019-04-18 13:00,201,107,94,0,0,0
2019-04-18 13:15,214,120,94,0,0,0
2019-04-18 13:30,244,126,118,0,0,0
2019-04-18 13:45,502,211,291,0,0,0
2019-04-18 14:00,361,204,157,0,0,0
2019-04-18 14:15,277,152,125,0,0,0
2019-04-18 14:30,202,85,117,0,0,0
2019-04-18 14:45,252,141,111,0,0,0
2019-04-18 15:00,261,136,125,0,0,0
2019-04-18 15:15,254,129,125,0,0,0
2019-04-18 15:30,347,186,161,0,0,0
2019-04-18 15:45,486,298,188,0,0,0
2019-04-18 16:00,421,243,178,0,0,0
2019-04-18 16:15,288,162,126,0,0,0
2019-04-18 16:30,280,143,137,0,0,0
2019-04-18 16:45,264,146,118,0,0,0
2019-04-18 17:00,272,126,146,0,0,0
2019-04-18 17:15,245,125,120,0,0,0
2019-04-18 17:30,299,150,149,0,0,0
2019-04-18 17:45,377,184,193,0,0,0
2019-04-18 18:00,308,179,129,0,0,0
2019-04-18 18:15,246,125,121,0,0,0
2019-04-18 18:30,266,117,149,0,0,0
2019-04-18 18:45,224,115,109,0,0,0
2019-04-18 19:00,222,127,95,0,0,0
2019-04-18 19:15,217,89,128,0,0,0
2019-04-18 19:30,259,116,143,0,0,0
2019-04-18 19:45,228,108,120,0,0,0
2019-04-18 20:00,230,115,115,0,0,0
2019-04-18 20:15,159,94,65,0,0,0
2019-04-18 20:30,127,48,79,0,0,0
2019-04-18 20:45,123,51,72,0,0,0
2019-04-18 21:00,105,53,52,0,0,0
2019-04-18 21:15,80,34,46,0,0,0
2019-04-18 21:30,108,39,69,0,0,0
2019-04-18 21:45,91,40,51,0,0,0
2019-04-18 22:00,93,42,51,0,0,0
2019-04-18 22:15,81,38,43,0,0,0
2019-04-18 22:30,92,33,59,0,0,0
2019-04-18 22:45,89,27,62,0,0,0
2019-04-18 23:00,62,21,41,0,0,0
2019-04-18 23:15,84,20,64,0,0,0
2019-04-18 23:30,70,25,45,0,0,0
2019-04-18 23:45,57,22,35,0,0,0
2019-04-19 00:00,50,15,35,0,0,0
2019-04-19 00:15,47,8,39,0,0,0
2019-04-19 00:30,44,7,37,0,0,0
2019-04-19 00:45,33,13,20,0,0,0
2019-04-19 01:00,22,8,14,0,0,0
2019-04-19 01:15,36,4,32,0,0,0
2019-04-19 01:30,39,11,28,0,0,0
2019-04-19 01:45,27,3,24,0,0,0
2019-04-19 02:00,20,8,12,0,0,0
2019-04-19 02:15,17,6,11,0,0,0
2019-04-19 02:30,15,3,12,0,0,0
2019-04-19 02:45,11,2,9,0,0,0
2019-04-19 03:00,24,2,22,0,0,0
2019-04-19 03:15,15,2,13,0,0,0
2019-04-19 03:30,10,2,8,0,0,0
2019-04-19 03:45,8,6,2,0,0,0
2019-04-19 04:00,7,1,6,0,0,0
2019-04-19 04:15,5,0,5,0,0,0
2019-04-19 04:30,7,1,6,0,0,0
2019-04-19 04:45,0,0,0,0,0,0
2019-04-19 05:00,1,1,0,0,0,0
2019-04-19 05:15,4,1,3,0,0,0
2019-04-19 05:30,8,8,0,0,0,0
2019-04-19 05:45,4,2,2,0,0,0
2019-04-19 06:00,5,3,2,0,0,0
2019-04-19 06:15,16,14,2,0,0,0
2019-04-19 06:30,5,4,1,0,0,0
2019-04-19 06:45,17,15,2,0,0,0
2019-04-19 07:00,6,5,1,0,0,0
2019-04-19 07:15,15,6,9,0,0,0
2019-04-19 07:30,12,9,3,0,0,0
2019-04-19 07:45,11,8,3,0,0,0
2019-04-19 08:00,11,5,6,0,0,0
2019-04-19 08:15,28,17,11,0,0,0
2019-04-19 08:30,21,18,3,0,0,0
2019-04-19 08:45,31,22,9,0,0,0
2019-04-19 09:00,39,25,14,0,0,0
2019-04-19 09:15,37,21,16,0,0,0
2019-04-19 09:30,42,34,8,0,0,0
2019-04-19 09:45,54,39,15,0,0,0
2019-04-19 10:00,59,39,20,0,0,0
2019-04-19 10:15,58,33,25,0,0,0
2019-04-19 10:30,51,40,11,0,0,0
2019-04-19 10:45,64,45,19,0,0,0
2019-04-19 11:00,42,29,13,0,0,0
2019-04-19 11:15,87,47,40,0,0,0
2019-04-19 11:30,72,43,29,0,0,0
2019-04-19 11:45,76,44,32,0,0,0
2019-04-19 12:00,80,51,29,0,0,0
2019-04-19 12:15,96,48,48,0,0,0
2019-04-19 12:30,93,48,45,0,0,0
2019-04-19 12:45,105,54,51,0,0,0
2019-04-19 13:00,124,71,53,0,0,0
2019-04-19 13:15,92,57,35,0,0,0
2019-04-19 13:30,90,43,47,0,0,0
2019-04-19 13:45,105,59,46,0,0,0
2019-04-19 14:00,124,83,41,0,0,0
2019-04-19 14:15,113,67,46,0,0,0
2019-04-19 14:30,123,71,52,0,0,0
2019-04-19 14:45,167,112,55,0,0,0
2019-04-19 15:00,125,73,52,0,0,0
2019-04-19 15:15,128,70,58,0,0,0
2019-04-19 15:30,93,49,44,0,0,0
2019-04-19 15:45,111,65,46,0,0,0
2019-04-19 16:00,117,65,52,0,0,0
2019-04-19 16:15,130,79,51,0,0,0
2019-04-19 16:30,125,67,58,0,0,0
2019-04-19 16:45,113,58,55,0,0,0
2019-04-19 17:00,117,43,74,0,0,0
2019-04-19 17:15,121,44,77,0,0,0
2019-04-19 17:30,133,65,68,0,0,0
2019-04-19 17:45,132,75,57,0,0,0
2019-04-19 18:00,107,48,59,0,0,0
2019-04-19 18:15,97,43,54,0,0,0
2019-04-19 18:30,96,39,57,0,0,0
2019-04-19 18:45,85,47,38,0,0,0
2019-04-19 19:00,83,44,39,0,0,0
2019-04-19 19:15,81,36,45,0,0,0
2019-04-19 19:30,100,59,41,0,0,0
2019-04-19 19:45,96,52,44,0,0,0
2019-04-19 20:00,86,40,46,0,0,0
2019-04-19 20:15,85,33,52,0,0,0
2019-04-19 20:30,77,28,49,0,0,0
2019-04-19 20:45,80,37,43,0,0,0
2019-04-19 21:00,71,18,53,0,0,0
2019-04-19 21:15,59,23,36,0,0,0
2019-04-19 21:30,51,17,34,0,0,0
2019-04-19 21:45,50,20,30,0,0,0
2019-04-19 22:00,47,10,37,0,0,0
2019-04-19 22:15,48,12,36,0,0,0
2019-04-19 22:30,55,16,39,0,0,0
2019-04-19 22:45,54,17,37,0,0,0
2019-04-19 23:00,54,14,40,0,0,0
2019-04-19 23:15,32,9,23,0,0,0
2019-04-19 23:30,43,14,29,0,0,0
2019-04-19 23:45,37,4,33,0,0,0
2019-04-20 00:00,37,16,21,0,0,0
2019-04-20 00:15,27,4,23,0,0,0
2019-04-20 00:30,32,14,18,0,0,0
2019-04-20 00:45,44,7,37,0,0,0
2019-04-20 01:00,27,13,14,0,0,0
2019-04-20 01:15,25,7,18,0,0,0
2019-04-20 01:30,18,4,14,0,0,0
2019-04-20 01:45,19,6,13,0,0,0
2019-04-20 02:00,8,5,3,0,0,0
2019-04-20 02:15,11,0,11,0,0,0
2019-04-20 02:30,14,1,13,0,0,0
2019-04-20 02:45,15,2,13,0,0,0
2019-04-20 03:00,7,2,5,0,0,0
2019-04-20 03:15,10,5,5,0,0,0
2019-04-20 03:30,5,3,2,0,0,0
2019-04-20 03:45,5,2,3,0,0,0
2019-04-20 04:00,2,1,1,0,0,0
2019-04-20 04:15,3,1,2,0,0,0
2019-04-20 04:30,3,3,0,0,0,0
2019-04-20 04:45,2,2,0,0,0,0
2019-04-20 05:00,3,2,1,0,0,0
2019-04-20 05:15,8,7,1,0,0,0
2019-04-20 05:30,4,4,0,0,0,0
2019-04-20 05:45,15,11,4,0,0,0
2019-04-20 06:00,8,6,2,0,0,0
2019-04-20 06:15,7,5,2,0,0,0
2019-04-20 06:30,11,5,6,0,0,0
2019-04-20 06:45,23,19,4,0,0,0
2019-04-20 07:00,13,9,4,0,0,0
2019-04-20 07:15,21,16,5,0,0,0
2019-04-20 07:30,18,14,4,0,0,0
2019-04-20 07:45,33,22,11,0,0,0
2019-04-20 08:00,37,25,12,0,0,0
2019-04-20 08:15,33,22,11,0,0,0
2019-04-20 08:30,48,36,12,0,0,0
2019-04-20 08:45,69,38,31,0,0,0
2019-04-20 09:00,55,32,23,0,0,0
2019-04-20 09:15,72,54,18,0,0,0
2019-04-20 09:30,91,58,33,0,0,0
2019-04-20 09:45,85,59,26,0,0,0
2019-04-20 10:00,108,76,32,0,0,0
2019-04-20 10:15,119,76,43,0,0,0
2019-04-20 10:30,133,85,48,0,0,0
2019-04-20 10:45,124,82,42,0,0,0
2019-04-20 11:00,136,87,49,0,0,0
2019-04-20 11:15,139,94,45,0,0,0
2019-04-20 11:30,153,109,44,0,0,0
2019-04-20 11:45,139,85,54,0,0,0
2019-04-20 12:00,140,60,80,0,0,0
2019-04-20 12:15,137,82,55,0,0,0
2019-04-20 12:30,130,80,50,0,0,0
2019-04-20 12:45,139,84,55,0,0,0
2019-04-20 13:00,108,53,55,0,0,0
2019-04-20 13:15,134,65,69,0,0,0
2019-04-20 13:30,121,68,53,0,0,0
2019-04-20 13:45,138,76,62,0,0,0
2019-04-20 14:00,125,51,74,0,0,0
2019-04-20 14:15,150,71,79,0,0,0
2019-04-20 14:30,148,48,100,0,0,0
2019-04-20 14:45,112,55,57,0,0,0
2019-04-20 15:00,133,62,71,0,0,0
2019-04-20 15:15,130,66,64,0,0,0
2019-04-20 15:30,111,51,60,0,0,0
2019-04-20 15:45,121,63,58,0,0,0
2019-04-20 16:00,105,51,54,0,0,0
2019-04-20 16:15,106,45,61,0,0,0
2019-04-20 16:30,126,59,67,0,0,0
2019-04-20 16:45,120,65,55,0,0,0
2019-04-20 17:00,88,38,50,0,0,0
2019-04-20 17:15,112,45,67,0,0,0
2019-04-20 17:30,103,53,50,0,0,0
2019-04-20 17:45,133,63,70,0,0,0
2019-04-20 18:00,96,39,57,0,0,0
2019-04-20 18:15,105,45,60,0,0,0
2019-04-20 18:30,102,47,55,0,0,0
2019-04-20 18:45,106,45,61,0,0,0
2019-04-20 19:00,105,50,55,0,0,0
2019-04-20 19:15,91,47,44,0,0,0
2019-04-20 19:30,67,33,34,0,0,0
2019-04-20 19:45,86,47,39,0,0,0
2019-04-20 20:00,106,37,69,0,0,0
2019-04-20 20:15,82,41,41,0,0,0
2019-04-20 20:30,74,33,41,0,0,0
2019-04-20 20:45,71,37,34,0,0,0
2019-04-20 21:00,55,20,35,0,0,0
2019-04-20 21:15,55,23,32,0,0,0
2019-04-20 21:30,61,32,29,0,0,0
2019-04-20 21:45,30,12,18,0,0,0
2019-04-20 22:00,58,21,37,0,0,0
2019-04-20 22:15,52,16,36,0,0,0
2019-04-20 22:30,63,11,52,0,0,0
2019-04-20 22:45,42,12,30,0,0,0
2019-04-20 23:00,30,9,21,0,0,0
2019-04-20 23:15,36,9,27,0,0,0
2019-04-20 23:30,46,18,28,0,0,0
2019-04-20 23:45,40,11,29,0,0,0
2019-04-21 00:00,39,9,30,0,0,0
2019-04-21 00:15,26,14,12,0,0,0
2019-04-21 00:30,32,11,21,0,0,0
2019-04-21 00:45,37,11,26,0,0,0
2019-04-21 01:00,32,12,20,0,0,0
2019-04-21 01:15,37,8,29,0,0,0
2019-04-21 01:30,29,5,24,0,0,0
2019-04-21 01:45,19,4,15,0,0,0
2019-04-21 02:00,15,5,10,0,0,0
2019-04-21 02:15,18,3,15,0,0,0
2019-04-21 02:30,11,3,8,0,0,0
2019-04-21 02:45,16,3,13,0,0,0
2019-04-21 03:00,9,0,9,0,0,0
2019-04-21 03:15,6,1,5,0,0,0
2019-04-21 03:30,10,1,9,0,0,0
2019-04-21 03:45,9,1,8,0,0,0
2019-04-21 04:00,7,0,7,0,0,0
2019-04-21 04:15,10,0,10,0,0,0
2019-04-21 04:30,4,0,4,0,0,0
2019-04-21 04:45,10,2,8,0,0,0
2019-04-21 05:00,11,2,9,0,0,0
2019-04-21 05:15,8,1,7,0,0,0
2019-04-21 05:30,8,4,4,0,0,0
2019-04-21 05:45,9,3,6,0,0,0
2019-04-21 06:00,6,5,1,0,0,0
2019-04-21 06:15,7,2,5,0,0,0
2019-04-21 06:30,13,7,6,0,0,0
2019-04-21 06:45,6,3,3,0,0,0
2019-04-21 07:00,12,8,4,0,0,0
2019-04-21 07:15,9,5,4,0,0,0
2019-04-21 07:30,13,9,4,0,0,0
2019-04-21 07:45,19,8,11,0,0,0
2019-04-21 08:00,14,8,6,0,0,0
2019-04-21 08:15,9,5,4,0,0,0
2019-04-21 08:30,18,14,4,0,0,0
2019-04-21 08:45,27,16,11,0,0,0
2019-04-21 09:00,25,10,15,0,0,0
2019-04-21 09:15,32,17,15,0,0,0
2019-04-21 09:30,46,31,15,0,0,0
2019-04-21 09:45,48,33,15,0,0,0
2019-04-21 10:00,37,26,11,0,0,0
2019-04-21 10:15,42,29,13,0,0,0
2019-04-21 10:30,38,15,23,0,0,0
2019-04-21 10:45,35,19,16,0,0,0
2019-04-21 11:00,56,32,24,0,0,0
2019-04-21 11:15,54,38,16,0,0,0
2019-04-21 11:30,80,32,48,0,0,0
2019-04-21 11:45,75,30,45,0,0,0
2019-04-21 12:00,66,37,29,0,0,0
2019-04-21 12:15,57,22,35,0,0,0
2019-04-21 12:30,48,19,29,0,0,0
2019-04-21 12:45,58,34,24,0,0,0
2019-04-21 13:00,54,27,27,0,0,0
2019-04-21 13:15,46,23,23,0,0,0
2019-04-21 13:30,75,35,40,0,0,0
2019-04-21 13:45,92,43,49,0,0,0
2019-04-21 14:00,79,27,52,0,0,0
2019-04-21 14:15,76,53,23,0,0,0
2019-04-21 14:30,84,38,46,0,0,0
2019-04-21 14:45,96,40,56,0,0,0
2019-04-21 15:00,84,53,31,0,0,0
2019-04-21 15:15,66,32,34,0,0,0
2019-04-21 15:30,90,46,44,0,0,0
2019-04-21 15:45,69,38,31,0,0,0
2019-04-21 16:00,72,32,40,0,0,0
2019-04-21 16:15,56,28,28,0,0,0
2019-04-21 16:30,74,40,34,0,0,0
2019-04-21 16:45,85,43,42,0,0,0
2019-04-21 17:00,73,38,35,0,0,0
2019-04-21 17:15,58,32,26,0,0,0
2019-04-21 17:30,102,48,54,0,0,0
2019-04-21 17:45,93,43,50,0,0,0
2019-04-21 18:00,77,33,44,0,0,0
2019-04-21 18:15,76,36,40,0,0,0
2019-04-21 18:30,36,15,21,0,0,0
2019-04-21 18:45,83,26,57,0,0,0
2019-04-21 19:00,85,41,44,0,0,0
2019-04-21 19:15,63,37,26,0,0,0
2019-04-21 19:30,75,34,41,0,0,0
2019-04-21 19:45,66,30,36,0,0,0
2019-04-21 20:00,66,27,39,0,0,0
2019-04-21 20:15,31,14,17,0,0,0
2019-04-21 20:30,49,18,31,0,0,0
2019-04-21 20:45,58,33,25,0,0,0
2019-04-21 21:00,60,29,31,0,0,0
2019-04-21 21:15,44,20,24,0,0,0
2019-04-21 21:30,36,17,19,0,0,0
2019-04-21 21:45,45,13,32,0,0,0
2019-04-21 22:00,41,14,27,0,0,0
2019-04-21 22:15,39,14,25,0,0,0
2019-04-21 22:30,30,8,22,0,0,0
2019-04-21 22:45,21,7,14,0,0,0
2019-04-21 23:00,27,10,17,0,0,0
2019-04-21 23:15,36,8,28,0,0,0
2019-04-21 23:30,25,13,12,0,0,0
2019-04-21 23:45,33,22,11,0,0,0
2019-04-22 00:00,28,13,15,0,0,0
2019-04-22 00:15,22,9,13,0,0,0
2019-04-22 00:30,23,16,7,0,0,0
2019-04-22 00:45,21,7,14,0,0,0
2019-04-22 01:00,12,5,7,0,0,0
2019-04-22 01:15,17,5,12,0,0,0
2019-04-22 01:30,13,7,6,0,0,0
2019-04-22 01:45,14,7,7,0,0,0
2019-04-22 02:00,18,1,17,0,0,0
2019-04-22 02:15,10,0,10,0,0,0
2019-04-22 02:30,12,3,9,0,0,0
2019-04-22 02:45,5,2,3,0,0,0
2019-04-22 03:00,4,0,4,0,0,0
2019-04-22 03:15,2,1,1,0,0,0
2019-04-22 03:30,2,0,2,0,0,0
2019-04-22 03:45,9,2,7,0,0,0
2019-04-22 04:00,5,0,5,0,0,0
2019-04-22 04:15,5,1,4,0,0,0
2019-04-22 04:30,8,3,5,0,0,0
2019-04-22 04:45,3,1,2,0,0,0
2019-04-22 05:00,5,3,2,0,0,0
2019-04-22 05:15,5,0,5,0,0,0
2019-04-22 05:30,3,1,2,0,0,0
2019-04-22 05:45,6,4,2,0,0,0
2019-04-22 06:00,7,2,5,0,0,0
2019-04-22 06:15,9,6,3,0,0,0
2019-04-22 06:30,3,2,1,0,0,0
2019-04-22 06:45,10,3,7,0,0,0
2019-04-22 07:00,7,3,4,0,0,0
2019-04-22 07:15,9,7,2,0,0,0
2019-04-22 07:30,6,3,3,0,0,0
2019-04-22 07:45,15,6,9,0,0,0
2019-04-22 08:00,12,2,10,0,0,0
2019-04-22 08:15,11,6,5,0,0,0
2019-04-22 08:30,30,18,12,0,0,0
2019-04-22 08:45,23,17,6,0,0,0
2019-04-22 09:00,27,12,15,0,0,0
2019-04-22 09:15,35,21,14,0,0,0
2019-04-22 09:30,49,29,20,0,0,0
2019-04-22 09:45,53,37,16,0,0,0
2019-04-22 10:00,50,24,26,0,0,0
2019-04-22 10:15,60,33,27,0,0,0
2019-04-22 10:30,89,56,33,0,0,0
2019-04-22 10:45,86,54,32,0,0,0
2019-04-22 11:00,87,49,38,0,0,0
2019-04-22 11:15,87,51,36,0,0,0
2019-04-22 11:30,82,54,28,0,0,0
2019-04-22 11:45,96,52,44,0,0,0
2019-04-22 12:00,120,36,84,0,0,0
2019-04-22 12:15,103,56,47,0,0,0
2019-04-22 12:30,107,53,54,0,0,0
2019-04-22 12:45,127,57,70,0,0,0
2019-04-22 13:00,115,55,60,0,0,0
2019-04-22 13:15,87,51,36,0,0,0
2019-04-22 13:30,93,44,49,0,0,0
2019-04-22 13:45,107,66,41,0,0,0
2019-04-22 14:00,102,61,41,0,0,0
2019-04-22 14:15,95,45,50,0,0,0
2019-04-22 14:30,117,67,50,0,0,0
2019-04-22 14:45,101,53,48,0,0,0
2019-04-22 15:00,72,41,31,0,0,0
2019-04-22 15:15,95,49,46,0,0,0
2019-04-22 15:30,107,59,48,0,0,0
2019-04-22 15:45,111,59,52,0,0,0
2019-04-22 16:00,134,77,57,0,0,0
2019-04-22 16:15,93,48,45,0,0,0
2019-04-22 16:30,90,38,52,0,0,0
2019-04-22 16:45,92,46,46,0,0,0
2019-04-22 17:00,140,61,79,0,0,0
2019-04-22 17:15,136,59,77,0,0,0
2019-04-22 17:30,107,59,48,0,0,0
2019-04-22 17:45,126,69,57,0,0,0
2019-04-22 18:00,107,43,64,0,0,0
2019-04-22 18:15,117,53,64,0,0,0
2019-04-22 18:30,111,52,59,0,0,0
2019-04-22 18:45,109,60,49,0,0,0
2019-04-22 19:00,82,35,47,0,0,0
2019-04-22 19:15,124,70,54,0,0,0
2019-04-22 19:30,111,45,66,0,0,0
2019-04-22 19:45,117,62,55,0,0,0
2019-04-22 20:00,91,41,50,0,0,0
2019-04-22 20:15,95,41,54,0,0,0
2019-04-22 20:30,81,38,43,0,0,0
2019-04-22 20:45,82,38,44,0,0,0
2019-04-22 21:00,66,14,52,0,0,0
2019-04-22 21:15,80,33,47,0,0,0
2019-04-22 21:30,59,15,44,0,0,0
2019-04-22 21:45,60,23,37,0,0,0
2019-04-22 22:00,54,16,38,0,0,0
2019-04-22 22:15,45,9,36,0,0,0
2019-04-22 22:30,44,18,26,0,0,0
2019-04-22 22:45,46,8,38,0,0,0
2019-04-22 23:00,41,14,27,0,0,0
2019-04-22 23:15,26,12,14,0,0,0
2019-04-22 23:30,22,8,14,0,0,0
2019-04-22 23:45,30,10,20,0,0,0
2019-04-23 00:00,16,5,11,0,0,0
2019-04-23 00:15,10,1,9,0,0,0
2019-04-23 00:30,15,3,12,0,0,0
2019-04-23 00:45,5,0,5,0,0,0
2019-04-23 01:00,11,4,7,0,0,0
2019-04-23 01:15,8,3,5,0,0,0
2019-04-23 01:30,8,3,5,0,0,0
2019-04-23 01:45,5,1,4,0,0,0
2019-04-23 02:00,2,1,1,0,0,0
2019-04-23 02:15,5,3,2,0,0,0
2019-04-23 02:30,5,3,2,0,0,0
2019-04-23 02:45,2,2,0,0,0,0
2019-04-23 03:00,2,1,1,0,0,0
2019-04-23 03:15,3,1,2,0,0,0
2019-04-23 03:30,4,0,4,0,0,0
2019-04-23 03:45,2,1,1,0,0,0
2019-04-23 04:00,2,1,1,0,0,0
2019-04-23 04:15,3,1,2,0,0,0
2019-04-23 04:30,4,0,4,0,0,0
2019-04-23 04:45,8,3,5,0,0,0
2019-04-23 05:00,7,5,2,0,0,0
2019-04-23 05:15,8,5,3,0,0,0
2019-04-23 05:30,22,13,9,0,0,0
2019-04-23 05:45,15,10,5,0,0,0
2019-04-23 06:00,31,24,7,0,0,0
2019-04-23 06:15,29,23,6,0,0,0
2019-04-23 06:30,46,27,19,0,0,0
2019-04-23 06:45,102,74,28,0,0,0
2019-04-23 07:00,78,45,33,0,0,0
2019-04-23 07:15,123,76,47,0,0,0
2019-04-23 07:30,168,81,87,0,0,0
2019-04-23 07:45,353,173,180,0,0,0
2019-04-23 08:00,438,232,206,0,0,0
2019-04-23 08:15,242,148,94,0,0,0
2019-04-23 08:30,201,115,86,0,0,0
2019-04-23 08:45,269,170,99,0,0,0
2019-04-23 09:00,256,179,77,0,0,0
2019-04-23 09:15,164,84,80,0,0,0
2019-04-23 09:30,212,104,108,0,0,0
2019-04-23 09:45,463,198,265,0,0,0
2019-04-23 10:00,413,265,148,0,0,0
2019-04-23 10:15,151,82,69,0,0,0
2019-04-23 10:30,136,68,68,0,0,0
2019-04-23 10:45,144,69,75,0,0,0
2019-04-23 11:00,118,61,57,0,0,0
2019-04-23 11:15,147,75,72,0,0,0
2019-04-23 11:30,236,114,122,0,0,0
2019-04-23 11:45,478,269,209,0,0,0
2019-04-23 12:00,363,233,130,0,0,0
2019-04-23 12:15,199,98,101,0,0,0
2019-04-23 12:30,202,107,95,0,0,0
2019-04-23 12:45,195,108,87,0,0,0
2019-04-23 13:00,195,93,102,0,0,0
2019-04-23 13:15,187,87,100,0,0,0
2019-04-23 13:30,224,105,119,0,0,0
2019-04-23 13:45,465,191,274,0,0,0
2019-04-23 14:00,244,111,133,0,0,0
2019-04-23 14:15,156,64,92,0,0,0
2019-04-23 14:30,199,96,103,0,0,0
2019-04-23 14:45,223,135,88,0,0,0
2019-04-23 15:00,192,91,101,0,0,0
2019-04-23 15:15,209,103,106,0,0,0
2019-04-23 15:30,269,138,131,0,0,0
2019-04-23 15:45,504,253,251,0,0,0
2019-04-23 16:00,438,259,179,0,0,0
2019-04-23 16:15,324,156,168,0,0,0
2019-04-23 16:30,278,138,140,0,0,0
2019-04-23 16:45,281,129,152,0,0,0
2019-04-23 17:00,253,104,149,0,0,0
2019-04-23 17:15,327,157,170,0,0,0
2019-04-23 17:30,422,160,262,0,0,0
2019-04-23 17:45,553,227,326,0,0,0
2019-04-23 18:00,410,224,186,0,0,0
2019-04-23 18:15,315,168,147,0,0,0
2019-04-23 18:30,280,133,147,0,0,0
2019-04-23 18:45,313,165,148,0,0,0
2019-04-23 19:00,270,157,113,0,0,0
2019-04-23 19:15,242,119,123,0,0,0
2019-04-23 19:30,302,141,161,0,0,0
2019-04-23 19:45,284,146,138,0,0,0
2019-04-23 20:00,246,121,125,0,0,0
2019-04-23 20:15,196,112,84,0,0,0
2019-04-23 20:30,158,71,87,0,0,0
2019-04-23 20:45,172,88,84,0,0,0
2019-04-23 21:00,139,46,93,0,0,0
2019-04-23 21:15,138,57,81,0,0,0
2019-04-23 21:30,166,51,115,0,0,0
2019-04-23 21:45,143,40,103,0,0,0
2019-04-23 22:00,129,37,92,0,0,0
2019-04-23 22:15,124,45,79,0,0,0
2019-04-23 22:30,100,29,71,0,0,0
2019-04-23 22:45,98,28,70,0,0,0
2019-04-23 23:00,90,26,64,0,0,0
2019-04-23 23:15,58,21,37,0,0,0
2019-04-23 23:30,68,17,51,0,0,0
2019-04-23 23:45,34,6,28,0,0,0
2019-04-24 00:00,58,18,40,0,0,0
2019-04-24 00:15,37,10,27,0,0,0
2019-04-24 00:30,44,17,27,0,0,0
2019-04-24 00:45,26,4,22,0,0,0
2019-04-24 01:00,16,6,10,0,0,0
2019-04-24 01:15,7,2,5,0,0,0
2019-04-24 01:30,16,3,13,0,0,0
2019-04-24 01:45,12,3,9,0,0,0
2019-04-24 02:00,4,1,3,0,0,0
2019-04-24 02:15,4,0,4,0,0,0
2019-04-24 02:30,3,0,3,0,0,0
2019-04-24 02:45,5,1,4,0,0,0
2019-04-24 03:00,3,1,2,0,0,0
2019-04-24 03:15,14,1,13,0,0,0
2019-04-24 03:30,12,2,10,0,0,0
2019-04-24 03:45,4,2,2,0,0,0
2019-04-24 04:00,5,3,2,0,0,0
2019-04-24 04:15,2,1,1,0,0,0
2019-04-24 04:30,3,1,2,0,0,0
2019-04-24 04:45,4,1,3,0,0,0
2019-04-24 05:00,9,4,5,0,0,0
2019-04-24 05:15,2,2,0,0,0,0
2019-04-24 05:30,20,9,11,0,0,0
2019-04-24 05:45,24,14,10,0,0,0
2019-04-24 06:00,25,17,8,0,0,0
2019-04-24 06:15,35,27,8,0,0,0
2019-04-24 06:30,67,40,27,0,0,0
2019-04-24 06:45,95,67,28,0,0,0
2019-04-24 07:00,115,80,35,0,0,0
2019-04-24 07:15,189,141,48,0,0,0
2019-04-24 07:30,192,100,92,0,0,0
2019-04-24 07:45,381,193,188,0,0,0
2019-04-24 08:00,460,277,183,0,0,0
2019-04-24 08:15,280,169,111,0,0,0
2019-04-24 08:30,208,116,92,0,0,0
2019-04-24 08:45,302,170,132,0,0,0
2019-04-24 09:00,183,97,86,0,0,0
2019-04-24 09:15,173,104,69,0,0,0
2019-04-24 09:30,182,80,102,0,0,0
2019-04-24 09:45,532,283,249,0,0,0
2019-04-24 10:00,529,293,236,0,0,0
2019-04-24 10:15,199,118,81,0,0,0
2019-04-24 10:30,159,95,64,0,0,0
2019-04-24 10:45,187,103,84,0,0,0
2019-04-24 11:00,158,78,80,0,0,0
2019-04-24 11:15,163,91,72,0,0,0
2019-04-24 11:30,258,124,134,0,0,0
2019-04-24 11:45,566,295,271,0,0,0
2019-04-24 12:00,400,248,152,0,0,0
2019-04-24 12:15,242,120,122,0,0,0
2019-04-24 12:30,243,120,123,0,0,0
2019-04-24 12:45,248,137,111,0,0,0
2019-04-24 13:00,240,117,123,0,0,0
2019-04-24 13:15,245,120,125,0,0,0
2019-04-24 13:30,274,126,148,0,0,0
2019-04-24 13:45,470,232,238,0,0,0
2019-04-24 14:00,379,226,153,0,0,0
2019-04-24 14:15,218,112,106,0,0,0
2019-04-24 14:30,254,120,134,0,0,0
2019-04-24 14:45,200,108,92,0,0,0
2019-04-24 15:00,231,106,125,0,0,0
2019-04-24 15:15,227,127,100,0,0,0
2019-04-24 15:30,307,155,152,0,0,0
2019-04-24 15:45,582,245,337,0,0,0
2019-04-24 16:00,450,260,190,0,0,0
2019-04-24 16:15,309,147,162,0,0,0
2019-04-24 16:30,255,131,124,0,0,0
2019-04-24 16:45,293,123,170,0,0,0
2019-04-24 17:00,281,132,149,0,0,0
2019-04-24 17:15,306,155,151,0,0,0
2019-04-24 17:30,410,191,219,0,0,0
2019-04-24 17:45,534,272,262,0,0,0
2019-04-24 18:00,423,233,190,0,0,0
2019-04-24 18:15,311,172,139,0,0,0
2019-04-24 18:30,316,153,163,0,0,0
2019-04-24 18:45,306,171,135,0,0,0
2019-04-24 19:00,255,139,116,0,0,0
2019-04-24 19:15,297,149,148,0,0,0
2019-04-24 19:30,298,125,173,0,0,0
2019-04-24 19:45,299,148,151,0,0,0
2019-04-24 20:00,242,107,135,0,0,0
2019-04-24 20:15,194,96,98,0,0,0
2019-04-24 20:30,203,99,104,0,0,0
2019-04-24 20:45,179,64,115,0,0,0
2019-04-24 21:00,149,79,70,0,0,0
2019-04-24 21:15,96,45,51,0,0,0
2019-04-24 21:30,94,35,59,0,0,0
2019-04-24 21:45,97,41,56,0,0,0
2019-04-24 22:00,124,36,88,0,0,0
2019-04-24 22:15,120,49,71,0,0,0
2019-04-24 22:30,90,30,60,0,0,0
2019-04-24 22:45,128,34,94,0,0,0
2019-04-24 23:00,130,43,87,0,0,0
2019-04-24 23:15,92,42,50,0,0,0
2019-04-24 23:30,59,21,38,0,0,0
2019-04-24 23:45,67,30,37,0,0,0
2019-04-25 00:00,56,11,45,0,0,0
2019-04-25 00:15,51,10,41,0,0,0
2019-04-25 00:30,42,14,28,0,0,0
2019-04-25 00:45,33,2,31,0,0,0
2019-04-25 01:00,52,24,28,0,0,0
2019-04-25 01:15,30,5,25,0,0,0
2019-04-25 01:30,33,11,22,0,0,0
2019-04-25 01:45,32,9,23,0,0,0
2019-04-25 02:00,24,0,24,0,0,0
2019-04-25 02:15,37,6,31,0,0,0
2019-04-25 02:30,16,6,10,0,0,0
2019-04-25 02:45,19,4,15,0,0,0
2019-04-25 03:00,33,4,29,0,0,0
2019-04-25 03:15,12,0,12,0,0,0
2019-04-25 03:30,9,2,7,0,0,0
2019-04-25 03:45,7,0,7,0,0,0
2019-04-25 04:00,8,1,7,0,0,0
2019-04-25 04:15,11,2,9,0,0,0
2019-04-25 04:30,5,3,2,0,0,0
2019-04-25 04:45,9,1,8,0,0,0
2019-04-25 05:00,15,5,10,0,0,0
2019-04-25 05:15,22,7,15,0,0,0
2019-04-25 05:30,23,8,15,0,0,0
2019-04-25 05:45,23,15,8,0,0,0
2019-04-25 06:00,22,13,9,0,0,0
2019-04-25 06:15,27,19,8,0,0,0
2019-04-25 06:30,61,35,26,0,0,0
2019-04-25 06:45,92,66,26,0,0,0
2019-04-25 07:00,96,62,34,0,0,0
2019-04-25 07:15,110,58,52,0,0,0
2019-04-25 07:30,186,86,100,0,0,0
2019-04-25 07:45,353,135,218,0,0,0
2019-04-25 08:00,447,230,217,0,0,0
2019-04-25 08:15,233,142,91,0,0,0
2019-04-25 08:30,233,135,98,0,0,0
2019-04-25 08:45,264,169,95,0,0,0
2019-04-25 09:00,199,126,73,0,0,0
2019-04-25 09:15,174,103,71,0,0,0
2019-04-25 09:30,213,111,102,0,0,0
2019-04-25 09:45,544,275,269,0,0,0
2019-04-25 10:00,439,282,157,0,0,0
2019-04-25 10:15,173,103,70,0,0,0
2019-04-25 10:30,156,90,66,0,0,0
2019-04-25 10:45,159,76,83,0,0,0
2019-04-25 11:00,117,62,55,0,0,0
2019-04-25 11:15,138,70,68,0,0,0
2019-04-25 11:30,239,113,126,0,0,0
2019-04-25 11:45,501,242,259,0,0,0
2019-04-25 12:00,373,237,136,0,0,0
2019-04-25 12:15,243,127,116,0,0,0
2019-04-25 12:30,197,92,105,0,0,0
2019-04-25 12:45,189,99,90,0,0,0
2019-04-25 13:00,161,93,68,0,0,0
2019-04-25 13:15,182,93,89,0,0,0
2019-04-25 13:30,286,130,156,0,0,0
2019-04-25 13:45,452,194,258,0,0,0
2019-04-25 14:00,370,194,176,0,0,0
2019-04-25 14:15,248,108,140,0,0,0
2019-04-25 14:30,200,103,97,0,0,0
2019-04-25 14:45,244,116,128,0,0,0
2019-04-25 15:00,208,93,115,0,0,0
2019-04-25 15:15,217,113,104,0,0,0
2019-04-25 15:30,267,136,131,0,0,0
2019-04-25 15:45,545,276,269,0,0,0
2019-04-25 16:00,396,221,175,0,0,0
2019-04-25 16:15,289,150,139,0,0,0
2019-04-25 16:30,270,133,137,0,0,0
2019-04-25 16:45,309,164,145,0,0,0
2019-04-25 17:00,278,131,147,0,0,0
2019-04-25 17:15,300,145,155,0,0,0
2019-04-25 17:30,382,175,207,0,0,0
2019-04-25 17:45,512,245,267,0,0,0
2019-04-25 18:00,432,209,223,0,0,0
2019-04-25 18:15,323,163,160,0,0,0
2019-04-25 18:30,294,131,163,0,0,0
2019-04-25 18:45,245,123,122,0,0,0
2019-04-25 19:00,236,109,127,0,0,0
2019-04-25 19:15,224,127,97,0,0,0
2019-04-25 19:30,320,146,174,0,0,0
2019-04-25 19:45,335,133,202,0,0,0
2019-04-25 20:00,281,132,149,0,0,0
2019-04-25 20:15,185,100,85,0,0,0
2019-04-25 20:30,170,81,89,0,0,0
2019-04-25 20:45,129,41,88,0,0,0
2019-04-25 21:00,133,66,67,0,0,0
2019-04-25 21:15,142,63,79,0,0,0
2019-04-25 21:30,90,43,47,0,0,0
2019-04-25 21:45,96,37,59,0,0,0
2019-04-25 22:00,96,42,54,0,0,0
2019-04-25 22:15,115,45,70,0,0,0
2019-04-25 22:30,113,30,83,0,0,0
2019-04-25 22:45,92,21,71,0,0,0
2019-04-25 23:00,105,39,66,0,0,0
2019-04-25 23:15,66,24,42,0,0,0
2019-04-25 23:30,77,28,49,0,0,0
2019-04-25 23:45,66,27,39,0,0,0
2019-04-26 00:00,55,18,37,0,0,0
2019-04-26 00:15,40,12,28,0,0,0
2019-04-26 00:30,32,9,23,0,0,0
2019-04-26 00:45,34,7,27,0,0,0
2019-04-26 01:00,39,9,30,0,0,0
2019-04-26 01:15,18,6,12,0,0,0
2019-04-26 01:30,33,7,26,0,0,0
2019-04-26 01:45,12,6,6,0,0,0
2019-04-26 02:00,7,2,5,0,0,0
2019-04-26 02:15,12,2,10,0,0,0
2019-04-26 02:30,12,6,6,0,0,0
2019-04-26 02:45,7,3,4,0,0,0
2019-04-26 03:00,14,0,14,0,0,0
2019-04-26 03:15,8,1,7,0,0,0
2019-04-26 03:30,6,1,5,0,0,0
2019-04-26 03:45,5,2,3,0,0,0
2019-04-26 04:00,5,3,2,0,0,0
2019-04-26 04:15,3,1,2,0,0,0
2019-04-26 04:30,6,3,3,0,0,0
2019-04-26 04:45,11,3,8,0,0,0
2019-04-26 05:00,7,4,3,0,0,0
2019-04-26 05:15,4,2,2,0,0,0
2019-04-26 05:30,18,11,7,0,0,0
2019-04-26 05:45,28,19,9,0,0,0
2019-04-26 06:00,24,17,7,0,0,0
2019-04-26 06:15,26,14,12,0,0,0
2019-04-26 06:30,55,34,21,0,0,0
2019-04-26 06:45,71,46,25,0,0,0
2019-04-26 07:00,73,43,30,0,0,0
2019-04-26 07:15,89,64,25,0,0,0
2019-04-26 07:30,143,61,82,0,0,0
2019-04-26 07:45,271,143,128,0,0,0
2019-04-26 08:00,302,164,138,0,0,0
2019-04-26 08:15,193,103,90,0,0,0
2019-04-26 08:30,167,92,75,0,0,0
2019-04-26 08:45,194,122,72,0,0,0
2019-04-26 09:00,151,95,56,0,0,0
2019-04-26 09:15,124,77,47,0,0,0
2019-04-26 09:30,158,78,80,0,0,0
2019-04-26 09:45,357,185,172,0,0,0
2019-04-26 10:00,319,190,129,0,0,0
2019-04-26 10:15,156,92,64,0,0,0
2019-04-26 10:30,96,58,38,0,0,0
2019-04-26 10:45,152,92,60,0,0,0
2019-04-26 11:00,111,63,48,0,0,0
2019-04-26 11:15,129,82,47,0,0,0
2019-04-26 11:30,220,101,119,0,0,0
2019-04-26 11:45,301,172,129,0,0,0
2019-04-26 12:00,289,170,119,0,0,0
2019-04-26 12:15,164,94,70,0,0,0
2019-04-26 12:30,185,93,92,0,0,0
2019-04-26 12:45,204,130,74,0,0,0
2019-04-26 13:00,211,109,102,0,0,0
2019-04-26 13:15,200,103,97,0,0,0
2019-04-26 13:30,246,117,129,0,0,0
2019-04-26 13:45,287,162,125,0,0,0
2019-04-26 14:00,263,152,111,0,0,0
2019-04-26 14:15,216,114,102,0,0,0
2019-04-26 14:30,189,90,99,0,0,0
2019-04-26 14:45,203,117,86,0,0,0
2019-04-26 15:00,158,100,58,0,0,0
2019-04-26 15:15,184,103,81,0,0,0
2019-04-26 15:30,199,77,122,0,0,0
2019-04-26 15:45,249,109,140,0,0,0
2019-04-26 16:00,224,104,120,0,0,0
2019-04-26 16:15,208,107,101,0,0,0
2019-04-26 16:30,189,102,87,0,0,0
2019-04-26 16:45,211,100,111,0,0,0
2019-04-26 17:00,175,83,92,0,0,0
2019-04-26 17:15,204,84,120,0,0,0
2019-04-26 17:30,209,81,128,0,0,0
2019-04-26 17:45,245,101,144,0,0,0
2019-04-26 18:00,252,117,135,0,0,0
2019-04-26 18:15,195,86,109,0,0,0
2019-04-26 18:30,203,79,124,0,0,0
2019-04-26 18:45,233,116,117,0,0,0
2019-04-26 19:00,198,105,93,0,0,0
2019-04-26 19:15,197,100,97,0,0,0
2019-04-26 19:30,163,77,86,0,0,0
2019-04-26 19:45,184,101,83,0,0,0
2019-04-26 20:00,154,73,81,0,0,0
2019-04-26 20:15,160,80,80,0,0,0
2019-04-26 20:30,151,81,70,0,0,0
2019-04-26 20:45,130,70,60,0,0,0
2019-04-26 21:00,140,52,88,0,0,0
2019-04-26 21:15,116,57,59,0,0,0
2019-04-26 21:30,105,45,60,0,0,0
2019-04-26 21:45,97,37,60,0,0,0
2019-04-26 22:00,90,51,39,0,0,0
2019-04-26 22:15,112,47,65,0,0,0
2019-04-26 22:30,77,36,41,0,0,0
2019-04-26 22:45,97,32,65,0,0,0
2019-04-26 23:00,80,33,47,0,0,0
2019-04-26 23:15,96,36,60,0,0,0
2019-04-26 23:30,103,39,64,0,0,0
2019-04-26 23:45,72,32,40,0,0,0
2019-04-27 00:00,91,31,60,0,0,0
2019-04-27 00:15,103,43,60,0,0,0
2019-04-27 00:30,109,49,60,0,0,0
2019-04-27 00:45,85,38,47,0,0,0
2019-04-27 01:00,69,19,50,0,0,0
2019-04-27 01:15,67,25,42,0,0,0
2019-04-27 01:30,71,20,51,0,0,0
2019-04-27 01:45,64,18,46,0,0,0
2019-04-27 02:00,70,20,50,0,0,0
2019-04-27 02:15,58,11,47,0,0,0
2019-04-27 02:30,52,19,33,0,0,0
2019-04-27 02:45,66,17,49,0,0,0
2019-04-27 03:00,46,18,28,0,0,0
2019-04-27 03:15,36,9,27,0,0,0
2019-04-27 03:30,35,16,19,0,0,0
2019-04-27 03:45,38,16,22,0,0,0
2019-04-27 04:00,20,4,16,0,0,0
2019-04-27 04:15,24,10,14,0,0,0
2019-04-27 04:30,24,7,17,0,0,0
2019-04-27 04:45,23,11,12,0,0,0
2019-04-27 05:00,18,2,16,0,0,0
2019-04-27 05:15,17,8,9,0,0,0
2019-04-27 05:30,18,6,12,0,0,0
2019-04-27 05:45,18,8,10,0,0,0
2019-04-27 06:00,16,8,8,0,0,0
2019-04-27 06:15,13,5,8,0,0,0
2019-04-27 06:30,11,6,5,0,0,0
2019-04-27 06:45,19,12,7,0,0,0
2019-04-27 07:00,16,11,5,0,0,0
2019-04-27 07:15,15,10,5,0,0,0
2019-04-27 07:30,29,17,12,0,0,0
2019-04-27 07:45,61,41,20,0,0,0
2019-04-27 08:00,44,30,14,0,0,0
2019-04-27 08:15,60,43,17,0,0,0
2019-04-27 08:30,65,40,25,0,0,0
2019-04-27 08:45,114,81,33,0,0,0
2019-04-27 09:00,110,66,44,0,0,0
2019-04-27 09:15,120,60,60,0,0,0
2019-04-27 09:30,117,73,44,0,0,0
2019-04-27 09:45,167,121,46,0,0,0
2019-04-27 10:00,101,82,19,0,0,0
2019-04-27 10:15,95,58,37,0,0,0
2019-04-27 10:30,89,51,38,0,0,0
2019-04-27 10:45,81,47,34,0,0,0
2019-04-27 11:00,97,68,29,0,0,0
2019-04-27 11:15,81,41,40,0,0,0
2019-04-27 11:30,81,45,36,0,0,0
2019-04-27 11:45,80,49,31,0,0,0
2019-04-27 12:00,76,36,40,0,0,0
2019-04-27 12:15,80,35,45,0,0,0
2019-04-27 12:30,90,51,39,0,0,0
2019-04-27 12:45,107,54,53,0,0,0
2019-04-27 13:00,124,63,61,0,0,0
2019-04-27 13:15,93,53,40,0,0,0
2019-04-27 13:30,107,48,59,0,0,0
2019-04-27 13:45,131,61,70,0,0,0
2019-04-27 14:00,137,69,68,0,0,0
2019-04-27 14:15,126,64,62,0,0,0
2019-04-27 14:30,107,47,60,0,0,0
2019-04-27 14:45,112,51,61,0,0,0
2019-04-27 15:00,103,47,56,0,0,0
2019-04-27 15:15,124,61,63,0,0,0
2019-04-27 15:30,93,39,54,0,0,0
2019-04-27 15:45,98,51,47,0,0,0
2019-04-27 16:00,96,58,38,0,0,0
2019-04-27 16:15,111,46,65,0,0,0
2019-04-27 16:30,115,53,62,0,0,0
2019-04-27 16:45,118,55,63,0,0,0
2019-04-27 17:00,103,45,58,0,0,0
2019-04-27 17:15,119,63,56,0,0,0
2019-04-27 17:30,152,66,86,0,0,0
2019-04-27 17:45,138,81,57,0,0,0
2019-04-27 18:00,90,44,46,0,0,0
2019-04-27 18:15,71,31,40,0,0,0
2019-04-27 18:30,102,42,60,0,0,0
2019-04-27 18:45,102,47,55,0,0,0
2019-04-27 19:00,89,45,44,0,0,0
2019-04-27 19:15,95,48,47,0,0,0
2019-04-27 19:30,101,54,47,0,0,0
2019-04-27 19:45,117,68,49,0,0,0
2019-04-27 20:00,106,59,47,0,0,0
2019-04-27 20:15,105,64,41,0,0,0
2019-04-27 20:30,119,76,43,0,0,0
2019-04-27 20:45,86,42,44,0,0,0
2019-04-27 21:00,97,49,48,0,0,0
2019-04-27 21:15,90,43,47,0,0,0
2019-04-27 21:30,56,19,37,0,0,0
2019-04-27 21:45,78,34,44,0,0,0
2019-04-27 22:00,71,29,42,0,0,0
2019-04-27 22:15,82,28,54,0,0,0
2019-04-27 22:30,63,24,39,0,0,0
2019-04-27 22:45,55,24,31,0,0,0
2019-04-27 23:00,49,19,30,0,0,0
2019-04-27 23:15,69,28,41,0,0,0
2019-04-27 23:30,60,15,45,0,0,0
2019-04-27 23:45,52,18,34,0,0,0
2019-04-28 00:00,48,16,32,0,0,0
2019-04-28 00:15,57,20,37,0,0,0
2019-04-28 00:30,51,22,29,0,0,0
2019-04-28 00:45,47,9,38,0,0,0
2019-04-28 01:00,43,12,31,0,0,0
2019-04-28 01:15,49,16,33,0,0,0
2019-04-28 01:30,49,18,31,0,0,0
2019-04-28 01:45,41,15,26,0,0,0
2019-04-28 02:00,52,22,30,0,0,0
2019-04-28 02:15,42,17,25,0,0,0
2019-04-28 02:30,43,19,24,0,0,0
2019-04-28 02:45,44,10,34,0,0,0
2019-04-28 03:00,27,6,21,0,0,0
2019-04-28 03:15,31,7,24,0,0,0
2019-04-28 03:30,28,6,22,0,0,0
2019-04-28 03:45,19,5,14,0,0,0
2019-04-28 04:00,28,4,24,0,0,0
2019-04-28 04:15,17,3,14,0,0,0
2019-04-28 04:30,13,3,10,0,0,0
2019-04-28 04:45,15,9,6,0,0,0
2019-04-28 05:00,8,0,8,0,0,0
2019-04-28 05:15,9,2,7,0,0,0
2019-04-28 05:30,10,3,7,0,0,0
2019-04-28 05:45,22,4,18,0,0,0
2019-04-28 06:00,11,5,6,0,0,0
2019-04-28 06:15,8,2,6,0,0,0
2019-04-28 06:30,10,5,5,0,0,0
2019-04-28 06:45,6,3,3,0,0,0
2019-04-28 07:00,5,2,3,0,0,0
2019-04-28 07:15,10,10,0,0,0,0
2019-04-28 07:30,11,8,3,0,0,0
2019-04-28 07:45,15,9,6,0,0,0
2019-04-28 08:00,19,16,3,0,0,0
2019-04-28 08:15,23,17,6,0,0,0
2019-04-28 08:30,15,10,5,0,0,0
2019-04-28 08:45,34,20,14,0,0,0
2019-04-28 09:00,23,17,6,0,0,0
2019-04-28 09:15,27,23,4,0,0,0
2019-04-28 09:30,55,35,20,0,0,0
2019-04-28 09:45,129,97,32,0,0,0
2019-04-28 10:00,68,52,16,0,0,0
2019-04-28 10:15,77,55,22,0,0,0
2019-04-28 10:30,76,45,31,0,0,0
2019-04-28 10:45,114,72,42,0,0,0
2019-04-28 11:00,52,37,15,0,0,0
2019-04-28 11:15,49,31,18,0,0,0
2019-04-28 11:30,60,38,22,0,0,0
2019-04-28 11:45,72,40,32,0,0,0
2019-04-28 12:00,84,43,41,0,0,0
2019-04-28 12:15,78,35,43,0,0,0
2019-04-28 12:30,84,41,43,0,0,0
2019-04-28 12:45,82,44,38,0,0,0
2019-04-28 13:00,55,25,30,0,0,0
2019-04-28 13:15,82,38,44,0,0,0
2019-04-28 13:30,67,38,29,0,0,0
2019-04-28 13:45,93,39,54,0,0,0
2019-04-28 14:00,83,54,29,0,0,0
2019-04-28 14:15,104,55,49,0,0,0
2019-04-28 14:30,90,49,41,0,0,0
2019-04-28 14:45,115,54,61,0,0,0
2019-04-28 15:00,49,29,20,0,0,0
2019-04-28 15:15,63,34,29,0,0,0
2019-04-28 15:30,120,53,67,0,0,0
2019-04-28 15:45,89,45,44,0,0,0
2019-04-28 16:00,74,39,35,0,0,0
2019-04-28 16:15,104,59,45,0,0,0
2019-04-28 16:30,105,55,50,0,0,0
2019-04-28 16:45,84,33,51,0,0,0
2019-04-28 17:00,101,48,53,0,0,0
2019-04-28 17:15,85,40,45,0,0,0
2019-04-28 17:30,124,62,62,0,0,0
2019-04-28 17:45,120,59,61,0,0,0
2019-04-28 18:00,132,55,77,0,0,0
2019-04-28 18:15,109,55,54,0,0,0
2019-04-28 18:30,102,34,68,0,0,0
2019-04-28 18:45,141,77,64,0,0,0
2019-04-28 19:00,105,36,69,0,0,0
2019-04-28 19:15,110,45,65,0,0,0
2019-04-28 19:30,130,45,85,0,0,0
2019-04-28 19:45,105,48,57,0,0,0
2019-04-28 20:00,123,50,73,0,0,0
2019-04-28 20:15,102,38,64,0,0,0
2019-04-28 20:30,74,32,42,0,0,0
2019-04-28 20:45,70,21,49,0,0,0
2019-04-28 21:00,63,12,51,0,0,0
2019-04-28 21:15,57,22,35,0,0,0
2019-04-28 21:30,51,26,25,0,0,0
2019-04-28 21:45,43,14,29,0,0,0
2019-04-28 22:00,57,15,42,0,0,0
2019-04-28 22:15,54,13,41,0,0,0
2019-04-28 22:30,50,19,31,0,0,0
2019-04-28 22:45,51,20,31,0,0,0
2019-04-28 23:00,38,14,24,0,0,0
2019-04-28 23:15,28,5,23,0,0,0
2019-04-28 23:30,22,6,16,0,0,0
2019-04-28 23:45,25,7,18,0,0,0
2019-04-29 00:00,24,9,15,0,0,0
2019-04-29 00:15,17,2,15,0,0,0
2019-04-29 00:30,14,3,11,0,0,0
2019-04-29 00:45,11,4,7,0,0,0
2019-04-29 01:00,5,2,3,0,0,0
2019-04-29 01:15,11,3,8,0,0,0
2019-04-29 01:30,6,1,5,0,0,0
2019-04-29 01:45,3,1,2,0,0,0
2019-04-29 02:00,4,2,2,0,0,0
2019-04-29 02:15,3,2,1,0,0,0
2019-04-29 02:30,5,3,2,0,0,0
2019-04-29 02:45,0,0,0,0,0,0
2019-04-29 03:00,1,1,0,0,0,0
2019-04-29 03:15,2,1,1,0,0,0
2019-04-29 03:30,2,0,2,0,0,0
2019-04-29 03:45,2,2,0,0,0,0
2019-04-29 04:00,4,2,2,0,0,0
2019-04-29 04:15,2,0,2,0,0,0
2019-04-29 04:30,2,0,2,0,0,0
2019-04-29 04:45,8,4,4,0,0,0
2019-04-29 05:00,8,6,2,0,0,0
2019-04-29 05:15,8,8,0,0,0,0
2019-04-29 05:30,19,14,5,0,0,0
2019-04-29 05:45,25,14,11,0,0,0
2019-04-29 06:00,25,20,5,0,0,0
2019-04-29 06:15,46,35,11,0,0,0
2019-04-29 06:30,78,48,30,0,0,0
2019-04-29 06:45,86,64,22,0,0,0
2019-04-29 07:00,98,67,31,0,0,0
2019-04-29 07:15,189,109,80,0,0,0
2019-04-29 07:30,308,204,104,0,0,0
2019-04-29 07:45,418,209,209,0,0,0
2019-04-29 08:00,426,192,234,0,0,0
2019-04-29 08:15,225,152,73,0,0,0
2019-04-29 08:30,220,123,97,0,0,0
2019-04-29 08:45,305,192,113,0,0,0
2019-04-29 09:00,235,157,78,0,0,0
2019-04-29 09:15,222,155,67,0,0,0
2019-04-29 09:30,253,111,142,0,0,0
2019-04-29 09:45,442,227,215,0,0,0
2019-04-29 10:00,474,289,185,0,0,0
2019-04-29 10:15,178,97,81,0,0,0
2019-04-29 10:30,181,83,98,0,0,0
2019-04-29 10:45,142,75,67,0,0,0
2019-04-29 11:00,145,88,57,0,0,0
2019-04-29 11:15,181,91,90,0,0,0
2019-04-29 11:30,227,107,120,0,0,0
2019-04-29 11:45,513,230,283,0,0,0
2019-04-29 12:00,381,211,170,0,0,0
2019-04-29 12:15,228,110,118,0,0,0
2019-04-29 12:30,205,100,105,0,0,0
2019-04-29 12:45,216,104,112,0,0,0
2019-04-29 13:00,349,153,196,0,0,0
2019-04-29 13:15,223,103,120,0,0,0
2019-04-29 13:30,240,111,129,0,0,0
2019-04-29 13:45,519,250,269,0,0,0
2019-04-29 14:00,382,229,153,0,0,0
2019-04-29 14:15,229,127,102,0,0,0
2019-04-29 14:30,208,106,102,0,0,0
2019-04-29 14:45,235,92,143,0,0,0
2019-04-29 15:00,258,125,133,0,0,0
2019-04-29 15:15,216,119,97,0,0,0
2019-04-29 15:30,328,172,156,0,0,0
2019-04-29 15:45,602,300,302,0,0,0
2019-04-29 16:00,470,307,163,0,0,0
2019-04-29 16:15,292,149,143,0,0,0
2019-04-29 16:30,261,137,124,0,0,0
2019-04-29 16:45,279,140,139,0,0,0
2019-04-29 17:00,308,132,176,0,0,0
2019-04-29 17:15,278,136,142,0,0,0
2019-04-29 17:30,364,165,199,0,0,0
2019-04-29 17:45,681,261,420,0,0,0
2019-04-29 18:00,408,204,204,0,0,0
2019-04-29 18:15,293,134,159,0,0,0
2019-04-29 18:30,278,107,171,0,0,0
2019-04-29 18:45,281,135,146,0,0,0
2019-04-29 19:00,232,128,104,0,0,0
2019-04-29 19:15,249,125,124,0,0,0
2019-04-29 19:30,271,90,181,0,0,0
2019-04-29 19:45,316,138,178,0,0,0
2019-04-29 20:00,256,122,134,0,0,0
2019-04-29 20:15,173,75,98,0,0,0
2019-04-29 20:30,160,72,88,0,0,0
2019-04-29 20:45,114,55,59,0,0,0
2019-04-29 21:00,130,43,87,0,0,0
2019-04-29 21:15,99,29,70,0,0,0
2019-04-29 21:30,131,49,82,0,0,0
2019-04-29 21:45,99,31,68,0,0,0
2019-04-29 22:00,156,46,110,0,0,0
2019-04-29 22:15,110,50,60,0,0,0
2019-04-29 22:30,92,35,57,0,0,0
2019-04-29 22:45,95,25,70,0,0,0
2019-04-29 23:00,96,30,66,0,0,0
2019-04-29 23:15,80,37,43,0,0,0
2019-04-29 23:30,38,11,27,0,0,0
2019-04-29 23:45,29,9,20,0,0,0
2019-04-30 00:00,34,9,25,0,0,0
2019-04-30 00:15,25,9,16,0,0,0
2019-04-30 00:30,39,9,30,0,0,0
2019-04-30 00:45,19,12,7,0,0,0
2019-04-30 01:00,16,3,13,0,0,0
2019-04-30 01:15,14,7,7,0,0,0
2019-04-30 01:30,13,2,11,0,0,0
2019-04-30 01:45,8,2,6,0,0,0
2019-04-30 02:00,3,2,1,0,0,0
2019-04-30 02:15,5,1,4,0,0,0
2019-04-30 02:30,5,3,2,0,0,0
2019-04-30 02:45,8,5,3,0,0,0
2019-04-30 03:00,2,1,1,0,0,0
2019-04-30 03:15,2,0,2,0,0,0
2019-04-30 03:30,1,0,1,0,0,0
2019-04-30 03:45,1,1,0,0,0,0
2019-04-30 04:00,1,1,0,0,0,0
2019-04-30 04:15,1,1,0,0,0,0
2019-04-30 04:30,1,1,0,0,0,0
2019-04-30 04:45,6,5,1,0,0,0
2019-04-30 05:00,12,9,3,0,0,0
2019-04-30 05:15,8,7,1,0,0,0
2019-04-30 05:30,21,12,9,0,0,0
2019-04-30 05:45,32,20,12,0,0,0
2019-04-30 06:00,33,27,6,0,0,0
2019-04-30 06:15,55,36,19,0,0,0
2019-04-30 06:30,70,50,20,0,0,0
2019-04-30 06:45,114,83,31,0,0,0
2019-04-30 07:00,96,66,30,0,0,0
2019-04-30 07:15,187,128,59,0,0,0
2019-04-30 07:30,316,217,99,0,0,0
2019-04-30 07:45,459,255,204,0,0,0
2019-04-30 08:00,603,349,254,0,0,0
2019-04-30 08:15,357,226,131,0,0,0
2019-04-30 08:30,253,143,110,0,0,0
2019-04-30 08:45,278,176,102,0,0,0
2019-04-30 09:00,309,213,96,0,0,0
2019-04-30 09:15,190,118,72,0,0,0
2019-04-30 09:30,261,102,159,0,0,0
2019-04-30 09:45,521,212,309,0,0,0
2019-04-30 10:00,531,318,213,0,0,0
2019-04-30 10:15,185,95,90,0,0,0
2019-04-30 10:30,175,81,94,0,0,0
2019-04-30 10:45,165,79,86,0,0,0
2019-04-30 11:00,155,81,74,0,0,0
2019-04-30 11:15,174,96,78,0,0,0
2019-04-30 11:30,234,107,127,0,0,0
2019-04-30 11:45,577,272,305,0,0,0
2019-04-30 12:00,397,234,163,0,0,0
2019-04-30 12:15,253,113,140,0,0,0
2019-04-30 12:30,206,100,106,0,0,0
2019-04-30 12:45,243,134,109,0,0,0
2019-04-30 13:00,266,113,153,0,0,0
2019-04-30 13:15,249,114,135,0,0,0
2019-04-30 13:30,309,147,162,0,0,0
2019-04-30 13:45,588,262,326,0,0,0
2019-04-30 14:00,442,209,233,0,0,0
2019-04-30 14:15,263,127,136,0,0,0
2019-04-30 14:30,243,109,134,0,0,0
2019-04-30 14:45,260,123,137,0,0,0
2019-04-30 15:00,259,128,131,0,0,0
2019-04-30 15:15,236,131,105,0,0,0
2019-04-30 15:30,334,162,172,0,0,0
2019-04-30 15:45,528,277,251,0,0,0
2019-04-30 16:00,454,240,214,0,0,0
2019-04-30 16:15,336,178,158,0,0,0
2019-04-30 16:30,332,170,162,0,0,0
2019-04-30 16:45,280,137,143,0,0,0
2019-04-30 17:00,297,160,137,0,0,0
2019-04-30 17:15,353,175,178,0,0,0
2019-04-30 17:30,445,202,243,0,0,0
2019-04-30 17:45,555,264,291,0,0,0
2019-04-30 18:00,454,224,230,0,0,0
2019-04-30 18:15,271,132,139,0,0,0
2019-04-30 18:30,306,154,152,0,0,0
2019-04-30 18:45,321,150,171,0,0,0
2019-04-30 19:00,297,160,137,0,0,0
2019-04-30 19:15,243,142,101,0,0,0
2019-04-30 19:30,289,141,148,0,0,0
2019-04-30 19:45,408,232,176,0,0,0
2019-04-30 20:00,261,144,117,0,0,0
2019-04-30 20:15,223,132,91,0,0,0
2019-04-30 20:30,241,132,109,0,0,0
2019-04-30 20:45,214,111,103,0,0,0
2019-04-30 21:00,178,106,72,0,0,0
2019-04-30 21:15,152,89,63,0,0,0
2019-04-30 21:30,179,91,88,0,0,0
2019-04-30 21:45,147,75,72,0,0,0
2019-04-30 22:00,152,77,75,0,0,0
2019-04-30 22:15,127,80,47,0,0,0
2019-04-30 22:30,126,63,63,0,0,0
2019-04-30 22:45,113,60,53,0,0,0
2019-04-30 23:00,93,46,47,0,0,0
2019-04-30 23:15,135,63,72,0,0,0
2019-04-30 23:30,91,49,42,0,0,0
2019-04-30 23:45,94,30,64,0,0,0
