Datetime,100035541 (Neutor),101035541 (Neutor stadteinwÃ¤rts),102035541 (Neutor stadtauswÃ¤rts),100035541-status,101035541-status,102035541-status
2022-02-01 00:00,6,3,3,0,0,0
2022-02-01 00:15,17,8,9,0,0,0
2022-02-01 00:30,7,2,5,0,0,0
2022-02-01 00:45,7,2,5,0,0,0
2022-02-01 01:00,4,4,0,0,0,0
2022-02-01 01:15,9,1,8,0,0,0
2022-02-01 01:30,6,4,2,0,0,0
2022-02-01 01:45,1,1,0,0,0,0
2022-02-01 02:00,6,2,4,0,0,0
2022-02-01 02:15,2,2,0,0,0,0
2022-02-01 02:30,1,1,0,0,0,0
2022-02-01 02:45,1,0,1,0,0,0
2022-02-01 03:00,2,1,1,0,0,0
2022-02-01 03:15,2,1,1,0,0,0
2022-02-01 03:30,1,0,1,0,0,0
2022-02-01 03:45,0,0,0,0,0,0
2022-02-01 04:00,2,1,1,0,0,0
2022-02-01 04:15,6,3,3,0,0,0
2022-02-01 04:30,5,3,2,0,0,0
2022-02-01 04:45,4,3,1,0,0,0
2022-02-01 05:00,1,0,1,0,0,0
2022-02-01 05:15,13,10,3,0,0,0
2022-02-01 05:30,17,9,8,0,0,0
2022-02-01 05:45,15,13,2,0,0,0
2022-02-01 06:00,19,13,6,0,0,0
2022-02-01 06:15,39,27,12,0,0,0
2022-02-01 06:30,40,26,14,0,0,0
2022-02-01 06:45,59,37,22,0,0,0
2022-02-01 07:00,70,46,24,0,0,0
2022-02-01 07:15,140,102,38,0,0,0
2022-02-01 07:30,227,164,63,0,0,0
2022-02-01 07:45,265,177,88,0,0,0
2022-02-01 08:00,159,94,65,0,0,0
2022-02-01 08:15,173,133,40,0,0,0
2022-02-01 08:30,165,102,63,0,0,0
2022-02-01 08:45,172,116,56,0,0,0
2022-02-01 09:00,133,84,49,0,0,0
2022-02-01 09:15,114,74,40,0,0,0
2022-02-01 09:30,132,69,63,0,0,0
2022-02-01 09:45,134,76,58,0,0,0
2022-02-01 10:00,122,64,58,0,0,0
2022-02-01 10:15,96,47,49,0,0,0
2022-02-01 10:30,72,41,31,0,0,0
2022-02-01 10:45,95,46,49,0,0,0
2022-02-01 11:00,98,45,53,0,0,0
2022-02-01 11:15,104,51,53,0,0,0
2022-02-01 11:30,74,39,35,0,0,0
2022-02-01 11:45,105,63,42,0,0,0
2022-02-01 12:00,123,51,72,0,0,0
2022-02-01 12:15,111,61,50,0,0,0
2022-02-01 12:30,109,51,58,0,0,0
2022-02-01 12:45,150,68,82,0,0,0
2022-02-01 13:00,165,59,106,0,0,0
2022-02-01 13:15,127,53,74,0,0,0
2022-02-01 13:30,134,60,74,0,0,0
2022-02-01 13:45,129,68,61,0,0,0
2022-02-01 14:00,143,53,90,0,0,0
2022-02-01 14:15,111,63,48,0,0,0
2022-02-01 14:30,91,42,49,0,0,0
2022-02-01 14:45,131,54,77,0,0,0
2022-02-01 15:00,107,44,63,0,0,0
2022-02-01 15:15,125,54,71,0,0,0
2022-02-01 15:30,120,67,53,0,0,0
2022-02-01 15:45,149,75,74,0,0,0
2022-02-01 16:00,154,67,87,0,0,0
2022-02-01 16:15,202,105,97,0,0,0
2022-02-01 16:30,198,86,112,0,0,0
2022-02-01 16:45,186,87,99,0,0,0
2022-02-01 17:00,184,94,90,0,0,0
2022-02-01 17:15,165,77,88,0,0,0
2022-02-01 17:30,161,65,96,0,0,0
2022-02-01 17:45,167,84,83,0,0,0
2022-02-01 18:00,168,91,77,0,0,0
2022-02-01 18:15,181,75,106,0,0,0
2022-02-01 18:30,172,71,101,0,0,0
2022-02-01 18:45,174,80,94,0,0,0
2022-02-01 19:00,131,62,69,0,0,0
2022-02-01 19:15,127,57,70,0,0,0
2022-02-01 19:30,118,46,72,0,0,0
2022-02-01 19:45,130,58,72,0,0,0
2022-02-01 20:00,126,58,68,0,0,0
2022-02-01 20:15,112,45,67,0,0,0
2022-02-01 20:30,80,35,45,0,0,0
2022-02-01 20:45,75,26,49,0,0,0
2022-02-01 21:00,68,28,40,0,0,0
2022-02-01 21:15,55,28,27,0,0,0
2022-02-01 21:30,48,24,24,0,0,0
2022-02-01 21:45,53,17,36,0,0,0
2022-02-01 22:00,59,24,35,0,0,0
2022-02-01 22:15,57,32,25,0,0,0
2022-02-01 22:30,46,23,23,0,0,0
2022-02-01 22:45,50,25,25,0,0,0
2022-02-01 23:00,44,20,24,0,0,0
2022-02-01 23:15,36,15,21,0,0,0
2022-02-01 23:30,42,14,28,0,0,0
2022-02-01 23:45,25,11,14,0,0,0
2022-02-02 00:00,21,6,15,0,0,0
2022-02-02 00:15,19,13,6,0,0,0
2022-02-02 00:30,5,2,3,0,0,0
2022-02-02 00:45,10,2,8,0,0,0
2022-02-02 01:00,17,9,8,0,0,0
2022-02-02 01:15,5,3,2,0,0,0
2022-02-02 01:30,4,1,3,0,0,0
2022-02-02 01:45,8,5,3,0,0,0
2022-02-02 02:00,5,2,3,0,0,0
2022-02-02 02:15,8,2,6,0,0,0
2022-02-02 02:30,2,2,0,0,0,0
2022-02-02 02:45,2,2,0,0,0,0
2022-02-02 03:00,1,1,0,0,0,0
2022-02-02 03:15,4,2,2,0,0,0
2022-02-02 03:30,1,0,1,0,0,0
2022-02-02 03:45,2,1,1,0,0,0
2022-02-02 04:00,5,1,4,0,0,0
2022-02-02 04:15,11,8,3,0,0,0
2022-02-02 04:30,3,3,0,0,0,0
2022-02-02 04:45,9,7,2,0,0,0
2022-02-02 05:00,3,0,3,0,0,0
2022-02-02 05:15,13,8,5,0,0,0
2022-02-02 05:30,15,10,5,0,0,0
2022-02-02 05:45,15,10,5,0,0,0
2022-02-02 06:00,30,19,11,0,0,0
2022-02-02 06:15,44,33,11,0,0,0
2022-02-02 06:30,41,23,18,0,0,0
2022-02-02 06:45,66,46,20,0,0,0
2022-02-02 07:00,75,50,25,0,0,0
2022-02-02 07:15,163,132,31,0,0,0
2022-02-02 07:30,246,190,56,0,0,0
2022-02-02 07:45,251,150,101,0,0,0
2022-02-02 08:00,192,120,72,0,0,0
2022-02-02 08:15,173,125,48,0,0,0
2022-02-02 08:30,182,109,73,0,0,0
2022-02-02 08:45,184,112,72,0,0,0
2022-02-02 09:00,153,92,61,0,0,0
2022-02-02 09:15,131,79,52,0,0,0
2022-02-02 09:30,131,80,51,0,0,0
2022-02-02 09:45,154,97,57,0,0,0
2022-02-02 10:00,124,80,44,0,0,0
2022-02-02 10:15,126,81,45,0,0,0
2022-02-02 10:30,117,65,52,0,0,0
2022-02-02 10:45,127,67,60,0,0,0
2022-02-02 11:00,91,48,43,0,0,0
2022-02-02 11:15,108,60,48,0,0,0
2022-02-02 11:30,118,62,56,0,0,0
2022-02-02 11:45,139,68,71,0,0,0
2022-02-02 12:00,122,63,59,0,0,0
2022-02-02 12:15,140,78,62,0,0,0
2022-02-02 12:30,158,75,83,0,0,0
2022-02-02 12:45,164,81,83,0,0,0
2022-02-02 13:00,191,97,94,0,0,0
2022-02-02 13:15,167,69,98,0,0,0
2022-02-02 13:30,131,69,62,0,0,0
2022-02-02 13:45,182,88,94,0,0,0
2022-02-02 14:00,210,84,126,0,0,0
2022-02-02 14:15,182,78,104,0,0,0
2022-02-02 14:30,184,85,99,0,0,0
2022-02-02 14:45,165,72,93,0,0,0
2022-02-02 15:00,158,58,100,0,0,0
2022-02-02 15:15,189,97,92,0,0,0
2022-02-02 15:30,211,83,128,0,0,0
2022-02-02 15:45,239,100,139,0,0,0
2022-02-02 16:00,179,86,93,0,0,0
2022-02-02 16:15,179,81,98,0,0,0
2022-02-02 16:30,179,83,96,0,0,0
2022-02-02 16:45,187,87,100,0,0,0
2022-02-02 17:00,218,97,121,0,0,0
2022-02-02 17:15,217,76,141,0,0,0
2022-02-02 17:30,198,70,128,0,0,0
2022-02-02 17:45,207,89,118,0,0,0
2022-02-02 18:00,203,72,131,0,0,0
2022-02-02 18:15,225,100,125,0,0,0
2022-02-02 18:30,189,83,106,0,0,0
2022-02-02 18:45,199,105,94,0,0,0
2022-02-02 19:00,177,90,87,0,0,0
2022-02-02 19:15,202,96,106,0,0,0
2022-02-02 19:30,178,79,99,0,0,0
2022-02-02 19:45,180,83,97,0,0,0
2022-02-02 20:00,154,59,95,0,0,0
2022-02-02 20:15,91,46,45,0,0,0
2022-02-02 20:30,74,32,42,0,0,0
2022-02-02 20:45,115,55,60,0,0,0
2022-02-02 21:00,60,30,30,0,0,0
2022-02-02 21:15,70,26,44,0,0,0
2022-02-02 21:30,74,20,54,0,0,0
2022-02-02 21:45,81,22,59,0,0,0
2022-02-02 22:00,48,20,28,0,0,0
2022-02-02 22:15,69,28,41,0,0,0
2022-02-02 22:30,64,20,44,0,0,0
2022-02-02 22:45,79,33,46,0,0,0
2022-02-02 23:00,66,30,36,0,0,0
2022-02-02 23:15,55,21,34,0,0,0
2022-02-02 23:30,50,18,32,0,0,0
2022-02-02 23:45,28,9,19,0,0,0
2022-02-03 00:00,39,12,27,0,0,0
2022-02-03 00:15,30,12,18,0,0,0
2022-02-03 00:30,27,13,14,0,0,0
2022-02-03 00:45,22,5,17,0,0,0
2022-02-03 01:00,14,7,7,0,0,0
2022-02-03 01:15,8,4,4,0,0,0
2022-02-03 01:30,18,2,16,0,0,0
2022-02-03 01:45,8,2,6,0,0,0
2022-02-03 02:00,12,6,6,0,0,0
2022-02-03 02:15,7,2,5,0,0,0
2022-02-03 02:30,9,6,3,0,0,0
2022-02-03 02:45,7,0,7,0,0,0
2022-02-03 03:00,10,4,6,0,0,0
2022-02-03 03:15,8,1,7,0,0,0
2022-02-03 03:30,1,0,1,0,0,0
2022-02-03 03:45,6,0,6,0,0,0
2022-02-03 04:00,5,2,3,0,0,0
2022-02-03 04:15,10,3,7,0,0,0
2022-02-03 04:30,6,5,1,0,0,0
2022-02-03 04:45,8,5,3,0,0,0
2022-02-03 05:00,5,1,4,0,0,0
2022-02-03 05:15,12,10,2,0,0,0
2022-02-03 05:30,17,10,7,0,0,0
2022-02-03 05:45,29,18,11,0,0,0
2022-02-03 06:00,28,17,11,0,0,0
2022-02-03 06:15,37,21,16,0,0,0
2022-02-03 06:30,40,24,16,0,0,0
2022-02-03 06:45,44,28,16,0,0,0
2022-02-03 07:00,54,31,23,0,0,0
2022-02-03 07:15,137,95,42,0,0,0
2022-02-03 07:30,223,163,60,0,0,0
2022-02-03 07:45,244,145,99,0,0,0
2022-02-03 08:00,170,96,74,0,0,0
2022-02-03 08:15,160,94,66,0,0,0
2022-02-03 08:30,152,99,53,0,0,0
2022-02-03 08:45,162,110,52,0,0,0
2022-02-03 09:00,122,70,52,0,0,0
2022-02-03 09:15,131,67,64,0,0,0
2022-02-03 09:30,135,85,50,0,0,0
2022-02-03 09:45,124,76,48,0,0,0
2022-02-03 10:00,124,72,52,0,0,0
2022-02-03 10:15,87,44,43,0,0,0
2022-02-03 10:30,77,48,29,0,0,0
2022-02-03 10:45,87,43,44,0,0,0
2022-02-03 11:00,81,47,34,0,0,0
2022-02-03 11:15,115,66,49,0,0,0
2022-02-03 11:30,122,53,69,0,0,0
2022-02-03 11:45,135,63,72,0,0,0
2022-02-03 12:00,128,60,68,0,0,0
2022-02-03 12:15,140,67,73,0,0,0
2022-02-03 12:30,129,54,75,0,0,0
2022-02-03 12:45,124,60,64,0,0,0
2022-02-03 13:00,121,53,68,0,0,0
2022-02-03 13:15,122,54,68,0,0,0
2022-02-03 13:30,153,78,75,0,0,0
2022-02-03 13:45,147,77,70,0,0,0
2022-02-03 14:00,147,56,91,0,0,0
2022-02-03 14:15,135,67,68,0,0,0
2022-02-03 14:30,135,66,69,0,0,0
2022-02-03 14:45,186,74,112,0,0,0
2022-02-03 15:00,164,66,98,0,0,0
2022-02-03 15:15,137,69,68,0,0,0
2022-02-03 15:30,202,64,138,0,0,0
2022-02-03 15:45,198,90,108,0,0,0
2022-02-03 16:00,185,81,104,0,0,0
2022-02-03 16:15,212,98,114,0,0,0
2022-02-03 16:30,170,63,107,0,0,0
2022-02-03 16:45,204,92,112,0,0,0
2022-02-03 17:00,184,73,111,0,0,0
2022-02-03 17:15,185,72,113,0,0,0
2022-02-03 17:30,185,77,108,0,0,0
2022-02-03 17:45,208,80,128,0,0,0
2022-02-03 18:00,180,70,110,0,0,0
2022-02-03 18:15,165,60,105,0,0,0
2022-02-03 18:30,159,72,87,0,0,0
2022-02-03 18:45,197,91,106,0,0,0
2022-02-03 19:00,147,73,74,0,0,0
2022-02-03 19:15,166,74,92,0,0,0
2022-02-03 19:30,155,69,86,0,0,0
2022-02-03 19:45,142,56,86,0,0,0
2022-02-03 20:00,146,52,94,0,0,0
2022-02-03 20:15,114,52,62,0,0,0
2022-02-03 20:30,74,39,35,0,0,0
2022-02-03 20:45,77,34,43,0,0,0
2022-02-03 21:00,71,29,42,0,0,0
2022-02-03 21:15,82,39,43,0,0,0
2022-02-03 21:30,60,28,32,0,0,0
2022-02-03 21:45,67,24,43,0,0,0
2022-02-03 22:00,68,30,38,0,0,0
2022-02-03 22:15,58,33,25,0,0,0
2022-02-03 22:30,56,19,37,0,0,0
2022-02-03 22:45,50,10,40,0,0,0
2022-02-03 23:00,54,20,34,0,0,0
2022-02-03 23:15,66,27,39,0,0,0
2022-02-03 23:30,42,19,23,0,0,0
2022-02-03 23:45,39,13,26,0,0,0
2022-02-04 00:00,24,5,19,0,0,0
2022-02-04 00:15,31,13,18,0,0,0
2022-02-04 00:30,13,4,9,0,0,0
2022-02-04 00:45,14,5,9,0,0,0
2022-02-04 01:00,18,10,8,0,0,0
2022-02-04 01:15,18,8,10,0,0,0
2022-02-04 01:30,16,9,7,0,0,0
2022-02-04 01:45,18,3,15,0,0,0
2022-02-04 02:00,8,4,4,0,0,0
2022-02-04 02:15,5,3,2,0,0,0
2022-02-04 02:30,2,2,0,0,0,0
2022-02-04 02:45,3,1,2,0,0,0
2022-02-04 03:00,2,1,1,0,0,0
2022-02-04 03:15,4,1,3,0,0,0
2022-02-04 03:30,2,2,0,0,0,0
2022-02-04 03:45,1,0,1,0,0,0
2022-02-04 04:00,4,2,2,0,0,0
2022-02-04 04:15,6,3,3,0,0,0
2022-02-04 04:30,5,3,2,0,0,0
2022-02-04 04:45,11,9,2,0,0,0
2022-02-04 05:00,2,0,2,0,0,0
2022-02-04 05:15,6,2,4,0,0,0
2022-02-04 05:30,14,11,3,0,0,0
2022-02-04 05:45,16,9,7,0,0,0
2022-02-04 06:00,21,11,10,0,0,0
2022-02-04 06:15,31,20,11,0,0,0
2022-02-04 06:30,34,23,11,0,0,0
2022-02-04 06:45,51,28,23,0,0,0
2022-02-04 07:00,66,39,27,0,0,0
2022-02-04 07:15,122,85,37,0,0,0
2022-02-04 07:30,215,142,73,0,0,0
2022-02-04 07:45,227,143,84,0,0,0
2022-02-04 08:00,138,87,51,0,0,0
2022-02-04 08:15,137,83,54,0,0,0
2022-02-04 08:30,144,99,45,0,0,0
2022-02-04 08:45,140,86,54,0,0,0
2022-02-04 09:00,146,80,66,0,0,0
2022-02-04 09:15,100,59,41,0,0,0
2022-02-04 09:30,114,63,51,0,0,0
2022-02-04 09:45,143,79,64,0,0,0
2022-02-04 10:00,112,67,45,0,0,0
2022-02-04 10:15,120,66,54,0,0,0
2022-02-04 10:30,100,57,43,0,0,0
2022-02-04 10:45,107,49,58,0,0,0
2022-02-04 11:00,97,39,58,0,0,0
2022-02-04 11:15,92,39,53,0,0,0
2022-02-04 11:30,92,40,52,0,0,0
2022-02-04 11:45,108,65,43,0,0,0
2022-02-04 12:00,123,59,64,0,0,0
2022-02-04 12:15,148,67,81,0,0,0
2022-02-04 12:30,142,69,73,0,0,0
2022-02-04 12:45,138,73,65,0,0,0
2022-02-04 13:00,187,64,123,0,0,0
2022-02-04 13:15,154,58,96,0,0,0
2022-02-04 13:30,116,46,70,0,0,0
2022-02-04 13:45,147,73,74,0,0,0
2022-02-04 14:00,158,58,100,0,0,0
2022-02-04 14:15,117,48,69,0,0,0
2022-02-04 14:30,131,65,66,0,0,0
2022-02-04 14:45,142,68,74,0,0,0
2022-02-04 15:00,135,68,67,0,0,0
2022-02-04 15:15,131,75,56,0,0,0
2022-02-04 15:30,129,58,71,0,0,0
2022-02-04 15:45,158,71,87,0,0,0
2022-02-04 16:00,162,67,95,0,0,0
2022-02-04 16:15,123,48,75,0,0,0
2022-02-04 16:30,99,46,53,0,0,0
2022-02-04 16:45,141,67,74,0,0,0
2022-02-04 17:00,128,59,69,0,0,0
2022-02-04 17:15,126,46,80,0,0,0
2022-02-04 17:30,127,52,75,0,0,0
2022-02-04 17:45,104,46,58,0,0,0
2022-02-04 18:00,113,43,70,0,0,0
2022-02-04 18:15,115,48,67,0,0,0
2022-02-04 18:30,101,48,53,0,0,0
2022-02-04 18:45,124,65,59,0,0,0
2022-02-04 19:00,101,42,59,0,0,0
2022-02-04 19:15,127,65,62,0,0,0
2022-02-04 19:30,127,61,66,0,0,0
2022-02-04 19:45,124,57,67,0,0,0
2022-02-04 20:00,116,60,56,0,0,0
2022-02-04 20:15,94,44,50,0,0,0
2022-02-04 20:30,75,37,38,0,0,0
2022-02-04 20:45,66,30,36,0,0,0
2022-02-04 21:00,57,33,24,0,0,0
2022-02-04 21:15,67,27,40,0,0,0
2022-02-04 21:30,53,17,36,0,0,0
2022-02-04 21:45,50,25,25,0,0,0
2022-02-04 22:00,34,20,14,0,0,0
2022-02-04 22:15,65,30,35,0,0,0
2022-02-04 22:30,52,11,41,0,0,0
2022-02-04 22:45,27,15,12,0,0,0
2022-02-04 23:00,33,11,22,0,0,0
2022-02-04 23:15,58,35,23,0,0,0
2022-02-04 23:30,37,13,24,0,0,0
2022-02-04 23:45,40,24,16,0,0,0
2022-02-05 00:00,43,13,30,0,0,0
2022-02-05 00:15,64,22,42,0,0,0
2022-02-05 00:30,41,16,25,0,0,0
2022-02-05 00:45,30,9,21,0,0,0
2022-02-05 01:00,32,17,15,0,0,0
2022-02-05 01:15,30,5,25,0,0,0
2022-02-05 01:30,28,11,17,0,0,0
2022-02-05 01:45,29,13,16,0,0,0
2022-02-05 02:00,27,13,14,0,0,0
2022-02-05 02:15,16,4,12,0,0,0
2022-02-05 02:30,9,5,4,0,0,0
2022-02-05 02:45,20,4,16,0,0,0
2022-02-05 03:00,15,1,14,0,0,0
2022-02-05 03:15,18,8,10,0,0,0
2022-02-05 03:30,7,3,4,0,0,0
2022-02-05 03:45,3,2,1,0,0,0
2022-02-05 04:00,12,1,11,0,0,0
2022-02-05 04:15,3,2,1,0,0,0
2022-02-05 04:30,1,1,0,0,0,0
2022-02-05 04:45,5,2,3,0,0,0
2022-02-05 05:00,4,0,4,0,0,0
2022-02-05 05:15,6,3,3,0,0,0
2022-02-05 05:30,10,7,3,0,0,0
2022-02-05 05:45,7,2,5,0,0,0
2022-02-05 06:00,11,6,5,0,0,0
2022-02-05 06:15,9,5,4,0,0,0
2022-02-05 06:30,6,2,4,0,0,0
2022-02-05 06:45,10,4,6,0,0,0
2022-02-05 07:00,8,7,1,0,0,0
2022-02-05 07:15,15,13,2,0,0,0
2022-02-05 07:30,24,16,8,0,0,0
2022-02-05 07:45,33,26,7,0,0,0
2022-02-05 08:00,36,29,7,0,0,0
2022-02-05 08:15,51,38,13,0,0,0
2022-02-05 08:30,45,33,12,0,0,0
2022-02-05 08:45,70,52,18,0,0,0
2022-02-05 09:00,60,45,15,0,0,0
2022-02-05 09:15,67,50,17,0,0,0
2022-02-05 09:30,78,54,24,0,0,0
2022-02-05 09:45,120,80,40,0,0,0
2022-02-05 10:00,100,61,39,0,0,0
2022-02-05 10:15,108,66,42,0,0,0
2022-02-05 10:30,101,60,41,0,0,0
2022-02-05 10:45,112,76,36,0,0,0
2022-02-05 11:00,133,89,44,0,0,0
2022-02-05 11:15,118,64,54,0,0,0
2022-02-05 11:30,114,67,47,0,0,0
2022-02-05 11:45,128,63,65,0,0,0
2022-02-05 12:00,99,56,43,0,0,0
2022-02-05 12:15,149,88,61,0,0,0
2022-02-05 12:30,140,69,71,0,0,0
2022-02-05 12:45,131,76,55,0,0,0
2022-02-05 13:00,129,71,58,0,0,0
2022-02-05 13:15,133,66,67,0,0,0
2022-02-05 13:30,112,63,49,0,0,0
2022-02-05 13:45,153,84,69,0,0,0
2022-02-05 14:00,125,58,67,0,0,0
2022-02-05 14:15,125,70,55,0,0,0
2022-02-05 14:30,132,46,86,0,0,0
2022-02-05 14:45,135,49,86,0,0,0
2022-02-05 15:00,107,44,63,0,0,0
2022-02-05 15:15,106,39,67,0,0,0
2022-02-05 15:30,133,63,70,0,0,0
2022-02-05 15:45,139,83,56,0,0,0
2022-02-05 16:00,118,49,69,0,0,0
2022-02-05 16:15,101,48,53,0,0,0
2022-02-05 16:30,106,43,63,0,0,0
2022-02-05 16:45,125,66,59,0,0,0
2022-02-05 17:00,129,61,68,0,0,0
2022-02-05 17:15,107,46,61,0,0,0
2022-02-05 17:30,115,43,72,0,0,0
2022-02-05 17:45,126,60,66,0,0,0
2022-02-05 18:00,108,41,67,0,0,0
2022-02-05 18:15,120,46,74,0,0,0
2022-02-05 18:30,94,43,51,0,0,0
2022-02-05 18:45,134,71,63,0,0,0
2022-02-05 19:00,126,67,59,0,0,0
2022-02-05 19:15,107,57,50,0,0,0
2022-02-05 19:30,73,35,38,0,0,0
2022-02-05 19:45,92,42,50,0,0,0
2022-02-05 20:00,99,46,53,0,0,0
2022-02-05 20:15,78,42,36,0,0,0
2022-02-05 20:30,37,15,22,0,0,0
2022-02-05 20:45,60,28,32,0,0,0
2022-02-05 21:00,51,26,25,0,0,0
2022-02-05 21:15,62,23,39,0,0,0
2022-02-05 21:30,47,14,33,0,0,0
2022-02-05 21:45,46,18,28,0,0,0
2022-02-05 22:00,34,11,23,0,0,0
2022-02-05 22:15,27,13,14,0,0,0
2022-02-05 22:30,40,14,26,0,0,0
2022-02-05 22:45,40,12,28,0,0,0
2022-02-05 23:00,35,6,29,0,0,0
2022-02-05 23:15,47,19,28,0,0,0
2022-02-05 23:30,55,19,36,0,0,0
2022-02-05 23:45,39,10,29,0,0,0
2022-02-06 00:00,26,11,15,0,0,0
2022-02-06 00:15,45,17,28,0,0,0
2022-02-06 00:30,37,7,30,0,0,0
2022-02-06 00:45,50,23,27,0,0,0
2022-02-06 01:00,34,11,23,0,0,0
2022-02-06 01:15,40,6,34,0,0,0
2022-02-06 01:30,38,14,24,0,0,0
2022-02-06 01:45,25,8,17,0,0,0
2022-02-06 02:00,23,6,17,0,0,0
2022-02-06 02:15,12,4,8,0,0,0
2022-02-06 02:30,15,6,9,0,0,0
2022-02-06 02:45,13,7,6,0,0,0
2022-02-06 03:00,20,3,17,0,0,0
2022-02-06 03:15,18,10,8,0,0,0
2022-02-06 03:30,7,1,6,0,0,0
2022-02-06 03:45,8,1,7,0,0,0
2022-02-06 04:00,9,2,7,0,0,0
2022-02-06 04:15,3,0,3,0,0,0
2022-02-06 04:30,9,0,9,0,0,0
2022-02-06 04:45,1,0,1,0,0,0
2022-02-06 05:00,1,0,1,0,0,0
2022-02-06 05:15,5,1,4,0,0,0
2022-02-06 05:30,7,5,2,0,0,0
2022-02-06 05:45,3,2,1,0,0,0
2022-02-06 06:00,8,2,6,0,0,0
2022-02-06 06:15,4,2,2,0,0,0
2022-02-06 06:30,5,0,5,0,0,0
2022-02-06 06:45,3,1,2,0,0,0
2022-02-06 07:00,5,4,1,0,0,0
2022-02-06 07:15,5,5,0,0,0,0
2022-02-06 07:30,7,5,2,0,0,0
2022-02-06 07:45,19,17,2,0,0,0
2022-02-06 08:00,17,12,5,0,0,0
2022-02-06 08:15,24,22,2,0,0,0
2022-02-06 08:30,21,17,4,0,0,0
2022-02-06 08:45,23,18,5,0,0,0
2022-02-06 09:00,28,19,9,0,0,0
2022-02-06 09:15,18,15,3,0,0,0
2022-02-06 09:30,25,15,10,0,0,0
2022-02-06 09:45,54,31,23,0,0,0
2022-02-06 10:00,38,22,16,0,0,0
2022-02-06 10:15,37,27,10,0,0,0
2022-02-06 10:30,28,17,11,0,0,0
2022-02-06 10:45,31,22,9,0,0,0
2022-02-06 11:00,32,19,13,0,0,0
2022-02-06 11:15,29,14,15,0,0,0
2022-02-06 11:30,22,10,12,0,0,0
2022-02-06 11:45,27,14,13,0,0,0
2022-02-06 12:00,29,11,18,0,0,0
2022-02-06 12:15,33,20,13,0,0,0
2022-02-06 12:30,43,20,23,0,0,0
2022-02-06 12:45,48,14,34,0,0,0
2022-02-06 13:00,22,11,11,0,0,0
2022-02-06 13:15,36,17,19,0,0,0
2022-02-06 13:30,28,15,13,0,0,0
2022-02-06 13:45,35,16,19,0,0,0
2022-02-06 14:00,32,10,22,0,0,0
2022-02-06 14:15,38,21,17,0,0,0
2022-02-06 14:30,27,12,15,0,0,0
2022-02-06 14:45,44,21,23,0,0,0
2022-02-06 15:00,37,20,17,0,0,0
2022-02-06 15:15,56,41,15,0,0,0
2022-02-06 15:30,42,23,19,0,0,0
2022-02-06 15:45,53,32,21,0,0,0
2022-02-06 16:00,49,31,18,0,0,0
2022-02-06 16:15,39,18,21,0,0,0
2022-02-06 16:30,46,15,31,0,0,0
2022-02-06 16:45,54,27,27,0,0,0
2022-02-06 17:00,59,29,30,0,0,0
2022-02-06 17:15,59,30,29,0,0,0
2022-02-06 17:30,38,17,21,0,0,0
2022-02-06 17:45,64,33,31,0,0,0
2022-02-06 18:00,55,19,36,0,0,0
2022-02-06 18:15,61,20,41,0,0,0
2022-02-06 18:30,35,12,23,0,0,0
2022-02-06 18:45,34,12,22,0,0,0
2022-02-06 19:00,64,27,37,0,0,0
2022-02-06 19:15,30,12,18,0,0,0
2022-02-06 19:30,46,21,25,0,0,0
2022-02-06 19:45,44,16,28,0,0,0
2022-02-06 20:00,42,15,27,0,0,0
2022-02-06 20:15,27,12,15,0,0,0
2022-02-06 20:30,26,6,20,0,0,0
2022-02-06 20:45,42,15,27,0,0,0
2022-02-06 21:00,22,10,12,0,0,0
2022-02-06 21:15,18,8,10,0,0,0
2022-02-06 21:30,23,8,15,0,0,0
2022-02-06 21:45,36,14,22,0,0,0
2022-02-06 22:00,21,8,13,0,0,0
2022-02-06 22:15,19,12,7,0,0,0
2022-02-06 22:30,27,9,18,0,0,0
2022-02-06 22:45,18,9,9,0,0,0
2022-02-06 23:00,20,5,15,0,0,0
2022-02-06 23:15,9,4,5,0,0,0
2022-02-06 23:30,9,3,6,0,0,0
2022-02-06 23:45,12,7,5,0,0,0
2022-02-07 00:00,12,3,9,0,0,0
2022-02-07 00:15,4,2,2,0,0,0
2022-02-07 00:30,4,1,3,0,0,0
2022-02-07 00:45,3,3,0,0,0,0
2022-02-07 01:00,4,2,2,0,0,0
2022-02-07 01:15,7,1,6,0,0,0
2022-02-07 01:30,2,1,1,0,0,0
2022-02-07 01:45,2,1,1,0,0,0
2022-02-07 02:00,0,0,0,0,0,0
2022-02-07 02:15,2,2,0,0,0,0
2022-02-07 02:30,2,2,0,0,0,0
2022-02-07 02:45,0,0,0,0,0,0
2022-02-07 03:00,5,4,1,0,0,0
2022-02-07 03:15,0,0,0,0,0,0
2022-02-07 03:30,0,0,0,0,0,0
2022-02-07 03:45,1,0,1,0,0,0
2022-02-07 04:00,3,1,2,0,0,0
2022-02-07 04:15,3,1,2,0,0,0
2022-02-07 04:30,5,4,1,0,0,0
2022-02-07 04:45,7,5,2,0,0,0
2022-02-07 05:00,2,0,2,0,0,0
2022-02-07 05:15,12,7,5,0,0,0
2022-02-07 05:30,10,7,3,0,0,0
2022-02-07 05:45,13,10,3,0,0,0
2022-02-07 06:00,26,19,7,0,0,0
2022-02-07 06:15,34,22,12,0,0,0
2022-02-07 06:30,41,29,12,0,0,0
2022-02-07 06:45,60,43,17,0,0,0
2022-02-07 07:00,56,39,17,0,0,0
2022-02-07 07:15,155,117,38,0,0,0
2022-02-07 07:30,237,184,53,0,0,0
2022-02-07 07:45,253,169,84,0,0,0
2022-02-07 08:00,183,114,69,0,0,0
2022-02-07 08:15,170,101,69,0,0,0
2022-02-07 08:30,147,98,49,0,0,0
2022-02-07 08:45,182,119,63,0,0,0
2022-02-07 09:00,140,82,58,0,0,0
2022-02-07 09:15,115,79,36,0,0,0
2022-02-07 09:30,117,64,53,0,0,0
2022-02-07 09:45,142,97,45,0,0,0
2022-02-07 10:00,85,55,30,0,0,0
2022-02-07 10:15,108,65,43,0,0,0
2022-02-07 10:30,97,46,51,0,0,0
2022-02-07 10:45,106,63,43,0,0,0
2022-02-07 11:00,112,60,52,0,0,0
2022-02-07 11:15,110,62,48,0,0,0
2022-02-07 11:30,77,41,36,0,0,0
2022-02-07 11:45,105,54,51,0,0,0
2022-02-07 12:00,126,62,64,0,0,0
2022-02-07 12:15,142,67,75,0,0,0
2022-02-07 12:30,170,75,95,0,0,0
2022-02-07 12:45,145,70,75,0,0,0
2022-02-07 13:00,140,56,84,0,0,0
2022-02-07 13:15,140,66,74,0,0,0
2022-02-07 13:30,119,61,58,0,0,0
2022-02-07 13:45,132,63,69,0,0,0
2022-02-07 14:00,152,65,87,0,0,0
2022-02-07 14:15,132,59,73,0,0,0
2022-02-07 14:30,158,68,90,0,0,0
2022-02-07 14:45,177,65,112,0,0,0
2022-02-07 15:00,134,58,76,0,0,0
2022-02-07 15:15,137,66,71,0,0,0
2022-02-07 15:30,210,76,134,0,0,0
2022-02-07 15:45,183,75,108,0,0,0
2022-02-07 16:00,168,72,96,0,0,0
2022-02-07 16:15,166,71,95,0,0,0
2022-02-07 16:30,207,89,118,0,0,0
2022-02-07 16:45,180,75,105,0,0,0
2022-02-07 17:00,229,112,117,0,0,0
2022-02-07 17:15,237,122,115,0,0,0
2022-02-07 17:30,204,99,105,0,0,0
2022-02-07 17:45,211,102,109,0,0,0
2022-02-07 18:00,200,94,106,0,0,0
2022-02-07 18:15,199,82,117,0,0,0
2022-02-07 18:30,160,56,104,0,0,0
2022-02-07 18:45,177,70,107,0,0,0
2022-02-07 19:00,149,77,72,0,0,0
2022-02-07 19:15,131,59,72,0,0,0
2022-02-07 19:30,129,53,76,0,0,0
2022-02-07 19:45,150,65,85,0,0,0
2022-02-07 20:00,148,60,88,0,0,0
2022-02-07 20:15,105,51,54,0,0,0
2022-02-07 20:30,80,33,47,0,0,0
2022-02-07 20:45,83,42,41,0,0,0
2022-02-07 21:00,57,22,35,0,0,0
2022-02-07 21:15,60,19,41,0,0,0
2022-02-07 21:30,59,26,33,0,0,0
2022-02-07 21:45,50,19,31,0,0,0
2022-02-07 22:00,57,25,32,0,0,0
2022-02-07 22:15,60,21,39,0,0,0
2022-02-07 22:30,40,17,23,0,0,0
2022-02-07 22:45,49,11,38,0,0,0
2022-02-07 23:00,43,14,29,0,0,0
2022-02-07 23:15,45,13,32,0,0,0
2022-02-07 23:30,33,11,22,0,0,0
2022-02-07 23:45,28,10,18,0,0,0
2022-02-08 00:00,11,7,4,0,0,0
2022-02-08 00:15,19,3,16,0,0,0
2022-02-08 00:30,10,3,7,0,0,0
2022-02-08 00:45,12,7,5,0,0,0
2022-02-08 01:00,8,4,4,0,0,0
2022-02-08 01:15,10,1,9,0,0,0
2022-02-08 01:30,10,3,7,0,0,0
2022-02-08 01:45,14,9,5,0,0,0
2022-02-08 02:00,5,3,2,0,0,0
2022-02-08 02:15,1,0,1,0,0,0
2022-02-08 02:30,6,0,6,0,0,0
2022-02-08 02:45,3,1,2,0,0,0
2022-02-08 03:00,4,2,2,0,0,0
2022-02-08 03:15,1,0,1,0,0,0
2022-02-08 03:30,1,1,0,0,0,0
2022-02-08 03:45,2,1,1,0,0,0
2022-02-08 04:00,3,2,1,0,0,0
2022-02-08 04:15,5,0,5,0,0,0
2022-02-08 04:30,6,5,1,0,0,0
2022-02-08 04:45,12,9,3,0,0,0
2022-02-08 05:00,1,1,0,0,0,0
2022-02-08 05:15,12,9,3,0,0,0
2022-02-08 05:30,17,14,3,0,0,0
2022-02-08 05:45,16,12,4,0,0,0
2022-02-08 06:00,22,17,5,0,0,0
2022-02-08 06:15,29,20,9,0,0,0
2022-02-08 06:30,59,45,14,0,0,0
2022-02-08 06:45,62,36,26,0,0,0
2022-02-08 07:00,90,59,31,0,0,0
2022-02-08 07:15,138,106,32,0,0,0
2022-02-08 07:30,265,204,61,0,0,0
2022-02-08 07:45,278,182,96,0,0,0
2022-02-08 08:00,183,115,68,0,0,0
2022-02-08 08:15,175,111,64,0,0,0
2022-02-08 08:30,163,108,55,0,0,0
2022-02-08 08:45,185,128,57,0,0,0
2022-02-08 09:00,152,90,62,0,0,0
2022-02-08 09:15,142,77,65,0,0,0
2022-02-08 09:30,133,79,54,0,0,0
2022-02-08 09:45,131,77,54,0,0,0
2022-02-08 10:00,82,48,34,0,0,0
2022-02-08 10:15,97,52,45,0,0,0
2022-02-08 10:30,89,50,39,0,0,0
2022-02-08 10:45,112,63,49,0,0,0
2022-02-08 11:00,103,52,51,0,0,0
2022-02-08 11:15,110,52,58,0,0,0
2022-02-08 11:30,96,52,44,0,0,0
2022-02-08 11:45,133,84,49,0,0,0
2022-02-08 12:00,131,64,67,0,0,0
2022-02-08 12:15,123,61,62,0,0,0
2022-02-08 12:30,139,63,76,0,0,0
2022-02-08 12:45,168,82,86,0,0,0
2022-02-08 13:00,202,68,134,0,0,0
2022-02-08 13:15,171,63,108,0,0,0
2022-02-08 13:30,159,67,92,0,0,0
2022-02-08 13:45,156,58,98,0,0,0
2022-02-08 14:00,136,66,70,0,0,0
2022-02-08 14:15,120,55,65,0,0,0
2022-02-08 14:30,120,69,51,0,0,0
2022-02-08 14:45,152,73,79,0,0,0
2022-02-08 15:00,133,62,71,0,0,0
2022-02-08 15:15,137,60,77,0,0,0
2022-02-08 15:30,138,67,71,0,0,0
2022-02-08 15:45,196,85,111,0,0,0
2022-02-08 16:00,182,80,102,0,0,0
2022-02-08 16:15,185,69,116,0,0,0
2022-02-08 16:30,200,96,104,0,0,0
2022-02-08 16:45,198,83,115,0,0,0
2022-02-08 17:00,178,76,102,0,0,0
2022-02-08 17:15,208,95,113,0,0,0
2022-02-08 17:30,176,70,106,0,0,0
2022-02-08 17:45,187,87,100,0,0,0
2022-02-08 18:00,196,76,120,0,0,0
2022-02-08 18:15,165,66,99,0,0,0
2022-02-08 18:30,157,66,91,0,0,0
2022-02-08 18:45,157,72,85,0,0,0
2022-02-08 19:00,174,75,99,0,0,0
2022-02-08 19:15,144,45,99,0,0,0
2022-02-08 19:30,101,37,64,0,0,0
2022-02-08 19:45,125,54,71,0,0,0
2022-02-08 20:00,97,41,56,0,0,0
2022-02-08 20:15,77,27,50,0,0,0
2022-02-08 20:30,80,40,40,0,0,0
2022-02-08 20:45,79,32,47,0,0,0
2022-02-08 21:00,75,35,40,0,0,0
2022-02-08 21:15,56,20,36,0,0,0
2022-02-08 21:30,43,9,34,0,0,0
2022-02-08 21:45,62,14,48,0,0,0
2022-02-08 22:00,51,11,40,0,0,0
2022-02-08 22:15,48,13,35,0,0,0
2022-02-08 22:30,54,26,28,0,0,0
2022-02-08 22:45,35,19,16,0,0,0
2022-02-08 23:00,27,10,17,0,0,0
2022-02-08 23:15,33,13,20,0,0,0
2022-02-08 23:30,21,11,10,0,0,0
2022-02-08 23:45,28,8,20,0,0,0
2022-02-09 00:00,25,4,21,0,0,0
2022-02-09 00:15,7,2,5,0,0,0
2022-02-09 00:30,9,2,7,0,0,0
2022-02-09 00:45,14,6,8,0,0,0
2022-02-09 01:00,14,7,7,0,0,0
2022-02-09 01:15,7,3,4,0,0,0
2022-02-09 01:30,16,6,10,0,0,0
2022-02-09 01:45,9,4,5,0,0,0
2022-02-09 02:00,6,3,3,0,0,0
2022-02-09 02:15,5,3,2,0,0,0
2022-02-09 02:30,6,1,5,0,0,0
2022-02-09 02:45,2,0,2,0,0,0
2022-02-09 03:00,2,1,1,0,0,0
2022-02-09 03:15,4,0,4,0,0,0
2022-02-09 03:30,3,2,1,0,0,0
2022-02-09 03:45,2,2,0,0,0,0
2022-02-09 04:00,1,1,0,0,0,0
2022-02-09 04:15,5,1,4,0,0,0
2022-02-09 04:30,4,2,2,0,0,0
2022-02-09 04:45,11,6,5,0,0,0
2022-02-09 05:00,6,0,6,0,0,0
2022-02-09 05:15,12,8,4,0,0,0
2022-02-09 05:30,16,14,2,0,0,0
2022-02-09 05:45,17,8,9,0,0,0
2022-02-09 06:00,24,15,9,0,0,0
2022-02-09 06:15,36,27,9,0,0,0
2022-02-09 06:30,51,28,23,0,0,0
2022-02-09 06:45,57,40,17,0,0,0
2022-02-09 07:00,71,42,29,0,0,0
2022-02-09 07:15,142,102,40,0,0,0
2022-02-09 07:30,218,160,58,0,0,0
2022-02-09 07:45,273,178,95,0,0,0
2022-02-09 08:00,156,88,68,0,0,0
2022-02-09 08:15,171,108,63,0,0,0
2022-02-09 08:30,141,90,51,0,0,0
2022-02-09 08:45,198,112,86,0,0,0
2022-02-09 09:00,127,68,59,0,0,0
2022-02-09 09:15,116,78,38,0,0,0
2022-02-09 09:30,114,59,55,0,0,0
2022-02-09 09:45,115,71,44,0,0,0
2022-02-09 10:00,112,68,44,0,0,0
2022-02-09 10:15,87,55,32,0,0,0
2022-02-09 10:30,98,57,41,0,0,0
2022-02-09 10:45,114,61,53,0,0,0
2022-02-09 11:00,105,59,46,0,0,0
2022-02-09 11:15,90,44,46,0,0,0
2022-02-09 11:30,103,52,51,0,0,0
2022-02-09 11:45,115,62,53,0,0,0
2022-02-09 12:00,119,56,63,0,0,0
2022-02-09 12:15,119,52,67,0,0,0
2022-02-09 12:30,131,68,63,0,0,0
2022-02-09 12:45,173,83,90,0,0,0
2022-02-09 13:00,148,68,80,0,0,0
2022-02-09 13:15,149,61,88,0,0,0
2022-02-09 13:30,138,55,83,0,0,0
2022-02-09 13:45,139,61,78,0,0,0
2022-02-09 14:00,154,64,90,0,0,0
2022-02-09 14:15,136,72,64,0,0,0
2022-02-09 14:30,147,69,78,0,0,0
2022-02-09 14:45,149,69,80,0,0,0
2022-02-09 15:00,172,75,97,0,0,0
2022-02-09 15:15,169,86,83,0,0,0
2022-02-09 15:30,194,72,122,0,0,0
2022-02-09 15:45,179,75,104,0,0,0
2022-02-09 16:00,178,69,109,0,0,0
2022-02-09 16:15,197,81,116,0,0,0
2022-02-09 16:30,186,83,103,0,0,0
2022-02-09 16:45,200,84,116,0,0,0
2022-02-09 17:00,204,101,103,0,0,0
2022-02-09 17:15,220,89,131,0,0,0
2022-02-09 17:30,188,83,105,0,0,0
2022-02-09 17:45,212,90,122,0,0,0
2022-02-09 18:00,206,83,123,0,0,0
2022-02-09 18:15,185,86,99,0,0,0
2022-02-09 18:30,182,77,105,0,0,0
2022-02-09 18:45,169,75,94,0,0,0
2022-02-09 19:00,136,51,85,0,0,0
2022-02-09 19:15,139,62,77,0,0,0
2022-02-09 19:30,138,59,79,0,0,0
2022-02-09 19:45,137,66,71,0,0,0
2022-02-09 20:00,144,51,93,0,0,0
2022-02-09 20:15,104,47,57,0,0,0
2022-02-09 20:30,78,38,40,0,0,0
2022-02-09 20:45,69,29,40,0,0,0
2022-02-09 21:00,63,30,33,0,0,0
2022-02-09 21:15,69,26,43,0,0,0
2022-02-09 21:30,60,19,41,0,0,0
2022-02-09 21:45,66,20,46,0,0,0
2022-02-09 22:00,51,25,26,0,0,0
2022-02-09 22:15,71,39,32,0,0,0
2022-02-09 22:30,67,16,51,0,0,0
2022-02-09 22:45,49,12,37,0,0,0
2022-02-09 23:00,62,19,43,0,0,0
2022-02-09 23:15,44,9,35,0,0,0
2022-02-09 23:30,31,9,22,0,0,0
2022-02-09 23:45,29,11,18,0,0,0
2022-02-10 00:00,30,6,24,0,0,0
2022-02-10 00:15,35,14,21,0,0,0
2022-02-10 00:30,20,8,12,0,0,0
2022-02-10 00:45,26,7,19,0,0,0
2022-02-10 01:00,17,6,11,0,0,0
2022-02-10 01:15,10,4,6,0,0,0
2022-02-10 01:30,20,4,16,0,0,0
2022-02-10 01:45,15,4,11,0,0,0
2022-02-10 02:00,14,3,11,0,0,0
2022-02-10 02:15,13,3,10,0,0,0
2022-02-10 02:30,8,0,8,0,0,0
2022-02-10 02:45,5,3,2,0,0,0
2022-02-10 03:00,8,2,6,0,0,0
2022-02-10 03:15,8,1,7,0,0,0
2022-02-10 03:30,10,5,5,0,0,0
2022-02-10 03:45,10,2,8,0,0,0
2022-02-10 04:00,3,2,1,0,0,0
2022-02-10 04:15,6,1,5,0,0,0
2022-02-10 04:30,3,2,1,0,0,0
2022-02-10 04:45,13,9,4,0,0,0
2022-02-10 05:00,7,1,6,0,0,0
2022-02-10 05:15,10,5,5,0,0,0
2022-02-10 05:30,20,13,7,0,0,0
2022-02-10 05:45,23,13,10,0,0,0
2022-02-10 06:00,22,12,10,0,0,0
2022-02-10 06:15,28,18,10,0,0,0
2022-02-10 06:30,51,33,18,0,0,0
2022-02-10 06:45,60,37,23,0,0,0
2022-02-10 07:00,77,39,38,0,0,0
2022-02-10 07:15,136,101,35,0,0,0
2022-02-10 07:30,228,164,64,0,0,0
2022-02-10 07:45,228,145,83,0,0,0
2022-02-10 08:00,152,89,63,0,0,0
2022-02-10 08:15,165,91,74,0,0,0
2022-02-10 08:30,166,92,74,0,0,0
2022-02-10 08:45,175,106,69,0,0,0
2022-02-10 09:00,117,71,46,0,0,0
2022-02-10 09:15,117,75,42,0,0,0
2022-02-10 09:30,98,63,35,0,0,0
2022-02-10 09:45,113,77,36,0,0,0
2022-02-10 10:00,83,49,34,0,0,0
2022-02-10 10:15,86,39,47,0,0,0
2022-02-10 10:30,78,44,34,0,0,0
2022-02-10 10:45,95,57,38,0,0,0
2022-02-10 11:00,70,28,42,0,0,0
2022-02-10 11:15,85,40,45,0,0,0
2022-02-10 11:30,92,45,47,0,0,0
2022-02-10 11:45,74,42,32,0,0,0
2022-02-10 12:00,97,37,60,0,0,0
2022-02-10 12:15,106,69,37,0,0,0
2022-02-10 12:30,117,53,64,0,0,0
2022-02-10 12:45,112,54,58,0,0,0
2022-02-10 13:00,119,47,72,0,0,0
2022-02-10 13:15,141,66,75,0,0,0
2022-02-10 13:30,129,55,74,0,0,0
2022-02-10 13:45,147,77,70,0,0,0
2022-02-10 14:00,124,52,72,0,0,0
2022-02-10 14:15,155,70,85,0,0,0
2022-02-10 14:30,145,71,74,0,0,0
2022-02-10 14:45,146,63,83,0,0,0
2022-02-10 15:00,144,70,74,0,0,0
2022-02-10 15:15,168,80,88,0,0,0
2022-02-10 15:30,207,82,125,0,0,0
2022-02-10 15:45,151,82,69,0,0,0
2022-02-10 16:00,177,76,101,0,0,0
2022-02-10 16:15,162,74,88,0,0,0
2022-02-10 16:30,179,54,125,0,0,0
2022-02-10 16:45,191,80,111,0,0,0
2022-02-10 17:00,197,84,113,0,0,0
2022-02-10 17:15,200,88,112,0,0,0
2022-02-10 17:30,184,85,99,0,0,0
2022-02-10 17:45,173,77,96,0,0,0
2022-02-10 18:00,162,56,106,0,0,0
2022-02-10 18:15,165,68,97,0,0,0
2022-02-10 18:30,143,47,96,0,0,0
2022-02-10 18:45,182,77,105,0,0,0
2022-02-10 19:00,151,72,79,0,0,0
2022-02-10 19:15,112,44,68,0,0,0
2022-02-10 19:30,125,43,82,0,0,0
2022-02-10 19:45,104,44,60,0,0,0
2022-02-10 20:00,115,53,62,0,0,0
2022-02-10 20:15,70,37,33,0,0,0
2022-02-10 20:30,62,19,43,0,0,0
2022-02-10 20:45,79,33,46,0,0,0
2022-02-10 21:00,43,16,27,0,0,0
2022-02-10 21:15,49,16,33,0,0,0
2022-02-10 21:30,45,14,31,0,0,0
2022-02-10 21:45,49,14,35,0,0,0
2022-02-10 22:00,53,21,32,0,0,0
2022-02-10 22:15,39,12,27,0,0,0
2022-02-10 22:30,50,17,33,0,0,0
2022-02-10 22:45,39,9,30,0,0,0
2022-02-10 23:00,35,12,23,0,0,0
2022-02-10 23:15,54,25,29,0,0,0
2022-02-10 23:30,39,13,26,0,0,0
2022-02-10 23:45,38,18,20,0,0,0
2022-02-11 00:00,32,6,26,0,0,0
2022-02-11 00:15,22,7,15,0,0,0
2022-02-11 00:30,13,7,6,0,0,0
2022-02-11 00:45,19,6,13,0,0,0
2022-02-11 01:00,22,7,15,0,0,0
2022-02-11 01:15,17,5,12,0,0,0
2022-02-11 01:30,10,2,8,0,0,0
2022-02-11 01:45,7,1,6,0,0,0
2022-02-11 02:00,8,3,5,0,0,0
2022-02-11 02:15,12,4,8,0,0,0
2022-02-11 02:30,8,5,3,0,0,0
2022-02-11 02:45,7,0,7,0,0,0
2022-02-11 03:00,10,4,6,0,0,0
2022-02-11 03:15,4,2,2,0,0,0
2022-02-11 03:30,7,1,6,0,0,0
2022-02-11 03:45,5,0,5,0,0,0
2022-02-11 04:00,2,1,1,0,0,0
2022-02-11 04:15,8,2,6,0,0,0
2022-02-11 04:30,4,2,2,0,0,0
2022-02-11 04:45,14,9,5,0,0,0
2022-02-11 05:00,4,1,3,0,0,0
2022-02-11 05:15,18,9,9,0,0,0
2022-02-11 05:30,13,12,1,0,0,0
2022-02-11 05:45,25,15,10,0,0,0
2022-02-11 06:00,22,12,10,0,0,0
2022-02-11 06:15,38,21,17,0,0,0
2022-02-11 06:30,42,20,22,0,0,0
2022-02-11 06:45,41,32,9,0,0,0
2022-02-11 07:00,74,48,26,0,0,0
2022-02-11 07:15,126,96,30,0,0,0
2022-02-11 07:30,221,170,51,0,0,0
2022-02-11 07:45,215,137,78,0,0,0
2022-02-11 08:00,156,94,62,0,0,0
2022-02-11 08:15,142,98,44,0,0,0
2022-02-11 08:30,164,108,56,0,0,0
2022-02-11 08:45,202,136,66,0,0,0
2022-02-11 09:00,117,77,40,0,0,0
2022-02-11 09:15,118,76,42,0,0,0
2022-02-11 09:30,116,57,59,0,0,0
2022-02-11 09:45,123,80,43,0,0,0
2022-02-11 10:00,110,71,39,0,0,0
2022-02-11 10:15,86,44,42,0,0,0
2022-02-11 10:30,117,70,47,0,0,0
2022-02-11 10:45,106,70,36,0,0,0
2022-02-11 11:00,93,57,36,0,0,0
2022-02-11 11:15,111,54,57,0,0,0
2022-02-11 11:30,98,54,44,0,0,0
2022-02-11 11:45,102,64,38,0,0,0
2022-02-11 12:00,114,52,62,0,0,0
2022-02-11 12:15,108,49,59,0,0,0
2022-02-11 12:30,161,78,83,0,0,0
2022-02-11 12:45,147,71,76,0,0,0
2022-02-11 13:00,177,69,108,0,0,0
2022-02-11 13:15,177,57,120,0,0,0
2022-02-11 13:30,125,57,68,0,0,0
2022-02-11 13:45,142,54,88,0,0,0
2022-02-11 14:00,158,65,93,0,0,0
2022-02-11 14:15,148,74,74,0,0,0
2022-02-11 14:30,143,74,69,0,0,0
2022-02-11 14:45,159,68,91,0,0,0
2022-02-11 15:00,119,67,52,0,0,0
2022-02-11 15:15,137,70,67,0,0,0
2022-02-11 15:30,163,65,98,0,0,0
2022-02-11 15:45,151,65,86,0,0,0
2022-02-11 16:00,126,66,60,0,0,0
2022-02-11 16:15,157,68,89,0,0,0
2022-02-11 16:30,156,68,88,0,0,0
2022-02-11 16:45,120,54,66,0,0,0
2022-02-11 17:00,179,95,84,0,0,0
2022-02-11 17:15,159,84,75,0,0,0
2022-02-11 17:30,164,81,83,0,0,0
2022-02-11 17:45,163,79,84,0,0,0
2022-02-11 18:00,180,76,104,0,0,0
2022-02-11 18:15,154,82,72,0,0,0
2022-02-11 18:30,127,61,66,0,0,0
2022-02-11 18:45,190,89,101,0,0,0
2022-02-11 19:00,176,87,89,0,0,0
2022-02-11 19:15,131,62,69,0,0,0
2022-02-11 19:30,129,57,72,0,0,0
2022-02-11 19:45,105,69,36,0,0,0
2022-02-11 20:00,109,61,48,0,0,0
2022-02-11 20:15,117,54,63,0,0,0
2022-02-11 20:30,89,36,53,0,0,0
2022-02-11 20:45,79,41,38,0,0,0
2022-02-11 21:00,90,39,51,0,0,0
2022-02-11 21:15,55,22,33,0,0,0
2022-02-11 21:30,59,17,42,0,0,0
2022-02-11 21:45,68,28,40,0,0,0
2022-02-11 22:00,56,22,34,0,0,0
2022-02-11 22:15,57,27,30,0,0,0
2022-02-11 22:30,62,26,36,0,0,0
2022-02-11 22:45,47,13,34,0,0,0
2022-02-11 23:00,39,14,25,0,0,0
2022-02-11 23:15,41,20,21,0,0,0
2022-02-11 23:30,55,13,42,0,0,0
2022-02-11 23:45,52,18,34,0,0,0
2022-02-12 00:00,45,11,34,0,0,0
2022-02-12 00:15,60,13,47,0,0,0
2022-02-12 00:30,41,17,24,0,0,0
2022-02-12 00:45,45,9,36,0,0,0
2022-02-12 01:00,46,20,26,0,0,0
2022-02-12 01:15,34,12,22,0,0,0
2022-02-12 01:30,39,9,30,0,0,0
2022-02-12 01:45,24,16,8,0,0,0
2022-02-12 02:00,27,6,21,0,0,0
2022-02-12 02:15,23,16,7,0,0,0
2022-02-12 02:30,24,14,10,0,0,0
2022-02-12 02:45,23,15,8,0,0,0
2022-02-12 03:00,24,8,16,0,0,0
2022-02-12 03:15,19,7,12,0,0,0
2022-02-12 03:30,23,11,12,0,0,0
2022-02-12 03:45,18,4,14,0,0,0
2022-02-12 04:00,15,3,12,0,0,0
2022-02-12 04:15,10,3,7,0,0,0
2022-02-12 04:30,14,6,8,0,0,0
2022-02-12 04:45,11,2,9,0,0,0
2022-02-12 05:00,8,1,7,0,0,0
2022-02-12 05:15,11,7,4,0,0,0
2022-02-12 05:30,13,5,8,0,0,0
2022-02-12 05:45,12,3,9,0,0,0
2022-02-12 06:00,9,3,6,0,0,0
2022-02-12 06:15,6,4,2,0,0,0
2022-02-12 06:30,8,3,5,0,0,0
2022-02-12 06:45,10,8,2,0,0,0
2022-02-12 07:00,11,5,6,0,0,0
2022-02-12 07:15,17,13,4,0,0,0
2022-02-12 07:30,24,17,7,0,0,0
2022-02-12 07:45,40,27,13,0,0,0
2022-02-12 08:00,26,21,5,0,0,0
2022-02-12 08:15,41,25,16,0,0,0
2022-02-12 08:30,45,31,14,0,0,0
2022-02-12 08:45,48,33,15,0,0,0
2022-02-12 09:00,53,37,16,0,0,0
2022-02-12 09:15,62,52,10,0,0,0
2022-02-12 09:30,61,43,18,0,0,0
2022-02-12 09:45,124,89,35,0,0,0
2022-02-12 10:00,88,61,27,0,0,0
2022-02-12 10:15,85,51,34,0,0,0
2022-02-12 10:30,79,46,33,0,0,0
2022-02-12 10:45,94,70,24,0,0,0
2022-02-12 11:00,118,83,35,0,0,0
2022-02-12 11:15,131,71,60,0,0,0
2022-02-12 11:30,128,80,48,0,0,0
2022-02-12 11:45,162,112,50,0,0,0
2022-02-12 12:00,156,102,54,0,0,0
2022-02-12 12:15,137,80,57,0,0,0
2022-02-12 12:30,123,77,46,0,0,0
2022-02-12 12:45,143,86,57,0,0,0
2022-02-12 13:00,169,101,68,0,0,0
2022-02-12 13:15,186,110,76,0,0,0
2022-02-12 13:30,142,70,72,0,0,0
2022-02-12 13:45,164,86,78,0,0,0
2022-02-12 14:00,165,93,72,0,0,0
2022-02-12 14:15,144,73,71,0,0,0
2022-02-12 14:30,159,98,61,0,0,0
2022-02-12 14:45,160,78,82,0,0,0
2022-02-12 15:00,172,74,98,0,0,0
2022-02-12 15:15,151,82,69,0,0,0
2022-02-12 15:30,128,59,69,0,0,0
2022-02-12 15:45,146,71,75,0,0,0
2022-02-12 16:00,138,55,83,0,0,0
2022-02-12 16:15,126,52,74,0,0,0
2022-02-12 16:30,125,60,65,0,0,0
2022-02-12 16:45,121,46,75,0,0,0
2022-02-12 17:00,131,59,72,0,0,0
2022-02-12 17:15,109,52,57,0,0,0
2022-02-12 17:30,136,50,86,0,0,0
2022-02-12 17:45,145,61,84,0,0,0
2022-02-12 18:00,145,66,79,0,0,0
2022-02-12 18:15,146,55,91,0,0,0
2022-02-12 18:30,95,28,67,0,0,0
2022-02-12 18:45,130,63,67,0,0,0
2022-02-12 19:00,101,48,53,0,0,0
2022-02-12 19:15,107,47,60,0,0,0
2022-02-12 19:30,90,51,39,0,0,0
2022-02-12 19:45,97,54,43,0,0,0
2022-02-12 20:00,120,54,66,0,0,0
2022-02-12 20:15,71,36,35,0,0,0
2022-02-12 20:30,69,31,38,0,0,0
2022-02-12 20:45,62,28,34,0,0,0
2022-02-12 21:00,84,34,50,0,0,0
2022-02-12 21:15,41,21,20,0,0,0
2022-02-12 21:30,38,12,26,0,0,0
2022-02-12 21:45,37,10,27,0,0,0
2022-02-12 22:00,46,14,32,0,0,0
2022-02-12 22:15,51,17,34,0,0,0
2022-02-12 22:30,47,15,32,0,0,0
2022-02-12 22:45,51,23,28,0,0,0
2022-02-12 23:00,41,8,33,0,0,0
2022-02-12 23:15,38,18,20,0,0,0
2022-02-12 23:30,39,13,26,0,0,0
2022-02-12 23:45,40,8,32,0,0,0
2022-02-13 00:00,38,12,26,0,0,0
2022-02-13 00:15,36,5,31,0,0,0
2022-02-13 00:30,44,13,31,0,0,0
2022-02-13 00:45,27,7,20,0,0,0
2022-02-13 01:00,33,10,23,0,0,0
2022-02-13 01:15,46,13,33,0,0,0
2022-02-13 01:30,46,10,36,0,0,0
2022-02-13 01:45,34,7,27,0,0,0
2022-02-13 02:00,27,10,17,0,0,0
2022-02-13 02:15,32,11,21,0,0,0
2022-02-13 02:30,23,10,13,0,0,0
2022-02-13 02:45,23,7,16,0,0,0
2022-02-13 03:00,27,13,14,0,0,0
2022-02-13 03:15,20,6,14,0,0,0
2022-02-13 03:30,20,9,11,0,0,0
2022-02-13 03:45,11,2,9,0,0,0
2022-02-13 04:00,11,1,10,0,0,0
2022-02-13 04:15,15,2,13,0,0,0
2022-02-13 04:30,8,1,7,0,0,0
2022-02-13 04:45,9,1,8,0,0,0
2022-02-13 05:00,5,1,4,0,0,0
2022-02-13 05:15,1,1,0,0,0,0
2022-02-13 05:30,6,3,3,0,0,0
2022-02-13 05:45,7,1,6,0,0,0
2022-02-13 06:00,4,1,3,0,0,0
2022-02-13 06:15,6,0,6,0,0,0
2022-02-13 06:30,4,2,2,0,0,0
2022-02-13 06:45,6,3,3,0,0,0
2022-02-13 07:00,6,4,2,0,0,0
2022-02-13 07:15,8,3,5,0,0,0
2022-02-13 07:30,6,5,1,0,0,0
2022-02-13 07:45,14,9,5,0,0,0
2022-02-13 08:00,9,5,4,0,0,0
2022-02-13 08:15,22,16,6,0,0,0
2022-02-13 08:30,31,22,9,0,0,0
2022-02-13 08:45,25,18,7,0,0,0
2022-02-13 09:00,28,23,5,0,0,0
2022-02-13 09:15,21,17,4,0,0,0
2022-02-13 09:30,43,31,12,0,0,0
2022-02-13 09:45,75,59,16,0,0,0
2022-02-13 10:00,33,26,7,0,0,0
2022-02-13 10:15,41,26,15,0,0,0
2022-02-13 10:30,51,30,21,0,0,0
2022-02-13 10:45,49,34,15,0,0,0
2022-02-13 11:00,65,34,31,0,0,0
2022-02-13 11:15,67,34,33,0,0,0
2022-02-13 11:30,61,37,24,0,0,0
2022-02-13 11:45,59,37,22,0,0,0
2022-02-13 12:00,79,39,40,0,0,0
2022-02-13 12:15,72,35,37,0,0,0
2022-02-13 12:30,93,46,47,0,0,0
2022-02-13 12:45,98,59,39,0,0,0
2022-02-13 13:00,93,54,39,0,0,0
2022-02-13 13:15,106,59,47,0,0,0
2022-02-13 13:30,98,48,50,0,0,0
2022-02-13 13:45,111,66,45,0,0,0
2022-02-13 14:00,107,40,67,0,0,0
2022-02-13 14:15,118,64,54,0,0,0
2022-02-13 14:30,106,58,48,0,0,0
2022-02-13 14:45,109,61,48,0,0,0
2022-02-13 15:00,120,59,61,0,0,0
2022-02-13 15:15,135,83,52,0,0,0
2022-02-13 15:30,97,56,41,0,0,0
2022-02-13 15:45,117,59,58,0,0,0
2022-02-13 16:00,110,57,53,0,0,0
2022-02-13 16:15,99,54,45,0,0,0
2022-02-13 16:30,92,44,48,0,0,0
2022-02-13 16:45,110,57,53,0,0,0
2022-02-13 17:00,97,43,54,0,0,0
2022-02-13 17:15,102,48,54,0,0,0
2022-02-13 17:30,94,35,59,0,0,0
2022-02-13 17:45,130,57,73,0,0,0
2022-02-13 18:00,76,32,44,0,0,0
2022-02-13 18:15,88,43,45,0,0,0
2022-02-13 18:30,81,28,53,0,0,0
2022-02-13 18:45,77,32,45,0,0,0
2022-02-13 19:00,64,28,36,0,0,0
2022-02-13 19:15,82,27,55,0,0,0
2022-02-13 19:30,48,18,30,0,0,0
2022-02-13 19:45,57,26,31,0,0,0
2022-02-13 20:00,66,27,39,0,0,0
2022-02-13 20:15,69,33,36,0,0,0
2022-02-13 20:30,68,23,45,0,0,0
2022-02-13 20:45,45,15,30,0,0,0
2022-02-13 21:00,71,16,55,0,0,0
2022-02-13 21:15,54,16,38,0,0,0
2022-02-13 21:30,45,16,29,0,0,0
2022-02-13 21:45,60,16,44,0,0,0
2022-02-13 22:00,37,10,27,0,0,0
2022-02-13 22:15,37,13,24,0,0,0
2022-02-13 22:30,41,11,30,0,0,0
2022-02-13 22:45,28,10,18,0,0,0
2022-02-13 23:00,36,13,23,0,0,0
2022-02-13 23:15,23,6,17,0,0,0
2022-02-13 23:30,21,4,17,0,0,0
2022-02-13 23:45,12,4,8,0,0,0
2022-02-14 00:00,14,3,11,0,0,0
2022-02-14 00:15,13,4,9,0,0,0
2022-02-14 00:30,3,2,1,0,0,0
2022-02-14 00:45,2,1,1,0,0,0
2022-02-14 01:00,11,7,4,0,0,0
2022-02-14 01:15,3,2,1,0,0,0
2022-02-14 01:30,6,2,4,0,0,0
2022-02-14 01:45,3,0,3,0,0,0
2022-02-14 02:00,4,0,4,0,0,0
2022-02-14 02:15,3,3,0,0,0,0
2022-02-14 02:30,10,4,6,0,0,0
2022-02-14 02:45,2,0,2,0,0,0
2022-02-14 03:00,2,0,2,0,0,0
2022-02-14 03:15,3,1,2,0,0,0
2022-02-14 03:30,4,2,2,0,0,0
2022-02-14 03:45,1,0,1,0,0,0
2022-02-14 04:00,15,10,5,0,0,0
2022-02-14 04:15,37,18,19,0,0,0
2022-02-14 04:30,30,16,14,0,0,0
2022-02-14 04:45,16,10,6,0,0,0
2022-02-14 05:00,7,5,2,0,0,0
2022-02-14 05:15,13,7,6,0,0,0
2022-02-14 05:30,16,10,6,0,0,0
2022-02-14 05:45,24,15,9,0,0,0
2022-02-14 06:00,24,17,7,0,0,0
2022-02-14 06:15,43,22,21,0,0,0
2022-02-14 06:30,58,33,25,0,0,0
2022-02-14 06:45,66,43,23,0,0,0
2022-02-14 07:00,76,49,27,0,0,0
2022-02-14 07:15,144,104,40,0,0,0
2022-02-14 07:30,249,185,64,0,0,0
2022-02-14 07:45,262,178,84,0,0,0
2022-02-14 08:00,161,91,70,0,0,0
2022-02-14 08:15,178,118,60,0,0,0
2022-02-14 08:30,150,102,48,0,0,0
2022-02-14 08:45,182,108,74,0,0,0
2022-02-14 09:00,127,75,52,0,0,0
2022-02-14 09:15,90,56,34,0,0,0
2022-02-14 09:30,115,60,55,0,0,0
2022-02-14 09:45,136,89,47,0,0,0
2022-02-14 10:00,88,51,37,0,0,0
2022-02-14 10:15,100,59,41,0,0,0
2022-02-14 10:30,86,52,34,0,0,0
2022-02-14 10:45,102,63,39,0,0,0
2022-02-14 11:00,87,40,47,0,0,0
2022-02-14 11:15,110,58,52,0,0,0
2022-02-14 11:30,91,49,42,0,0,0
2022-02-14 11:45,116,70,46,0,0,0
2022-02-14 12:00,104,59,45,0,0,0
2022-02-14 12:15,123,71,52,0,0,0
2022-02-14 12:30,133,59,74,0,0,0
2022-02-14 12:45,128,65,63,0,0,0
2022-02-14 13:00,111,61,50,0,0,0
2022-02-14 13:15,148,62,86,0,0,0
2022-02-14 13:30,126,64,62,0,0,0
2022-02-14 13:45,153,83,70,0,0,0
2022-02-14 14:00,155,60,95,0,0,0
2022-02-14 14:15,155,84,71,0,0,0
2022-02-14 14:30,164,83,81,0,0,0
2022-02-14 14:45,161,76,85,0,0,0
2022-02-14 15:00,173,79,94,0,0,0
2022-02-14 15:15,161,78,83,0,0,0
2022-02-14 15:30,192,72,120,0,0,0
2022-02-14 15:45,192,82,110,0,0,0
2022-02-14 16:00,161,77,84,0,0,0
2022-02-14 16:15,187,85,102,0,0,0
2022-02-14 16:30,167,79,88,0,0,0
2022-02-14 16:45,210,98,112,0,0,0
2022-02-14 17:00,207,98,109,0,0,0
2022-02-14 17:15,253,124,129,0,0,0
2022-02-14 17:30,212,90,122,0,0,0
2022-02-14 17:45,217,98,119,0,0,0
2022-02-14 18:00,192,94,98,0,0,0
2022-02-14 18:15,192,93,99,0,0,0
2022-02-14 18:30,166,71,95,0,0,0
2022-02-14 18:45,175,79,96,0,0,0
2022-02-14 19:00,161,72,89,0,0,0
2022-02-14 19:15,153,76,77,0,0,0
2022-02-14 19:30,121,50,71,0,0,0
2022-02-14 19:45,140,69,71,0,0,0
2022-02-14 20:00,116,42,74,0,0,0
2022-02-14 20:15,114,52,62,0,0,0
2022-02-14 20:30,66,27,39,0,0,0
2022-02-14 20:45,70,37,33,0,0,0
2022-02-14 21:00,67,28,39,0,0,0
2022-02-14 21:15,49,16,33,0,0,0
2022-02-14 21:30,55,19,36,0,0,0
2022-02-14 21:45,71,29,42,0,0,0
2022-02-14 22:00,55,16,39,0,0,0
2022-02-14 22:15,52,18,34,0,0,0
2022-02-14 22:30,44,17,27,0,0,0
2022-02-14 22:45,45,13,32,0,0,0
2022-02-14 23:00,46,13,33,0,0,0
2022-02-14 23:15,33,12,21,0,0,0
2022-02-14 23:30,36,10,26,0,0,0
2022-02-14 23:45,19,4,15,0,0,0
2022-02-15 00:00,23,8,15,0,0,0
2022-02-15 00:15,25,4,21,0,0,0
2022-02-15 00:30,8,3,5,0,0,0
2022-02-15 00:45,14,2,12,0,0,0
2022-02-15 01:00,10,2,8,0,0,0
2022-02-15 01:15,9,2,7,0,0,0
2022-02-15 01:30,7,1,6,0,0,0
2022-02-15 01:45,4,0,4,0,0,0
2022-02-15 02:00,4,1,3,0,0,0
2022-02-15 02:15,3,2,1,0,0,0
2022-02-15 02:30,4,1,3,0,0,0
2022-02-15 02:45,1,1,0,0,0,0
2022-02-15 03:00,5,3,2,0,0,0
2022-02-15 03:15,1,0,1,0,0,0
2022-02-15 03:30,4,2,2,0,0,0
2022-02-15 03:45,1,0,1,0,0,0
2022-02-15 04:00,4,0,4,0,0,0
2022-02-15 04:15,3,2,1,0,0,0
2022-02-15 04:30,3,2,1,0,0,0
2022-02-15 04:45,10,8,2,0,0,0
2022-02-15 05:00,1,0,1,0,0,0
2022-02-15 05:15,9,4,5,0,0,0
2022-02-15 05:30,25,18,7,0,0,0
2022-02-15 05:45,18,12,6,0,0,0
2022-02-15 06:00,28,21,7,0,0,0
2022-02-15 06:15,47,30,17,0,0,0
2022-02-15 06:30,53,38,15,0,0,0
2022-02-15 06:45,63,42,21,0,0,0
2022-02-15 07:00,80,53,27,0,0,0
2022-02-15 07:15,150,112,38,0,0,0
2022-02-15 07:30,314,230,84,0,0,0
2022-02-15 07:45,250,152,98,0,0,0
2022-02-15 08:00,169,109,60,0,0,0
2022-02-15 08:15,170,110,60,0,0,0
2022-02-15 08:30,165,108,57,0,0,0
2022-02-15 08:45,202,140,62,0,0,0
2022-02-15 09:00,129,86,43,0,0,0
2022-02-15 09:15,125,85,40,0,0,0
2022-02-15 09:30,119,76,43,0,0,0
2022-02-15 09:45,149,94,55,0,0,0
2022-02-15 10:00,102,55,47,0,0,0
2022-02-15 10:15,96,61,35,0,0,0
2022-02-15 10:30,80,41,39,0,0,0
2022-02-15 10:45,115,61,54,0,0,0
2022-02-15 11:00,103,53,50,0,0,0
2022-02-15 11:15,89,42,47,0,0,0
2022-02-15 11:30,98,53,45,0,0,0
2022-02-15 11:45,99,50,49,0,0,0
2022-02-15 12:00,130,55,75,0,0,0
2022-02-15 12:15,128,69,59,0,0,0
2022-02-15 12:30,150,66,84,0,0,0
2022-02-15 12:45,149,80,69,0,0,0
2022-02-15 13:00,170,60,110,0,0,0
2022-02-15 13:15,171,63,108,0,0,0
2022-02-15 13:30,142,59,83,0,0,0
2022-02-15 13:45,172,86,86,0,0,0
2022-02-15 14:00,151,72,79,0,0,0
2022-02-15 14:15,143,59,84,0,0,0
2022-02-15 14:30,153,66,87,0,0,0
2022-02-15 14:45,165,81,84,0,0,0
2022-02-15 15:00,161,65,96,0,0,0
2022-02-15 15:15,135,66,69,0,0,0
2022-02-15 15:30,171,86,85,0,0,0
2022-02-15 15:45,194,105,89,0,0,0
2022-02-15 16:00,197,102,95,0,0,0
2022-02-15 16:15,211,106,105,0,0,0
2022-02-15 16:30,206,103,103,0,0,0
2022-02-15 16:45,211,97,114,0,0,0
2022-02-15 17:00,219,100,119,0,0,0
2022-02-15 17:15,228,112,116,0,0,0
2022-02-15 17:30,176,77,99,0,0,0
2022-02-15 17:45,223,101,122,0,0,0
2022-02-15 18:00,189,84,105,0,0,0
2022-02-15 18:15,191,86,105,0,0,0
2022-02-15 18:30,170,63,107,0,0,0
2022-02-15 18:45,167,70,97,0,0,0
2022-02-15 19:00,167,80,87,0,0,0
2022-02-15 19:15,161,71,90,0,0,0
2022-02-15 19:30,126,65,61,0,0,0
2022-02-15 19:45,118,64,54,0,0,0
2022-02-15 20:00,90,39,51,0,0,0
2022-02-15 20:15,84,44,40,0,0,0
2022-02-15 20:30,74,25,49,0,0,0
2022-02-15 20:45,57,19,38,0,0,0
2022-02-15 21:00,51,27,24,0,0,0
2022-02-15 21:15,57,19,38,0,0,0
2022-02-15 21:30,53,15,38,0,0,0
2022-02-15 21:45,63,12,51,0,0,0
2022-02-15 22:00,46,16,30,0,0,0
2022-02-15 22:15,46,16,30,0,0,0
2022-02-15 22:30,38,20,18,0,0,0
2022-02-15 22:45,37,12,25,0,0,0
2022-02-15 23:00,41,17,24,0,0,0
2022-02-15 23:15,48,7,41,0,0,0
2022-02-15 23:30,22,7,15,0,0,0
2022-02-15 23:45,20,8,12,0,0,0
2022-02-16 00:00,18,5,13,0,0,0
2022-02-16 00:15,15,2,13,0,0,0
2022-02-16 00:30,7,1,6,0,0,0
2022-02-16 00:45,9,6,3,0,0,0
2022-02-16 01:00,13,2,11,0,0,0
2022-02-16 01:15,4,1,3,0,0,0
2022-02-16 01:30,6,1,5,0,0,0
2022-02-16 01:45,5,2,3,0,0,0
2022-02-16 02:00,4,3,1,0,0,0
2022-02-16 02:15,3,2,1,0,0,0
2022-02-16 02:30,2,2,0,0,0,0
2022-02-16 02:45,1,1,0,0,0,0
2022-02-16 03:00,2,1,1,0,0,0
2022-02-16 03:15,0,0,0,0,0,0
2022-02-16 03:30,2,2,0,0,0,0
2022-02-16 03:45,3,0,3,0,0,0
2022-02-16 04:00,3,1,2,0,0,0
2022-02-16 04:15,2,0,2,0,0,0
2022-02-16 04:30,4,2,2,0,0,0
2022-02-16 04:45,10,8,2,0,0,0
2022-02-16 05:00,5,1,4,0,0,0
2022-02-16 05:15,9,5,4,0,0,0
2022-02-16 05:30,13,8,5,0,0,0
2022-02-16 05:45,12,7,5,0,0,0
2022-02-16 06:00,23,16,7,0,0,0
2022-02-16 06:15,18,13,5,0,0,0
2022-02-16 06:30,42,29,13,0,0,0
2022-02-16 06:45,46,29,17,0,0,0
2022-02-16 07:00,61,33,28,0,0,0
2022-02-16 07:15,98,67,31,0,0,0
2022-02-16 07:30,187,138,49,0,0,0
2022-02-16 07:45,199,117,82,0,0,0
2022-02-16 08:00,121,77,44,0,0,0
2022-02-16 08:15,103,64,39,0,0,0
2022-02-16 08:30,118,78,40,0,0,0
2022-02-16 08:45,139,74,65,0,0,0
2022-02-16 09:00,96,64,32,0,0,0
2022-02-16 09:15,96,51,45,0,0,0
2022-02-16 09:30,92,48,44,0,0,0
2022-02-16 09:45,95,58,37,0,0,0
2022-02-16 10:00,72,39,33,0,0,0
2022-02-16 10:15,62,30,32,0,0,0
2022-02-16 10:30,59,33,26,0,0,0
2022-02-16 10:45,69,45,24,0,0,0
2022-02-16 11:00,66,35,31,0,0,0
2022-02-16 11:15,65,42,23,0,0,0
2022-02-16 11:30,70,38,32,0,0,0
2022-02-16 11:45,85,49,36,0,0,0
2022-02-16 12:00,85,35,50,0,0,0
2022-02-16 12:15,104,55,49,0,0,0
2022-02-16 12:30,87,48,39,0,0,0
2022-02-16 12:45,113,60,53,0,0,0
2022-02-16 13:00,99,50,49,4,4,0
2022-02-16 13:15,118,56,62,4,4,0
2022-02-16 13:30,124,60,64,4,4,0
2022-02-16 13:45,134,55,79,4,4,0
2022-02-16 14:00,138,41,97,0,0,0
2022-02-16 14:15,106,54,52,0,0,0
2022-02-16 14:30,89,37,52,0,0,0
2022-02-16 14:45,128,73,55,0,0,0
2022-02-16 15:00,97,35,62,0,0,0
2022-02-16 15:15,108,53,55,0,0,0
2022-02-16 15:30,153,56,97,0,0,0
2022-02-16 15:45,139,64,75,0,0,0
2022-02-16 16:00,106,47,59,0,0,0
2022-02-16 16:15,148,56,92,0,0,0
2022-02-16 16:30,146,61,85,0,0,0
2022-02-16 16:45,150,78,72,0,0,0
2022-02-16 17:00,130,47,83,0,0,0
2022-02-16 17:15,148,61,87,0,0,0
2022-02-16 17:30,146,63,83,0,0,0
2022-02-16 17:45,169,59,110,0,0,0
2022-02-16 18:00,136,65,71,0,0,0
2022-02-16 18:15,130,57,73,0,0,0
2022-02-16 18:30,106,35,71,0,0,0
2022-02-16 18:45,106,52,54,0,0,0
2022-02-16 19:00,87,43,44,0,0,0
2022-02-16 19:15,87,32,55,0,0,0
2022-02-16 19:30,77,31,46,0,0,0
2022-02-16 19:45,69,31,38,0,0,0
2022-02-16 20:00,58,13,45,0,0,0
2022-02-16 20:15,68,26,42,0,0,0
2022-02-16 20:30,39,12,27,0,0,0
2022-02-16 20:45,43,16,27,0,0,0
2022-02-16 21:00,30,12,18,0,0,0
2022-02-16 21:15,34,14,20,0,0,0
2022-02-16 21:30,28,6,22,0,0,0
2022-02-16 21:45,39,17,22,0,0,0
2022-02-16 22:00,32,7,25,0,0,0
2022-02-16 22:15,26,9,17,0,0,0
2022-02-16 22:30,25,9,16,0,0,0
2022-02-16 22:45,23,8,15,0,0,0
2022-02-16 23:00,29,10,19,0,0,0
2022-02-16 23:15,21,6,15,0,0,0
2022-02-16 23:30,16,5,11,0,0,0
2022-02-16 23:45,14,5,9,0,0,0
2022-02-17 00:00,12,4,8,0,0,0
2022-02-17 00:15,11,1,10,0,0,0
2022-02-17 00:30,16,1,15,0,0,0
2022-02-17 00:45,8,2,6,0,0,0
2022-02-17 01:00,15,5,10,0,0,0
2022-02-17 01:15,7,6,1,0,0,0
2022-02-17 01:30,8,4,4,0,0,0
2022-02-17 01:45,7,1,6,0,0,0
2022-02-17 02:00,8,1,7,0,0,0
2022-02-17 02:15,7,1,6,0,0,0
2022-02-17 02:30,1,0,1,0,0,0
2022-02-17 02:45,1,0,1,0,0,0
2022-02-17 03:00,2,1,1,0,0,0
2022-02-17 03:15,4,1,3,0,0,0
2022-02-17 03:30,2,0,2,0,0,0
2022-02-17 03:45,1,1,0,0,0,0
2022-02-17 04:00,1,1,0,0,0,0
2022-02-17 04:15,5,0,5,0,0,0
2022-02-17 04:30,1,0,1,0,0,0
2022-02-17 04:45,6,4,2,0,0,0
2022-02-17 05:00,4,3,1,0,0,0
2022-02-17 05:15,7,4,3,0,0,0
2022-02-17 05:30,7,5,2,0,0,0
2022-02-17 05:45,5,4,1,0,0,0
2022-02-17 06:00,14,7,7,0,0,0
2022-02-17 06:15,12,6,6,0,0,0
2022-02-17 06:30,24,15,9,0,0,0
2022-02-17 06:45,27,18,9,0,0,0
2022-02-17 07:00,27,18,9,0,0,0
2022-02-17 07:15,42,25,17,0,0,0
2022-02-17 07:30,66,35,31,0,0,0
2022-02-17 07:45,104,57,47,0,0,0
2022-02-17 08:00,60,42,18,0,0,0
2022-02-17 08:15,64,33,31,0,0,0
2022-02-17 08:30,77,55,22,0,0,0
2022-02-17 08:45,89,49,40,0,0,0
2022-02-17 09:00,67,48,19,0,0,0
2022-02-17 09:15,67,37,30,0,0,0
2022-02-17 09:30,50,33,17,0,0,0
2022-02-17 09:45,50,34,16,0,0,0
2022-02-17 10:00,51,29,22,0,0,0
2022-02-17 10:15,47,31,16,0,0,0
2022-02-17 10:30,49,23,26,0,0,0
2022-02-17 10:45,58,39,19,0,0,0
2022-02-17 11:00,48,26,22,0,0,0
2022-02-17 11:15,42,17,25,0,0,0
2022-02-17 11:30,54,28,26,0,0,0
2022-02-17 11:45,50,28,22,0,0,0
2022-02-17 12:00,65,43,22,0,0,0
2022-02-17 12:15,67,42,25,0,0,0
2022-02-17 12:30,79,39,40,0,0,0
2022-02-17 12:45,80,45,35,0,0,0
2022-02-17 13:00,76,36,40,0,0,0
2022-02-17 13:15,72,38,34,0,0,0
2022-02-17 13:30,81,39,42,0,0,0
2022-02-17 13:45,80,49,31,0,0,0
2022-02-17 14:00,71,50,21,0,0,0
2022-02-17 14:15,86,48,38,0,0,0
2022-02-17 14:30,89,37,52,0,0,0
2022-02-17 14:45,65,40,25,0,0,0
2022-02-17 15:00,75,35,40,0,0,0
2022-02-17 15:15,79,44,35,0,0,0
2022-02-17 15:30,94,50,44,0,0,0
2022-02-17 15:45,85,31,54,0,0,0
2022-02-17 16:00,95,48,47,0,0,0
2022-02-17 16:15,105,40,65,0,0,0
2022-02-17 16:30,75,32,43,0,0,0
2022-02-17 16:45,124,61,63,0,0,0
2022-02-17 17:00,94,49,45,0,0,0
2022-02-17 17:15,100,39,61,0,0,0
2022-02-17 17:30,118,51,67,0,0,0
2022-02-17 17:45,130,69,61,0,0,0
2022-02-17 18:00,112,49,63,0,0,0
2022-02-17 18:15,108,53,55,0,0,0
2022-02-17 18:30,120,48,72,0,0,0
2022-02-17 18:45,124,54,70,0,0,0
2022-02-17 19:00,113,57,56,0,0,0
2022-02-17 19:15,102,49,53,0,0,0
2022-02-17 19:30,62,31,31,0,0,0
2022-02-17 19:45,97,43,54,0,0,0
2022-02-17 20:00,78,32,46,0,0,0
2022-02-17 20:15,85,39,46,0,0,0
2022-02-17 20:30,54,30,24,0,0,0
2022-02-17 20:45,52,21,31,0,0,0
2022-02-17 21:00,37,14,23,0,0,0
2022-02-17 21:15,47,17,30,0,0,0
2022-02-17 21:30,37,13,24,0,0,0
2022-02-17 21:45,33,8,25,0,0,0
2022-02-17 22:00,38,17,21,0,0,0
2022-02-17 22:15,54,13,41,0,0,0
2022-02-17 22:30,41,13,28,0,0,0
2022-02-17 22:45,26,12,14,0,0,0
2022-02-17 23:00,29,15,14,0,0,0
2022-02-17 23:15,29,9,20,0,0,0
2022-02-17 23:30,23,9,14,0,0,0
2022-02-17 23:45,19,5,14,0,0,0
2022-02-18 00:00,27,2,25,0,0,0
2022-02-18 00:15,9,1,8,0,0,0
2022-02-18 00:30,8,1,7,0,0,0
2022-02-18 00:45,17,5,12,0,0,0
2022-02-18 01:00,10,6,4,0,0,0
2022-02-18 01:15,17,2,15,0,0,0
2022-02-18 01:30,12,3,9,0,0,0
2022-02-18 01:45,6,0,6,0,0,0
2022-02-18 02:00,9,4,5,0,0,0
2022-02-18 02:15,5,2,3,0,0,0
2022-02-18 02:30,8,1,7,0,0,0
2022-02-18 02:45,8,3,5,0,0,0
2022-02-18 03:00,3,1,2,0,0,0
2022-02-18 03:15,4,0,4,0,0,0
2022-02-18 03:30,3,0,3,0,0,0
2022-02-18 03:45,4,1,3,0,0,0
2022-02-18 04:00,1,0,1,0,0,0
2022-02-18 04:15,7,1,6,0,0,0
2022-02-18 04:30,7,3,4,0,0,0
2022-02-18 04:45,3,1,2,0,0,0
2022-02-18 05:00,4,1,3,0,0,0
2022-02-18 05:15,8,6,2,0,0,0
2022-02-18 05:30,12,8,4,0,0,0
2022-02-18 05:45,11,8,3,0,0,0
2022-02-18 06:00,25,13,12,0,0,0
2022-02-18 06:15,19,12,7,0,0,0
2022-02-18 06:30,29,20,9,0,0,0
2022-02-18 06:45,40,27,13,0,0,0
2022-02-18 07:00,65,39,26,0,0,0
2022-02-18 07:15,94,76,18,0,0,0
2022-02-18 07:30,178,124,54,0,0,0
2022-02-18 07:45,149,73,76,0,0,0
2022-02-18 08:00,101,64,37,0,0,0
2022-02-18 08:15,108,68,40,0,0,0
2022-02-18 08:30,101,69,32,0,0,0
2022-02-18 08:45,123,80,43,0,0,0
2022-02-18 09:00,97,58,39,0,0,0
2022-02-18 09:15,86,46,40,0,0,0
2022-02-18 09:30,61,30,31,0,0,0
2022-02-18 09:45,92,48,44,0,0,0
2022-02-18 10:00,54,31,23,0,0,0
2022-02-18 10:15,69,38,31,0,0,0
2022-02-18 10:30,60,32,28,0,0,0
2022-02-18 10:45,63,34,29,0,0,0
2022-02-18 11:00,61,30,31,0,0,0
2022-02-18 11:15,64,37,27,0,0,0
2022-02-18 11:30,55,28,27,0,0,0
2022-02-18 11:45,66,35,31,0,0,0
2022-02-18 12:00,64,24,40,0,0,0
2022-02-18 12:15,89,53,36,0,0,0
2022-02-18 12:30,104,53,51,0,0,0
2022-02-18 12:45,111,50,61,0,0,0
2022-02-18 13:00,142,51,91,0,0,0
2022-02-18 13:15,125,59,66,0,0,0
2022-02-18 13:30,129,50,79,0,0,0
2022-02-18 13:45,107,43,64,0,0,0
2022-02-18 14:00,115,49,66,0,0,0
2022-02-18 14:15,96,47,49,0,0,0
2022-02-18 14:30,104,50,54,0,0,0
2022-02-18 14:45,120,45,75,0,0,0
2022-02-18 15:00,99,41,58,0,0,0
2022-02-18 15:15,114,45,69,0,0,0
2022-02-18 15:30,79,38,41,0,0,0
2022-02-18 15:45,81,44,37,0,0,0
2022-02-18 16:00,88,35,53,0,0,0
2022-02-18 16:15,103,40,63,0,0,0
2022-02-18 16:30,66,28,38,0,0,0
2022-02-18 16:45,80,30,50,0,0,0
2022-02-18 17:00,50,20,30,0,0,0
2022-02-18 17:15,66,39,27,0,0,0
2022-02-18 17:30,62,21,41,0,0,0
2022-02-18 17:45,83,39,44,0,0,0
2022-02-18 18:00,70,25,45,0,0,0
2022-02-18 18:15,71,34,37,0,0,0
2022-02-18 18:30,51,14,37,0,0,0
2022-02-18 18:45,48,16,32,0,0,0
2022-02-18 19:00,62,25,37,0,0,0
2022-02-18 19:15,39,17,22,0,0,0
2022-02-18 19:30,42,19,23,0,0,0
2022-02-18 19:45,43,18,25,0,0,0
2022-02-18 20:00,36,7,29,0,0,0
2022-02-18 20:15,34,7,27,0,0,0
2022-02-18 20:30,26,12,14,0,0,0
2022-02-18 20:45,24,5,19,0,0,0
2022-02-18 21:00,28,5,23,0,0,0
2022-02-18 21:15,9,3,6,0,0,0
2022-02-18 21:30,13,3,10,0,0,0
2022-02-18 21:45,13,4,9,0,0,0
2022-02-18 22:00,17,7,10,0,0,0
2022-02-18 22:15,23,6,17,0,0,0
2022-02-18 22:30,12,6,6,0,0,0
2022-02-18 22:45,11,1,10,0,0,0
2022-02-18 23:00,6,3,3,0,0,0
2022-02-18 23:15,16,8,8,0,0,0
2022-02-18 23:30,10,7,3,0,0,0
2022-02-18 23:45,10,3,7,0,0,0
2022-02-19 00:00,14,3,11,0,0,0
2022-02-19 00:15,12,3,9,0,0,0
2022-02-19 00:30,7,4,3,0,0,0
2022-02-19 00:45,15,4,11,0,0,0
2022-02-19 01:00,12,6,6,0,0,0
2022-02-19 01:15,5,3,2,0,0,0
2022-02-19 01:30,6,1,5,0,0,0
2022-02-19 01:45,5,2,3,0,0,0
2022-02-19 02:00,5,1,4,0,0,0
2022-02-19 02:15,11,4,7,0,0,0
2022-02-19 02:30,5,4,1,0,0,0
2022-02-19 02:45,8,0,8,0,0,0
2022-02-19 03:00,10,6,4,0,0,0
2022-02-19 03:15,5,0,5,0,0,0
2022-02-19 03:30,5,2,3,0,0,0
2022-02-19 03:45,7,3,4,0,0,0
2022-02-19 04:00,1,1,0,0,0,0
2022-02-19 04:15,2,1,1,0,0,0
2022-02-19 04:30,7,1,6,0,0,0
2022-02-19 04:45,0,0,0,0,0,0
2022-02-19 05:00,2,1,1,0,0,0
2022-02-19 05:15,6,3,3,0,0,0
2022-02-19 05:30,7,5,2,0,0,0
2022-02-19 05:45,4,2,2,0,0,0
2022-02-19 06:00,6,1,5,0,0,0
2022-02-19 06:15,5,2,3,0,0,0
2022-02-19 06:30,1,1,0,0,0,0
2022-02-19 06:45,10,6,4,0,0,0
2022-02-19 07:00,6,5,1,0,0,0
2022-02-19 07:15,9,6,3,0,0,0
2022-02-19 07:30,18,12,6,0,0,0
2022-02-19 07:45,22,16,6,0,0,0
2022-02-19 08:00,17,13,4,0,0,0
2022-02-19 08:15,28,16,12,0,0,0
2022-02-19 08:30,29,19,10,0,0,0
2022-02-19 08:45,38,22,16,0,0,0
2022-02-19 09:00,42,33,9,0,0,0
2022-02-19 09:15,43,35,8,0,0,0
2022-02-19 09:30,50,33,17,0,0,0
2022-02-19 09:45,114,89,25,0,0,0
2022-02-19 10:00,82,71,11,0,0,0
2022-02-19 10:15,85,57,28,0,0,0
2022-02-19 10:30,83,43,40,0,0,0
2022-02-19 10:45,84,49,35,0,0,0
2022-02-19 11:00,94,52,42,0,0,0
2022-02-19 11:15,95,62,33,0,0,0
2022-02-19 11:30,99,60,39,0,0,0
2022-02-19 11:45,85,55,30,0,0,0
2022-02-19 12:00,86,48,38,0,0,0
2022-02-19 12:15,86,45,41,0,0,0
2022-02-19 12:30,104,69,35,0,0,0
2022-02-19 12:45,111,66,45,0,0,0
2022-02-19 13:00,95,57,38,0,0,0
2022-02-19 13:15,89,42,47,0,0,0
2022-02-19 13:30,106,63,43,0,0,0
2022-02-19 13:45,83,46,37,0,0,0
2022-02-19 14:00,109,56,53,0,0,0
2022-02-19 14:15,106,55,51,0,0,0
2022-02-19 14:30,89,46,43,0,0,0
2022-02-19 14:45,122,60,62,0,0,0
2022-02-19 15:00,100,54,46,0,0,0
2022-02-19 15:15,101,43,58,0,0,0
2022-02-19 15:30,91,42,49,0,0,0
2022-02-19 15:45,114,47,67,0,0,0
2022-02-19 16:00,80,26,54,0,0,0
2022-02-19 16:15,76,43,33,0,0,0
2022-02-19 16:30,101,49,52,0,0,0
2022-02-19 16:45,131,64,67,0,0,0
2022-02-19 17:00,90,45,45,0,0,0
2022-02-19 17:15,84,39,45,0,0,0
2022-02-19 17:30,99,44,55,0,0,0
2022-02-19 17:45,113,59,54,0,0,0
2022-02-19 18:00,114,36,78,0,0,0
2022-02-19 18:15,87,41,46,0,0,0
2022-02-19 18:30,98,39,59,0,0,0
2022-02-19 18:45,107,53,54,0,0,0
2022-02-19 19:00,105,47,58,0,0,0
2022-02-19 19:15,86,44,42,0,0,0
2022-02-19 19:30,65,31,34,0,0,0
2022-02-19 19:45,91,50,41,0,0,0
2022-02-19 20:00,76,38,38,0,0,0
2022-02-19 20:15,57,33,24,0,0,0
2022-02-19 20:30,47,29,18,0,0,0
2022-02-19 20:45,37,14,23,0,0,0
2022-02-19 21:00,40,22,18,0,0,0
2022-02-19 21:15,27,17,10,0,0,0
2022-02-19 21:30,24,10,14,0,0,0
2022-02-19 21:45,42,19,23,0,0,0
2022-02-19 22:00,25,10,15,0,0,0
2022-02-19 22:15,33,15,18,0,0,0
2022-02-19 22:30,47,19,28,0,0,0
2022-02-19 22:45,44,6,38,0,0,0
2022-02-19 23:00,31,11,20,0,0,0
2022-02-19 23:15,41,13,28,0,0,0
2022-02-19 23:30,40,8,32,0,0,0
2022-02-19 23:45,33,10,23,0,0,0
2022-02-20 00:00,30,3,27,0,0,0
2022-02-20 00:15,35,18,17,0,0,0
2022-02-20 00:30,40,15,25,0,0,0
2022-02-20 00:45,23,7,16,0,0,0
2022-02-20 01:00,26,8,18,0,0,0
2022-02-20 01:15,22,8,14,0,0,0
2022-02-20 01:30,37,8,29,0,0,0
2022-02-20 01:45,24,10,14,0,0,0
2022-02-20 02:00,38,13,25,0,0,0
2022-02-20 02:15,13,2,11,0,0,0
2022-02-20 02:30,8,3,5,0,0,0
2022-02-20 02:45,19,2,17,0,0,0
2022-02-20 03:00,17,3,14,0,0,0
2022-02-20 03:15,21,5,16,0,0,0
2022-02-20 03:30,19,3,16,0,0,0
2022-02-20 03:45,7,3,4,0,0,0
2022-02-20 04:00,11,3,8,0,0,0
2022-02-20 04:15,9,1,8,0,0,0
2022-02-20 04:30,12,6,6,0,0,0
2022-02-20 04:45,4,0,4,0,0,0
2022-02-20 05:00,4,1,3,0,0,0
2022-02-20 05:15,6,2,4,0,0,0
2022-02-20 05:30,7,2,5,0,0,0
2022-02-20 05:45,7,5,2,0,0,0
2022-02-20 06:00,9,5,4,0,0,0
2022-02-20 06:15,5,2,3,0,0,0
2022-02-20 06:30,4,3,1,0,0,0
2022-02-20 06:45,9,3,6,0,0,0
2022-02-20 07:00,3,2,1,0,0,0
2022-02-20 07:15,6,3,3,0,0,0
2022-02-20 07:30,6,2,4,0,0,0
2022-02-20 07:45,6,2,4,0,0,0
2022-02-20 08:00,10,6,4,0,0,0
2022-02-20 08:15,13,9,4,0,0,0
2022-02-20 08:30,21,8,13,0,0,0
2022-02-20 08:45,20,9,11,0,0,0
2022-02-20 09:00,13,8,5,0,0,0
2022-02-20 09:15,18,11,7,0,0,0
2022-02-20 09:30,25,13,12,0,0,0
2022-02-20 09:45,41,30,11,0,0,0
2022-02-20 10:00,37,32,5,0,0,0
2022-02-20 10:15,33,22,11,0,0,0
2022-02-20 10:30,29,19,10,0,0,0
2022-02-20 10:45,32,26,6,0,0,0
2022-02-20 11:00,26,13,13,0,0,0
2022-02-20 11:15,27,18,9,0,0,0
2022-02-20 11:30,31,14,17,0,0,0
2022-02-20 11:45,39,24,15,0,0,0
2022-02-20 12:00,40,21,19,0,0,0
2022-02-20 12:15,51,27,24,0,0,0
2022-02-20 12:30,34,20,14,0,0,0
2022-02-20 12:45,43,23,20,0,0,0
2022-02-20 13:00,23,13,10,0,0,0
2022-02-20 13:15,29,12,17,0,0,0
2022-02-20 13:30,50,28,22,0,0,0
2022-02-20 13:45,57,33,24,0,0,0
2022-02-20 14:00,44,19,25,0,0,0
2022-02-20 14:15,50,29,21,0,0,0
2022-02-20 14:30,57,28,29,0,0,0
2022-02-20 14:45,49,20,29,0,0,0
2022-02-20 15:00,39,23,16,0,0,0
2022-02-20 15:15,36,19,17,0,0,0
2022-02-20 15:30,40,16,24,0,0,0
2022-02-20 15:45,44,22,22,0,0,0
2022-02-20 16:00,40,20,20,0,0,0
2022-02-20 16:15,32,18,14,0,0,0
2022-02-20 16:30,32,10,22,0,0,0
2022-02-20 16:45,53,22,31,0,0,0
2022-02-20 17:00,43,16,27,0,0,0
2022-02-20 17:15,40,14,26,0,0,0
2022-02-20 17:30,50,16,34,0,0,0
2022-02-20 17:45,31,14,17,0,0,0
2022-02-20 18:00,43,21,22,0,0,0
2022-02-20 18:15,26,8,18,0,0,0
2022-02-20 18:30,42,18,24,0,0,0
2022-02-20 18:45,39,19,20,0,0,0
2022-02-20 19:00,36,15,21,0,0,0
2022-02-20 19:15,34,16,18,0,0,0
2022-02-20 19:30,41,22,19,0,0,0
2022-02-20 19:45,32,11,21,0,0,0
2022-02-20 20:00,36,19,17,0,0,0
2022-02-20 20:15,17,6,11,0,0,0
2022-02-20 20:30,25,9,16,0,0,0
2022-02-20 20:45,16,4,12,0,0,0
2022-02-20 21:00,16,8,8,0,0,0
2022-02-20 21:15,22,9,13,0,0,0
2022-02-20 21:30,15,6,9,0,0,0
2022-02-20 21:45,15,6,9,0,0,0
2022-02-20 22:00,15,4,11,0,0,0
2022-02-20 22:15,18,5,13,0,0,0
2022-02-20 22:30,21,5,16,0,0,0
2022-02-20 22:45,12,6,6,0,0,0
2022-02-20 23:00,9,4,5,0,0,0
2022-02-20 23:15,10,2,8,0,0,0
2022-02-20 23:30,6,3,3,0,0,0
2022-02-20 23:45,3,1,2,0,0,0
2022-02-21 00:00,4,2,2,0,0,0
2022-02-21 00:15,6,1,5,0,0,0
2022-02-21 00:30,1,0,1,0,0,0
2022-02-21 00:45,0,0,0,0,0,0
2022-02-21 01:00,5,1,4,0,0,0
2022-02-21 01:15,3,1,2,0,0,0
2022-02-21 01:30,4,4,0,0,0,0
2022-02-21 01:45,2,2,0,0,0,0
2022-02-21 02:00,0,0,0,0,0,0
2022-02-21 02:15,1,0,1,0,0,0
2022-02-21 02:30,0,0,0,0,0,0
2022-02-21 02:45,1,0,1,0,0,0
2022-02-21 03:00,1,1,0,0,0,0
2022-02-21 03:15,0,0,0,0,0,0
2022-02-21 03:30,1,0,1,0,0,0
2022-02-21 03:45,0,0,0,0,0,0
2022-02-21 04:00,3,2,1,0,0,0
2022-02-21 04:15,5,2,3,0,0,0
2022-02-21 04:30,6,5,1,0,0,0
2022-02-21 04:45,10,5,5,0,0,0
2022-02-21 05:00,4,1,3,0,0,0
2022-02-21 05:15,8,6,2,0,0,0
2022-02-21 05:30,15,10,5,0,0,0
2022-02-21 05:45,8,5,3,0,0,0
2022-02-21 06:00,22,15,7,0,0,0
2022-02-21 06:15,25,17,8,0,0,0
2022-02-21 06:30,28,18,10,0,0,0
2022-02-21 06:45,53,34,19,0,0,0
2022-02-21 07:00,65,42,23,0,0,0
2022-02-21 07:15,125,95,30,0,0,0
2022-02-21 07:30,206,150,56,0,0,0
2022-02-21 07:45,210,127,83,0,0,0
2022-02-21 08:00,134,82,52,0,0,0
2022-02-21 08:15,139,87,52,0,0,0
2022-02-21 08:30,116,74,42,0,0,0
2022-02-21 08:45,145,100,45,0,0,0
2022-02-21 09:00,113,67,46,0,0,0
2022-02-21 09:15,106,63,43,0,0,0
2022-02-21 09:30,100,63,37,0,0,0
2022-02-21 09:45,99,62,37,0,0,0
2022-02-21 10:00,98,55,43,0,0,0
2022-02-21 10:15,73,41,32,0,0,0
2022-02-21 10:30,85,45,40,0,0,0
2022-02-21 10:45,85,52,33,0,0,0
2022-02-21 11:00,85,49,36,0,0,0
2022-02-21 11:15,57,33,24,0,0,0
2022-02-21 11:30,57,27,30,0,0,0
2022-02-21 11:45,72,43,29,0,0,0
2022-02-21 12:00,72,32,40,0,0,0
2022-02-21 12:15,90,45,45,0,0,0
2022-02-21 12:30,91,46,45,0,0,0
2022-02-21 12:45,95,43,52,0,0,0
2022-02-21 13:00,91,34,57,0,0,0
2022-02-21 13:15,76,26,50,0,0,0
2022-02-21 13:30,62,29,33,0,0,0
2022-02-21 13:45,93,45,48,0,0,0
2022-02-21 14:00,82,39,43,0,0,0
2022-02-21 14:15,76,31,45,0,0,0
2022-02-21 14:30,82,39,43,0,0,0
2022-02-21 14:45,90,37,53,0,0,0
2022-02-21 15:00,84,31,53,0,0,0
2022-02-21 15:15,78,31,47,0,0,0
2022-02-21 15:30,132,49,83,0,0,0
2022-02-21 15:45,120,58,62,0,0,0
2022-02-21 16:00,115,52,63,0,0,0
2022-02-21 16:15,125,65,60,0,0,0
2022-02-21 16:30,107,50,57,0,0,0
2022-02-21 16:45,129,61,68,0,0,0
2022-02-21 17:00,154,76,78,0,0,0
2022-02-21 17:15,149,75,74,0,0,0
2022-02-21 17:30,141,72,69,0,0,0
2022-02-21 17:45,177,89,88,0,0,0
2022-02-21 18:00,149,69,80,0,0,0
2022-02-21 18:15,156,69,87,0,0,0
2022-02-21 18:30,133,72,61,0,0,0
2022-02-21 18:45,141,72,69,0,0,0
2022-02-21 19:00,111,59,52,0,0,0
2022-02-21 19:15,114,42,72,0,0,0
2022-02-21 19:30,104,44,60,0,0,0
2022-02-21 19:45,102,51,51,0,0,0
2022-02-21 20:00,88,36,52,0,0,0
2022-02-21 20:15,76,31,45,0,0,0
2022-02-21 20:30,44,19,25,0,0,0
2022-02-21 20:45,33,8,25,0,0,0
2022-02-21 21:00,48,21,27,0,0,0
2022-02-21 21:15,40,17,23,0,0,0
2022-02-21 21:30,38,11,27,0,0,0
2022-02-21 21:45,31,10,21,0,0,0
2022-02-21 22:00,47,18,29,0,0,0
2022-02-21 22:15,52,27,25,0,0,0
2022-02-21 22:30,30,13,17,0,0,0
2022-02-21 22:45,37,16,21,0,0,0
2022-02-21 23:00,19,8,11,0,0,0
2022-02-21 23:15,23,7,16,0,0,0
2022-02-21 23:30,18,3,15,0,0,0
2022-02-21 23:45,18,2,16,0,0,0
2022-02-22 00:00,8,1,7,0,0,0
2022-02-22 00:15,14,4,10,0,0,0
2022-02-22 00:30,19,14,5,0,0,0
2022-02-22 00:45,13,6,7,0,0,0
2022-02-22 01:00,8,3,5,0,0,0
2022-02-22 01:15,7,2,5,0,0,0
2022-02-22 01:30,7,2,5,0,0,0
2022-02-22 01:45,1,1,0,0,0,0
2022-02-22 02:00,18,3,15,0,0,0
2022-02-22 02:15,10,3,7,0,0,0
2022-02-22 02:30,4,0,4,0,0,0
2022-02-22 02:45,1,1,0,0,0,0
2022-02-22 03:00,2,0,2,0,0,0
2022-02-22 03:15,3,2,1,0,0,0
2022-02-22 03:30,3,0,3,0,0,0
2022-02-22 03:45,1,1,0,0,0,0
2022-02-22 04:00,7,2,5,0,0,0
2022-02-22 04:15,5,1,4,0,0,0
2022-02-22 04:30,7,1,6,0,0,0
2022-02-22 04:45,11,9,2,0,0,0
2022-02-22 05:00,3,3,0,0,0,0
2022-02-22 05:15,11,9,2,0,0,0
2022-02-22 05:30,26,20,6,0,0,0
2022-02-22 05:45,18,16,2,0,0,0
2022-02-22 06:00,25,14,11,0,0,0
2022-02-22 06:15,25,18,7,0,0,0
2022-02-22 06:30,48,31,17,0,0,0
2022-02-22 06:45,61,41,20,0,0,0
2022-02-22 07:00,79,56,23,0,0,0
2022-02-22 07:15,132,94,38,0,0,0
2022-02-22 07:30,263,195,68,0,0,0
2022-02-22 07:45,248,159,89,0,0,0
2022-02-22 08:00,140,88,52,0,0,0
2022-02-22 08:15,167,101,66,0,0,0
2022-02-22 08:30,151,97,54,0,0,0
2022-02-22 08:45,179,109,70,0,0,0
2022-02-22 09:00,112,73,39,0,0,0
2022-02-22 09:15,122,84,38,0,0,0
2022-02-22 09:30,110,61,49,0,0,0
2022-02-22 09:45,118,66,52,0,0,0
2022-02-22 10:00,99,59,40,0,0,0
2022-02-22 10:15,99,55,44,0,0,0
2022-02-22 10:30,91,57,34,0,0,0
2022-02-22 10:45,94,53,41,0,0,0
2022-02-22 11:00,71,39,32,0,0,0
2022-02-22 11:15,91,55,36,0,0,0
2022-02-22 11:30,101,52,49,0,0,0
2022-02-22 11:45,118,71,47,0,0,0
2022-02-22 12:00,124,62,62,0,0,0
2022-02-22 12:15,134,72,62,0,0,0
2022-02-22 12:30,140,56,84,0,0,0
2022-02-22 12:45,146,76,70,0,0,0
2022-02-22 13:00,195,76,119,0,0,0
2022-02-22 13:15,142,51,91,0,0,0
2022-02-22 13:30,113,40,73,0,0,0
2022-02-22 13:45,153,79,74,0,0,0
2022-02-22 14:00,103,41,62,0,0,0
2022-02-22 14:15,93,45,48,0,0,0
2022-02-22 14:30,110,50,60,0,0,0
2022-02-22 14:45,127,65,62,0,0,0
2022-02-22 15:00,132,56,76,0,0,0
2022-02-22 15:15,116,57,59,0,0,0
2022-02-22 15:30,152,73,79,0,0,0
2022-02-22 15:45,143,78,65,0,0,0
2022-02-22 16:00,139,69,70,0,0,0
2022-02-22 16:15,146,68,78,0,0,0
2022-02-22 16:30,182,81,101,0,0,0
2022-02-22 16:45,174,78,96,0,0,0
2022-02-22 17:00,178,80,98,0,0,0
2022-02-22 17:15,166,78,88,0,0,0
2022-02-22 17:30,173,89,84,0,0,0
2022-02-22 17:45,171,84,87,0,0,0
2022-02-22 18:00,153,58,95,0,0,0
2022-02-22 18:15,145,62,83,0,0,0
2022-02-22 18:30,119,53,66,0,0,0
2022-02-22 18:45,133,62,71,0,0,0
2022-02-22 19:00,112,49,63,0,0,0
2022-02-22 19:15,102,51,51,0,0,0
2022-02-22 19:30,104,42,62,0,0,0
2022-02-22 19:45,100,48,52,0,0,0
2022-02-22 20:00,86,35,51,0,0,0
2022-02-22 20:15,85,56,29,0,0,0
2022-02-22 20:30,58,31,27,0,0,0
2022-02-22 20:45,43,18,25,0,0,0
2022-02-22 21:00,54,29,25,0,0,0
2022-02-22 21:15,58,20,38,0,0,0
2022-02-22 21:30,41,20,21,0,0,0
2022-02-22 21:45,41,11,30,0,0,0
2022-02-22 22:00,52,20,32,0,0,0
2022-02-22 22:15,35,11,24,0,0,0
2022-02-22 22:30,31,9,22,0,0,0
2022-02-22 22:45,39,12,27,0,0,0
2022-02-22 23:00,34,22,12,0,0,0
2022-02-22 23:15,25,10,15,0,0,0
2022-02-22 23:30,37,16,21,0,0,0
2022-02-22 23:45,27,9,18,0,0,0
2022-02-23 00:00,24,7,17,0,0,0
2022-02-23 00:15,17,6,11,0,0,0
2022-02-23 00:30,10,3,7,0,0,0
2022-02-23 00:45,8,2,6,0,0,0
2022-02-23 01:00,9,1,8,0,0,0
2022-02-23 01:15,7,0,7,0,0,0
2022-02-23 01:30,11,2,9,0,0,0
2022-02-23 01:45,7,1,6,0,0,0
2022-02-23 02:00,9,3,6,0,0,0
2022-02-23 02:15,3,1,2,0,0,0
2022-02-23 02:30,6,0,6,0,0,0
2022-02-23 02:45,7,4,3,0,0,0
2022-02-23 03:00,1,1,0,0,0,0
2022-02-23 03:15,6,2,4,0,0,0
2022-02-23 03:30,3,3,0,0,0,0
2022-02-23 03:45,3,1,2,0,0,0
2022-02-23 04:00,1,1,0,0,0,0
2022-02-23 04:15,5,1,4,0,0,0
2022-02-23 04:30,7,2,5,0,0,0
2022-02-23 04:45,7,6,1,0,0,0
2022-02-23 05:00,3,3,0,0,0,0
2022-02-23 05:15,11,4,7,0,0,0
2022-02-23 05:30,20,15,5,0,0,0
2022-02-23 05:45,27,17,10,0,0,0
2022-02-23 06:00,24,16,8,0,0,0
2022-02-23 06:15,41,28,13,0,0,0
2022-02-23 06:30,59,38,21,0,0,0
2022-02-23 06:45,61,45,16,0,0,0
2022-02-23 07:00,97,69,28,0,0,0
2022-02-23 07:15,164,114,50,0,0,0
2022-02-23 07:30,269,212,57,0,0,0
2022-02-23 07:45,275,173,102,0,0,0
2022-02-23 08:00,170,107,63,0,0,0
2022-02-23 08:15,170,107,63,0,0,0
2022-02-23 08:30,176,112,64,0,0,0
2022-02-23 08:45,204,128,76,0,0,0
2022-02-23 09:00,162,96,66,0,0,0
2022-02-23 09:15,140,87,53,0,0,0
2022-02-23 09:30,157,98,59,0,0,0
2022-02-23 09:45,153,98,55,0,0,0
2022-02-23 10:00,130,87,43,0,0,0
2022-02-23 10:15,129,78,51,0,0,0
2022-02-23 10:30,137,70,67,0,0,0
2022-02-23 10:45,130,91,39,0,0,0
2022-02-23 11:00,136,76,60,0,0,0
2022-02-23 11:15,121,65,56,0,0,0
2022-02-23 11:30,119,62,57,0,0,0
2022-02-23 11:45,136,75,61,0,0,0
2022-02-23 12:00,160,91,69,0,0,0
2022-02-23 12:15,140,71,69,0,0,0
2022-02-23 12:30,176,75,101,0,0,0
2022-02-23 12:45,157,80,77,0,0,0
2022-02-23 13:00,183,86,97,0,0,0
2022-02-23 13:15,167,86,81,0,0,0
2022-02-23 13:30,154,54,100,0,0,0
2022-02-23 13:45,194,88,106,0,0,0
2022-02-23 14:00,185,69,116,0,0,0
2022-02-23 14:15,165,69,96,0,0,0
2022-02-23 14:30,187,82,105,0,0,0
2022-02-23 14:45,159,76,83,0,0,0
2022-02-23 15:00,184,69,115,0,0,0
2022-02-23 15:15,172,85,87,0,0,0
2022-02-23 15:30,218,84,134,0,0,0
2022-02-23 15:45,217,102,115,0,0,0
2022-02-23 16:00,166,81,85,0,0,0
2022-02-23 16:15,218,90,128,0,0,0
2022-02-23 16:30,219,99,120,0,0,0
2022-02-23 16:45,222,99,123,0,0,0
2022-02-23 17:00,227,102,125,0,0,0
2022-02-23 17:15,231,113,118,0,0,0
2022-02-23 17:30,266,121,145,0,0,0
2022-02-23 17:45,257,117,140,0,0,0
2022-02-23 18:00,234,116,118,0,0,0
2022-02-23 18:15,208,92,116,0,0,0
2022-02-23 18:30,189,70,119,0,0,0
2022-02-23 18:45,183,86,97,0,0,0
2022-02-23 19:00,170,85,85,0,0,0
2022-02-23 19:15,158,73,85,0,0,0
2022-02-23 19:30,141,55,86,0,0,0
2022-02-23 19:45,119,64,55,0,0,0
2022-02-23 20:00,145,52,93,0,0,0
2022-02-23 20:15,117,48,69,0,0,0
2022-02-23 20:30,85,36,49,0,0,0
2022-02-23 20:45,82,29,53,0,0,0
2022-02-23 21:00,71,26,45,0,0,0
2022-02-23 21:15,71,34,37,0,0,0
2022-02-23 21:30,53,22,31,0,0,0
2022-02-23 21:45,66,22,44,0,0,0
2022-02-23 22:00,81,26,55,0,0,0
2022-02-23 22:15,75,27,48,0,0,0
2022-02-23 22:30,50,21,29,0,0,0
2022-02-23 22:45,57,22,35,0,0,0
2022-02-23 23:00,51,20,31,0,0,0
2022-02-23 23:15,52,13,39,0,0,0
2022-02-23 23:30,34,11,23,0,0,0
2022-02-23 23:45,35,16,19,0,0,0
2022-02-24 00:00,30,7,23,0,0,0
2022-02-24 00:15,25,6,19,0,0,0
2022-02-24 00:30,25,5,20,0,0,0
2022-02-24 00:45,18,7,11,0,0,0
2022-02-24 01:00,17,6,11,0,0,0
2022-02-24 01:15,12,4,8,0,0,0
2022-02-24 01:30,14,2,12,0,0,0
2022-02-24 01:45,13,2,11,0,0,0
2022-02-24 02:00,20,2,18,0,0,0
2022-02-24 02:15,24,5,19,0,0,0
2022-02-24 02:30,4,0,4,0,0,0
2022-02-24 02:45,5,1,4,0,0,0
2022-02-24 03:00,3,0,3,0,0,0
2022-02-24 03:15,1,0,1,0,0,0
2022-02-24 03:30,9,3,6,0,0,0
2022-02-24 03:45,2,1,1,0,0,0
2022-02-24 04:00,7,4,3,0,0,0
2022-02-24 04:15,4,1,3,0,0,0
2022-02-24 04:30,1,1,0,0,0,0
2022-02-24 04:45,11,10,1,0,0,0
2022-02-24 05:00,8,6,2,0,0,0
2022-02-24 05:15,9,7,2,0,0,0
2022-02-24 05:30,15,9,6,0,0,0
2022-02-24 05:45,23,16,7,0,0,0
2022-02-24 06:00,33,21,12,0,0,0
2022-02-24 06:15,32,21,11,0,0,0
2022-02-24 06:30,42,31,11,0,0,0
2022-02-24 06:45,51,38,13,0,0,0
2022-02-24 07:00,78,54,24,0,0,0
2022-02-24 07:15,149,115,34,0,0,0
2022-02-24 07:30,250,187,63,0,0,0
2022-02-24 07:45,236,159,77,0,0,0
2022-02-24 08:00,145,89,56,0,0,0
2022-02-24 08:15,181,105,76,0,0,0
2022-02-24 08:30,159,114,45,0,0,0
2022-02-24 08:45,156,98,58,0,0,0
2022-02-24 09:00,146,90,56,0,0,0
2022-02-24 09:15,109,68,41,0,0,0
2022-02-24 09:30,102,65,37,0,0,0
2022-02-24 09:45,147,92,55,0,0,0
2022-02-24 10:00,123,80,43,0,0,0
2022-02-24 10:15,106,73,33,0,0,0
2022-02-24 10:30,93,50,43,0,0,0
2022-02-24 10:45,94,55,39,0,0,0
2022-02-24 11:00,87,49,38,0,0,0
2022-02-24 11:15,100,46,54,0,0,0
2022-02-24 11:30,113,63,50,0,0,0
2022-02-24 11:45,126,66,60,0,0,0
2022-02-24 12:00,79,38,41,0,0,0
2022-02-24 12:15,120,62,58,0,0,0
2022-02-24 12:30,112,51,61,0,0,0
2022-02-24 12:45,134,71,63,0,0,0
2022-02-24 13:00,146,53,93,0,0,0
2022-02-24 13:15,137,59,78,0,0,0
2022-02-24 13:30,121,58,63,0,0,0
2022-02-24 13:45,135,60,75,0,0,0
2022-02-24 14:00,153,62,91,0,0,0
2022-02-24 14:15,126,54,72,0,0,0
2022-02-24 14:30,122,48,74,0,0,0
2022-02-24 14:45,162,74,88,0,0,0
2022-02-24 15:00,141,77,64,0,0,0
2022-02-24 15:15,140,54,86,0,0,0
2022-02-24 15:30,174,66,108,0,0,0
2022-02-24 15:45,181,65,116,0,0,0
2022-02-24 16:00,154,66,88,0,0,0
2022-02-24 16:15,155,69,86,0,0,0
2022-02-24 16:30,133,44,89,0,0,0
2022-02-24 16:45,135,54,81,0,0,0
2022-02-24 17:00,129,57,72,0,0,0
2022-02-24 17:15,130,62,68,0,0,0
2022-02-24 17:30,176,89,87,0,0,0
2022-02-24 17:45,181,88,93,0,0,0
2022-02-24 18:00,151,72,79,0,0,0
2022-02-24 18:15,137,68,69,0,0,0
2022-02-24 18:30,132,57,75,0,0,0
2022-02-24 18:45,146,63,83,0,0,0
2022-02-24 19:00,121,64,57,0,0,0
2022-02-24 19:15,104,51,53,0,0,0
2022-02-24 19:30,103,42,61,0,0,0
2022-02-24 19:45,98,56,42,0,0,0
2022-02-24 20:00,101,35,66,0,0,0
2022-02-24 20:15,82,47,35,0,0,0
2022-02-24 20:30,62,20,42,0,0,0
2022-02-24 20:45,62,21,41,0,0,0
2022-02-24 21:00,54,26,28,0,0,0
2022-02-24 21:15,42,19,23,0,0,0
2022-02-24 21:30,34,20,14,0,0,0
2022-02-24 21:45,57,17,40,0,0,0
2022-02-24 22:00,47,28,19,0,0,0
2022-02-24 22:15,50,18,32,0,0,0
2022-02-24 22:30,39,19,20,0,0,0
2022-02-24 22:45,35,8,27,0,0,0
2022-02-24 23:00,39,13,26,0,0,0
2022-02-24 23:15,27,6,21,0,0,0
2022-02-24 23:30,28,14,14,0,0,0
2022-02-24 23:45,24,9,15,0,0,0
2022-02-25 00:00,27,7,20,0,0,0
2022-02-25 00:15,21,4,17,0,0,0
2022-02-25 00:30,18,6,12,0,0,0
2022-02-25 00:45,18,14,4,0,0,0
2022-02-25 01:00,21,3,18,0,0,0
2022-02-25 01:15,25,10,15,0,0,0
2022-02-25 01:30,8,1,7,0,0,0
2022-02-25 01:45,8,2,6,0,0,0
2022-02-25 02:00,10,5,5,0,0,0
2022-02-25 02:15,7,2,5,0,0,0
2022-02-25 02:30,3,1,2,0,0,0
2022-02-25 02:45,9,1,8,0,0,0
2022-02-25 03:00,1,0,1,0,0,0
2022-02-25 03:15,4,1,3,0,0,0
2022-02-25 03:30,4,1,3,0,0,0
2022-02-25 03:45,2,0,2,0,0,0
2022-02-25 04:00,4,2,2,0,0,0
2022-02-25 04:15,5,1,4,0,0,0
2022-02-25 04:30,2,1,1,0,0,0
2022-02-25 04:45,15,9,6,0,0,0
2022-02-25 05:00,9,6,3,0,0,0
2022-02-25 05:15,7,4,3,0,0,0
2022-02-25 05:30,27,17,10,0,0,0
2022-02-25 05:45,19,15,4,0,0,0
2022-02-25 06:00,16,9,7,0,0,0
2022-02-25 06:15,30,17,13,0,0,0
2022-02-25 06:30,48,31,17,0,0,0
2022-02-25 06:45,46,32,14,0,0,0
2022-02-25 07:00,64,43,21,0,0,0
2022-02-25 07:15,108,78,30,0,0,0
2022-02-25 07:30,205,154,51,0,0,0
2022-02-25 07:45,201,119,82,0,0,0
2022-02-25 08:00,129,77,52,0,0,0
2022-02-25 08:15,127,63,64,0,0,0
2022-02-25 08:30,141,97,44,0,0,0
2022-02-25 08:45,143,85,58,0,0,0
2022-02-25 09:00,111,77,34,0,0,0
2022-02-25 09:15,80,51,29,0,0,0
2022-02-25 09:30,87,54,33,0,0,0
2022-02-25 09:45,89,52,37,0,0,0
2022-02-25 10:00,99,63,36,0,0,0
2022-02-25 10:15,84,55,29,0,0,0
2022-02-25 10:30,100,57,43,0,0,0
2022-02-25 10:45,79,50,29,0,0,0
2022-02-25 11:00,80,43,37,0,0,0
2022-02-25 11:15,103,53,50,0,0,0
2022-02-25 11:30,88,37,51,0,0,0
2022-02-25 11:45,122,57,65,0,0,0
2022-02-25 12:00,94,44,50,0,0,0
2022-02-25 12:15,90,44,46,0,0,0
2022-02-25 12:30,91,39,52,0,0,0
2022-02-25 12:45,108,51,57,0,0,0
2022-02-25 13:00,135,52,83,0,0,0
2022-02-25 13:15,154,62,92,0,0,0
2022-02-25 13:30,110,41,69,0,0,0
2022-02-25 13:45,121,60,61,0,0,0
2022-02-25 14:00,136,68,68,0,0,0
2022-02-25 14:15,115,55,60,0,0,0
2022-02-25 14:30,132,62,70,0,0,0
2022-02-25 14:45,113,52,61,0,0,0
2022-02-25 15:00,115,66,49,0,0,0
2022-02-25 15:15,136,73,63,0,0,0
2022-02-25 15:30,150,75,75,0,0,0
2022-02-25 15:45,130,57,73,0,0,0
2022-02-25 16:00,140,75,65,0,0,0
2022-02-25 16:15,136,77,59,0,0,0
2022-02-25 16:30,145,79,66,0,0,0
2022-02-25 16:45,167,97,70,0,0,0
2022-02-25 17:00,167,102,65,0,0,0
2022-02-25 17:15,205,127,78,0,0,0
2022-02-25 17:30,148,98,50,0,0,0
2022-02-25 17:45,155,82,73,0,0,0
2022-02-25 18:00,136,49,87,0,0,0
2022-02-25 18:15,134,45,89,0,0,0
2022-02-25 18:30,187,53,134,0,0,0
2022-02-25 18:45,139,67,72,0,0,0
2022-02-25 19:00,160,70,90,0,0,0
2022-02-25 19:15,118,60,58,0,0,0
2022-02-25 19:30,121,49,72,0,0,0
2022-02-25 19:45,103,57,46,0,0,0
2022-02-25 20:00,93,49,44,0,0,0
2022-02-25 20:15,87,44,43,0,0,0
2022-02-25 20:30,82,39,43,0,0,0
2022-02-25 20:45,68,23,45,0,0,0
2022-02-25 21:00,49,22,27,0,0,0
2022-02-25 21:15,49,17,32,0,0,0
2022-02-25 21:30,51,15,36,0,0,0
2022-02-25 21:45,51,21,30,0,0,0
2022-02-25 22:00,29,12,17,0,0,0
2022-02-25 22:15,44,17,27,0,0,0
2022-02-25 22:30,38,17,21,0,0,0
2022-02-25 22:45,38,20,18,0,0,0
2022-02-25 23:00,41,12,29,0,0,0
2022-02-25 23:15,36,11,25,0,0,0
2022-02-25 23:30,63,27,36,0,0,0
2022-02-25 23:45,42,15,27,0,0,0
2022-02-26 00:00,43,8,35,0,0,0
2022-02-26 00:15,34,7,27,0,0,0
2022-02-26 00:30,32,15,17,0,0,0
2022-02-26 00:45,26,7,19,0,0,0
2022-02-26 01:00,30,13,17,0,0,0
2022-02-26 01:15,34,12,22,0,0,0
2022-02-26 01:30,23,6,17,0,0,0
2022-02-26 01:45,21,9,12,0,0,0
2022-02-26 02:00,23,4,19,0,0,0
2022-02-26 02:15,26,8,18,0,0,0
2022-02-26 02:30,9,1,8,0,0,0
2022-02-26 02:45,21,6,15,0,0,0
2022-02-26 03:00,18,4,14,0,0,0
2022-02-26 03:15,16,12,4,0,0,0
2022-02-26 03:30,11,4,7,0,0,0
2022-02-26 03:45,10,1,9,0,0,0
2022-02-26 04:00,12,1,11,0,0,0
2022-02-26 04:15,9,2,7,0,0,0
2022-02-26 04:30,9,4,5,0,0,0
2022-02-26 04:45,11,3,8,0,0,0
2022-02-26 05:00,8,3,5,0,0,0
2022-02-26 05:15,7,3,4,0,0,0
2022-02-26 05:30,11,9,2,0,0,0
2022-02-26 05:45,5,4,1,0,0,0
2022-02-26 06:00,6,3,3,0,0,0
2022-02-26 06:15,11,6,5,0,0,0
2022-02-26 06:30,10,4,6,0,0,0
2022-02-26 06:45,9,7,2,0,0,0
2022-02-26 07:00,7,6,1,0,0,0
2022-02-26 07:15,16,10,6,0,0,0
2022-02-26 07:30,34,21,13,0,0,0
2022-02-26 07:45,40,28,12,0,0,0
2022-02-26 08:00,20,17,3,0,0,0
2022-02-26 08:15,27,21,6,0,0,0
2022-02-26 08:30,47,35,12,0,0,0
2022-02-26 08:45,53,33,20,0,0,0
2022-02-26 09:00,71,57,14,0,0,0
2022-02-26 09:15,65,51,14,0,0,0
2022-02-26 09:30,88,56,32,0,0,0
2022-02-26 09:45,107,82,25,0,0,0
2022-02-26 10:00,95,74,21,0,0,0
2022-02-26 10:15,91,65,26,0,0,0
2022-02-26 10:30,73,48,25,0,0,0
2022-02-26 10:45,111,71,40,0,0,0
2022-02-26 11:00,106,77,29,0,0,0
2022-02-26 11:15,121,80,41,0,0,0
2022-02-26 11:30,133,89,44,0,0,0
2022-02-26 11:45,146,73,73,0,0,0
2022-02-26 12:00,139,89,50,0,0,0
2022-02-26 12:15,143,90,53,0,0,0
2022-02-26 12:30,137,90,47,0,0,0
2022-02-26 12:45,158,95,63,0,0,0
2022-02-26 13:00,160,92,68,0,0,0
2022-02-26 13:15,138,67,71,0,0,0
2022-02-26 13:30,160,88,72,0,0,0
2022-02-26 13:45,147,80,67,0,0,0
2022-02-26 14:00,127,57,70,0,0,0
2022-02-26 14:15,126,73,53,0,0,0
2022-02-26 14:30,124,60,64,0,0,0
2022-02-26 14:45,155,79,76,0,0,0
2022-02-26 15:00,103,42,61,0,0,0
2022-02-26 15:15,126,54,72,0,0,0
2022-02-26 15:30,114,55,59,0,0,0
2022-02-26 15:45,137,79,58,0,0,0
2022-02-26 16:00,127,60,67,0,0,0
2022-02-26 16:15,124,51,73,0,0,0
2022-02-26 16:30,110,48,62,0,0,0
2022-02-26 16:45,124,71,53,0,0,0
2022-02-26 17:00,121,56,65,0,0,0
2022-02-26 17:15,100,36,64,0,0,0
2022-02-26 17:30,112,52,60,0,0,0
2022-02-26 17:45,119,48,71,0,0,0
2022-02-26 18:00,136,47,89,0,0,0
2022-02-26 18:15,114,44,70,0,0,0
2022-02-26 18:30,104,42,62,0,0,0
2022-02-26 18:45,96,54,42,0,0,0
2022-02-26 19:00,106,53,53,0,0,0
2022-02-26 19:15,98,45,53,0,0,0
2022-02-26 19:30,64,27,37,0,0,0
2022-02-26 19:45,90,37,53,0,0,0
2022-02-26 20:00,95,47,48,0,0,0
2022-02-26 20:15,87,34,53,0,0,0
2022-02-26 20:30,66,32,34,0,0,0
2022-02-26 20:45,44,14,30,0,0,0
2022-02-26 21:00,56,27,29,0,0,0
2022-02-26 21:15,44,17,27,0,0,0
2022-02-26 21:30,36,14,22,0,0,0
2022-02-26 21:45,47,15,32,0,0,0
2022-02-26 22:00,53,32,21,0,0,0
2022-02-26 22:15,53,22,31,0,0,0
2022-02-26 22:30,24,8,16,0,0,0
2022-02-26 22:45,30,13,17,0,0,0
2022-02-26 23:00,51,11,40,0,0,0
2022-02-26 23:15,38,21,17,0,0,0
2022-02-26 23:30,51,16,35,0,0,0
2022-02-26 23:45,26,4,22,0,0,0
2022-02-27 00:00,40,16,24,0,0,0
2022-02-27 00:15,33,9,24,0,0,0
2022-02-27 00:30,39,10,29,0,0,0
2022-02-27 00:45,48,22,26,0,0,0
2022-02-27 01:00,24,7,17,0,0,0
2022-02-27 01:15,28,9,19,0,0,0
2022-02-27 01:30,32,10,22,0,0,0
2022-02-27 01:45,29,10,19,0,0,0
2022-02-27 02:00,25,7,18,0,0,0
2022-02-27 02:15,30,5,25,0,0,0
2022-02-27 02:30,17,5,12,0,0,0
2022-02-27 02:45,23,6,17,0,0,0
2022-02-27 03:00,21,6,15,0,0,0
2022-02-27 03:15,15,3,12,0,0,0
2022-02-27 03:30,11,3,8,0,0,0
2022-02-27 03:45,5,1,4,0,0,0
2022-02-27 04:00,14,2,12,0,0,0
2022-02-27 04:15,8,4,4,0,0,0
2022-02-27 04:30,4,0,4,0,0,0
2022-02-27 04:45,6,4,2,0,0,0
2022-02-27 05:00,9,2,7,0,0,0
2022-02-27 05:15,3,0,3,0,0,0
2022-02-27 05:30,3,1,2,0,0,0
2022-02-27 05:45,1,0,1,0,0,0
2022-02-27 06:00,4,2,2,0,0,0
2022-02-27 06:15,9,4,5,0,0,0
2022-02-27 06:30,6,3,3,0,0,0
2022-02-27 06:45,8,3,5,0,0,0
2022-02-27 07:00,1,0,1,0,0,0
2022-02-27 07:15,6,2,4,0,0,0
2022-02-27 07:30,9,8,1,0,0,0
2022-02-27 07:45,12,10,2,0,0,0
2022-02-27 08:00,8,1,7,0,0,0
2022-02-27 08:15,10,5,5,0,0,0
2022-02-27 08:30,18,11,7,0,0,0
2022-02-27 08:45,20,11,9,0,0,0
2022-02-27 09:00,28,20,8,0,0,0
2022-02-27 09:15,29,19,10,0,0,0
2022-02-27 09:30,50,30,20,0,0,0
2022-02-27 09:45,66,48,18,0,0,0
2022-02-27 10:00,57,42,15,0,0,0
2022-02-27 10:15,48,34,14,0,0,0
2022-02-27 10:30,46,30,16,0,0,0
2022-02-27 10:45,75,45,30,0,0,0
2022-02-27 11:00,67,43,24,0,0,0
2022-02-27 11:15,61,34,27,0,0,0
2022-02-27 11:30,61,40,21,0,0,0
2022-02-27 11:45,102,64,38,0,0,0
2022-02-27 12:00,92,58,34,0,0,0
2022-02-27 12:15,89,60,29,0,0,0
2022-02-27 12:30,95,71,24,0,0,0
2022-02-27 12:45,101,65,36,0,0,0
2022-02-27 13:00,136,72,64,0,0,0
2022-02-27 13:15,138,63,75,0,0,0
2022-02-27 13:30,112,57,55,0,0,0
2022-02-27 13:45,141,71,70,0,0,0
2022-02-27 14:00,120,75,45,0,0,0
2022-02-27 14:15,127,72,55,0,0,0
2022-02-27 14:30,137,76,61,0,0,0
2022-02-27 14:45,144,88,56,0,0,0
2022-02-27 15:00,133,74,59,0,0,0
2022-02-27 15:15,140,74,66,0,0,0
2022-02-27 15:30,138,65,73,0,0,0
2022-02-27 15:45,127,68,59,0,0,0
2022-02-27 16:00,125,70,55,0,0,0
2022-02-27 16:15,109,53,56,0,0,0
2022-02-27 16:30,99,42,57,0,0,0
2022-02-27 16:45,120,70,50,0,0,0
2022-02-27 17:00,125,65,60,0,0,0
2022-02-27 17:15,112,49,63,0,0,0
2022-02-27 17:30,102,50,52,0,0,0
2022-02-27 17:45,119,47,72,0,0,0
2022-02-27 18:00,74,24,50,0,0,0
2022-02-27 18:15,67,30,37,0,0,0
2022-02-27 18:30,70,24,46,0,0,0
2022-02-27 18:45,84,43,41,0,0,0
2022-02-27 19:00,77,35,42,0,0,0
2022-02-27 19:15,67,33,34,0,0,0
2022-02-27 19:30,64,25,39,0,0,0
2022-02-27 19:45,67,30,37,0,0,0
2022-02-27 20:00,49,17,32,0,0,0
2022-02-27 20:15,54,20,34,0,0,0
2022-02-27 20:30,37,20,17,0,0,0
2022-02-27 20:45,37,11,26,0,0,0
2022-02-27 21:00,38,20,18,0,0,0
2022-02-27 21:15,38,8,30,0,0,0
2022-02-27 21:30,19,4,15,0,0,0
2022-02-27 21:45,34,14,20,0,0,0
2022-02-27 22:00,37,14,23,0,0,0
2022-02-27 22:15,19,7,12,0,0,0
2022-02-27 22:30,32,10,22,0,0,0
2022-02-27 22:45,25,13,12,0,0,0
2022-02-27 23:00,22,4,18,0,0,0
2022-02-27 23:15,22,7,15,0,0,0
2022-02-27 23:30,8,0,8,0,0,0
2022-02-27 23:45,22,8,14,0,0,0
