Datetime,100035541 (Neutor),101035541 (Neutor stadteinwÃ¤rts),102035541 (Neutor stadtauswÃ¤rts),100035541-status,101035541-status,102035541-status
2022-05-01 00:00,55,18,37,0,0,0
2022-05-01 00:15,61,20,41,0,0,0
2022-05-01 00:30,65,22,43,0,0,0
2022-05-01 00:45,79,25,54,0,0,0
2022-05-01 01:00,76,23,53,0,0,0
2022-05-01 01:15,53,12,41,0,0,0
2022-05-01 01:30,56,16,40,0,0,0
2022-05-01 01:45,53,16,37,0,0,0
2022-05-01 02:00,72,14,58,0,0,0
2022-05-01 02:15,32,5,27,0,0,0
2022-05-01 02:30,22,4,18,0,0,0
2022-05-01 02:45,54,11,43,0,0,0
2022-05-01 03:00,52,13,39,0,0,0
2022-05-01 03:15,36,6,30,0,0,0
2022-05-01 03:30,34,10,24,0,0,0
2022-05-01 03:45,26,2,24,0,0,0
2022-05-01 04:00,25,4,21,0,0,0
2022-05-01 04:15,34,8,26,0,0,0
2022-05-01 04:30,16,3,13,0,0,0
2022-05-01 04:45,11,2,9,0,0,0
2022-05-01 05:00,8,1,7,0,0,0
2022-05-01 05:15,16,2,14,0,0,0
2022-05-01 05:30,13,2,11,0,0,0
2022-05-01 05:45,14,7,7,0,0,0
2022-05-01 06:00,11,3,8,0,0,0
2022-05-01 06:15,16,4,12,0,0,0
2022-05-01 06:30,14,3,11,0,0,0
2022-05-01 06:45,8,1,7,0,0,0
2022-05-01 07:00,11,7,4,0,0,0
2022-05-01 07:15,11,4,7,0,0,0
2022-05-01 07:30,13,10,3,0,0,0
2022-05-01 07:45,14,7,7,0,0,0
2022-05-01 08:00,15,12,3,0,0,0
2022-05-01 08:15,16,8,8,0,0,0
2022-05-01 08:30,20,13,7,0,0,0
2022-05-01 08:45,26,20,6,0,0,0
2022-05-01 09:00,35,21,14,0,0,0
2022-05-01 09:15,43,28,15,0,0,0
2022-05-01 09:30,47,33,14,0,0,0
2022-05-01 09:45,68,45,23,0,0,0
2022-05-01 10:00,60,36,24,0,0,0
2022-05-01 10:15,59,46,13,0,0,0
2022-05-01 10:30,64,35,29,0,0,0
2022-05-01 10:45,101,64,37,0,0,0
2022-05-01 11:00,123,68,55,0,0,0
2022-05-01 11:15,105,59,46,0,0,0
2022-05-01 11:30,115,62,53,0,0,0
2022-05-01 11:45,97,48,49,0,0,0
2022-05-01 12:00,117,52,65,0,0,0
2022-05-01 12:15,107,47,60,0,0,0
2022-05-01 12:30,102,63,39,0,0,0
2022-05-01 12:45,142,73,69,0,0,0
2022-05-01 13:00,123,71,52,0,0,0
2022-05-01 13:15,131,76,55,0,0,0
2022-05-01 13:30,129,78,51,0,0,0
2022-05-01 13:45,151,93,58,0,0,0
2022-05-01 14:00,145,92,53,0,0,0
2022-05-01 14:15,136,78,58,0,0,0
2022-05-01 14:30,150,83,67,0,0,0
2022-05-01 14:45,137,82,55,0,0,0
2022-05-01 15:00,140,75,65,0,0,0
2022-05-01 15:15,136,100,36,0,0,0
2022-05-01 15:30,152,90,62,0,0,0
2022-05-01 15:45,179,116,63,0,0,0
2022-05-01 16:00,176,101,75,0,0,0
2022-05-01 16:15,134,80,54,0,0,0
2022-05-01 16:30,120,61,59,0,0,0
2022-05-01 16:45,147,88,59,0,0,0
2022-05-01 17:00,177,82,95,0,0,0
2022-05-01 17:15,114,51,63,0,0,0
2022-05-01 17:30,124,75,49,0,0,0
2022-05-01 17:45,126,46,80,0,0,0
2022-05-01 18:00,123,49,74,0,0,0
2022-05-01 18:15,123,59,64,0,0,0
2022-05-01 18:30,121,37,84,0,0,0
2022-05-01 18:45,111,54,57,0,0,0
2022-05-01 19:00,137,52,85,0,0,0
2022-05-01 19:15,125,53,72,0,0,0
2022-05-01 19:30,106,35,71,0,0,0
2022-05-01 19:45,107,33,74,0,0,0
2022-05-01 20:00,85,24,61,0,0,0
2022-05-01 20:15,108,34,74,0,0,0
2022-05-01 20:30,90,26,64,0,0,0
2022-05-01 20:45,83,23,60,0,0,0
2022-05-01 21:00,106,31,75,0,0,0
2022-05-01 21:15,88,23,65,0,0,0
2022-05-01 21:30,76,20,56,0,0,0
2022-05-01 21:45,94,21,73,0,0,0
2022-05-01 22:00,95,20,75,0,0,0
2022-05-01 22:15,85,16,69,0,0,0
2022-05-01 22:30,63,16,47,0,0,0
2022-05-01 22:45,66,8,58,0,0,0
2022-05-01 23:00,50,12,38,0,0,0
2022-05-01 23:15,44,13,31,0,0,0
2022-05-01 23:30,47,5,42,0,0,0
2022-05-01 23:45,40,6,34,0,0,0
2022-05-02 00:00,23,2,21,0,0,0
2022-05-02 00:15,16,2,14,0,0,0
2022-05-02 00:30,18,5,13,0,0,0
2022-05-02 00:45,20,4,16,0,0,0
2022-05-02 01:00,12,4,8,0,0,0
2022-05-02 01:15,11,1,10,0,0,0
2022-05-02 01:30,14,3,11,0,0,0
2022-05-02 01:45,11,2,9,0,0,0
2022-05-02 02:00,6,1,5,0,0,0
2022-05-02 02:15,3,2,1,0,0,0
2022-05-02 02:30,2,0,2,0,0,0
2022-05-02 02:45,0,0,0,0,0,0
2022-05-02 03:00,0,0,0,0,0,0
2022-05-02 03:15,0,0,0,0,0,0
2022-05-02 03:30,0,0,0,0,0,0
2022-05-02 03:45,2,0,2,0,0,0
2022-05-02 04:00,1,1,0,0,0,0
2022-05-02 04:15,6,1,5,0,0,0
2022-05-02 04:30,7,4,3,0,0,0
2022-05-02 04:45,7,5,2,0,0,0
2022-05-02 05:00,8,3,5,0,0,0
2022-05-02 05:15,14,12,2,0,0,0
2022-05-02 05:30,21,17,4,0,0,0
2022-05-02 05:45,14,9,5,0,0,0
2022-05-02 06:00,26,14,12,0,0,0
2022-05-02 06:15,33,23,10,0,0,0
2022-05-02 06:30,68,34,34,0,0,0
2022-05-02 06:45,64,41,23,0,0,0
2022-05-02 07:00,86,53,33,0,0,0
2022-05-02 07:15,186,140,46,0,0,0
2022-05-02 07:30,357,265,92,0,0,0
2022-05-02 07:45,369,220,149,0,0,0
2022-05-02 08:00,316,163,153,0,0,0
2022-05-02 08:15,277,171,106,0,0,0
2022-05-02 08:30,241,138,103,0,0,0
2022-05-02 08:45,201,102,99,0,0,0
2022-05-02 09:00,167,96,71,0,0,0
2022-05-02 09:15,118,59,59,0,0,0
2022-05-02 09:30,169,91,78,0,0,0
2022-05-02 09:45,310,169,141,0,0,0
2022-05-02 10:00,380,215,165,0,0,0
2022-05-02 10:15,146,76,70,0,0,0
2022-05-02 10:30,97,52,45,0,0,0
2022-05-02 10:45,133,72,61,0,0,0
2022-05-02 11:00,126,75,51,0,0,0
2022-05-02 11:15,133,86,47,0,0,0
2022-05-02 11:30,153,82,71,0,0,0
2022-05-02 11:45,381,190,191,0,0,0
2022-05-02 12:00,342,216,126,0,0,0
2022-05-02 12:15,204,96,108,0,0,0
2022-05-02 12:30,171,72,99,0,0,0
2022-05-02 12:45,224,123,101,0,0,0
2022-05-02 13:00,273,107,166,0,0,0
2022-05-02 13:15,211,100,111,0,0,0
2022-05-02 13:30,235,108,127,0,0,0
2022-05-02 13:45,422,206,216,0,0,0
2022-05-02 14:00,401,236,165,0,0,0
2022-05-02 14:15,209,93,116,0,0,0
2022-05-02 14:30,175,87,88,0,0,0
2022-05-02 14:45,239,118,121,0,0,0
2022-05-02 15:00,238,108,130,0,0,0
2022-05-02 15:15,200,101,99,0,0,0
2022-05-02 15:30,352,138,214,0,0,0
2022-05-02 15:45,541,241,300,0,0,0
2022-05-02 16:00,421,207,214,0,0,0
2022-05-02 16:15,246,126,120,0,0,0
2022-05-02 16:30,262,112,150,0,0,0
2022-05-02 16:45,329,143,186,0,0,0
2022-05-02 17:00,308,163,145,0,0,0
2022-05-02 17:15,308,137,171,0,0,0
2022-05-02 17:30,365,164,201,0,0,0
2022-05-02 17:45,584,254,330,0,0,0
2022-05-02 18:00,457,209,248,0,0,0
2022-05-02 18:15,295,135,160,0,0,0
2022-05-02 18:30,268,116,152,0,0,0
2022-05-02 18:45,268,119,149,0,0,0
2022-05-02 19:00,243,100,143,0,0,0
2022-05-02 19:15,243,106,137,0,0,0
2022-05-02 19:30,264,102,162,0,0,0
2022-05-02 19:45,312,140,172,0,0,0
2022-05-02 20:00,264,121,143,0,0,0
2022-05-02 20:15,231,109,122,0,0,0
2022-05-02 20:30,135,77,58,0,0,0
2022-05-02 20:45,145,70,75,0,0,0
2022-05-02 21:00,121,65,56,0,0,0
2022-05-02 21:15,157,101,56,0,0,0
2022-05-02 21:30,132,47,85,0,0,0
2022-05-02 21:45,132,72,60,0,0,0
2022-05-02 22:00,113,51,62,0,0,0
2022-05-02 22:15,115,43,72,0,0,0
2022-05-02 22:30,85,18,67,0,0,0
2022-05-02 22:45,75,23,52,0,0,0
2022-05-02 23:00,84,27,57,0,0,0
2022-05-02 23:15,50,15,35,0,0,0
2022-05-02 23:30,30,14,16,0,0,0
2022-05-02 23:45,17,8,9,0,0,0
2022-05-03 00:00,38,12,26,0,0,0
2022-05-03 00:15,27,6,21,0,0,0
2022-05-03 00:30,10,3,7,0,0,0
2022-05-03 00:45,14,7,7,0,0,0
2022-05-03 01:00,13,5,8,0,0,0
2022-05-03 01:15,13,3,10,0,0,0
2022-05-03 01:30,2,2,0,0,0,0
2022-05-03 01:45,8,2,6,0,0,0
2022-05-03 02:00,7,3,4,0,0,0
2022-05-03 02:15,4,0,4,0,0,0
2022-05-03 02:30,2,1,1,0,0,0
2022-05-03 02:45,1,0,1,0,0,0
2022-05-03 03:00,1,1,0,0,0,0
2022-05-03 03:15,2,1,1,0,0,0
2022-05-03 03:30,1,1,0,0,0,0
2022-05-03 03:45,0,0,0,0,0,0
2022-05-03 04:00,2,0,2,0,0,0
2022-05-03 04:15,2,0,2,0,0,0
2022-05-03 04:30,7,5,2,0,0,0
2022-05-03 04:45,10,8,2,0,0,0
2022-05-03 05:00,11,7,4,0,0,0
2022-05-03 05:15,13,13,0,0,0,0
2022-05-03 05:30,27,20,7,0,0,0
2022-05-03 05:45,15,11,4,0,0,0
2022-05-03 06:00,29,21,8,0,0,0
2022-05-03 06:15,53,38,15,0,0,0
2022-05-03 06:30,69,49,20,0,0,0
2022-05-03 06:45,104,71,33,0,0,0
2022-05-03 07:00,116,68,48,0,0,0
2022-05-03 07:15,197,134,63,0,0,0
2022-05-03 07:30,351,267,84,0,0,0
2022-05-03 07:45,476,287,189,0,0,0
2022-05-03 08:00,536,320,216,0,0,0
2022-05-03 08:15,323,210,113,0,0,0
2022-05-03 08:30,192,116,76,0,0,0
2022-05-03 08:45,273,158,115,0,0,0
2022-05-03 09:00,240,155,85,0,0,0
2022-05-03 09:15,148,88,60,0,0,0
2022-05-03 09:30,172,93,79,0,0,0
2022-05-03 09:45,428,195,233,0,0,0
2022-05-03 10:00,503,285,218,0,0,0
2022-05-03 10:15,141,66,75,0,0,0
2022-05-03 10:30,123,71,52,0,0,0
2022-05-03 10:45,143,74,69,0,0,0
2022-05-03 11:00,129,67,62,0,0,0
2022-05-03 11:15,151,89,62,0,0,0
2022-05-03 11:30,181,80,101,0,0,0
2022-05-03 11:45,470,208,262,0,0,0
2022-05-03 12:00,379,199,180,0,0,0
2022-05-03 12:15,217,113,104,0,0,0
2022-05-03 12:30,197,82,115,0,0,0
2022-05-03 12:45,225,103,122,0,0,0
2022-05-03 13:00,280,99,181,0,0,0
2022-05-03 13:15,266,92,174,0,0,0
2022-05-03 13:30,246,105,141,0,0,0
2022-05-03 13:45,545,275,270,0,0,0
2022-05-03 14:00,436,245,191,0,0,0
2022-05-03 14:15,240,127,113,0,0,0
2022-05-03 14:30,211,93,118,0,0,0
2022-05-03 14:45,246,121,125,0,0,0
2022-05-03 15:00,207,95,112,0,0,0
2022-05-03 15:15,229,121,108,0,0,0
2022-05-03 15:30,273,126,147,0,0,0
2022-05-03 15:45,572,271,301,0,0,0
2022-05-03 16:00,473,229,244,0,0,0
2022-05-03 16:15,318,157,161,0,0,0
2022-05-03 16:30,303,135,168,0,0,0
2022-05-03 16:45,355,157,198,0,0,0
2022-05-03 17:00,323,186,137,0,0,0
2022-05-03 17:15,345,183,162,0,0,0
2022-05-03 17:30,367,174,193,0,0,0
2022-05-03 17:45,591,282,309,0,0,0
2022-05-03 18:00,411,214,197,0,0,0
2022-05-03 18:15,329,131,198,0,0,0
2022-05-03 18:30,275,135,140,0,0,0
2022-05-03 18:45,289,122,167,0,0,0
2022-05-03 19:00,252,127,125,0,0,0
2022-05-03 19:15,302,167,135,0,0,0
2022-05-03 19:30,249,132,117,0,0,0
2022-05-03 19:45,298,117,181,0,0,0
2022-05-03 20:00,219,97,122,0,0,0
2022-05-03 20:15,209,104,105,0,0,0
2022-05-03 20:30,168,70,98,0,0,0
2022-05-03 20:45,161,77,84,0,0,0
2022-05-03 21:00,139,67,72,0,0,0
2022-05-03 21:15,136,45,91,0,0,0
2022-05-03 21:30,111,45,66,0,0,0
2022-05-03 21:45,147,42,105,0,0,0
2022-05-03 22:00,123,45,78,0,0,0
2022-05-03 22:15,108,39,69,0,0,0
2022-05-03 22:30,93,32,61,0,0,0
2022-05-03 22:45,112,43,69,0,0,0
2022-05-03 23:00,67,23,44,0,0,0
2022-05-03 23:15,82,28,54,0,0,0
2022-05-03 23:30,48,19,29,0,0,0
2022-05-03 23:45,38,16,22,0,0,0
2022-05-04 00:00,39,11,28,0,0,0
2022-05-04 00:15,44,9,35,0,0,0
2022-05-04 00:30,22,4,18,0,0,0
2022-05-04 00:45,24,2,22,0,0,0
2022-05-04 01:00,27,3,24,0,0,0
2022-05-04 01:15,22,3,19,0,0,0
2022-05-04 01:30,11,3,8,0,0,0
2022-05-04 01:45,14,6,8,0,0,0
2022-05-04 02:00,5,5,0,0,0,0
2022-05-04 02:15,6,3,3,0,0,0
2022-05-04 02:30,2,0,2,0,0,0
2022-05-04 02:45,7,0,7,0,0,0
2022-05-04 03:00,4,0,4,0,0,0
2022-05-04 03:15,0,0,0,0,0,0
2022-05-04 03:30,2,2,0,0,0,0
2022-05-04 03:45,0,0,0,0,0,0
2022-05-04 04:00,1,1,0,0,0,0
2022-05-04 04:15,3,2,1,0,0,0
2022-05-04 04:30,7,5,2,0,0,0
2022-05-04 04:45,8,7,1,0,0,0
2022-05-04 05:00,10,8,2,0,0,0
2022-05-04 05:15,13,11,2,0,0,0
2022-05-04 05:30,23,15,8,0,0,0
2022-05-04 05:45,15,13,2,0,0,0
2022-05-04 06:00,34,28,6,0,0,0
2022-05-04 06:15,43,31,12,0,0,0
2022-05-04 06:30,77,52,25,0,0,0
2022-05-04 06:45,83,52,31,0,0,0
2022-05-04 07:00,116,78,38,0,0,0
2022-05-04 07:15,250,199,51,0,0,0
2022-05-04 07:30,295,206,89,0,0,0
2022-05-04 07:45,445,250,195,0,0,0
2022-05-04 08:00,480,244,236,0,0,0
2022-05-04 08:15,342,197,145,0,0,0
2022-05-04 08:30,233,141,92,0,0,0
2022-05-04 08:45,290,182,108,0,0,0
2022-05-04 09:00,278,159,119,0,0,0
2022-05-04 09:15,176,104,72,0,0,0
2022-05-04 09:30,199,114,85,0,0,0
2022-05-04 09:45,403,217,186,0,0,0
2022-05-04 10:00,416,235,181,0,0,0
2022-05-04 10:15,179,103,76,0,0,0
2022-05-04 10:30,154,77,77,0,0,0
2022-05-04 10:45,174,93,81,0,0,0
2022-05-04 11:00,163,84,79,0,0,0
2022-05-04 11:15,175,97,78,0,0,0
2022-05-04 11:30,209,112,97,0,0,0
2022-05-04 11:45,442,213,229,0,0,0
2022-05-04 12:00,363,203,160,0,0,0
2022-05-04 12:15,240,127,113,0,0,0
2022-05-04 12:30,250,123,127,0,0,0
2022-05-04 12:45,250,128,122,0,0,0
2022-05-04 13:00,274,131,143,0,0,0
2022-05-04 13:15,258,113,145,0,0,0
2022-05-04 13:30,259,100,159,0,0,0
2022-05-04 13:45,449,222,227,0,0,0
2022-05-04 14:00,391,179,212,0,0,0
2022-05-04 14:15,271,124,147,0,0,0
2022-05-04 14:30,219,118,101,0,0,0
2022-05-04 14:45,264,122,142,0,0,0
2022-05-04 15:00,257,120,137,0,0,0
2022-05-04 15:15,218,106,112,0,0,0
2022-05-04 15:30,310,158,152,0,0,0
2022-05-04 15:45,470,224,246,0,0,0
2022-05-04 16:00,478,248,230,0,0,0
2022-05-04 16:15,362,178,184,0,0,0
2022-05-04 16:30,295,140,155,0,0,0
2022-05-04 16:45,339,156,183,0,0,0
2022-05-04 17:00,337,164,173,0,0,0
2022-05-04 17:15,344,180,164,0,0,0
2022-05-04 17:30,359,177,182,0,0,0
2022-05-04 17:45,505,186,319,0,0,0
2022-05-04 18:00,507,206,301,0,0,0
2022-05-04 18:15,352,173,179,0,0,0
2022-05-04 18:30,291,131,160,0,0,0
2022-05-04 18:45,332,174,158,0,0,0
2022-05-04 19:00,293,155,138,0,0,0
2022-05-04 19:15,283,153,130,0,0,0
2022-05-04 19:30,304,165,139,0,0,0
2022-05-04 19:45,346,165,181,0,0,0
2022-05-04 20:00,307,161,146,0,0,0
2022-05-04 20:15,238,121,117,0,0,0
2022-05-04 20:30,229,126,103,0,0,0
2022-05-04 20:45,234,116,118,0,0,0
2022-05-04 21:00,205,91,114,0,0,0
2022-05-04 21:15,153,68,85,0,0,0
2022-05-04 21:30,152,65,87,0,0,0
2022-05-04 21:45,176,58,118,0,0,0
2022-05-04 22:00,121,36,85,0,0,0
2022-05-04 22:15,113,44,69,0,0,0
2022-05-04 22:30,100,37,63,0,0,0
2022-05-04 22:45,81,29,52,0,0,0
2022-05-04 23:00,125,47,78,0,0,0
2022-05-04 23:15,159,105,54,0,0,0
2022-05-04 23:30,104,66,38,0,0,0
2022-05-04 23:45,177,108,69,0,0,0
2022-05-05 00:00,132,89,43,0,0,0
2022-05-05 00:15,120,70,50,0,0,0
2022-05-05 00:30,83,45,38,0,0,0
2022-05-05 00:45,61,38,23,0,0,0
2022-05-05 01:00,52,7,45,0,0,0
2022-05-05 01:15,43,15,28,0,0,0
2022-05-05 01:30,45,12,33,0,0,0
2022-05-05 01:45,22,4,18,0,0,0
2022-05-05 02:00,45,5,40,0,0,0
2022-05-05 02:15,30,3,27,0,0,0
2022-05-05 02:30,35,4,31,0,0,0
2022-05-05 02:45,43,4,39,0,0,0
2022-05-05 03:00,38,8,30,0,0,0
2022-05-05 03:15,68,5,63,0,0,0
2022-05-05 03:30,61,2,59,0,0,0
2022-05-05 03:45,48,4,44,0,0,0
2022-05-05 04:00,53,9,44,0,0,0
2022-05-05 04:15,64,5,59,0,0,0
2022-05-05 04:30,76,9,67,0,0,0
2022-05-05 04:45,66,12,54,0,0,0
2022-05-05 05:00,44,7,37,0,0,0
2022-05-05 05:15,58,8,50,0,0,0
2022-05-05 05:30,84,17,67,0,0,0
2022-05-05 05:45,28,15,13,0,0,0
2022-05-05 06:00,49,27,22,0,0,0
2022-05-05 06:15,43,31,12,0,0,0
2022-05-05 06:30,53,35,18,0,0,0
2022-05-05 06:45,80,43,37,0,0,0
2022-05-05 07:00,115,76,39,0,0,0
2022-05-05 07:15,185,125,60,0,0,0
2022-05-05 07:30,273,202,71,0,0,0
2022-05-05 07:45,333,193,140,0,0,0
2022-05-05 08:00,379,217,162,0,0,0
2022-05-05 08:15,306,194,112,0,0,0
2022-05-05 08:30,205,127,78,0,0,0
2022-05-05 08:45,265,136,129,0,0,0
2022-05-05 09:00,169,80,89,0,0,0
2022-05-05 09:15,149,91,58,0,0,0
2022-05-05 09:30,168,89,79,0,0,0
2022-05-05 09:45,389,198,191,0,0,0
2022-05-05 10:00,448,223,225,0,0,0
2022-05-05 10:15,173,91,82,0,0,0
2022-05-05 10:30,109,63,46,0,0,0
2022-05-05 10:45,156,63,93,0,0,0
2022-05-05 11:00,160,78,82,0,0,0
2022-05-05 11:15,164,76,88,0,0,0
2022-05-05 11:30,173,89,84,0,0,0
2022-05-05 11:45,368,189,179,0,0,0
2022-05-05 12:00,410,221,189,0,0,0
2022-05-05 12:15,224,117,107,0,0,0
2022-05-05 12:30,188,87,101,0,0,0
2022-05-05 12:45,214,109,105,0,0,0
2022-05-05 13:00,212,98,114,0,0,0
2022-05-05 13:15,224,101,123,0,0,0
2022-05-05 13:30,226,112,114,0,0,0
2022-05-05 13:45,402,183,219,0,0,0
2022-05-05 14:00,396,187,209,0,0,0
2022-05-05 14:15,266,134,132,0,0,0
2022-05-05 14:30,219,108,111,0,0,0
2022-05-05 14:45,255,110,145,0,0,0
2022-05-05 15:00,178,79,99,0,0,0
2022-05-05 15:15,233,122,111,0,0,0
2022-05-05 15:30,282,130,152,0,0,0
2022-05-05 15:45,458,219,239,0,0,0
2022-05-05 16:00,410,206,204,0,0,0
2022-05-05 16:15,324,161,163,0,0,0
2022-05-05 16:30,290,144,146,0,0,0
2022-05-05 16:45,277,128,149,0,0,0
2022-05-05 17:00,299,147,152,0,0,0
2022-05-05 17:15,295,141,154,0,0,0
2022-05-05 17:30,364,162,202,0,0,0
2022-05-05 17:45,465,191,274,0,0,0
2022-05-05 18:00,433,231,202,0,0,0
2022-05-05 18:15,350,154,196,0,0,0
2022-05-05 18:30,320,141,179,0,0,0
2022-05-05 18:45,233,130,103,0,0,0
2022-05-05 19:00,241,131,110,0,0,0
2022-05-05 19:15,243,117,126,0,0,0
2022-05-05 19:30,241,106,135,0,0,0
2022-05-05 19:45,325,141,184,0,0,0
2022-05-05 20:00,244,116,128,0,0,0
2022-05-05 20:15,208,116,92,0,0,0
2022-05-05 20:30,176,84,92,0,0,0
2022-05-05 20:45,171,70,101,0,0,0
2022-05-05 21:00,97,50,47,0,0,0
2022-05-05 21:15,118,61,57,0,0,0
2022-05-05 21:30,112,44,68,0,0,0
2022-05-05 21:45,130,45,85,0,0,0
2022-05-05 22:00,141,42,99,0,0,0
2022-05-05 22:15,122,63,59,0,0,0
2022-05-05 22:30,91,17,74,0,0,0
2022-05-05 22:45,79,18,61,0,0,0
2022-05-05 23:00,86,20,66,0,0,0
2022-05-05 23:15,101,31,70,0,0,0
2022-05-05 23:30,78,22,56,0,0,0
2022-05-05 23:45,63,10,53,0,0,0
2022-05-06 00:00,51,16,35,0,0,0
2022-05-06 00:15,36,14,22,0,0,0
2022-05-06 00:30,23,7,16,0,0,0
2022-05-06 00:45,17,2,15,0,0,0
2022-05-06 01:00,14,5,9,0,0,0
2022-05-06 01:15,11,4,7,0,0,0
2022-05-06 01:30,13,3,10,0,0,0
2022-05-06 01:45,19,1,18,0,0,0
2022-05-06 02:00,7,0,7,0,0,0
2022-05-06 02:15,14,5,9,0,0,0
2022-05-06 02:30,16,2,14,0,0,0
2022-05-06 02:45,9,1,8,0,0,0
2022-05-06 03:00,7,0,7,0,0,0
2022-05-06 03:15,8,1,7,0,0,0
2022-05-06 03:30,7,1,6,0,0,0
2022-05-06 03:45,5,0,5,0,0,0
2022-05-06 04:00,6,1,5,0,0,0
2022-05-06 04:15,6,2,4,0,0,0
2022-05-06 04:30,8,5,3,0,0,0
2022-05-06 04:45,15,14,1,0,0,0
2022-05-06 05:00,11,10,1,0,0,0
2022-05-06 05:15,7,4,3,0,0,0
2022-05-06 05:30,20,14,6,0,0,0
2022-05-06 05:45,16,13,3,0,0,0
2022-05-06 06:00,27,20,7,0,0,0
2022-05-06 06:15,40,25,15,0,0,0
2022-05-06 06:30,52,32,20,0,0,0
2022-05-06 06:45,78,55,23,0,0,0
2022-05-06 07:00,111,72,39,0,0,0
2022-05-06 07:15,177,131,46,0,0,0
2022-05-06 07:30,307,240,67,0,0,0
2022-05-06 07:45,346,217,129,0,0,0
2022-05-06 08:00,325,156,169,0,0,0
2022-05-06 08:15,278,162,116,0,0,0
2022-05-06 08:30,226,128,98,0,0,0
2022-05-06 08:45,258,154,104,0,0,0
2022-05-06 09:00,178,107,71,0,0,0
2022-05-06 09:15,157,88,69,0,0,0
2022-05-06 09:30,159,86,73,0,0,0
2022-05-06 09:45,334,165,169,0,0,0
2022-05-06 10:00,358,211,147,0,0,0
2022-05-06 10:15,180,96,84,0,0,0
2022-05-06 10:30,156,90,66,0,0,0
2022-05-06 10:45,149,66,83,0,0,0
2022-05-06 11:00,130,80,50,0,0,0
2022-05-06 11:15,153,84,69,0,0,0
2022-05-06 11:30,194,115,79,0,0,0
2022-05-06 11:45,305,157,148,0,0,0
2022-05-06 12:00,278,190,88,0,0,0
2022-05-06 12:15,227,122,105,0,0,0
2022-05-06 12:30,212,107,105,0,0,0
2022-05-06 12:45,248,136,112,0,0,0
2022-05-06 13:00,302,120,182,0,0,0
2022-05-06 13:15,260,115,145,0,0,0
2022-05-06 13:30,255,142,113,0,0,0
2022-05-06 13:45,322,161,161,0,0,0
2022-05-06 14:00,311,140,171,0,0,0
2022-05-06 14:15,229,123,106,0,0,0
2022-05-06 14:30,206,93,113,0,0,0
2022-05-06 14:45,280,139,141,0,0,0
2022-05-06 15:00,259,132,127,0,0,0
2022-05-06 15:15,235,131,104,0,0,0
2022-05-06 15:30,261,124,137,0,0,0
2022-05-06 15:45,373,212,161,0,0,0
2022-05-06 16:00,323,203,120,0,0,0
2022-05-06 16:15,252,135,117,0,0,0
2022-05-06 16:30,259,139,120,0,0,0
2022-05-06 16:45,308,166,142,0,0,0
2022-05-06 17:00,231,124,107,0,0,0
2022-05-06 17:15,262,126,136,0,0,0
2022-05-06 17:30,290,138,152,0,0,0
2022-05-06 17:45,301,134,167,0,0,0
2022-05-06 18:00,267,158,109,0,0,0
2022-05-06 18:15,255,115,140,0,0,0
2022-05-06 18:30,251,116,135,0,0,0
2022-05-06 18:45,309,179,130,0,0,0
2022-05-06 19:00,273,156,117,0,0,0
2022-05-06 19:15,211,133,78,0,0,0
2022-05-06 19:30,233,125,108,0,0,0
2022-05-06 19:45,231,126,105,0,0,0
2022-05-06 20:00,276,154,122,0,0,0
2022-05-06 20:15,171,78,93,0,0,0
2022-05-06 20:30,175,110,65,0,0,0
2022-05-06 20:45,153,93,60,0,0,0
2022-05-06 21:00,144,71,73,0,0,0
2022-05-06 21:15,129,50,79,0,0,0
2022-05-06 21:30,132,48,84,0,0,0
2022-05-06 21:45,136,50,86,0,0,0
2022-05-06 22:00,135,50,85,0,0,0
2022-05-06 22:15,137,54,83,0,0,0
2022-05-06 22:30,158,50,108,0,0,0
2022-05-06 22:45,112,50,62,0,0,0
2022-05-06 23:00,87,33,54,0,0,0
2022-05-06 23:15,104,45,59,0,0,0
2022-05-06 23:30,83,35,48,0,0,0
2022-05-06 23:45,89,19,70,0,0,0
2022-05-07 00:00,89,26,63,0,0,0
2022-05-07 00:15,100,34,66,0,0,0
2022-05-07 00:30,72,20,52,0,0,0
2022-05-07 00:45,87,32,55,0,0,0
2022-05-07 01:00,70,26,44,0,0,0
2022-05-07 01:15,77,12,65,0,0,0
2022-05-07 01:30,61,16,45,0,0,0
2022-05-07 01:45,70,22,48,0,0,0
2022-05-07 02:00,77,18,59,0,0,0
2022-05-07 02:15,46,15,31,0,0,0
2022-05-07 02:30,31,5,26,0,0,0
2022-05-07 02:45,45,8,37,0,0,0
2022-05-07 03:00,44,9,35,0,0,0
2022-05-07 03:15,19,4,15,0,0,0
2022-05-07 03:30,24,9,15,0,0,0
2022-05-07 03:45,23,2,21,0,0,0
2022-05-07 04:00,30,1,29,0,0,0
2022-05-07 04:15,21,6,15,0,0,0
2022-05-07 04:30,17,2,15,0,0,0
2022-05-07 04:45,15,5,10,0,0,0
2022-05-07 05:00,18,5,13,0,0,0
2022-05-07 05:15,12,4,8,0,0,0
2022-05-07 05:30,22,11,11,0,0,0
2022-05-07 05:45,10,6,4,0,0,0
2022-05-07 06:00,10,4,6,0,0,0
2022-05-07 06:15,12,7,5,0,0,0
2022-05-07 06:30,20,9,11,0,0,0
2022-05-07 06:45,23,15,8,0,0,0
2022-05-07 07:00,13,12,1,0,0,0
2022-05-07 07:15,25,21,4,0,0,0
2022-05-07 07:30,31,24,7,0,0,0
2022-05-07 07:45,50,27,23,0,0,0
2022-05-07 08:00,34,21,13,0,0,0
2022-05-07 08:15,63,31,32,0,0,0
2022-05-07 08:30,64,40,24,0,0,0
2022-05-07 08:45,118,66,52,0,0,0
2022-05-07 09:00,118,81,37,0,0,0
2022-05-07 09:15,115,76,39,0,0,0
2022-05-07 09:30,86,50,36,0,0,0
2022-05-07 09:45,184,124,60,0,0,0
2022-05-07 10:00,130,98,32,0,0,0
2022-05-07 10:15,143,105,38,0,0,0
2022-05-07 10:30,137,98,39,0,0,0
2022-05-07 10:45,158,105,53,0,0,0
2022-05-07 11:00,167,99,68,0,0,0
2022-05-07 11:15,160,89,71,0,0,0
2022-05-07 11:30,127,83,44,0,0,0
2022-05-07 11:45,175,109,66,0,0,0
2022-05-07 12:00,140,74,66,0,0,0
2022-05-07 12:15,179,108,71,0,0,0
2022-05-07 12:30,163,92,71,0,0,0
2022-05-07 12:45,185,112,73,0,0,0
2022-05-07 13:00,172,81,91,0,0,0
2022-05-07 13:15,195,102,93,0,0,0
2022-05-07 13:30,192,132,60,0,0,0
2022-05-07 13:45,206,119,87,0,0,0
2022-05-07 14:00,177,91,86,0,0,0
2022-05-07 14:15,198,90,108,0,0,0
2022-05-07 14:30,207,75,132,0,0,0
2022-05-07 14:45,147,98,49,0,0,0
2022-05-07 15:00,94,87,7,0,0,0
2022-05-07 15:15,109,89,20,0,0,0
2022-05-07 15:30,172,84,88,0,0,0
2022-05-07 15:45,162,90,72,0,0,0
2022-05-07 16:00,151,64,87,0,0,0
2022-05-07 16:15,177,96,81,0,0,0
2022-05-07 16:30,109,36,73,0,0,0
2022-05-07 16:45,166,83,83,0,0,0
2022-05-07 17:00,156,52,104,0,0,0
2022-05-07 17:15,142,68,74,0,0,0
2022-05-07 17:30,164,84,80,0,0,0
2022-05-07 17:45,149,64,85,0,0,0
2022-05-07 18:00,156,74,82,0,0,0
2022-05-07 18:15,156,72,84,0,0,0
2022-05-07 18:30,123,60,63,0,0,0
2022-05-07 18:45,153,75,78,0,0,0
2022-05-07 19:00,148,79,69,0,0,0
2022-05-07 19:15,148,90,58,0,0,0
2022-05-07 19:30,152,76,76,0,0,0
2022-05-07 19:45,149,73,76,0,0,0
2022-05-07 20:00,147,69,78,0,0,0
2022-05-07 20:15,116,48,68,0,0,0
2022-05-07 20:30,117,56,61,0,0,0
2022-05-07 20:45,94,43,51,0,0,0
2022-05-07 21:00,105,44,61,0,0,0
2022-05-07 21:15,87,42,45,0,0,0
2022-05-07 21:30,64,33,31,0,0,0
2022-05-07 21:45,77,30,47,0,0,0
2022-05-07 22:00,89,37,52,0,0,0
2022-05-07 22:15,78,27,51,0,0,0
2022-05-07 22:30,75,31,44,0,0,0
2022-05-07 22:45,91,33,58,0,0,0
2022-05-07 23:00,57,25,32,0,0,0
2022-05-07 23:15,93,19,74,0,0,0
2022-05-07 23:30,100,33,67,0,0,0
2022-05-07 23:45,54,20,34,0,0,0
2022-05-08 00:00,77,24,53,0,0,0
2022-05-08 00:15,83,19,64,0,0,0
2022-05-08 00:30,49,24,25,0,0,0
2022-05-08 00:45,65,30,35,0,0,0
2022-05-08 01:00,54,19,35,0,0,0
2022-05-08 01:15,44,11,33,0,0,0
2022-05-08 01:30,50,14,36,0,0,0
2022-05-08 01:45,22,4,18,0,0,0
2022-05-08 02:00,43,17,26,0,0,0
2022-05-08 02:15,39,12,27,0,0,0
2022-05-08 02:30,27,7,20,0,0,0
2022-05-08 02:45,40,7,33,0,0,0
2022-05-08 03:00,26,16,10,0,0,0
2022-05-08 03:15,30,13,17,0,0,0
2022-05-08 03:30,44,19,25,0,0,0
2022-05-08 03:45,22,6,16,0,0,0
2022-05-08 04:00,30,14,16,0,0,0
2022-05-08 04:15,24,11,13,0,0,0
2022-05-08 04:30,14,2,12,0,0,0
2022-05-08 04:45,12,5,7,0,0,0
2022-05-08 05:00,11,5,6,0,0,0
2022-05-08 05:15,15,3,12,0,0,0
2022-05-08 05:30,12,5,7,0,0,0
2022-05-08 05:45,8,4,4,0,0,0
2022-05-08 06:00,4,0,4,0,0,0
2022-05-08 06:15,11,3,8,0,0,0
2022-05-08 06:30,13,6,7,0,0,0
2022-05-08 06:45,4,1,3,0,0,0
2022-05-08 07:00,12,7,5,0,0,0
2022-05-08 07:15,13,9,4,0,0,0
2022-05-08 07:30,26,17,9,0,0,0
2022-05-08 07:45,17,13,4,0,0,0
2022-05-08 08:00,16,10,6,0,0,0
2022-05-08 08:15,22,17,5,0,0,0
2022-05-08 08:30,23,15,8,0,0,0
2022-05-08 08:45,56,42,14,0,0,0
2022-05-08 09:00,48,28,20,0,0,0
2022-05-08 09:15,49,29,20,0,0,0
2022-05-08 09:30,51,29,22,0,0,0
2022-05-08 09:45,94,64,30,0,0,0
2022-05-08 10:00,82,54,28,0,0,0
2022-05-08 10:15,72,42,30,0,0,0
2022-05-08 10:30,95,63,32,0,0,0
2022-05-08 10:45,76,57,19,0,0,0
2022-05-08 11:00,86,61,25,0,0,0
2022-05-08 11:15,77,41,36,0,0,0
2022-05-08 11:30,106,54,52,0,0,0
2022-05-08 11:45,87,45,42,0,0,0
2022-05-08 12:00,108,53,55,0,0,0
2022-05-08 12:15,131,58,73,0,0,0
2022-05-08 12:30,104,60,44,0,0,0
2022-05-08 12:45,150,82,68,0,0,0
2022-05-08 13:00,102,58,44,0,0,0
2022-05-08 13:15,119,63,56,0,0,0
2022-05-08 13:30,117,55,62,0,0,0
2022-05-08 13:45,123,57,66,0,0,0
2022-05-08 14:00,127,68,59,0,0,0
2022-05-08 14:15,148,75,73,0,0,0
2022-05-08 14:30,163,75,88,0,0,0
2022-05-08 14:45,147,90,57,0,0,0
2022-05-08 15:00,141,85,56,0,0,0
2022-05-08 15:15,106,53,53,0,0,0
2022-05-08 15:30,185,85,100,0,0,0
2022-05-08 15:45,167,79,88,0,0,0
2022-05-08 16:00,124,67,57,0,0,0
2022-05-08 16:15,180,78,102,0,0,0
2022-05-08 16:30,104,60,44,0,0,0
2022-05-08 16:45,125,66,59,0,0,0
2022-05-08 17:00,154,68,86,0,0,0
2022-05-08 17:15,156,69,87,0,0,0
2022-05-08 17:30,134,71,63,0,0,0
2022-05-08 17:45,144,76,68,0,0,0
2022-05-08 18:00,138,65,73,0,0,0
2022-05-08 18:15,135,48,87,0,0,0
2022-05-08 18:30,140,64,76,0,0,0
2022-05-08 18:45,150,80,70,0,0,0
2022-05-08 19:00,137,69,68,0,0,0
2022-05-08 19:15,136,67,69,0,0,0
2022-05-08 19:30,140,56,84,0,0,0
2022-05-08 19:45,120,49,71,0,0,0
2022-05-08 20:00,119,48,71,0,0,0
2022-05-08 20:15,108,53,55,0,0,0
2022-05-08 20:30,86,33,53,0,0,0
2022-05-08 20:45,88,24,64,0,0,0
2022-05-08 21:00,104,45,59,0,0,0
2022-05-08 21:15,77,25,52,0,0,0
2022-05-08 21:30,66,25,41,0,0,0
2022-05-08 21:45,51,15,36,0,0,0
2022-05-08 22:00,77,16,61,0,0,0
2022-05-08 22:15,48,21,27,0,0,0
2022-05-08 22:30,49,15,34,0,0,0
2022-05-08 22:45,35,11,24,0,0,0
2022-05-08 23:00,30,7,23,0,0,0
2022-05-08 23:15,25,9,16,0,0,0
2022-05-08 23:30,29,8,21,0,0,0
2022-05-08 23:45,34,10,24,0,0,0
2022-05-09 00:00,25,9,16,0,0,0
2022-05-09 00:15,14,5,9,0,0,0
2022-05-09 00:30,14,3,11,0,0,0
2022-05-09 00:45,11,1,10,0,0,0
2022-05-09 01:00,13,1,12,0,0,0
2022-05-09 01:15,4,4,0,0,0,0
2022-05-09 01:30,8,2,6,0,0,0
2022-05-09 01:45,4,2,2,0,0,0
2022-05-09 02:00,4,1,3,0,0,0
2022-05-09 02:15,4,0,4,0,0,0
2022-05-09 02:30,0,0,0,0,0,0
2022-05-09 02:45,4,4,0,0,0,0
2022-05-09 03:00,1,0,1,0,0,0
2022-05-09 03:15,2,1,1,0,0,0
2022-05-09 03:30,0,0,0,0,0,0
2022-05-09 03:45,3,1,2,0,0,0
2022-05-09 04:00,0,0,0,0,0,0
2022-05-09 04:15,1,0,1,0,0,0
2022-05-09 04:30,7,5,2,0,0,0
2022-05-09 04:45,7,4,3,0,0,0
2022-05-09 05:00,12,4,8,0,0,0
2022-05-09 05:15,13,9,4,0,0,0
2022-05-09 05:30,23,16,7,0,0,0
2022-05-09 05:45,22,18,4,0,0,0
2022-05-09 06:00,36,23,13,0,0,0
2022-05-09 06:15,56,42,14,0,0,0
2022-05-09 06:30,70,43,27,0,0,0
2022-05-09 06:45,88,58,30,0,0,0
2022-05-09 07:00,114,79,35,0,0,0
2022-05-09 07:15,209,157,52,0,0,0
2022-05-09 07:30,340,252,88,0,0,0
2022-05-09 07:45,390,226,164,0,0,0
2022-05-09 08:00,365,182,183,0,0,0
2022-05-09 08:15,260,167,93,0,0,0
2022-05-09 08:30,255,151,104,0,0,0
2022-05-09 08:45,249,136,113,0,0,0
2022-05-09 09:00,155,82,73,0,0,0
2022-05-09 09:15,146,79,67,0,0,0
2022-05-09 09:30,153,93,60,0,0,0
2022-05-09 09:45,307,148,159,0,0,0
2022-05-09 10:00,412,217,195,0,0,0
2022-05-09 10:15,133,78,55,0,0,0
2022-05-09 10:30,130,78,52,0,0,0
2022-05-09 10:45,140,81,59,0,0,0
2022-05-09 11:00,122,63,59,0,0,0
2022-05-09 11:15,128,79,49,0,0,0
2022-05-09 11:30,179,95,84,0,0,0
2022-05-09 11:45,418,220,198,0,0,0
2022-05-09 12:00,374,231,143,0,0,0
2022-05-09 12:15,219,117,102,0,0,0
2022-05-09 12:30,194,107,87,0,0,0
2022-05-09 12:45,213,99,114,0,0,0
2022-05-09 13:00,281,145,136,0,0,0
2022-05-09 13:15,215,104,111,0,0,0
2022-05-09 13:30,233,97,136,0,0,0
2022-05-09 13:45,435,196,239,0,0,0
2022-05-09 14:00,413,199,214,0,0,0
2022-05-09 14:15,229,109,120,0,0,0
2022-05-09 14:30,192,94,98,0,0,0
2022-05-09 14:45,301,172,129,0,0,0
2022-05-09 15:00,241,108,133,0,0,0
2022-05-09 15:15,227,124,103,0,0,0
2022-05-09 15:30,403,183,220,0,0,0
2022-05-09 15:45,579,294,285,0,0,0
2022-05-09 16:00,486,271,215,0,0,0
2022-05-09 16:15,288,150,138,0,0,0
2022-05-09 16:30,342,156,186,0,0,0
2022-05-09 16:45,344,152,192,0,0,0
2022-05-09 17:00,314,168,146,0,0,0
2022-05-09 17:15,341,145,196,0,0,0
2022-05-09 17:30,386,203,183,0,0,0
2022-05-09 17:45,622,298,324,0,0,0
2022-05-09 18:00,483,224,259,0,0,0
2022-05-09 18:15,437,208,229,0,0,0
2022-05-09 18:30,310,166,144,0,0,0
2022-05-09 18:45,343,198,145,0,0,0
2022-05-09 19:00,306,163,143,0,0,0
2022-05-09 19:15,304,148,156,0,0,0
2022-05-09 19:30,296,139,157,0,0,0
2022-05-09 19:45,327,133,194,0,0,0
2022-05-09 20:00,266,130,136,0,0,0
2022-05-09 20:15,204,102,102,0,0,0
2022-05-09 20:30,171,96,75,0,0,0
2022-05-09 20:45,162,77,85,0,0,0
2022-05-09 21:00,170,83,87,0,0,0
2022-05-09 21:15,172,80,92,0,0,0
2022-05-09 21:30,150,75,75,0,0,0
2022-05-09 21:45,142,71,71,0,0,0
2022-05-09 22:00,155,76,79,0,0,0
2022-05-09 22:15,150,66,84,0,0,0
2022-05-09 22:30,84,26,58,0,0,0
2022-05-09 22:45,87,36,51,0,0,0
2022-05-09 23:00,70,25,45,0,0,0
2022-05-09 23:15,61,20,41,0,0,0
2022-05-09 23:30,68,19,49,0,0,0
2022-05-09 23:45,59,18,41,0,0,0
2022-05-10 00:00,50,11,39,0,0,0
2022-05-10 00:15,34,2,32,0,0,0
2022-05-10 00:30,37,3,34,0,0,0
2022-05-10 00:45,30,2,28,0,0,0
2022-05-10 01:00,32,2,30,0,0,0
2022-05-10 01:15,41,3,38,0,0,0
2022-05-10 01:30,36,5,31,0,0,0
2022-05-10 01:45,36,7,29,0,0,0
2022-05-10 02:00,24,1,23,0,0,0
2022-05-10 02:15,32,4,28,0,0,0
2022-05-10 02:30,8,0,8,0,0,0
2022-05-10 02:45,13,1,12,0,0,0
2022-05-10 03:00,17,2,15,0,0,0
2022-05-10 03:15,12,1,11,0,0,0
2022-05-10 03:30,2,0,2,0,0,0
2022-05-10 03:45,3,0,3,0,0,0
2022-05-10 04:00,0,0,0,0,0,0
2022-05-10 04:15,6,0,6,0,0,0
2022-05-10 04:30,8,6,2,0,0,0
2022-05-10 04:45,13,7,6,0,0,0
2022-05-10 05:00,6,3,3,0,0,0
2022-05-10 05:15,14,10,4,0,0,0
2022-05-10 05:30,35,22,13,0,0,0
2022-05-10 05:45,24,21,3,0,0,0
2022-05-10 06:00,36,25,11,0,0,0
2022-05-10 06:15,49,34,15,0,0,0
2022-05-10 06:30,93,51,42,0,0,0
2022-05-10 06:45,89,48,41,0,0,0
2022-05-10 07:00,111,74,37,0,0,0
2022-05-10 07:15,180,123,57,0,0,0
2022-05-10 07:30,366,267,99,0,0,0
2022-05-10 07:45,409,227,182,0,0,0
2022-05-10 08:00,446,233,213,0,0,0
2022-05-10 08:15,325,189,136,0,0,0
2022-05-10 08:30,244,156,88,0,0,0
2022-05-10 08:45,257,150,107,0,0,0
2022-05-10 09:00,221,131,90,0,0,0
2022-05-10 09:15,181,105,76,0,0,0
2022-05-10 09:30,176,95,81,0,0,0
2022-05-10 09:45,406,189,217,0,0,0
2022-05-10 10:00,505,273,232,0,0,0
2022-05-10 10:15,186,106,80,0,0,0
2022-05-10 10:30,141,65,76,0,0,0
2022-05-10 10:45,160,82,78,0,0,0
2022-05-10 11:00,144,81,63,0,0,0
2022-05-10 11:15,220,93,127,0,0,0
2022-05-10 11:30,186,93,93,0,0,0
2022-05-10 11:45,402,229,173,0,0,0
2022-05-10 12:00,375,218,157,0,0,0
2022-05-10 12:15,226,113,113,0,0,0
2022-05-10 12:30,221,109,112,0,0,0
2022-05-10 12:45,218,105,113,0,0,0
2022-05-10 13:00,274,109,165,0,0,0
2022-05-10 13:15,257,111,146,0,0,0
2022-05-10 13:30,286,123,163,0,0,0
2022-05-10 13:45,516,261,255,0,0,0
2022-05-10 14:00,452,257,195,0,0,0
2022-05-10 14:15,262,129,133,0,0,0
2022-05-10 14:30,211,108,103,0,0,0
2022-05-10 14:45,208,90,118,0,0,0
2022-05-10 15:00,232,112,120,0,0,0
2022-05-10 15:15,234,107,127,0,0,0
2022-05-10 15:30,348,136,212,0,0,0
2022-05-10 15:45,530,259,271,0,0,0
2022-05-10 16:00,477,233,244,0,0,0
2022-05-10 16:15,297,137,160,0,0,0
2022-05-10 16:30,304,160,144,0,0,0
2022-05-10 16:45,333,146,187,0,0,0
2022-05-10 17:00,317,167,150,0,0,0
2022-05-10 17:15,368,190,178,0,0,0
2022-05-10 17:30,380,196,184,0,0,0
2022-05-10 17:45,578,297,281,0,0,0
2022-05-10 18:00,463,248,215,0,0,0
2022-05-10 18:15,347,172,175,0,0,0
2022-05-10 18:30,331,161,170,0,0,0
2022-05-10 18:45,401,220,181,0,0,0
2022-05-10 19:00,303,168,135,0,0,0
2022-05-10 19:15,288,155,133,0,0,0
2022-05-10 19:30,311,175,136,0,0,0
2022-05-10 19:45,341,163,178,0,0,0
2022-05-10 20:00,257,122,135,0,0,0
2022-05-10 20:15,200,98,102,0,0,0
2022-05-10 20:30,158,77,81,0,0,0
2022-05-10 20:45,159,61,98,0,0,0
2022-05-10 21:00,196,106,90,0,0,0
2022-05-10 21:15,179,59,120,0,0,0
2022-05-10 21:30,124,47,77,0,0,0
2022-05-10 21:45,130,51,79,0,0,0
2022-05-10 22:00,121,36,85,0,0,0
2022-05-10 22:15,130,50,80,0,0,0
2022-05-10 22:30,139,53,86,0,0,0
2022-05-10 22:45,82,15,67,0,0,0
2022-05-10 23:00,102,37,65,0,0,0
2022-05-10 23:15,78,19,59,0,0,0
2022-05-10 23:30,81,20,61,0,0,0
2022-05-10 23:45,50,14,36,0,0,0
2022-05-11 00:00,33,8,25,0,0,0
2022-05-11 00:15,48,13,35,0,0,0
2022-05-11 00:30,20,5,15,0,0,0
2022-05-11 00:45,24,6,18,0,0,0
2022-05-11 01:00,24,4,20,0,0,0
2022-05-11 01:15,14,2,12,0,0,0
2022-05-11 01:30,12,6,6,0,0,0
2022-05-11 01:45,34,7,27,0,0,0
2022-05-11 02:00,23,5,18,0,0,0
2022-05-11 02:15,11,3,8,0,0,0
2022-05-11 02:30,7,6,1,0,0,0
2022-05-11 02:45,11,6,5,0,0,0
2022-05-11 03:00,5,1,4,0,0,0
2022-05-11 03:15,5,2,3,0,0,0
2022-05-11 03:30,0,0,0,0,0,0
2022-05-11 03:45,3,1,2,0,0,0
2022-05-11 04:00,4,1,3,0,0,0
2022-05-11 04:15,5,2,3,0,0,0
2022-05-11 04:30,8,5,3,0,0,0
2022-05-11 04:45,7,5,2,0,0,0
2022-05-11 05:00,6,5,1,0,0,0
2022-05-11 05:15,13,11,2,0,0,0
2022-05-11 05:30,23,12,11,0,0,0
2022-05-11 05:45,25,22,3,0,0,0
2022-05-11 06:00,42,30,12,0,0,0
2022-05-11 06:15,47,30,17,0,0,0
2022-05-11 06:30,77,42,35,0,0,0
2022-05-11 06:45,132,78,54,0,0,0
2022-05-11 07:00,118,78,40,0,0,0
2022-05-11 07:15,186,139,47,0,0,0
2022-05-11 07:30,334,248,86,0,0,0
2022-05-11 07:45,416,221,195,0,0,0
2022-05-11 08:00,501,281,220,0,0,0
2022-05-11 08:15,341,190,151,0,0,0
2022-05-11 08:30,226,141,85,0,0,0
2022-05-11 08:45,275,172,103,0,0,0
2022-05-11 09:00,245,141,104,0,0,0
2022-05-11 09:15,193,124,69,0,0,0
2022-05-11 09:30,224,136,88,0,0,0
2022-05-11 09:45,404,219,185,0,0,0
2022-05-11 10:00,410,227,183,0,0,0
2022-05-11 10:15,181,108,73,0,0,0
2022-05-11 10:30,163,88,75,0,0,0
2022-05-11 10:45,168,104,64,0,0,0
2022-05-11 11:00,178,102,76,0,0,0
2022-05-11 11:15,169,93,76,0,0,0
2022-05-11 11:30,240,123,117,0,0,0
2022-05-11 11:45,424,236,188,0,0,0
2022-05-11 12:00,336,211,125,0,0,0
2022-05-11 12:15,259,136,123,0,0,0
2022-05-11 12:30,250,119,131,0,0,0
2022-05-11 12:45,264,147,117,0,0,0
2022-05-11 13:00,251,122,129,0,0,0
2022-05-11 13:15,273,127,146,0,0,0
2022-05-11 13:30,288,134,154,0,0,0
2022-05-11 13:45,484,239,245,0,0,0
2022-05-11 14:00,405,208,197,0,0,0
2022-05-11 14:15,273,114,159,0,0,0
2022-05-11 14:30,241,102,139,0,0,0
2022-05-11 14:45,268,107,161,0,0,0
2022-05-11 15:00,264,124,140,0,0,0
2022-05-11 15:15,273,150,123,0,0,0
2022-05-11 15:30,380,163,217,0,0,0
2022-05-11 15:45,501,239,262,0,0,0
2022-05-11 16:00,405,229,176,0,0,0
2022-05-11 16:15,348,173,175,0,0,0
2022-05-11 16:30,327,150,177,0,0,0
2022-05-11 16:45,357,180,177,0,0,0
2022-05-11 17:00,327,172,155,0,0,0
2022-05-11 17:15,382,186,196,0,0,0
2022-05-11 17:30,424,220,204,0,0,0
2022-05-11 17:45,512,250,262,0,0,0
2022-05-11 18:00,444,235,209,0,0,0
2022-05-11 18:15,375,220,155,0,0,0
2022-05-11 18:30,340,175,165,0,0,0
2022-05-11 18:45,333,214,119,0,0,0
2022-05-11 19:00,332,186,146,0,0,0
2022-05-11 19:15,295,178,117,0,0,0
2022-05-11 19:30,258,152,106,0,0,0
2022-05-11 19:45,338,186,152,0,0,0
2022-05-11 20:00,314,173,141,0,0,0
2022-05-11 20:15,272,140,132,0,0,0
2022-05-11 20:30,223,125,98,0,0,0
2022-05-11 20:45,203,97,106,0,0,0
2022-05-11 21:00,199,103,96,0,0,0
2022-05-11 21:15,152,74,78,0,0,0
2022-05-11 21:30,187,67,120,0,0,0
2022-05-11 21:45,175,74,101,0,0,0
2022-05-11 22:00,205,74,131,0,0,0
2022-05-11 22:15,213,67,146,0,0,0
2022-05-11 22:30,176,60,116,0,0,0
2022-05-11 22:45,128,34,94,0,0,0
2022-05-11 23:00,132,40,92,0,0,0
2022-05-11 23:15,126,39,87,0,0,0
2022-05-11 23:30,91,27,64,0,0,0
2022-05-11 23:45,96,26,70,0,0,0
2022-05-12 00:00,64,21,43,0,0,0
2022-05-12 00:15,64,16,48,0,0,0
2022-05-12 00:30,63,17,46,0,0,0
2022-05-12 00:45,80,17,63,0,0,0
2022-05-12 01:00,46,12,34,0,0,0
2022-05-12 01:15,38,4,34,0,0,0
2022-05-12 01:30,39,7,32,0,0,0
2022-05-12 01:45,48,3,45,0,0,0
2022-05-12 02:00,32,4,28,0,0,0
2022-05-12 02:15,24,0,24,0,0,0
2022-05-12 02:30,18,2,16,0,0,0
2022-05-12 02:45,27,2,25,0,0,0
2022-05-12 03:00,22,2,20,0,0,0
2022-05-12 03:15,22,1,21,0,0,0
2022-05-12 03:30,30,7,23,0,0,0
2022-05-12 03:45,17,1,16,0,0,0
2022-05-12 04:00,12,0,12,0,0,0
2022-05-12 04:15,9,3,6,0,0,0
2022-05-12 04:30,9,4,5,0,0,0
2022-05-12 04:45,18,10,8,0,0,0
2022-05-12 05:00,11,5,6,0,0,0
2022-05-12 05:15,18,13,5,0,0,0
2022-05-12 05:30,23,16,7,0,0,0
2022-05-12 05:45,25,19,6,0,0,0
2022-05-12 06:00,35,20,15,0,0,0
2022-05-12 06:15,62,37,25,0,0,0
2022-05-12 06:30,76,41,35,0,0,0
2022-05-12 06:45,97,53,44,0,0,0
2022-05-12 07:00,97,61,36,0,0,0
2022-05-12 07:15,186,137,49,0,0,0
2022-05-12 07:30,310,224,86,0,0,0
2022-05-12 07:45,424,225,199,0,0,0
2022-05-12 08:00,423,194,229,0,0,0
2022-05-12 08:15,285,151,134,0,0,0
2022-05-12 08:30,201,126,75,0,0,0
2022-05-12 08:45,235,113,122,0,0,0
2022-05-12 09:00,203,107,96,0,0,0
2022-05-12 09:15,181,111,70,0,0,0
2022-05-12 09:30,178,92,86,0,0,0
2022-05-12 09:45,479,257,222,0,0,0
2022-05-12 10:00,471,265,206,0,0,0
2022-05-12 10:15,160,86,74,0,0,0
2022-05-12 10:30,143,80,63,0,0,0
2022-05-12 10:45,140,80,60,0,0,0
2022-05-12 11:00,153,69,84,0,0,0
2022-05-12 11:15,144,83,61,0,0,0
2022-05-12 11:30,186,105,81,0,0,0
2022-05-12 11:45,382,184,198,0,0,0
2022-05-12 12:00,365,220,145,0,0,0
2022-05-12 12:15,238,119,119,0,0,0
2022-05-12 12:30,193,98,95,0,0,0
2022-05-12 12:45,250,127,123,0,0,0
2022-05-12 13:00,240,110,130,0,0,0
2022-05-12 13:15,223,92,131,0,0,0
2022-05-12 13:30,237,125,112,0,0,0
2022-05-12 13:45,455,213,242,0,0,0
2022-05-12 14:00,347,181,166,0,0,0
2022-05-12 14:15,237,118,119,0,0,0
2022-05-12 14:30,222,108,114,0,0,0
2022-05-12 14:45,271,145,126,0,0,0
2022-05-12 15:00,239,107,132,0,0,0
2022-05-12 15:15,232,110,122,0,0,0
2022-05-12 15:30,311,133,178,0,0,0
2022-05-12 15:45,476,205,271,0,0,0
2022-05-12 16:00,398,214,184,0,0,0
2022-05-12 16:15,266,137,129,0,0,0
2022-05-12 16:30,302,157,145,0,0,0
2022-05-12 16:45,361,181,180,0,0,0
2022-05-12 17:00,297,156,141,0,0,0
2022-05-12 17:15,334,175,159,0,0,0
2022-05-12 17:30,365,205,160,0,0,0
2022-05-12 17:45,503,215,288,0,0,0
2022-05-12 18:00,406,209,197,0,0,0
2022-05-12 18:15,335,154,181,0,0,0
2022-05-12 18:30,280,130,150,0,0,0
2022-05-12 18:45,295,148,147,0,0,0
2022-05-12 19:00,268,130,138,0,0,0
2022-05-12 19:15,319,172,147,0,0,0
2022-05-12 19:30,268,128,140,0,0,0
2022-05-12 19:45,347,154,193,0,0,0
2022-05-12 20:00,258,138,120,0,0,0
2022-05-12 20:15,222,110,112,0,0,0
2022-05-12 20:30,182,108,74,0,0,0
2022-05-12 20:45,164,81,83,0,0,0
2022-05-12 21:00,169,88,81,0,0,0
2022-05-12 21:15,109,42,67,0,0,0
2022-05-12 21:30,149,68,81,0,0,0
2022-05-12 21:45,147,46,101,0,0,0
2022-05-12 22:00,143,53,90,0,0,0
2022-05-12 22:15,146,69,77,0,0,0
2022-05-12 22:30,115,37,78,0,0,0
2022-05-12 22:45,84,26,58,0,0,0
2022-05-12 23:00,92,31,61,0,0,0
2022-05-12 23:15,85,26,59,0,0,0
2022-05-12 23:30,79,31,48,0,0,0
2022-05-12 23:45,47,10,37,0,0,0
2022-05-13 00:00,68,17,51,0,0,0
2022-05-13 00:15,41,3,38,0,0,0
2022-05-13 00:30,38,18,20,0,0,0
2022-05-13 00:45,36,6,30,0,0,0
2022-05-13 01:00,35,6,29,0,0,0
2022-05-13 01:15,22,7,15,0,0,0
2022-05-13 01:30,25,4,21,0,0,0
2022-05-13 01:45,20,5,15,0,0,0
2022-05-13 02:00,20,4,16,0,0,0
2022-05-13 02:15,18,3,15,0,0,0
2022-05-13 02:30,6,0,6,0,0,0
2022-05-13 02:45,10,0,10,0,0,0
2022-05-13 03:00,12,1,11,0,0,0
2022-05-13 03:15,6,0,6,0,0,0
2022-05-13 03:30,15,0,15,0,0,0
2022-05-13 03:45,8,3,5,0,0,0
2022-05-13 04:00,20,2,18,0,0,0
2022-05-13 04:15,8,1,7,0,0,0
2022-05-13 04:30,16,5,11,0,0,0
2022-05-13 04:45,7,2,5,0,0,0
2022-05-13 05:00,12,5,7,0,0,0
2022-05-13 05:15,10,8,2,0,0,0
2022-05-13 05:30,19,16,3,0,0,0
2022-05-13 05:45,24,19,5,0,0,0
2022-05-13 06:00,25,10,15,0,0,0
2022-05-13 06:15,51,34,17,0,0,0
2022-05-13 06:30,66,36,30,0,0,0
2022-05-13 06:45,94,63,31,0,0,0
2022-05-13 07:00,118,87,31,0,0,0
2022-05-13 07:15,158,119,39,0,0,0
2022-05-13 07:30,303,230,73,0,0,0
2022-05-13 07:45,337,184,153,0,0,0
2022-05-13 08:00,308,153,155,0,0,0
2022-05-13 08:15,243,130,113,0,0,0
2022-05-13 08:30,174,101,73,0,0,0
2022-05-13 08:45,241,125,116,0,0,0
2022-05-13 09:00,172,96,76,0,0,0
2022-05-13 09:15,156,91,65,0,0,0
2022-05-13 09:30,148,84,64,0,0,0
2022-05-13 09:45,319,142,177,0,0,0
2022-05-13 10:00,296,171,125,0,0,0
2022-05-13 10:15,158,67,91,0,0,0
2022-05-13 10:30,110,59,51,0,0,0
2022-05-13 10:45,138,88,50,0,0,0
2022-05-13 11:00,145,76,69,0,0,0
2022-05-13 11:15,139,79,60,0,0,0
2022-05-13 11:30,187,97,90,0,0,0
2022-05-13 11:45,276,153,123,0,0,0
2022-05-13 12:00,282,165,117,0,0,0
2022-05-13 12:15,197,100,97,0,0,0
2022-05-13 12:30,195,95,100,0,0,0
2022-05-13 12:45,262,123,139,0,0,0
2022-05-13 13:00,258,107,151,0,0,0
2022-05-13 13:15,259,103,156,0,0,0
2022-05-13 13:30,235,92,143,0,0,0
2022-05-13 13:45,323,161,162,0,0,0
2022-05-13 14:00,272,116,156,0,0,0
2022-05-13 14:15,234,114,120,0,0,0
2022-05-13 14:30,209,114,95,0,0,0
2022-05-13 14:45,234,118,116,0,0,0
2022-05-13 15:00,244,138,106,0,0,0
2022-05-13 15:15,250,121,129,0,0,0
2022-05-13 15:30,231,115,116,0,0,0
2022-05-13 15:45,323,167,156,0,0,0
2022-05-13 16:00,251,129,122,0,0,0
2022-05-13 16:15,239,127,112,0,0,0
2022-05-13 16:30,233,114,119,0,0,0
2022-05-13 16:45,239,126,113,0,0,0
2022-05-13 17:00,241,128,113,0,0,0
2022-05-13 17:15,232,122,110,0,0,0
2022-05-13 17:30,224,110,114,0,0,0
2022-05-13 17:45,270,143,127,0,0,0
2022-05-13 18:00,288,161,127,0,0,0
2022-05-13 18:15,227,103,124,0,0,0
2022-05-13 18:30,221,108,113,0,0,0
2022-05-13 18:45,210,107,103,0,0,0
2022-05-13 19:00,229,101,128,0,0,0
2022-05-13 19:15,179,98,81,0,0,0
2022-05-13 19:30,231,129,102,0,0,0
2022-05-13 19:45,193,98,95,0,0,0
2022-05-13 20:00,203,95,108,0,0,0
2022-05-13 20:15,195,94,101,0,0,0
2022-05-13 20:30,172,97,75,0,0,0
2022-05-13 20:45,161,92,69,0,0,0
2022-05-13 21:00,123,59,64,0,0,0
2022-05-13 21:15,142,76,66,0,0,0
2022-05-13 21:30,141,63,78,0,0,0
2022-05-13 21:45,114,55,59,0,0,0
2022-05-13 22:00,132,54,78,0,0,0
2022-05-13 22:15,98,48,50,0,0,0
2022-05-13 22:30,108,36,72,0,0,0
2022-05-13 22:45,110,41,69,0,0,0
2022-05-13 23:00,102,40,62,0,0,0
2022-05-13 23:15,88,27,61,0,0,0
2022-05-13 23:30,110,52,58,0,0,0
2022-05-13 23:45,91,34,57,0,0,0
2022-05-14 00:00,109,32,77,0,0,0
2022-05-14 00:15,91,23,68,0,0,0
2022-05-14 00:30,84,29,55,0,0,0
2022-05-14 00:45,94,30,64,0,0,0
2022-05-14 01:00,69,31,38,0,0,0
2022-05-14 01:15,79,21,58,0,0,0
2022-05-14 01:30,68,24,44,0,0,0
2022-05-14 01:45,46,10,36,0,0,0
2022-05-14 02:00,50,14,36,0,0,0
2022-05-14 02:15,54,9,45,0,0,0
2022-05-14 02:30,33,6,27,0,0,0
2022-05-14 02:45,37,15,22,0,0,0
2022-05-14 03:00,28,5,23,0,0,0
2022-05-14 03:15,36,8,28,0,0,0
2022-05-14 03:30,32,8,24,0,0,0
2022-05-14 03:45,30,5,25,0,0,0
2022-05-14 04:00,28,8,20,0,0,0
2022-05-14 04:15,16,4,12,0,0,0
2022-05-14 04:30,14,2,12,0,0,0
2022-05-14 04:45,12,2,10,0,0,0
2022-05-14 05:00,9,4,5,0,0,0
2022-05-14 05:15,12,8,4,0,0,0
2022-05-14 05:30,23,9,14,0,0,0
2022-05-14 05:45,13,5,8,0,0,0
2022-05-14 06:00,10,7,3,0,0,0
2022-05-14 06:15,17,11,6,0,0,0
2022-05-14 06:30,20,5,15,0,0,0
2022-05-14 06:45,19,9,10,0,0,0
2022-05-14 07:00,11,10,1,0,0,0
2022-05-14 07:15,13,9,4,0,0,0
2022-05-14 07:30,35,24,11,0,0,0
2022-05-14 07:45,44,25,19,0,0,0
2022-05-14 08:00,53,34,19,0,0,0
2022-05-14 08:15,34,22,12,0,0,0
2022-05-14 08:30,76,37,39,0,0,0
2022-05-14 08:45,94,56,38,0,0,0
2022-05-14 09:00,77,48,29,0,0,0
2022-05-14 09:15,97,67,30,0,0,0
2022-05-14 09:30,110,70,40,0,0,0
2022-05-14 09:45,151,111,40,0,0,0
2022-05-14 10:00,138,96,42,0,0,0
2022-05-14 10:15,111,77,34,0,0,0
2022-05-14 10:30,122,86,36,0,0,0
2022-05-14 10:45,175,126,49,0,0,0
2022-05-14 11:00,166,119,47,0,0,0
2022-05-14 11:15,168,106,62,0,0,0
2022-05-14 11:30,170,114,56,0,0,0
2022-05-14 11:45,202,136,66,0,0,0
2022-05-14 12:00,202,137,65,0,0,0
2022-05-14 12:15,240,156,84,0,0,0
2022-05-14 12:30,207,116,91,0,0,0
2022-05-14 12:45,210,130,80,0,0,0
2022-05-14 13:00,198,113,85,0,0,0
2022-05-14 13:15,193,116,77,0,0,0
2022-05-14 13:30,198,111,87,0,0,0
2022-05-14 13:45,216,128,88,0,0,0
2022-05-14 14:00,178,88,90,0,0,0
2022-05-14 14:15,212,123,89,0,0,0
2022-05-14 14:30,208,107,101,0,0,0
2022-05-14 14:45,207,132,75,0,0,0
2022-05-14 15:00,200,113,87,0,0,0
2022-05-14 15:15,185,99,86,0,0,0
2022-05-14 15:30,185,100,85,0,0,0
2022-05-14 15:45,160,81,79,0,0,0
2022-05-14 16:00,197,103,94,0,0,0
2022-05-14 16:15,213,106,107,0,0,0
2022-05-14 16:30,238,94,144,0,0,0
2022-05-14 16:45,196,85,111,0,0,0
2022-05-14 17:00,202,94,108,0,0,0
2022-05-14 17:15,184,68,116,0,0,0
2022-05-14 17:30,165,71,94,0,0,0
2022-05-14 17:45,228,99,129,0,0,0
2022-05-14 18:00,205,79,126,0,0,0
2022-05-14 18:15,237,104,133,0,0,0
2022-05-14 18:30,203,79,124,0,0,0
2022-05-14 18:45,212,98,114,0,0,0
2022-05-14 19:00,156,77,79,0,0,0
2022-05-14 19:15,167,93,74,0,0,0
2022-05-14 19:30,141,65,76,0,0,0
2022-05-14 19:45,174,92,82,0,0,0
2022-05-14 20:00,159,78,81,0,0,0
2022-05-14 20:15,139,64,75,0,0,0
2022-05-14 20:30,128,50,78,0,0,0
2022-05-14 20:45,119,57,62,0,0,0
2022-05-14 21:00,112,48,64,0,0,0
2022-05-14 21:15,125,66,59,0,0,0
2022-05-14 21:30,105,43,62,0,0,0
2022-05-14 21:45,115,31,84,0,0,0
2022-05-14 22:00,80,30,50,0,0,0
2022-05-14 22:15,106,35,71,0,0,0
2022-05-14 22:30,58,11,47,0,0,0
2022-05-14 22:45,74,15,59,0,0,0
2022-05-14 23:00,104,27,77,0,0,0
2022-05-14 23:15,86,21,65,0,0,0
2022-05-14 23:30,79,30,49,0,0,0
2022-05-14 23:45,57,18,39,0,0,0
2022-05-15 00:00,80,27,53,0,0,0
2022-05-15 00:15,53,17,36,0,0,0
2022-05-15 00:30,57,20,37,0,0,0
2022-05-15 00:45,53,13,40,0,0,0
2022-05-15 01:00,46,11,35,0,0,0
2022-05-15 01:15,69,27,42,0,0,0
2022-05-15 01:30,60,19,41,0,0,0
2022-05-15 01:45,62,12,50,0,0,0
2022-05-15 02:00,58,13,45,0,0,0
2022-05-15 02:15,41,7,34,0,0,0
2022-05-15 02:30,31,13,18,0,0,0
2022-05-15 02:45,29,9,20,0,0,0
2022-05-15 03:00,30,6,24,0,0,0
2022-05-15 03:15,22,3,19,0,0,0
2022-05-15 03:30,43,12,31,0,0,0
2022-05-15 03:45,26,9,17,0,0,0
2022-05-15 04:00,32,6,26,0,0,0
2022-05-15 04:15,34,4,30,0,0,0
2022-05-15 04:30,6,3,3,0,0,0
2022-05-15 04:45,12,1,11,0,0,0
2022-05-15 05:00,20,4,16,0,0,0
2022-05-15 05:15,12,2,10,0,0,0
2022-05-15 05:30,18,5,13,0,0,0
2022-05-15 05:45,15,7,8,0,0,0
2022-05-15 06:00,6,2,4,0,0,0
2022-05-15 06:15,15,7,8,0,0,0
2022-05-15 06:30,14,9,5,0,0,0
2022-05-15 06:45,13,5,8,0,0,0
2022-05-15 07:00,16,14,2,0,0,0
2022-05-15 07:15,11,7,4,0,0,0
2022-05-15 07:30,13,8,5,0,0,0
2022-05-15 07:45,19,12,7,0,0,0
2022-05-15 08:00,11,6,5,0,0,0
2022-05-15 08:15,27,14,13,0,0,0
2022-05-15 08:30,30,22,8,0,0,0
2022-05-15 08:45,46,22,24,0,0,0
2022-05-15 09:00,33,17,16,0,0,0
2022-05-15 09:15,59,35,24,0,0,0
2022-05-15 09:30,70,42,28,0,0,0
2022-05-15 09:45,103,69,34,0,0,0
2022-05-15 10:00,84,50,34,0,0,0
2022-05-15 10:15,88,51,37,0,0,0
2022-05-15 10:30,100,69,31,0,0,0
2022-05-15 10:45,89,54,35,0,0,0
2022-05-15 11:00,106,63,43,0,0,0
2022-05-15 11:15,113,61,52,0,0,0
2022-05-15 11:30,132,57,75,0,0,0
2022-05-15 11:45,129,63,66,0,0,0
2022-05-15 12:00,136,66,70,0,0,0
2022-05-15 12:15,145,76,69,0,0,0
2022-05-15 12:30,160,81,79,0,0,0
2022-05-15 12:45,143,72,71,0,0,0
2022-05-15 13:00,146,57,89,0,0,0
2022-05-15 13:15,159,71,88,0,0,0
2022-05-15 13:30,174,105,69,0,0,0
2022-05-15 13:45,179,89,90,0,0,0
2022-05-15 14:00,184,98,86,0,0,0
2022-05-15 14:15,183,110,73,0,0,0
2022-05-15 14:30,185,113,72,0,0,0
2022-05-15 14:45,216,114,102,0,0,0
2022-05-15 15:00,182,106,76,0,0,0
2022-05-15 15:15,178,89,89,0,0,0
2022-05-15 15:30,213,120,93,0,0,0
2022-05-15 15:45,217,105,112,0,0,0
2022-05-15 16:00,165,78,87,0,0,0
2022-05-15 16:15,171,84,87,0,0,0
2022-05-15 16:30,159,77,82,0,0,0
2022-05-15 16:45,150,77,73,0,0,0
2022-05-15 17:00,186,86,100,0,0,0
2022-05-15 17:15,170,92,78,0,0,0
2022-05-15 17:30,226,137,89,0,0,0
2022-05-15 17:45,263,146,117,0,0,0
2022-05-15 18:00,175,87,88,0,0,0
2022-05-15 18:15,155,88,67,0,0,0
2022-05-15 18:30,157,72,85,0,0,0
2022-05-15 18:45,170,114,56,0,0,0
2022-05-15 19:00,147,74,73,0,0,0
2022-05-15 19:15,157,83,74,0,0,0
2022-05-15 19:30,135,70,65,0,0,0
2022-05-15 19:45,156,79,77,0,0,0
2022-05-15 20:00,159,74,85,0,0,0
2022-05-15 20:15,152,57,95,0,0,0
2022-05-15 20:30,126,50,76,0,0,0
2022-05-15 20:45,104,38,66,0,0,0
2022-05-15 21:00,109,34,75,0,0,0
2022-05-15 21:15,102,39,63,0,0,0
2022-05-15 21:30,78,33,45,0,0,0
2022-05-15 21:45,90,29,61,0,0,0
2022-05-15 22:00,103,29,74,0,0,0
2022-05-15 22:15,80,20,60,0,0,0
2022-05-15 22:30,79,18,61,0,0,0
2022-05-15 22:45,49,10,39,0,0,0
2022-05-15 23:00,57,22,35,0,0,0
2022-05-15 23:15,41,13,28,0,0,0
2022-05-15 23:30,30,5,25,0,0,0
2022-05-15 23:45,19,4,15,0,0,0
2022-05-16 00:00,27,3,24,0,0,0
2022-05-16 00:15,24,3,21,0,0,0
2022-05-16 00:30,21,4,17,0,0,0
2022-05-16 00:45,11,3,8,0,0,0
2022-05-16 01:00,17,7,10,0,0,0
2022-05-16 01:15,6,0,6,0,0,0
2022-05-16 01:30,4,0,4,0,0,0
2022-05-16 01:45,8,1,7,0,0,0
2022-05-16 02:00,5,1,4,0,0,0
2022-05-16 02:15,4,3,1,0,0,0
2022-05-16 02:30,1,0,1,0,0,0
2022-05-16 02:45,0,0,0,0,0,0
2022-05-16 03:00,1,0,1,0,0,0
2022-05-16 03:15,1,1,0,0,0,0
2022-05-16 03:30,1,0,1,0,0,0
2022-05-16 03:45,1,0,1,0,0,0
2022-05-16 04:00,3,1,2,0,0,0
2022-05-16 04:15,3,1,2,0,0,0
2022-05-16 04:30,9,5,4,0,0,0
2022-05-16 04:45,12,7,5,0,0,0
2022-05-16 05:00,11,8,3,0,0,0
2022-05-16 05:15,20,14,6,0,0,0
2022-05-16 05:30,24,18,6,0,0,0
2022-05-16 05:45,15,14,1,0,0,0
2022-05-16 06:00,25,18,7,0,0,0
2022-05-16 06:15,44,31,13,0,0,0
2022-05-16 06:30,52,28,24,0,0,0
2022-05-16 06:45,88,48,40,0,0,0
2022-05-16 07:00,99,55,44,0,0,0
2022-05-16 07:15,154,112,42,0,0,0
2022-05-16 07:30,271,196,75,0,0,0
2022-05-16 07:45,308,171,137,0,0,0
2022-05-16 08:00,290,140,150,0,0,0
2022-05-16 08:15,227,132,95,0,0,0
2022-05-16 08:30,201,115,86,0,0,0
2022-05-16 08:45,254,142,112,0,0,0
2022-05-16 09:00,195,124,71,0,0,0
2022-05-16 09:15,171,88,83,0,0,0
2022-05-16 09:30,176,80,96,0,0,0
2022-05-16 09:45,290,154,136,0,0,0
2022-05-16 10:00,364,189,175,0,0,0
2022-05-16 10:15,130,78,52,0,0,0
2022-05-16 10:30,151,80,71,0,0,0
2022-05-16 10:45,147,81,66,0,0,0
2022-05-16 11:00,116,52,64,0,0,0
2022-05-16 11:15,126,61,65,0,0,0
2022-05-16 11:30,153,64,89,0,0,0
2022-05-16 11:45,341,165,176,0,0,0
2022-05-16 12:00,312,172,140,0,0,0
2022-05-16 12:15,206,94,112,0,0,0
2022-05-16 12:30,177,78,99,0,0,0
2022-05-16 12:45,206,105,101,0,0,0
2022-05-16 13:00,283,131,152,0,0,0
2022-05-16 13:15,201,112,89,0,0,0
2022-05-16 13:30,211,107,104,0,0,0
2022-05-16 13:45,410,193,217,0,0,0
2022-05-16 14:00,380,201,179,0,0,0
2022-05-16 14:15,181,92,89,0,0,0
2022-05-16 14:30,184,76,108,0,0,0
2022-05-16 14:45,229,98,131,0,0,0
2022-05-16 15:00,194,91,103,0,0,0
2022-05-16 15:15,154,78,76,0,0,0
2022-05-16 15:30,283,127,156,0,0,0
2022-05-16 15:45,478,232,246,0,0,0
2022-05-16 16:00,402,212,190,0,0,0
2022-05-16 16:15,262,144,118,0,0,0
2022-05-16 16:30,229,105,124,0,0,0
2022-05-16 16:45,184,95,89,0,0,0
2022-05-16 17:00,258,129,129,0,0,0
2022-05-16 17:15,275,128,147,0,0,0
2022-05-16 17:30,272,123,149,0,0,0
2022-05-16 17:45,398,184,214,0,0,0
2022-05-16 18:00,287,138,149,0,0,0
2022-05-16 18:15,243,126,117,0,0,0
2022-05-16 18:30,227,101,126,0,0,0
2022-05-16 18:45,213,89,124,0,0,0
2022-05-16 19:00,199,75,124,0,0,0
2022-05-16 19:15,174,77,97,0,0,0
2022-05-16 19:30,225,79,146,0,0,0
2022-05-16 19:45,243,104,139,0,0,0
2022-05-16 20:00,154,75,79,0,0,0
2022-05-16 20:15,157,76,81,0,0,0
2022-05-16 20:30,120,52,68,0,0,0
2022-05-16 20:45,101,45,56,0,0,0
2022-05-16 21:00,110,67,43,0,0,0
2022-05-16 21:15,122,58,64,0,0,0
2022-05-16 21:30,99,45,54,0,0,0
2022-05-16 21:45,90,40,50,0,0,0
2022-05-16 22:00,95,42,53,0,0,0
2022-05-16 22:15,96,55,41,0,0,0
2022-05-16 22:30,76,24,52,0,0,0
2022-05-16 22:45,64,21,43,0,0,0
2022-05-16 23:00,44,21,23,0,0,0
2022-05-16 23:15,62,15,47,0,0,0
2022-05-16 23:30,41,8,33,0,0,0
2022-05-16 23:45,27,6,21,0,0,0
2022-05-17 00:00,26,14,12,0,0,0
2022-05-17 00:15,19,5,14,0,0,0
2022-05-17 00:30,20,2,18,0,0,0
2022-05-17 00:45,21,9,12,0,0,0
2022-05-17 01:00,13,3,10,0,0,0
2022-05-17 01:15,8,2,6,0,0,0
2022-05-17 01:30,7,3,4,0,0,0
2022-05-17 01:45,6,1,5,0,0,0
2022-05-17 02:00,3,2,1,0,0,0
2022-05-17 02:15,2,0,2,0,0,0
2022-05-17 02:30,2,0,2,0,0,0
2022-05-17 02:45,2,0,2,0,0,0
2022-05-17 03:00,0,0,0,0,0,0
2022-05-17 03:15,3,0,3,0,0,0
2022-05-17 03:30,1,1,0,0,0,0
2022-05-17 03:45,4,1,3,0,0,0
2022-05-17 04:00,10,4,6,0,0,0
2022-05-17 04:15,5,2,3,0,0,0
2022-05-17 04:30,5,4,1,0,0,0
2022-05-17 04:45,11,9,2,0,0,0
2022-05-17 05:00,5,3,2,0,0,0
2022-05-17 05:15,14,12,2,0,0,0
2022-05-17 05:30,25,15,10,0,0,0
2022-05-17 05:45,31,24,7,0,0,0
2022-05-17 06:00,34,24,10,0,0,0
2022-05-17 06:15,43,29,14,0,0,0
2022-05-17 06:30,79,46,33,0,0,0
2022-05-17 06:45,102,57,45,0,0,0
2022-05-17 07:00,107,66,41,0,0,0
2022-05-17 07:15,154,100,54,0,0,0
2022-05-17 07:30,287,198,89,0,0,0
2022-05-17 07:45,400,206,194,0,0,0
2022-05-17 08:00,431,230,201,0,0,0
2022-05-17 08:15,347,209,138,0,0,0
2022-05-17 08:30,237,150,87,0,0,0
2022-05-17 08:45,272,152,120,0,0,0
2022-05-17 09:00,222,145,77,0,0,0
2022-05-17 09:15,170,104,66,0,0,0
2022-05-17 09:30,168,102,66,0,0,0
2022-05-17 09:45,401,182,219,0,0,0
2022-05-17 10:00,492,275,217,0,0,0
2022-05-17 10:15,167,94,73,0,0,0
2022-05-17 10:30,146,84,62,0,0,0
2022-05-17 10:45,141,73,68,0,0,0
2022-05-17 11:00,151,72,79,0,0,0
2022-05-17 11:15,156,87,69,0,0,0
2022-05-17 11:30,206,91,115,0,0,0
2022-05-17 11:45,464,226,238,0,0,0
2022-05-17 12:00,381,207,174,0,0,0
2022-05-17 12:15,227,111,116,0,0,0
2022-05-17 12:30,232,105,127,0,0,0
2022-05-17 12:45,187,95,92,0,0,0
2022-05-17 13:00,262,107,155,0,0,0
2022-05-17 13:15,198,88,110,0,0,0
2022-05-17 13:30,250,106,144,0,0,0
2022-05-17 13:45,429,222,207,0,0,0
2022-05-17 14:00,417,241,176,0,0,0
2022-05-17 14:15,223,122,101,0,0,0
2022-05-17 14:30,206,91,115,0,0,0
2022-05-17 14:45,220,91,129,0,0,0
2022-05-17 15:00,199,123,76,0,0,0
2022-05-17 15:15,224,117,107,0,0,0
2022-05-17 15:30,266,121,145,0,0,0
2022-05-17 15:45,529,258,271,0,0,0
2022-05-17 16:00,420,215,205,0,0,0
2022-05-17 16:15,306,146,160,0,0,0
2022-05-17 16:30,302,161,141,0,0,0
2022-05-17 16:45,335,160,175,0,0,0
2022-05-17 17:00,312,159,153,0,0,0
2022-05-17 17:15,325,160,165,0,0,0
2022-05-17 17:30,401,205,196,0,0,0
2022-05-17 17:45,538,256,282,0,0,0
2022-05-17 18:00,457,221,236,0,0,0
2022-05-17 18:15,337,158,179,0,0,0
2022-05-17 18:30,293,136,157,0,0,0
2022-05-17 18:45,330,172,158,0,0,0
2022-05-17 19:00,263,136,127,0,0,0
2022-05-17 19:15,298,149,149,0,0,0
2022-05-17 19:30,333,158,175,0,0,0
2022-05-17 19:45,337,152,185,0,0,0
2022-05-17 20:00,250,121,129,0,0,0
2022-05-17 20:15,188,91,97,0,0,0
2022-05-17 20:30,183,93,90,0,0,0
2022-05-17 20:45,181,88,93,0,0,0
2022-05-17 21:00,168,85,83,0,0,0
2022-05-17 21:15,158,59,99,0,0,0
2022-05-17 21:30,162,71,91,0,0,0
2022-05-17 21:45,174,66,108,0,0,0
2022-05-17 22:00,132,58,74,0,0,0
2022-05-17 22:15,142,67,75,0,0,0
2022-05-17 22:30,108,54,54,0,0,0
2022-05-17 22:45,110,41,69,0,0,0
2022-05-17 23:00,72,24,48,0,0,0
2022-05-17 23:15,102,42,60,0,0,0
2022-05-17 23:30,85,35,50,0,0,0
2022-05-17 23:45,64,17,47,0,0,0
2022-05-18 00:00,32,11,21,0,0,0
2022-05-18 00:15,43,17,26,0,0,0
2022-05-18 00:30,41,5,36,0,0,0
2022-05-18 00:45,26,7,19,0,0,0
2022-05-18 01:00,27,10,17,0,0,0
2022-05-18 01:15,14,6,8,0,0,0
2022-05-18 01:30,20,8,12,0,0,0
2022-05-18 01:45,21,9,12,0,0,0
2022-05-18 02:00,13,2,11,0,0,0
2022-05-18 02:15,9,1,8,0,0,0
2022-05-18 02:30,2,1,1,0,0,0
2022-05-18 02:45,18,6,12,0,0,0
2022-05-18 03:00,19,2,17,0,0,0
2022-05-18 03:15,20,1,19,0,0,0
2022-05-18 03:30,18,2,16,0,0,0
2022-05-18 03:45,14,0,14,0,0,0
2022-05-18 04:00,19,4,15,0,0,0
2022-05-18 04:15,18,4,14,0,0,0
2022-05-18 04:30,16,3,13,0,0,0
2022-05-18 04:45,28,14,14,0,0,0
2022-05-18 05:00,14,7,7,0,0,0
2022-05-18 05:15,18,14,4,0,0,0
2022-05-18 05:30,34,23,11,0,0,0
2022-05-18 05:45,21,18,3,0,0,0
2022-05-18 06:00,34,25,9,0,0,0
2022-05-18 06:15,61,41,20,0,0,0
2022-05-18 06:30,72,43,29,0,0,0
2022-05-18 06:45,113,72,41,0,0,0
2022-05-18 07:00,131,86,45,0,0,0
2022-05-18 07:15,247,191,56,0,0,0
2022-05-18 07:30,316,230,86,0,0,0
2022-05-18 07:45,412,230,182,0,0,0
2022-05-18 08:00,454,236,218,0,0,0
2022-05-18 08:15,299,181,118,0,0,0
2022-05-18 08:30,259,153,106,0,0,0
2022-05-18 08:45,309,178,131,0,0,0
2022-05-18 09:00,239,149,90,0,0,0
2022-05-18 09:15,194,112,82,0,0,0
2022-05-18 09:30,227,141,86,0,0,0
2022-05-18 09:45,381,204,177,0,0,0
2022-05-18 10:00,472,267,205,0,0,0
2022-05-18 10:15,235,127,108,0,0,0
2022-05-18 10:30,164,90,74,0,0,0
2022-05-18 10:45,189,95,94,0,0,0
2022-05-18 11:00,181,113,68,0,0,0
2022-05-18 11:15,175,104,71,0,0,0
2022-05-18 11:30,245,148,97,0,0,0
2022-05-18 11:45,429,213,216,0,0,0
2022-05-18 12:00,391,223,168,0,0,0
2022-05-18 12:15,277,144,133,0,0,0
2022-05-18 12:30,249,139,110,0,0,0
2022-05-18 12:45,247,114,133,0,0,0
2022-05-18 13:00,301,117,184,0,0,0
2022-05-18 13:15,307,143,164,0,0,0
2022-05-18 13:30,241,114,127,0,0,0
2022-05-18 13:45,415,188,227,0,0,0
2022-05-18 14:00,393,182,211,0,0,0
2022-05-18 14:15,271,133,138,0,0,0
2022-05-18 14:30,274,114,160,0,0,0
2022-05-18 14:45,271,137,134,0,0,0
2022-05-18 15:00,251,109,142,0,0,0
2022-05-18 15:15,267,146,121,0,0,0
2022-05-18 15:30,333,164,169,0,0,0
2022-05-18 15:45,485,273,212,0,0,0
2022-05-18 16:00,456,251,205,0,0,0
2022-05-18 16:15,343,184,159,0,0,0
2022-05-18 16:30,349,172,177,0,0,0
2022-05-18 16:45,318,172,146,0,0,0
2022-05-18 17:00,359,172,187,0,0,0
2022-05-18 17:15,357,195,162,0,0,0
2022-05-18 17:30,387,207,180,0,0,0
2022-05-18 17:45,592,290,302,0,0,0
2022-05-18 18:00,402,220,182,0,0,0
2022-05-18 18:15,391,205,186,0,0,0
2022-05-18 18:30,327,148,179,0,0,0
2022-05-18 18:45,397,217,180,0,0,0
2022-05-18 19:00,314,174,140,0,0,0
2022-05-18 19:15,311,150,161,0,0,0
2022-05-18 19:30,330,170,160,0,0,0
2022-05-18 19:45,399,209,190,0,0,0
2022-05-18 20:00,336,175,161,0,0,0
2022-05-18 20:15,298,150,148,0,0,0
2022-05-18 20:30,267,127,140,0,0,0
2022-05-18 20:45,231,114,117,0,0,0
2022-05-18 21:00,190,87,103,0,0,0
2022-05-18 21:15,186,70,116,0,0,0
2022-05-18 21:30,158,55,103,0,0,0
2022-05-18 21:45,153,49,104,0,0,0
2022-05-18 22:00,165,51,114,0,0,0
2022-05-18 22:15,218,69,149,0,0,0
2022-05-18 22:30,164,46,118,0,0,0
2022-05-18 22:45,127,40,87,0,0,0
2022-05-18 23:00,157,46,111,0,0,0
2022-05-18 23:15,139,44,95,0,0,0
2022-05-18 23:30,85,27,58,0,0,0
2022-05-18 23:45,68,12,56,0,0,0
2022-05-19 00:00,170,53,117,0,0,0
2022-05-19 00:15,156,67,89,0,0,0
2022-05-19 00:30,111,39,72,0,0,0
2022-05-19 00:45,75,23,52,0,0,0
2022-05-19 01:00,71,11,60,0,0,0
2022-05-19 01:15,41,10,31,0,0,0
2022-05-19 01:30,43,7,36,0,0,0
2022-05-19 01:45,30,1,29,0,0,0
2022-05-19 02:00,42,10,32,0,0,0
2022-05-19 02:15,46,8,38,0,0,0
2022-05-19 02:30,13,0,13,0,0,0
2022-05-19 02:45,26,1,25,0,0,0
2022-05-19 03:00,37,3,34,0,0,0
2022-05-19 03:15,29,5,24,0,0,0
2022-05-19 03:30,16,2,14,0,0,0
2022-05-19 03:45,17,3,14,0,0,0
2022-05-19 04:00,11,2,9,0,0,0
2022-05-19 04:15,15,6,9,0,0,0
2022-05-19 04:30,12,4,8,0,0,0
2022-05-19 04:45,17,7,10,0,0,0
2022-05-19 05:00,7,4,3,0,0,0
2022-05-19 05:15,14,8,6,0,0,0
2022-05-19 05:30,23,14,9,0,0,0
2022-05-19 05:45,28,15,13,0,0,0
2022-05-19 06:00,32,26,6,0,0,0
2022-05-19 06:15,56,38,18,0,0,0
2022-05-19 06:30,66,45,21,0,0,0
2022-05-19 06:45,81,55,26,0,0,0
2022-05-19 07:00,109,60,49,0,0,0
2022-05-19 07:15,175,122,53,0,0,0
2022-05-19 07:30,301,230,71,0,0,0
2022-05-19 07:45,401,217,184,0,0,0
2022-05-19 08:00,389,201,188,0,0,0
2022-05-19 08:15,252,137,115,0,0,0
2022-05-19 08:30,226,149,77,0,0,0
2022-05-19 08:45,277,141,136,0,0,0
2022-05-19 09:00,181,103,78,0,0,0
2022-05-19 09:15,153,85,68,0,0,0
2022-05-19 09:30,177,92,85,0,0,0
2022-05-19 09:45,371,194,177,0,0,0
2022-05-19 10:00,443,269,174,0,0,0
2022-05-19 10:15,186,116,70,0,0,0
2022-05-19 10:30,175,101,74,0,0,0
2022-05-19 10:45,169,91,78,0,0,0
2022-05-19 11:00,142,76,66,0,0,0
2022-05-19 11:15,155,75,80,0,0,0
2022-05-19 11:30,203,103,100,0,0,0
2022-05-19 11:45,373,168,205,0,0,0
2022-05-19 12:00,384,219,165,0,0,0
2022-05-19 12:15,232,117,115,0,0,0
2022-05-19 12:30,216,108,108,0,0,0
2022-05-19 12:45,221,113,108,0,0,0
2022-05-19 13:00,242,98,144,0,0,0
2022-05-19 13:15,260,140,120,0,0,0
2022-05-19 13:30,230,109,121,0,0,0
2022-05-19 13:45,453,233,220,0,0,0
2022-05-19 14:00,396,201,195,0,0,0
2022-05-19 14:15,271,147,124,0,0,0
2022-05-19 14:30,229,111,118,0,0,0
2022-05-19 14:45,303,132,171,0,0,0
2022-05-19 15:00,249,106,143,0,0,0
2022-05-19 15:15,263,119,144,0,0,0
2022-05-19 15:30,413,184,229,0,0,0
2022-05-19 15:45,287,111,176,0,0,0
2022-05-19 16:00,192,84,108,0,0,0
2022-05-19 16:15,102,51,51,0,0,0
2022-05-19 16:30,194,96,98,0,0,0
2022-05-19 16:45,252,119,133,0,0,0
2022-05-19 17:00,187,89,98,0,0,0
2022-05-19 17:15,211,112,99,0,0,0
2022-05-19 17:30,262,137,125,0,0,0
2022-05-19 17:45,317,156,161,0,0,0
2022-05-19 18:00,287,161,126,0,0,0
2022-05-19 18:15,232,120,112,0,0,0
2022-05-19 18:30,211,107,104,0,0,0
2022-05-19 18:45,224,120,104,0,0,0
2022-05-19 19:00,183,109,74,0,0,0
2022-05-19 19:15,197,106,91,0,0,0
2022-05-19 19:30,182,88,94,0,0,0
2022-05-19 19:45,258,132,126,0,0,0
2022-05-19 20:00,189,104,85,0,0,0
2022-05-19 20:15,190,83,107,0,0,0
2022-05-19 20:30,138,68,70,0,0,0
2022-05-19 20:45,126,63,63,0,0,0
2022-05-19 21:00,101,59,42,0,0,0
2022-05-19 21:15,106,52,54,0,0,0
2022-05-19 21:30,134,65,69,0,0,0
2022-05-19 21:45,112,50,62,0,0,0
2022-05-19 22:00,96,42,54,0,0,0
2022-05-19 22:15,131,67,64,0,0,0
2022-05-19 22:30,108,45,63,0,0,0
2022-05-19 22:45,109,35,74,0,0,0
2022-05-19 23:00,86,25,61,0,0,0
2022-05-19 23:15,94,41,53,0,0,0
2022-05-19 23:30,94,37,57,0,0,0
2022-05-19 23:45,70,33,37,0,0,0
2022-05-20 00:00,46,13,33,0,0,0
2022-05-20 00:15,31,15,16,0,0,0
2022-05-20 00:30,34,12,22,0,0,0
2022-05-20 00:45,28,6,22,0,0,0
2022-05-20 01:00,22,2,20,0,0,0
2022-05-20 01:15,24,7,17,0,0,0
2022-05-20 01:30,24,10,14,0,0,0
2022-05-20 01:45,19,4,15,0,0,0
2022-05-20 02:00,16,6,10,0,0,0
2022-05-20 02:15,25,1,24,0,0,0
2022-05-20 02:30,16,1,15,0,0,0
2022-05-20 02:45,18,6,12,0,0,0
2022-05-20 03:00,15,4,11,0,0,0
2022-05-20 03:15,25,2,23,0,0,0
2022-05-20 03:30,16,2,14,0,0,0
2022-05-20 03:45,9,1,8,0,0,0
2022-05-20 04:00,21,1,20,0,0,0
2022-05-20 04:15,14,2,12,0,0,0
2022-05-20 04:30,26,10,16,0,0,0
2022-05-20 04:45,17,9,8,0,0,0
2022-05-20 05:00,17,4,13,0,0,0
2022-05-20 05:15,11,6,5,0,0,0
2022-05-20 05:30,21,16,5,0,0,0
2022-05-20 05:45,13,8,5,0,0,0
2022-05-20 06:00,30,20,10,0,0,0
2022-05-20 06:15,44,31,13,0,0,0
2022-05-20 06:30,45,22,23,0,0,0
2022-05-20 06:45,82,55,27,0,0,0
2022-05-20 07:00,80,41,39,0,0,0
2022-05-20 07:15,144,91,53,0,0,0
2022-05-20 07:30,229,157,72,0,0,0
2022-05-20 07:45,308,167,141,0,0,0
2022-05-20 08:00,279,147,132,0,0,0
2022-05-20 08:15,217,109,108,0,0,0
2022-05-20 08:30,190,108,82,0,0,0
2022-05-20 08:45,221,109,112,0,0,0
2022-05-20 09:00,167,96,71,0,0,0
2022-05-20 09:15,161,92,69,0,0,0
2022-05-20 09:30,158,90,68,0,0,0
2022-05-20 09:45,327,157,170,0,0,0
2022-05-20 10:00,324,182,142,0,0,0
2022-05-20 10:15,165,90,75,0,0,0
2022-05-20 10:30,136,72,64,0,0,0
2022-05-20 10:45,166,103,63,0,0,0
2022-05-20 11:00,164,101,63,0,0,0
2022-05-20 11:15,157,79,78,0,0,0
2022-05-20 11:30,189,107,82,0,0,0
2022-05-20 11:45,293,154,139,0,0,0
2022-05-20 12:00,253,163,90,0,0,0
2022-05-20 12:15,252,131,121,0,0,0
2022-05-20 12:30,222,122,100,0,0,0
2022-05-20 12:45,233,126,107,0,0,0
2022-05-20 13:00,226,96,130,0,0,0
2022-05-20 13:15,274,99,175,0,0,0
2022-05-20 13:30,207,113,94,0,0,0
2022-05-20 13:45,289,143,146,0,0,0
2022-05-20 14:00,235,129,106,0,0,0
2022-05-20 14:15,195,98,97,0,0,0
2022-05-20 14:30,212,116,96,0,0,0
2022-05-20 14:45,235,99,136,0,0,0
2022-05-20 15:00,209,98,111,0,0,0
2022-05-20 15:15,252,100,152,0,0,0
2022-05-20 15:30,225,112,113,0,0,0
2022-05-20 15:45,196,80,116,0,0,0
2022-05-20 16:00,108,46,62,0,0,0
2022-05-20 16:15,58,19,39,0,0,0
2022-05-20 16:30,62,26,36,0,0,0
2022-05-20 16:45,111,58,53,0,0,0
2022-05-20 17:00,136,61,75,0,0,0
2022-05-20 17:15,108,60,48,0,0,0
2022-05-20 17:30,92,35,57,0,0,0
2022-05-20 17:45,149,76,73,0,0,0
2022-05-20 18:00,150,68,82,0,0,0
2022-05-20 18:15,158,83,75,0,0,0
2022-05-20 18:30,137,69,68,0,0,0
2022-05-20 18:45,159,89,70,0,0,0
2022-05-20 19:00,142,74,68,0,0,0
2022-05-20 19:15,137,77,60,0,0,0
2022-05-20 19:30,132,80,52,0,0,0
2022-05-20 19:45,174,112,62,0,0,0
2022-05-20 20:00,158,102,56,0,0,0
2022-05-20 20:15,112,56,56,0,0,0
2022-05-20 20:30,86,53,33,0,0,0
2022-05-20 20:45,94,39,55,0,0,0
2022-05-20 21:00,97,38,59,0,0,0
2022-05-20 21:15,90,39,51,0,0,0
2022-05-20 21:30,78,39,39,0,0,0
2022-05-20 21:45,77,37,40,0,0,0
2022-05-20 22:00,106,39,67,0,0,0
2022-05-20 22:15,98,49,49,0,0,0
2022-05-20 22:30,62,26,36,0,0,0
2022-05-20 22:45,75,41,34,0,0,0
2022-05-20 23:00,62,23,39,0,0,0
2022-05-20 23:15,70,31,39,0,0,0
2022-05-20 23:30,54,16,38,0,0,0
2022-05-20 23:45,38,18,20,0,0,0
2022-05-21 00:00,71,26,45,0,0,0
2022-05-21 00:15,62,17,45,0,0,0
2022-05-21 00:30,62,19,43,0,0,0
2022-05-21 00:45,55,24,31,0,0,0
2022-05-21 01:00,46,19,27,0,0,0
2022-05-21 01:15,45,11,34,0,0,0
2022-05-21 01:30,45,12,33,0,0,0
2022-05-21 01:45,55,11,44,0,0,0
2022-05-21 02:00,60,15,45,0,0,0
2022-05-21 02:15,52,11,41,0,0,0
2022-05-21 02:30,31,9,22,0,0,0
2022-05-21 02:45,37,10,27,0,0,0
2022-05-21 03:00,30,7,23,0,0,0
2022-05-21 03:15,27,8,19,0,0,0
2022-05-21 03:30,41,11,30,0,0,0
2022-05-21 03:45,30,6,24,0,0,0
2022-05-21 04:00,17,6,11,0,0,0
2022-05-21 04:15,18,5,13,0,0,0
2022-05-21 04:30,24,4,20,0,0,0
2022-05-21 04:45,14,4,10,0,0,0
2022-05-21 05:00,12,4,8,0,0,0
2022-05-21 05:15,8,2,6,0,0,0
2022-05-21 05:30,10,5,5,0,0,0
2022-05-21 05:45,13,9,4,0,0,0
2022-05-21 06:00,18,9,9,0,0,0
2022-05-21 06:15,10,9,1,0,0,0
2022-05-21 06:30,12,7,5,0,0,0
2022-05-21 06:45,33,23,10,0,0,0
2022-05-21 07:00,22,14,8,0,0,0
2022-05-21 07:15,25,19,6,0,0,0
2022-05-21 07:30,49,38,11,0,0,0
2022-05-21 07:45,57,37,20,0,0,0
2022-05-21 08:00,55,43,12,0,0,0
2022-05-21 08:15,99,61,38,0,0,0
2022-05-21 08:30,69,47,22,0,0,0
2022-05-21 08:45,116,85,31,0,0,0
2022-05-21 09:00,99,59,40,0,0,0
2022-05-21 09:15,116,84,32,0,0,0
2022-05-21 09:30,167,123,44,0,0,0
2022-05-21 09:45,187,129,58,0,0,0
2022-05-21 10:00,142,104,38,0,0,0
2022-05-21 10:15,177,125,52,0,0,0
2022-05-21 10:30,179,121,58,0,0,0
2022-05-21 10:45,186,122,64,0,0,0
2022-05-21 11:00,183,109,74,0,0,0
2022-05-21 11:15,145,84,61,0,0,0
2022-05-21 11:30,162,116,46,0,0,0
2022-05-21 11:45,154,89,65,0,0,0
2022-05-21 12:00,190,91,99,0,0,0
2022-05-21 12:15,182,109,73,0,0,0
2022-05-21 12:30,190,105,85,0,0,0
2022-05-21 12:45,173,110,63,0,0,0
2022-05-21 13:00,195,93,102,0,0,0
2022-05-21 13:15,181,100,81,0,0,0
2022-05-21 13:30,188,97,91,0,0,0
2022-05-21 13:45,196,89,107,0,0,0
2022-05-21 14:00,197,107,90,0,0,0
2022-05-21 14:15,199,105,94,0,0,0
2022-05-21 14:30,208,109,99,0,0,0
2022-05-21 14:45,183,80,103,0,0,0
2022-05-21 15:00,195,98,97,0,0,0
2022-05-21 15:15,211,107,104,0,0,0
2022-05-21 15:30,172,81,91,0,0,0
2022-05-21 15:45,209,103,106,0,0,0
2022-05-21 16:00,184,93,91,0,0,0
2022-05-21 16:15,156,64,92,0,0,0
2022-05-21 16:30,167,77,90,0,0,0
2022-05-21 16:45,145,67,78,0,0,0
2022-05-21 17:00,150,67,83,0,0,0
2022-05-21 17:15,134,73,61,0,0,0
2022-05-21 17:30,163,70,93,0,0,0
2022-05-21 17:45,205,99,106,0,0,0
2022-05-21 18:00,170,76,94,0,0,0
2022-05-21 18:15,179,89,90,0,0,0
2022-05-21 18:30,153,77,76,0,0,0
2022-05-21 18:45,165,89,76,0,0,0
2022-05-21 19:00,157,79,78,0,0,0
2022-05-21 19:15,184,90,94,0,0,0
2022-05-21 19:30,175,68,107,0,0,0
2022-05-21 19:45,166,78,88,0,0,0
2022-05-21 20:00,153,78,75,0,0,0
2022-05-21 20:15,148,79,69,0,0,0
2022-05-21 20:30,112,43,69,0,0,0
2022-05-21 20:45,106,58,48,0,0,0
2022-05-21 21:00,86,35,51,0,0,0
2022-05-21 21:15,104,39,65,0,0,0
2022-05-21 21:30,97,39,58,0,0,0
2022-05-21 21:45,78,36,42,0,0,0
2022-05-21 22:00,99,40,59,0,0,0
2022-05-21 22:15,86,38,48,0,0,0
2022-05-21 22:30,62,21,41,0,0,0
2022-05-21 22:45,84,30,54,0,0,0
2022-05-21 23:00,99,36,63,0,0,0
2022-05-21 23:15,89,18,71,0,0,0
2022-05-21 23:30,91,38,53,0,0,0
2022-05-21 23:45,96,32,64,0,0,0
2022-05-22 00:00,70,34,36,0,0,0
2022-05-22 00:15,77,20,57,0,0,0
2022-05-22 00:30,87,38,49,0,0,0
2022-05-22 00:45,69,23,46,0,0,0
2022-05-22 01:00,77,24,53,0,0,0
2022-05-22 01:15,61,21,40,0,0,0
2022-05-22 01:30,52,14,38,0,0,0
2022-05-22 01:45,64,13,51,0,0,0
2022-05-22 02:00,34,12,22,0,0,0
2022-05-22 02:15,75,18,57,0,0,0
2022-05-22 02:30,29,6,23,0,0,0
2022-05-22 02:45,61,13,48,0,0,0
2022-05-22 03:00,35,9,26,0,0,0
2022-05-22 03:15,48,10,38,0,0,0
2022-05-22 03:30,22,6,16,0,0,0
2022-05-22 03:45,26,5,21,0,0,0
2022-05-22 04:00,36,2,34,0,0,0
2022-05-22 04:15,32,6,26,0,0,0
2022-05-22 04:30,24,2,22,0,0,0
2022-05-22 04:45,28,9,19,0,0,0
2022-05-22 05:00,20,1,19,0,0,0
2022-05-22 05:15,13,2,11,0,0,0
2022-05-22 05:30,10,7,3,0,0,0
2022-05-22 05:45,7,0,7,0,0,0
2022-05-22 06:00,11,7,4,0,0,0
2022-05-22 06:15,14,6,8,0,0,0
2022-05-22 06:30,11,4,7,0,0,0
2022-05-22 06:45,9,1,8,0,0,0
2022-05-22 07:00,7,4,3,0,0,0
2022-05-22 07:15,14,5,9,0,0,0
2022-05-22 07:30,14,7,7,0,0,0
2022-05-22 07:45,17,6,11,0,0,0
2022-05-22 08:00,17,8,9,0,0,0
2022-05-22 08:15,22,13,9,0,0,0
2022-05-22 08:30,18,9,9,0,0,0
2022-05-22 08:45,41,23,18,0,0,0
2022-05-22 09:00,44,20,24,0,0,0
2022-05-22 09:15,43,30,13,0,0,0
2022-05-22 09:30,67,33,34,0,0,0
2022-05-22 09:45,107,86,21,0,0,0
2022-05-22 10:00,77,47,30,0,0,0
2022-05-22 10:15,68,40,28,0,0,0
2022-05-22 10:30,81,42,39,0,0,0
2022-05-22 10:45,142,85,57,0,0,0
2022-05-22 11:00,117,61,56,0,0,0
2022-05-22 11:15,94,47,47,0,0,0
2022-05-22 11:30,84,41,43,0,0,0
2022-05-22 11:45,116,69,47,0,0,0
2022-05-22 12:00,94,37,57,0,0,0
2022-05-22 12:15,131,89,42,0,0,0
2022-05-22 12:30,115,50,65,0,0,0
2022-05-22 12:45,120,65,55,0,0,0
2022-05-22 13:00,112,61,51,0,0,0
2022-05-22 13:15,131,76,55,0,0,0
2022-05-22 13:30,138,84,54,0,0,0
2022-05-22 13:45,138,82,56,0,0,0
2022-05-22 14:00,145,77,68,0,0,0
2022-05-22 14:15,141,74,67,0,0,0
2022-05-22 14:30,155,86,69,0,0,0
2022-05-22 14:45,169,93,76,0,0,0
2022-05-22 15:00,160,85,75,0,0,0
2022-05-22 15:15,175,107,68,0,0,0
2022-05-22 15:30,183,104,79,0,0,0
2022-05-22 15:45,167,99,68,0,0,0
2022-05-22 16:00,149,88,61,0,0,0
2022-05-22 16:15,161,81,80,0,0,0
2022-05-22 16:30,139,62,77,0,0,0
2022-05-22 16:45,141,78,63,0,0,0
2022-05-22 17:00,163,87,76,0,0,0
2022-05-22 17:15,175,80,95,0,0,0
2022-05-22 17:30,160,72,88,0,0,0
2022-05-22 17:45,193,89,104,0,0,0
2022-05-22 18:00,166,87,79,0,0,0
2022-05-22 18:15,174,78,96,0,0,0
2022-05-22 18:30,134,72,62,0,0,0
2022-05-22 18:45,165,87,78,0,0,0
2022-05-22 19:00,148,84,64,0,0,0
2022-05-22 19:15,154,73,81,0,0,0
2022-05-22 19:30,145,79,66,0,0,0
2022-05-22 19:45,157,68,89,0,0,0
2022-05-22 20:00,143,67,76,0,0,0
2022-05-22 20:15,114,51,63,0,0,0
2022-05-22 20:30,107,36,71,0,0,0
2022-05-22 20:45,89,35,54,0,0,0
2022-05-22 21:00,88,24,64,0,0,0
2022-05-22 21:15,97,24,73,0,0,0
2022-05-22 21:30,77,28,49,0,0,0
2022-05-22 21:45,77,22,55,0,0,0
2022-05-22 22:00,80,23,57,0,0,0
2022-05-22 22:15,87,28,59,0,0,0
2022-05-22 22:30,80,28,52,0,0,0
2022-05-22 22:45,62,13,49,0,0,0
2022-05-22 23:00,60,17,43,0,0,0
2022-05-22 23:15,48,11,37,0,0,0
2022-05-22 23:30,33,9,24,0,0,0
2022-05-22 23:45,27,6,21,0,0,0
2022-05-23 00:00,12,2,10,0,0,0
2022-05-23 00:15,21,9,12,0,0,0
2022-05-23 00:30,21,4,17,0,0,0
2022-05-23 00:45,12,2,10,0,0,0
2022-05-23 01:00,18,4,14,0,0,0
2022-05-23 01:15,11,5,6,0,0,0
2022-05-23 01:30,13,7,6,0,0,0
2022-05-23 01:45,4,0,4,0,0,0
2022-05-23 02:00,4,2,2,0,0,0
2022-05-23 02:15,5,1,4,0,0,0
2022-05-23 02:30,1,0,1,0,0,0
2022-05-23 02:45,3,2,1,0,0,0
2022-05-23 03:00,1,1,0,0,0,0
2022-05-23 03:15,7,4,3,0,0,0
2022-05-23 03:30,4,3,1,0,0,0
2022-05-23 03:45,2,0,2,0,0,0
2022-05-23 04:00,2,1,1,0,0,0
2022-05-23 04:15,9,3,6,0,0,0
2022-05-23 04:30,7,5,2,0,0,0
2022-05-23 04:45,8,4,4,0,0,0
2022-05-23 05:00,6,1,5,0,0,0
2022-05-23 05:15,14,9,5,0,0,0
2022-05-23 05:30,19,10,9,0,0,0
2022-05-23 05:45,27,21,6,0,0,0
2022-05-23 06:00,26,16,10,0,0,0
2022-05-23 06:15,46,29,17,0,0,0
2022-05-23 06:30,71,40,31,0,0,0
2022-05-23 06:45,93,58,35,0,0,0
2022-05-23 07:00,93,50,43,0,0,0
2022-05-23 07:15,141,106,35,0,0,0
2022-05-23 07:30,253,159,94,0,0,0
2022-05-23 07:45,301,157,144,0,0,0
2022-05-23 08:00,310,150,160,0,0,0
2022-05-23 08:15,220,131,89,0,0,0
2022-05-23 08:30,196,113,83,0,0,0
2022-05-23 08:45,227,133,94,0,0,0
2022-05-23 09:00,167,122,45,0,0,0
2022-05-23 09:15,126,86,40,0,0,0
2022-05-23 09:30,154,81,73,0,0,0
2022-05-23 09:45,294,162,132,0,0,0
2022-05-23 10:00,343,189,154,0,0,0
2022-05-23 10:15,170,89,81,0,0,0
2022-05-23 10:30,173,84,89,0,0,0
2022-05-23 10:45,148,78,70,0,0,0
2022-05-23 11:00,132,59,73,0,0,0
2022-05-23 11:15,153,82,71,0,0,0
2022-05-23 11:30,160,66,94,0,0,0
2022-05-23 11:45,364,177,187,0,0,0
2022-05-23 12:00,337,209,128,0,0,0
2022-05-23 12:15,192,102,90,0,0,0
2022-05-23 12:30,221,89,132,0,0,0
2022-05-23 12:45,210,111,99,0,0,0
2022-05-23 13:00,232,134,98,0,0,0
2022-05-23 13:15,218,106,112,0,0,0
2022-05-23 13:30,237,122,115,0,0,0
2022-05-23 13:45,342,167,175,0,0,0
2022-05-23 14:00,451,258,193,0,0,0
2022-05-23 14:15,201,119,82,0,0,0
2022-05-23 14:30,220,99,121,0,0,0
2022-05-23 14:45,229,113,116,0,0,0
2022-05-23 15:00,233,113,120,0,0,0
2022-05-23 15:15,225,109,116,0,0,0
2022-05-23 15:30,245,107,138,0,0,0
2022-05-23 15:45,467,219,248,0,0,0
2022-05-23 16:00,401,222,179,0,0,0
2022-05-23 16:15,275,131,144,0,0,0
2022-05-23 16:30,282,128,154,0,0,0
2022-05-23 16:45,283,118,165,0,0,0
2022-05-23 17:00,302,137,165,0,0,0
2022-05-23 17:15,278,133,145,0,0,0
2022-05-23 17:30,323,127,196,0,0,0
2022-05-23 17:45,431,170,261,0,0,0
2022-05-23 18:00,323,160,163,0,0,0
2022-05-23 18:15,274,127,147,0,0,0
2022-05-23 18:30,239,107,132,0,0,0
2022-05-23 18:45,218,112,106,0,0,0
2022-05-23 19:00,144,76,68,0,0,0
2022-05-23 19:15,111,53,58,0,0,0
2022-05-23 19:30,136,60,76,0,0,0
2022-05-23 19:45,212,81,131,0,0,0
2022-05-23 20:00,197,81,116,0,0,0
2022-05-23 20:15,167,96,71,0,0,0
2022-05-23 20:30,125,64,61,0,0,0
2022-05-23 20:45,105,51,54,0,0,0
2022-05-23 21:00,93,46,47,0,0,0
2022-05-23 21:15,79,35,44,0,0,0
2022-05-23 21:30,85,41,44,0,0,0
2022-05-23 21:45,83,32,51,0,0,0
2022-05-23 22:00,73,36,37,0,0,0
2022-05-23 22:15,94,35,59,0,0,0
2022-05-23 22:30,60,26,34,0,0,0
2022-05-23 22:45,43,18,25,0,0,0
2022-05-23 23:00,70,25,45,0,0,0
2022-05-23 23:15,43,17,26,0,0,0
2022-05-23 23:30,43,13,30,0,0,0
2022-05-23 23:45,29,7,22,0,0,0
2022-05-24 00:00,17,7,10,0,0,0
2022-05-24 00:15,35,14,21,0,0,0
2022-05-24 00:30,23,13,10,0,0,0
2022-05-24 00:45,7,2,5,0,0,0
2022-05-24 01:00,11,3,8,0,0,0
2022-05-24 01:15,19,9,10,0,0,0
2022-05-24 01:30,8,2,6,0,0,0
2022-05-24 01:45,6,3,3,0,0,0
2022-05-24 02:00,5,5,0,0,0,0
2022-05-24 02:15,3,3,0,0,0,0
2022-05-24 02:30,3,0,3,0,0,0
2022-05-24 02:45,2,1,1,0,0,0
2022-05-24 03:00,0,0,0,0,0,0
2022-05-24 03:15,3,3,0,0,0,0
2022-05-24 03:30,1,0,1,0,0,0
2022-05-24 03:45,0,0,0,0,0,0
2022-05-24 04:00,1,1,0,0,0,0
2022-05-24 04:15,10,4,6,0,0,0
2022-05-24 04:30,6,5,1,0,0,0
2022-05-24 04:45,9,5,4,0,0,0
2022-05-24 05:00,4,2,2,0,0,0
2022-05-24 05:15,17,12,5,0,0,0
2022-05-24 05:30,21,17,4,0,0,0
2022-05-24 05:45,19,14,5,0,0,0
2022-05-24 06:00,38,28,10,0,0,0
2022-05-24 06:15,38,24,14,0,0,0
2022-05-24 06:30,61,30,31,0,0,0
2022-05-24 06:45,102,63,39,0,0,0
2022-05-24 07:00,105,60,45,0,0,0
2022-05-24 07:15,184,143,41,0,0,0
2022-05-24 07:30,294,211,83,0,0,0
2022-05-24 07:45,388,209,179,0,0,0
2022-05-24 08:00,445,239,206,0,0,0
2022-05-24 08:15,234,137,97,0,0,0
2022-05-24 08:30,188,103,85,0,0,0
2022-05-24 08:45,205,118,87,0,0,0
2022-05-24 09:00,165,100,65,0,0,0
2022-05-24 09:15,125,74,51,0,0,0
2022-05-24 09:30,114,47,67,0,0,0
2022-05-24 09:45,319,136,183,0,0,0
2022-05-24 10:00,388,211,177,0,0,0
2022-05-24 10:15,127,80,47,0,0,0
2022-05-24 10:30,124,68,56,0,0,0
2022-05-24 10:45,134,72,62,0,0,0
2022-05-24 11:00,120,58,62,0,0,0
2022-05-24 11:15,147,60,87,0,0,0
2022-05-24 11:30,153,88,65,0,0,0
2022-05-24 11:45,348,176,172,0,0,0
2022-05-24 12:00,345,188,157,0,0,0
2022-05-24 12:15,188,89,99,0,0,0
2022-05-24 12:30,200,74,126,0,0,0
2022-05-24 12:45,213,101,112,0,0,0
2022-05-24 13:00,238,81,157,0,0,0
2022-05-24 13:15,212,84,128,0,0,0
2022-05-24 13:30,232,94,138,0,0,0
2022-05-24 13:45,397,208,189,0,0,0
2022-05-24 14:00,395,228,167,0,0,0
2022-05-24 14:15,195,96,99,0,0,0
2022-05-24 14:30,204,105,99,0,0,0
2022-05-24 14:45,209,93,116,0,0,0
2022-05-24 15:00,222,110,112,0,0,0
2022-05-24 15:15,204,96,108,0,0,0
2022-05-24 15:30,239,103,136,0,0,0
2022-05-24 15:45,423,186,237,0,0,0
2022-05-24 16:00,398,219,179,0,0,0
2022-05-24 16:15,246,114,132,0,0,0
2022-05-24 16:30,219,101,118,0,0,0
2022-05-24 16:45,182,88,94,0,0,0
2022-05-24 17:00,287,136,151,0,0,0
2022-05-24 17:15,259,110,149,0,0,0
2022-05-24 17:30,293,158,135,0,0,0
2022-05-24 17:45,430,198,232,0,0,0
2022-05-24 18:00,345,175,170,0,0,0
2022-05-24 18:15,229,91,138,0,0,0
2022-05-24 18:30,221,96,125,0,0,0
2022-05-24 18:45,265,132,133,0,0,0
2022-05-24 19:00,229,120,109,0,0,0
2022-05-24 19:15,225,114,111,0,0,0
2022-05-24 19:30,272,121,151,0,0,0
2022-05-24 19:45,247,112,135,0,0,0
2022-05-24 20:00,220,112,108,0,0,0
2022-05-24 20:15,164,72,92,0,0,0
2022-05-24 20:30,135,64,71,0,0,0
2022-05-24 20:45,148,63,85,0,0,0
2022-05-24 21:00,129,81,48,0,0,0
2022-05-24 21:15,99,46,53,0,0,0
2022-05-24 21:30,121,54,67,0,0,0
2022-05-24 21:45,107,38,69,0,0,0
2022-05-24 22:00,112,30,82,0,0,0
2022-05-24 22:15,99,36,63,0,0,0
2022-05-24 22:30,72,36,36,0,0,0
2022-05-24 22:45,94,29,65,0,0,0
2022-05-24 23:00,70,21,49,0,0,0
2022-05-24 23:15,68,17,51,0,0,0
2022-05-24 23:30,58,15,43,0,0,0
2022-05-24 23:45,54,13,41,0,0,0
2022-05-25 00:00,37,8,29,0,0,0
2022-05-25 00:15,31,9,22,0,0,0
2022-05-25 00:30,37,8,29,0,0,0
2022-05-25 00:45,42,5,37,0,0,0
2022-05-25 01:00,30,6,24,0,0,0
2022-05-25 01:15,7,2,5,0,0,0
2022-05-25 01:30,17,1,16,0,0,0
2022-05-25 01:45,11,4,7,0,0,0
2022-05-25 02:00,10,2,8,0,0,0
2022-05-25 02:15,2,1,1,0,0,0
2022-05-25 02:30,3,3,0,0,0,0
2022-05-25 02:45,3,3,0,0,0,0
2022-05-25 03:00,3,0,3,0,0,0
2022-05-25 03:15,5,4,1,0,0,0
2022-05-25 03:30,1,1,0,0,0,0
2022-05-25 03:45,4,1,3,0,0,0
2022-05-25 04:00,1,1,0,0,0,0
2022-05-25 04:15,6,3,3,0,0,0
2022-05-25 04:30,3,2,1,0,0,0
2022-05-25 04:45,9,7,2,0,0,0
2022-05-25 05:00,6,5,1,0,0,0
2022-05-25 05:15,16,13,3,0,0,0
2022-05-25 05:30,22,16,6,0,0,0
2022-05-25 05:45,27,20,7,0,0,0
2022-05-25 06:00,35,22,13,0,0,0
2022-05-25 06:15,41,30,11,0,0,0
2022-05-25 06:30,76,48,28,0,0,0
2022-05-25 06:45,85,55,30,0,0,0
2022-05-25 07:00,94,62,32,0,0,0
2022-05-25 07:15,200,154,46,0,0,0
2022-05-25 07:30,333,233,100,0,0,0
2022-05-25 07:45,358,202,156,0,0,0
2022-05-25 08:00,423,223,200,0,0,0
2022-05-25 08:15,282,137,145,0,0,0
2022-05-25 08:30,214,126,88,0,0,0
2022-05-25 08:45,285,156,129,0,0,0
2022-05-25 09:00,242,124,118,0,0,0
2022-05-25 09:15,191,113,78,0,0,0
2022-05-25 09:30,209,125,84,0,0,0
2022-05-25 09:45,369,209,160,0,0,0
2022-05-25 10:00,423,232,191,0,0,0
2022-05-25 10:15,202,97,105,0,0,0
2022-05-25 10:30,163,89,74,0,0,0
2022-05-25 10:45,174,94,80,0,0,0
2022-05-25 11:00,167,83,84,0,0,0
2022-05-25 11:15,217,112,105,0,0,0
2022-05-25 11:30,229,111,118,0,0,0
2022-05-25 11:45,422,183,239,0,0,0
2022-05-25 12:00,342,190,152,0,0,0
2022-05-25 12:15,239,131,108,0,0,0
2022-05-25 12:30,232,112,120,0,0,0
2022-05-25 12:45,256,143,113,0,0,0
2022-05-25 13:00,267,128,139,0,0,0
2022-05-25 13:15,259,114,145,0,0,0
2022-05-25 13:30,279,127,152,0,0,0
2022-05-25 13:45,383,176,207,0,0,0
2022-05-25 14:00,375,172,203,0,0,0
2022-05-25 14:15,236,118,118,0,0,0
2022-05-25 14:30,224,108,116,0,0,0
2022-05-25 14:45,238,108,130,0,0,0
2022-05-25 15:00,240,106,134,0,0,0
2022-05-25 15:15,225,117,108,0,0,0
2022-05-25 15:30,318,124,194,0,0,0
2022-05-25 15:45,422,179,243,0,0,0
2022-05-25 16:00,359,192,167,0,0,0
2022-05-25 16:15,284,151,133,0,0,0
2022-05-25 16:30,291,135,156,0,0,0
2022-05-25 16:45,319,148,171,0,0,0
2022-05-25 17:00,275,129,146,0,0,0
2022-05-25 17:15,277,132,145,0,0,0
2022-05-25 17:30,290,159,131,0,0,0
2022-05-25 17:45,392,159,233,0,0,0
2022-05-25 18:00,307,133,174,0,0,0
2022-05-25 18:15,237,98,139,0,0,0
2022-05-25 18:30,266,140,126,0,0,0
2022-05-25 18:45,323,147,176,0,0,0
2022-05-25 19:00,247,140,107,0,0,0
2022-05-25 19:15,210,111,99,0,0,0
2022-05-25 19:30,250,140,110,0,0,0
2022-05-25 19:45,261,137,124,0,0,0
2022-05-25 20:00,217,124,93,0,0,0
2022-05-25 20:15,193,119,74,0,0,0
2022-05-25 20:30,158,91,67,0,0,0
2022-05-25 20:45,177,89,88,0,0,0
2022-05-25 21:00,178,90,88,0,0,0
2022-05-25 21:15,129,62,67,0,0,0
2022-05-25 21:30,141,76,65,0,0,0
2022-05-25 21:45,113,57,56,0,0,0
2022-05-25 22:00,133,65,68,0,0,0
2022-05-25 22:15,117,72,45,0,0,0
2022-05-25 22:30,90,39,51,0,0,0
2022-05-25 22:45,103,52,51,0,0,0
2022-05-25 23:00,81,31,50,0,0,0
2022-05-25 23:15,72,33,39,0,0,0
2022-05-25 23:30,110,52,58,0,0,0
2022-05-25 23:45,76,33,43,0,0,0
2022-05-26 00:00,82,44,38,0,0,0
2022-05-26 00:15,89,38,51,0,0,0
2022-05-26 00:30,81,27,54,0,0,0
2022-05-26 00:45,74,25,49,0,0,0
2022-05-26 01:00,61,22,39,0,0,0
2022-05-26 01:15,62,12,50,0,0,0
2022-05-26 01:30,72,27,45,0,0,0
2022-05-26 01:45,65,32,33,0,0,0
2022-05-26 02:00,64,22,42,0,0,0
2022-05-26 02:15,76,15,61,0,0,0
2022-05-26 02:30,26,1,25,0,0,0
2022-05-26 02:45,54,13,41,0,0,0
2022-05-26 03:00,54,15,39,0,0,0
2022-05-26 03:15,33,3,30,0,0,0
2022-05-26 03:30,53,8,45,0,0,0
2022-05-26 03:45,47,8,39,0,0,0
2022-05-26 04:00,55,7,48,0,0,0
2022-05-26 04:15,29,6,23,0,0,0
2022-05-26 04:30,47,9,38,0,0,0
2022-05-26 04:45,32,7,25,0,0,0
2022-05-26 05:00,22,3,19,0,0,0
2022-05-26 05:15,28,9,19,0,0,0
2022-05-26 05:30,17,7,10,0,0,0
2022-05-26 05:45,15,5,10,0,0,0
2022-05-26 06:00,18,4,14,0,0,0
2022-05-26 06:15,14,5,9,0,0,0
2022-05-26 06:30,13,5,8,0,0,0
2022-05-26 06:45,11,5,6,0,0,0
2022-05-26 07:00,9,5,4,0,0,0
2022-05-26 07:15,16,10,6,0,0,0
2022-05-26 07:30,20,9,11,0,0,0
2022-05-26 07:45,27,17,10,0,0,0
2022-05-26 08:00,24,20,4,0,0,0
2022-05-26 08:15,26,14,12,0,0,0
2022-05-26 08:30,34,22,12,0,0,0
2022-05-26 08:45,38,28,10,0,0,0
2022-05-26 09:00,51,29,22,0,0,0
2022-05-26 09:15,54,31,23,0,0,0
2022-05-26 09:30,59,36,23,0,0,0
2022-05-26 09:45,80,50,30,0,0,0
2022-05-26 10:00,60,39,21,0,0,0
2022-05-26 10:15,76,45,31,0,0,0
2022-05-26 10:30,108,50,58,0,0,0
2022-05-26 10:45,97,58,39,0,0,0
2022-05-26 11:00,72,42,30,0,0,0
2022-05-26 11:15,82,34,48,0,0,0
2022-05-26 11:30,89,54,35,0,0,0
2022-05-26 11:45,99,57,42,0,0,0
2022-05-26 12:00,115,57,58,0,0,0
2022-05-26 12:15,119,61,58,0,0,0
2022-05-26 12:30,90,48,42,0,0,0
2022-05-26 12:45,106,56,50,0,0,0
2022-05-26 13:00,112,70,42,0,0,0
2022-05-26 13:15,100,49,51,0,0,0
2022-05-26 13:30,118,76,42,0,0,0
2022-05-26 13:45,126,72,54,0,0,0
2022-05-26 14:00,132,86,46,0,0,0
2022-05-26 14:15,123,61,62,0,0,0
2022-05-26 14:30,146,82,64,0,0,0
2022-05-26 14:45,132,82,50,0,0,0
2022-05-26 15:00,123,69,54,0,0,0
2022-05-26 15:15,123,54,69,0,0,0
2022-05-26 15:30,136,75,61,0,0,0
2022-05-26 15:45,156,89,67,0,0,0
2022-05-26 16:00,147,99,48,0,0,0
2022-05-26 16:15,139,67,72,0,0,0
2022-05-26 16:30,130,64,66,0,0,0
2022-05-26 16:45,134,81,53,0,0,0
2022-05-26 17:00,141,75,66,0,0,0
2022-05-26 17:15,159,81,78,0,0,0
2022-05-26 17:30,147,85,62,0,0,0
2022-05-26 17:45,136,81,55,0,0,0
2022-05-26 18:00,130,79,51,0,0,0
2022-05-26 18:15,164,82,82,0,0,0
2022-05-26 18:30,118,59,59,0,0,0
2022-05-26 18:45,158,102,56,0,0,0
2022-05-26 19:00,128,57,71,0,0,0
2022-05-26 19:15,146,74,72,0,0,0
2022-05-26 19:30,115,72,43,0,0,0
2022-05-26 19:45,145,77,68,0,0,0
2022-05-26 20:00,105,53,52,0,0,0
2022-05-26 20:15,123,56,67,0,0,0
2022-05-26 20:30,108,56,52,0,0,0
2022-05-26 20:45,96,36,60,0,0,0
2022-05-26 21:00,101,34,67,0,0,0
2022-05-26 21:15,72,28,44,0,0,0
2022-05-26 21:30,79,25,54,0,0,0
2022-05-26 21:45,100,33,67,0,0,0
2022-05-26 22:00,89,32,57,0,0,0
2022-05-26 22:15,56,27,29,0,0,0
2022-05-26 22:30,67,8,59,0,0,0
2022-05-26 22:45,63,10,53,0,0,0
2022-05-26 23:00,52,15,37,0,0,0
2022-05-26 23:15,94,24,70,0,0,0
2022-05-26 23:30,52,17,35,0,0,0
2022-05-26 23:45,45,8,37,0,0,0
2022-05-27 00:00,38,5,33,0,0,0
2022-05-27 00:15,30,13,17,0,0,0
2022-05-27 00:30,29,8,21,0,0,0
2022-05-27 00:45,21,4,17,0,0,0
2022-05-27 01:00,28,4,24,0,0,0
2022-05-27 01:15,23,4,19,0,0,0
2022-05-27 01:30,25,3,22,0,0,0
2022-05-27 01:45,10,1,9,0,0,0
2022-05-27 02:00,15,3,12,0,0,0
2022-05-27 02:15,22,5,17,0,0,0
2022-05-27 02:30,5,1,4,0,0,0
2022-05-27 02:45,8,2,6,0,0,0
2022-05-27 03:00,5,1,4,0,0,0
2022-05-27 03:15,12,3,9,0,0,0
2022-05-27 03:30,2,0,2,0,0,0
2022-05-27 03:45,2,0,2,0,0,0
2022-05-27 04:00,4,3,1,0,0,0
2022-05-27 04:15,12,3,9,0,0,0
2022-05-27 04:30,1,1,0,0,0,0
2022-05-27 04:45,7,2,5,0,0,0
2022-05-27 05:00,13,8,5,0,0,0
2022-05-27 05:15,9,6,3,0,0,0
2022-05-27 05:30,6,2,4,0,0,0
2022-05-27 05:45,17,12,5,0,0,0
2022-05-27 06:00,27,17,10,0,0,0
2022-05-27 06:15,24,16,8,0,0,0
2022-05-27 06:30,24,12,12,0,0,0
2022-05-27 06:45,49,30,19,0,0,0
2022-05-27 07:00,46,23,23,0,0,0
2022-05-27 07:15,64,39,25,0,0,0
2022-05-27 07:30,92,54,38,0,0,0
2022-05-27 07:45,146,82,64,0,0,0
2022-05-27 08:00,144,78,66,0,0,0
2022-05-27 08:15,111,67,44,0,0,0
2022-05-27 08:30,108,69,39,0,0,0
2022-05-27 08:45,132,85,47,0,0,0
2022-05-27 09:00,147,108,39,0,0,0
2022-05-27 09:15,105,73,32,0,0,0
2022-05-27 09:30,112,72,40,0,0,0
2022-05-27 09:45,210,105,105,0,0,0
2022-05-27 10:00,200,139,61,0,0,0
2022-05-27 10:15,131,84,47,0,0,0
2022-05-27 10:30,135,78,57,0,0,0
2022-05-27 10:45,132,81,51,0,0,0
2022-05-27 11:00,141,78,63,0,0,0
2022-05-27 11:15,142,82,60,0,0,0
2022-05-27 11:30,133,73,60,0,0,0
2022-05-27 11:45,191,109,82,0,0,0
2022-05-27 12:00,174,95,79,0,0,0
2022-05-27 12:15,189,110,79,0,0,0
2022-05-27 12:30,141,72,69,0,0,0
2022-05-27 12:45,152,87,65,0,0,0
2022-05-27 13:00,174,95,79,0,0,0
2022-05-27 13:15,173,81,92,0,0,0
2022-05-27 13:30,206,102,104,0,0,0
2022-05-27 13:45,205,109,96,0,0,0
2022-05-27 14:00,176,111,65,0,0,0
2022-05-27 14:15,201,92,109,0,0,0
2022-05-27 14:30,200,102,98,0,0,0
2022-05-27 14:45,157,78,79,0,0,0
2022-05-27 15:00,198,98,100,0,0,0
2022-05-27 15:15,196,96,100,0,0,0
2022-05-27 15:30,179,84,95,0,0,0
2022-05-27 15:45,203,101,102,0,0,0
2022-05-27 16:00,190,112,78,0,0,0
2022-05-27 16:15,189,79,110,0,0,0
2022-05-27 16:30,162,81,81,0,0,0
2022-05-27 16:45,165,75,90,0,0,0
2022-05-27 17:00,204,107,97,0,0,0
2022-05-27 17:15,173,90,83,0,0,0
2022-05-27 17:30,198,92,106,0,0,0
2022-05-27 17:45,226,121,105,0,0,0
2022-05-27 18:00,216,103,113,0,0,0
2022-05-27 18:15,173,94,79,0,0,0
2022-05-27 18:30,192,91,101,0,0,0
2022-05-27 18:45,177,94,83,0,0,0
2022-05-27 19:00,188,81,107,0,0,0
2022-05-27 19:15,213,102,111,0,0,0
2022-05-27 19:30,145,90,55,0,0,0
2022-05-27 19:45,164,84,80,0,0,0
2022-05-27 20:00,148,69,79,0,0,0
2022-05-27 20:15,168,90,78,0,0,0
2022-05-27 20:30,162,78,84,0,0,0
2022-05-27 20:45,124,62,62,0,0,0
2022-05-27 21:00,113,53,60,0,0,0
2022-05-27 21:15,109,36,73,0,0,0
2022-05-27 21:30,93,44,49,0,0,0
2022-05-27 21:45,113,38,75,0,0,0
2022-05-27 22:00,100,44,56,0,0,0
2022-05-27 22:15,93,33,60,0,0,0
2022-05-27 22:30,74,29,45,0,0,0
2022-05-27 22:45,67,21,46,0,0,0
2022-05-27 23:00,54,18,36,0,0,0
2022-05-27 23:15,81,27,54,0,0,0
2022-05-27 23:30,59,17,42,0,0,0
2022-05-27 23:45,65,21,44,0,0,0
2022-05-28 00:00,72,11,61,0,0,0
2022-05-28 00:15,56,13,43,0,0,0
2022-05-28 00:30,59,22,37,0,0,0
2022-05-28 00:45,46,19,27,0,0,0
2022-05-28 01:00,62,28,34,0,0,0
2022-05-28 01:15,55,9,46,0,0,0
2022-05-28 01:30,44,13,31,0,0,0
2022-05-28 01:45,38,12,26,0,0,0
2022-05-28 02:00,36,10,26,0,0,0
2022-05-28 02:15,21,7,14,0,0,0
2022-05-28 02:30,19,7,12,0,0,0
2022-05-28 02:45,43,7,36,0,0,0
2022-05-28 03:00,13,1,12,0,0,0
2022-05-28 03:15,21,9,12,0,0,0
2022-05-28 03:30,34,14,20,0,0,0
2022-05-28 03:45,27,7,20,0,0,0
2022-05-28 04:00,20,7,13,0,0,0
2022-05-28 04:15,21,6,15,0,0,0
2022-05-28 04:30,16,0,16,0,0,0
2022-05-28 04:45,7,2,5,0,0,0
2022-05-28 05:00,5,2,3,0,0,0
2022-05-28 05:15,15,4,11,0,0,0
2022-05-28 05:30,14,6,8,0,0,0
2022-05-28 05:45,17,6,11,0,0,0
2022-05-28 06:00,9,3,6,0,0,0
2022-05-28 06:15,12,7,5,0,0,0
2022-05-28 06:30,18,13,5,0,0,0
2022-05-28 06:45,14,9,5,0,0,0
2022-05-28 07:00,17,9,8,0,0,0
2022-05-28 07:15,21,10,11,0,0,0
2022-05-28 07:30,33,19,14,0,0,0
2022-05-28 07:45,33,24,9,0,0,0
2022-05-28 08:00,50,41,9,0,0,0
2022-05-28 08:15,28,16,12,0,0,0
2022-05-28 08:30,46,34,12,0,0,0
2022-05-28 08:45,51,34,17,0,0,0
2022-05-28 09:00,68,46,22,0,0,0
2022-05-28 09:15,60,37,23,0,0,0
2022-05-28 09:30,87,63,24,0,0,0
2022-05-28 09:45,126,89,37,0,0,0
2022-05-28 10:00,118,89,29,0,0,0
2022-05-28 10:15,146,97,49,0,0,0
2022-05-28 10:30,133,82,51,0,0,0
2022-05-28 10:45,122,82,40,0,0,0
2022-05-28 11:00,114,62,52,0,0,0
2022-05-28 11:15,111,76,35,0,0,0
2022-05-28 11:30,143,95,48,0,0,0
2022-05-28 11:45,140,91,49,0,0,0
2022-05-28 12:00,160,87,73,0,0,0
2022-05-28 12:15,105,62,43,0,0,0
2022-05-28 12:30,124,82,42,0,0,0
2022-05-28 12:45,138,76,62,0,0,0
2022-05-28 13:00,161,78,83,0,0,0
2022-05-28 13:15,134,75,59,0,0,0
2022-05-28 13:30,139,70,69,0,0,0
2022-05-28 13:45,142,71,71,0,0,0
2022-05-28 14:00,193,99,94,0,0,0
2022-05-28 14:15,110,50,60,0,0,0
2022-05-28 14:30,150,71,79,0,0,0
2022-05-28 14:45,147,69,78,0,0,0
2022-05-28 15:00,139,66,73,0,0,0
2022-05-28 15:15,146,63,83,0,0,0
2022-05-28 15:30,148,73,75,0,0,0
2022-05-28 15:45,136,76,60,0,0,0
2022-05-28 16:00,143,73,70,0,0,0
2022-05-28 16:15,129,57,72,0,0,0
2022-05-28 16:30,151,77,74,0,0,0
2022-05-28 16:45,148,75,73,0,0,0
2022-05-28 17:00,151,77,74,0,0,0
2022-05-28 17:15,123,47,76,0,0,0
2022-05-28 17:30,147,62,85,0,0,0
2022-05-28 17:45,154,74,80,0,0,0
2022-05-28 18:00,158,67,91,0,0,0
2022-05-28 18:15,160,67,93,0,0,0
2022-05-28 18:30,147,80,67,0,0,0
2022-05-28 18:45,152,71,81,0,0,0
2022-05-28 19:00,121,63,58,0,0,0
2022-05-28 19:15,126,65,61,0,0,0
2022-05-28 19:30,159,79,80,0,0,0
2022-05-28 19:45,147,79,68,0,0,0
2022-05-28 20:00,144,82,62,0,0,0
2022-05-28 20:15,147,71,76,0,0,0
2022-05-28 20:30,119,67,52,0,0,0
2022-05-28 20:45,110,49,61,0,0,0
2022-05-28 21:00,98,43,55,0,0,0
2022-05-28 21:15,89,42,47,0,0,0
2022-05-28 21:30,82,41,41,0,0,0
2022-05-28 21:45,49,14,35,0,0,0
2022-05-28 22:00,67,26,41,0,0,0
2022-05-28 22:15,58,22,36,0,0,0
2022-05-28 22:30,68,13,55,0,0,0
2022-05-28 22:45,80,32,48,0,0,0
2022-05-28 23:00,54,20,34,0,0,0
2022-05-28 23:15,39,7,32,0,0,0
2022-05-28 23:30,62,15,47,0,0,0
2022-05-28 23:45,120,41,79,0,0,0
2022-05-29 00:00,94,27,67,0,0,0
2022-05-29 00:15,77,23,54,0,0,0
2022-05-29 00:30,47,8,39,0,0,0
2022-05-29 00:45,50,11,39,0,0,0
2022-05-29 01:00,41,12,29,0,0,0
2022-05-29 01:15,41,13,28,0,0,0
2022-05-29 01:30,40,14,26,0,0,0
2022-05-29 01:45,36,13,23,0,0,0
2022-05-29 02:00,42,14,28,0,0,0
2022-05-29 02:15,68,5,63,0,0,0
2022-05-29 02:30,24,8,16,0,0,0
2022-05-29 02:45,30,10,20,0,0,0
2022-05-29 03:00,33,7,26,0,0,0
2022-05-29 03:15,20,3,17,0,0,0
2022-05-29 03:30,19,8,11,0,0,0
2022-05-29 03:45,25,6,19,0,0,0
2022-05-29 04:00,18,3,15,0,0,0
2022-05-29 04:15,18,7,11,0,0,0
2022-05-29 04:30,15,3,12,0,0,0
2022-05-29 04:45,17,5,12,0,0,0
2022-05-29 05:00,23,6,17,0,0,0
2022-05-29 05:15,12,5,7,0,0,0
2022-05-29 05:30,11,3,8,0,0,0
2022-05-29 05:45,17,8,9,0,0,0
2022-05-29 06:00,9,3,6,0,0,0
2022-05-29 06:15,21,9,12,0,0,0
2022-05-29 06:30,9,4,5,0,0,0
2022-05-29 06:45,8,2,6,0,0,0
2022-05-29 07:00,11,5,6,0,0,0
2022-05-29 07:15,8,5,3,0,0,0
2022-05-29 07:30,25,8,17,0,0,0
2022-05-29 07:45,10,4,6,0,0,0
2022-05-29 08:00,8,7,1,0,0,0
2022-05-29 08:15,18,10,8,0,0,0
2022-05-29 08:30,21,9,12,0,0,0
2022-05-29 08:45,21,18,3,0,0,0
2022-05-29 09:00,22,12,10,0,0,0
2022-05-29 09:15,32,25,7,0,0,0
2022-05-29 09:30,40,27,13,0,0,0
2022-05-29 09:45,73,44,29,0,0,0
2022-05-29 10:00,45,32,13,0,0,0
2022-05-29 10:15,60,42,18,0,0,0
2022-05-29 10:30,57,35,22,0,0,0
2022-05-29 10:45,70,49,21,0,0,0
2022-05-29 11:00,46,34,12,0,0,0
2022-05-29 11:15,52,33,19,0,0,0
2022-05-29 11:30,56,28,28,0,0,0
2022-05-29 11:45,57,33,24,0,0,0
2022-05-29 12:00,46,22,24,0,0,0
2022-05-29 12:15,50,30,20,0,0,0
2022-05-29 12:30,68,32,36,0,0,0
2022-05-29 12:45,75,31,44,0,0,0
2022-05-29 13:00,51,32,19,0,0,0
2022-05-29 13:15,92,44,48,0,0,0
2022-05-29 13:30,87,47,40,0,0,0
2022-05-29 13:45,89,41,48,0,0,0
2022-05-29 14:00,83,49,34,0,0,0
2022-05-29 14:15,87,47,40,0,0,0
2022-05-29 14:30,117,62,55,0,0,0
2022-05-29 14:45,109,52,57,0,0,0
2022-05-29 15:00,98,54,44,0,0,0
2022-05-29 15:15,97,67,30,0,0,0
2022-05-29 15:30,127,47,80,0,0,0
2022-05-29 15:45,126,64,62,0,0,0
2022-05-29 16:00,76,39,37,0,0,0
2022-05-29 16:15,96,42,54,0,0,0
2022-05-29 16:30,105,52,53,0,0,0
2022-05-29 16:45,112,66,46,0,0,0
2022-05-29 17:00,115,54,61,0,0,0
2022-05-29 17:15,102,47,55,0,0,0
2022-05-29 17:30,97,40,57,0,0,0
2022-05-29 17:45,126,55,71,0,0,0
2022-05-29 18:00,106,51,55,0,0,0
2022-05-29 18:15,108,51,57,0,0,0
2022-05-29 18:30,122,52,70,0,0,0
2022-05-29 18:45,99,51,48,0,0,0
2022-05-29 19:00,77,33,44,0,0,0
2022-05-29 19:15,120,60,60,0,0,0
2022-05-29 19:30,112,34,78,0,0,0
2022-05-29 19:45,104,40,64,0,0,0
2022-05-29 20:00,103,39,64,0,0,0
2022-05-29 20:15,79,35,44,0,0,0
2022-05-29 20:30,66,27,39,0,0,0
2022-05-29 20:45,58,19,39,0,0,0
2022-05-29 21:00,66,18,48,0,0,0
2022-05-29 21:15,69,14,55,0,0,0
2022-05-29 21:30,38,14,24,0,0,0
2022-05-29 21:45,47,18,29,0,0,0
2022-05-29 22:00,52,14,38,0,0,0
2022-05-29 22:15,38,9,29,0,0,0
2022-05-29 22:30,33,8,25,0,0,0
2022-05-29 22:45,32,13,19,0,0,0
2022-05-29 23:00,46,13,33,0,0,0
2022-05-29 23:15,49,8,41,0,0,0
2022-05-29 23:30,19,6,13,0,0,0
2022-05-29 23:45,18,3,15,0,0,0
2022-05-30 00:00,22,8,14,0,0,0
2022-05-30 00:15,12,4,8,0,0,0
2022-05-30 00:30,7,3,4,0,0,0
2022-05-30 00:45,9,2,7,0,0,0
2022-05-30 01:00,5,3,2,0,0,0
2022-05-30 01:15,9,3,6,0,0,0
2022-05-30 01:30,2,1,1,0,0,0
2022-05-30 01:45,4,2,2,0,0,0
2022-05-30 02:00,1,0,1,0,0,0
2022-05-30 02:15,8,3,5,0,0,0
2022-05-30 02:30,3,2,1,0,0,0
2022-05-30 02:45,2,2,0,0,0,0
2022-05-30 03:00,0,0,0,0,0,0
2022-05-30 03:15,2,0,2,0,0,0
2022-05-30 03:30,1,0,1,0,0,0
2022-05-30 03:45,2,1,1,0,0,0
2022-05-30 04:00,1,0,1,0,0,0
2022-05-30 04:15,6,3,3,0,0,0
2022-05-30 04:30,14,10,4,0,0,0
2022-05-30 04:45,9,6,3,0,0,0
2022-05-30 05:00,4,4,0,0,0,0
2022-05-30 05:15,8,7,1,0,0,0
2022-05-30 05:30,25,17,8,0,0,0
2022-05-30 05:45,21,15,6,0,0,0
2022-05-30 06:00,42,30,12,0,0,0
2022-05-30 06:15,50,35,15,0,0,0
2022-05-30 06:30,79,43,36,0,0,0
2022-05-30 06:45,87,59,28,0,0,0
2022-05-30 07:00,90,55,35,0,0,0
2022-05-30 07:15,169,123,46,0,0,0
2022-05-30 07:30,269,186,83,0,0,0
2022-05-30 07:45,337,189,148,0,0,0
2022-05-30 08:00,270,136,134,0,0,0
2022-05-30 08:15,248,137,111,0,0,0
2022-05-30 08:30,208,126,82,0,0,0
2022-05-30 08:45,244,136,108,0,0,0
2022-05-30 09:00,171,113,58,0,0,0
2022-05-30 09:15,133,70,63,0,0,0
2022-05-30 09:30,151,77,74,0,0,0
2022-05-30 09:45,262,129,133,0,0,0
2022-05-30 10:00,371,217,154,0,0,0
2022-05-30 10:15,111,58,53,0,0,0
2022-05-30 10:30,126,67,59,0,0,0
2022-05-30 10:45,107,55,52,0,0,0
2022-05-30 11:00,127,65,62,0,0,0
2022-05-30 11:15,154,75,79,0,0,0
2022-05-30 11:30,144,72,72,0,0,0
2022-05-30 11:45,377,172,205,0,0,0
2022-05-30 12:00,320,190,130,0,0,0
2022-05-30 12:15,186,85,101,0,0,0
2022-05-30 12:30,211,90,121,0,0,0
2022-05-30 12:45,194,99,95,0,0,0
2022-05-30 13:00,258,95,163,0,0,0
2022-05-30 13:15,181,81,100,0,0,0
2022-05-30 13:30,207,108,99,0,0,0
2022-05-30 13:45,349,152,197,0,0,0
2022-05-30 14:00,402,192,210,0,0,0
2022-05-30 14:15,185,97,88,0,0,0
2022-05-30 14:30,174,77,97,0,0,0
2022-05-30 14:45,210,106,104,0,0,0
2022-05-30 15:00,177,91,86,0,0,0
2022-05-30 15:15,214,98,116,0,0,0
2022-05-30 15:30,310,114,196,0,0,0
2022-05-30 15:45,473,201,272,0,0,0
2022-05-30 16:00,420,244,176,0,0,0
2022-05-30 16:15,283,139,144,0,0,0
2022-05-30 16:30,243,107,136,0,0,0
2022-05-30 16:45,313,138,175,0,0,0
2022-05-30 17:00,272,133,139,0,0,0
2022-05-30 17:15,294,122,172,0,0,0
2022-05-30 17:30,379,166,213,0,0,0
2022-05-30 17:45,487,202,285,0,0,0
2022-05-30 18:00,355,148,207,0,0,0
2022-05-30 18:15,332,145,187,0,0,0
2022-05-30 18:30,264,114,150,0,0,0
2022-05-30 18:45,267,124,143,0,0,0
2022-05-30 19:00,243,111,132,0,0,0
2022-05-30 19:15,261,90,171,0,0,0
2022-05-30 19:30,198,77,121,0,0,0
2022-05-30 19:45,275,94,181,0,0,0
2022-05-30 20:00,192,68,124,0,0,0
2022-05-30 20:15,216,100,116,0,0,0
2022-05-30 20:30,128,51,77,0,0,0
2022-05-30 20:45,125,69,56,0,0,0
2022-05-30 21:00,127,70,57,0,0,0
2022-05-30 21:15,123,62,61,0,0,0
2022-05-30 21:30,146,73,73,0,0,0
2022-05-30 21:45,115,61,54,0,0,0
2022-05-30 22:00,116,71,45,0,0,0
2022-05-30 22:15,99,61,38,0,0,0
2022-05-30 22:30,72,23,49,0,0,0
2022-05-30 22:45,83,28,55,0,0,0
2022-05-30 23:00,77,37,40,0,0,0
2022-05-30 23:15,47,17,30,0,0,0
2022-05-30 23:30,56,22,34,0,0,0
2022-05-30 23:45,33,15,18,0,0,0
