Datetime,100035541 (Neutor),101035541 (Neutor stadteinwÃ¤rts),102035541 (Neutor stadtauswÃ¤rts),100035541-status,101035541-status,102035541-status
2022-04-01 00:00,30,14,16,0,0,0
2022-04-01 00:15,17,7,10,0,0,0
2022-04-01 00:30,7,1,6,0,0,0
2022-04-01 00:45,16,5,11,0,0,0
2022-04-01 01:00,14,6,8,0,0,0
2022-04-01 01:15,18,5,13,0,0,0
2022-04-01 01:30,19,0,19,0,0,0
2022-04-01 01:45,7,1,6,0,0,0
2022-04-01 02:00,17,6,11,0,0,0
2022-04-01 02:15,8,4,4,0,0,0
2022-04-01 02:30,4,1,3,0,0,0
2022-04-01 02:45,12,3,9,0,0,0
2022-04-01 03:00,6,3,3,0,0,0
2022-04-01 03:15,6,0,6,0,0,0
2022-04-01 03:30,10,1,9,0,0,0
2022-04-01 03:45,2,0,2,0,0,0
2022-04-01 04:00,10,3,7,0,0,0
2022-04-01 04:15,6,3,3,0,0,0
2022-04-01 04:30,7,3,4,0,0,0
2022-04-01 04:45,14,5,9,0,0,0
2022-04-01 05:00,11,6,5,0,0,0
2022-04-01 05:15,5,0,5,0,0,0
2022-04-01 05:30,22,12,10,0,0,0
2022-04-01 05:45,17,13,4,0,0,0
2022-04-01 06:00,28,17,11,0,0,0
2022-04-01 06:15,21,13,8,0,0,0
2022-04-01 06:30,25,17,8,0,0,0
2022-04-01 06:45,52,33,19,0,0,0
2022-04-01 07:00,58,42,16,0,0,0
2022-04-01 07:15,96,69,27,0,0,0
2022-04-01 07:30,199,146,53,0,0,0
2022-04-01 07:45,184,118,66,0,0,0
2022-04-01 08:00,110,66,44,0,0,0
2022-04-01 08:15,117,82,35,0,0,0
2022-04-01 08:30,122,71,51,0,0,0
2022-04-01 08:45,144,71,73,0,0,0
2022-04-01 09:00,105,68,37,0,0,0
2022-04-01 09:15,93,56,37,0,0,0
2022-04-01 09:30,89,60,29,0,0,0
2022-04-01 09:45,99,67,32,0,0,0
2022-04-01 10:00,66,36,30,0,0,0
2022-04-01 10:15,65,39,26,0,0,0
2022-04-01 10:30,59,30,29,0,0,0
2022-04-01 10:45,78,48,30,0,0,0
2022-04-01 11:00,57,26,31,0,0,0
2022-04-01 11:15,78,43,35,0,0,0
2022-04-01 11:30,81,44,37,0,0,0
2022-04-01 11:45,89,53,36,0,0,0
2022-04-01 12:00,83,40,43,0,0,0
2022-04-01 12:15,90,37,53,0,0,0
2022-04-01 12:30,84,31,53,0,0,0
2022-04-01 12:45,96,52,44,0,0,0
2022-04-01 13:00,134,48,86,0,0,0
2022-04-01 13:15,123,39,84,0,0,0
2022-04-01 13:30,105,59,46,0,0,0
2022-04-01 13:45,111,59,52,0,0,0
2022-04-01 14:00,94,38,56,0,0,0
2022-04-01 14:15,97,44,53,0,0,0
2022-04-01 14:30,105,50,55,0,0,0
2022-04-01 14:45,104,46,58,0,0,0
2022-04-01 15:00,97,44,53,0,0,0
2022-04-01 15:15,95,49,46,0,0,0
2022-04-01 15:30,108,52,56,0,0,0
2022-04-01 15:45,102,48,54,0,0,0
2022-04-01 16:00,107,40,67,0,0,0
2022-04-01 16:15,121,50,71,0,0,0
2022-04-01 16:30,107,69,38,0,0,0
2022-04-01 16:45,116,70,46,0,0,0
2022-04-01 17:00,101,39,62,0,0,0
2022-04-01 17:15,108,64,44,0,0,0
2022-04-01 17:30,110,43,67,0,0,0
2022-04-01 17:45,120,72,48,0,0,0
2022-04-01 18:00,113,46,67,0,0,0
2022-04-01 18:15,97,51,46,0,0,0
2022-04-01 18:30,111,64,47,0,0,0
2022-04-01 18:45,110,65,45,0,0,0
2022-04-01 19:00,99,49,50,0,0,0
2022-04-01 19:15,94,46,48,0,0,0
2022-04-01 19:30,93,51,42,0,0,0
2022-04-01 19:45,83,50,33,0,0,0
2022-04-01 20:00,82,41,41,0,0,0
2022-04-01 20:15,94,49,45,0,0,0
2022-04-01 20:30,76,33,43,0,0,0
2022-04-01 20:45,68,35,33,0,0,0
2022-04-01 21:00,62,26,36,0,0,0
2022-04-01 21:15,49,21,28,0,0,0
2022-04-01 21:30,46,21,25,0,0,0
2022-04-01 21:45,61,40,21,0,0,0
2022-04-01 22:00,44,14,30,0,0,0
2022-04-01 22:15,47,21,26,0,0,0
2022-04-01 22:30,37,14,23,0,0,0
2022-04-01 22:45,46,23,23,0,0,0
2022-04-01 23:00,37,19,18,0,0,0
2022-04-01 23:15,34,8,26,0,0,0
2022-04-01 23:30,37,15,22,0,0,0
2022-04-01 23:45,27,9,18,0,0,0
2022-04-02 00:00,41,18,23,0,0,0
2022-04-02 00:15,37,19,18,0,0,0
2022-04-02 00:30,38,20,18,0,0,0
2022-04-02 00:45,37,13,24,0,0,0
2022-04-02 01:00,25,9,16,0,0,0
2022-04-02 01:15,40,20,20,0,0,0
2022-04-02 01:30,29,11,18,0,0,0
2022-04-02 01:45,22,4,18,0,0,0
2022-04-02 02:00,22,6,16,0,0,0
2022-04-02 02:15,34,9,25,0,0,0
2022-04-02 02:30,9,1,8,0,0,0
2022-04-02 02:45,29,6,23,0,0,0
2022-04-02 03:00,27,7,20,0,0,0
2022-04-02 03:15,24,1,23,0,0,0
2022-04-02 03:30,30,10,20,0,0,0
2022-04-02 03:45,15,3,12,0,0,0
2022-04-02 04:00,15,3,12,0,0,0
2022-04-02 04:15,15,3,12,0,0,0
2022-04-02 04:30,11,4,7,0,0,0
2022-04-02 04:45,9,0,9,0,0,0
2022-04-02 05:00,17,2,15,0,0,0
2022-04-02 05:15,17,4,13,0,0,0
2022-04-02 05:30,22,6,16,0,0,0
2022-04-02 05:45,19,8,11,0,0,0
2022-04-02 06:00,15,4,11,0,0,0
2022-04-02 06:15,11,4,7,0,0,0
2022-04-02 06:30,13,2,11,0,0,0
2022-04-02 06:45,16,8,8,0,0,0
2022-04-02 07:00,11,6,5,0,0,0
2022-04-02 07:15,15,10,5,0,0,0
2022-04-02 07:30,23,17,6,0,0,0
2022-04-02 07:45,31,22,9,0,0,0
2022-04-02 08:00,24,13,11,0,0,0
2022-04-02 08:15,17,11,6,0,0,0
2022-04-02 08:30,40,30,10,0,0,0
2022-04-02 08:45,39,23,16,0,0,0
2022-04-02 09:00,40,34,6,0,0,0
2022-04-02 09:15,49,34,15,0,0,0
2022-04-02 09:30,57,30,27,0,0,0
2022-04-02 09:45,89,63,26,0,0,0
2022-04-02 10:00,75,57,18,0,0,0
2022-04-02 10:15,80,56,24,0,0,0
2022-04-02 10:30,72,56,16,0,0,0
2022-04-02 10:45,89,58,31,0,0,0
2022-04-02 11:00,79,56,23,0,0,0
2022-04-02 11:15,80,64,16,0,0,0
2022-04-02 11:30,87,52,35,0,0,0
2022-04-02 11:45,90,51,39,0,0,0
2022-04-02 12:00,89,46,43,0,0,0
2022-04-02 12:15,119,65,54,0,0,0
2022-04-02 12:30,100,56,44,0,0,0
2022-04-02 12:45,106,65,41,0,0,0
2022-04-02 13:00,118,73,45,0,0,0
2022-04-02 13:15,109,55,54,0,0,0
2022-04-02 13:30,101,57,44,0,0,0
2022-04-02 13:45,122,67,55,0,0,0
2022-04-02 14:00,102,50,52,0,0,0
2022-04-02 14:15,123,60,63,0,0,0
2022-04-02 14:30,102,53,49,0,0,0
2022-04-02 14:45,138,62,76,0,0,0
2022-04-02 15:00,111,52,59,0,0,0
2022-04-02 15:15,97,44,53,0,0,0
2022-04-02 15:30,91,40,51,0,0,0
2022-04-02 15:45,92,53,39,0,0,0
2022-04-02 16:00,112,46,66,0,0,0
2022-04-02 16:15,121,53,68,0,0,0
2022-04-02 16:30,85,41,44,0,0,0
2022-04-02 16:45,112,50,62,0,0,0
2022-04-02 17:00,97,48,49,0,0,0
2022-04-02 17:15,91,53,38,0,0,0
2022-04-02 17:30,111,54,57,0,0,0
2022-04-02 17:45,124,54,70,0,0,0
2022-04-02 18:00,101,37,64,0,0,0
2022-04-02 18:15,126,52,74,0,0,0
2022-04-02 18:30,101,40,61,0,0,0
2022-04-02 18:45,119,64,55,0,0,0
2022-04-02 19:00,98,48,50,0,0,0
2022-04-02 19:15,86,48,38,0,0,0
2022-04-02 19:30,94,47,47,0,0,0
2022-04-02 19:45,92,43,49,0,0,0
2022-04-02 20:00,83,41,42,0,0,0
2022-04-02 20:15,67,37,30,0,0,0
2022-04-02 20:30,60,35,25,0,0,0
2022-04-02 20:45,69,29,40,0,0,0
2022-04-02 21:00,61,30,31,0,0,0
2022-04-02 21:15,53,32,21,0,0,0
2022-04-02 21:30,60,26,34,0,0,0
2022-04-02 21:45,65,24,41,0,0,0
2022-04-02 22:00,45,13,32,0,0,0
2022-04-02 22:15,49,20,29,0,0,0
2022-04-02 22:30,38,15,23,0,0,0
2022-04-02 22:45,37,14,23,0,0,0
2022-04-02 23:00,44,20,24,0,0,0
2022-04-02 23:15,43,27,16,0,0,0
2022-04-02 23:30,49,26,23,0,0,0
2022-04-02 23:45,44,16,28,0,0,0
2022-04-03 00:00,58,23,35,0,0,0
2022-04-03 00:15,51,19,32,0,0,0
2022-04-03 00:30,37,11,26,0,0,0
2022-04-03 00:45,44,23,21,0,0,0
2022-04-03 01:00,33,10,23,0,0,0
2022-04-03 01:15,41,19,22,0,0,0
2022-04-03 01:30,29,10,19,0,0,0
2022-04-03 01:45,28,4,24,0,0,0
2022-04-03 02:00,23,9,14,0,0,0
2022-04-03 02:15,28,5,23,0,0,0
2022-04-03 02:30,15,5,10,0,0,0
2022-04-03 02:45,16,2,14,0,0,0
2022-04-03 03:00,19,5,14,0,0,0
2022-04-03 03:15,21,3,18,0,0,0
2022-04-03 03:30,24,2,22,0,0,0
2022-04-03 03:45,36,7,29,0,0,0
2022-04-03 04:00,22,3,19,0,0,0
2022-04-03 04:15,14,0,14,0,0,0
2022-04-03 04:30,16,2,14,0,0,0
2022-04-03 04:45,7,1,6,0,0,0
2022-04-03 05:00,15,2,13,0,0,0
2022-04-03 05:15,5,1,4,0,0,0
2022-04-03 05:30,13,1,12,0,0,0
2022-04-03 05:45,11,4,7,0,0,0
2022-04-03 06:00,3,0,3,0,0,0
2022-04-03 06:15,14,4,10,0,0,0
2022-04-03 06:30,9,2,7,0,0,0
2022-04-03 06:45,6,0,6,0,0,0
2022-04-03 07:00,4,3,1,0,0,0
2022-04-03 07:15,9,2,7,0,0,0
2022-04-03 07:30,8,4,4,0,0,0
2022-04-03 07:45,14,8,6,0,0,0
2022-04-03 08:00,8,6,2,0,0,0
2022-04-03 08:15,16,10,6,0,0,0
2022-04-03 08:30,19,12,7,0,0,0
2022-04-03 08:45,13,10,3,0,0,0
2022-04-03 09:00,18,15,3,0,0,0
2022-04-03 09:15,16,7,9,0,0,0
2022-04-03 09:30,49,37,12,0,0,0
2022-04-03 09:45,91,68,23,0,0,0
2022-04-03 10:00,58,42,16,0,0,0
2022-04-03 10:15,57,26,31,0,0,0
2022-04-03 10:30,43,31,12,0,0,0
2022-04-03 10:45,49,32,17,0,0,0
2022-04-03 11:00,49,26,23,0,0,0
2022-04-03 11:15,49,24,25,0,0,0
2022-04-03 11:30,60,29,31,0,0,0
2022-04-03 11:45,36,24,12,0,0,0
2022-04-03 12:00,47,24,23,0,0,0
2022-04-03 12:15,58,33,25,0,0,0
2022-04-03 12:30,54,28,26,0,0,0
2022-04-03 12:45,78,37,41,0,0,0
2022-04-03 13:00,72,33,39,0,0,0
2022-04-03 13:15,82,46,36,0,0,0
2022-04-03 13:30,89,46,43,0,0,0
2022-04-03 13:45,75,35,40,0,0,0
2022-04-03 14:00,74,35,39,0,0,0
2022-04-03 14:15,72,38,34,0,0,0
2022-04-03 14:30,71,35,36,0,0,0
2022-04-03 14:45,96,59,37,0,0,0
2022-04-03 15:00,77,41,36,0,0,0
2022-04-03 15:15,113,58,55,0,0,0
2022-04-03 15:30,91,48,43,0,0,0
2022-04-03 15:45,89,55,34,0,0,0
2022-04-03 16:00,77,46,31,0,0,0
2022-04-03 16:15,79,38,41,0,0,0
2022-04-03 16:30,79,40,39,0,0,0
2022-04-03 16:45,101,56,45,0,0,0
2022-04-03 17:00,106,48,58,0,0,0
2022-04-03 17:15,89,46,43,0,0,0
2022-04-03 17:30,115,46,69,0,0,0
2022-04-03 17:45,87,44,43,0,0,0
2022-04-03 18:00,87,37,50,0,0,0
2022-04-03 18:15,104,50,54,0,0,0
2022-04-03 18:30,76,28,48,0,0,0
2022-04-03 18:45,97,44,53,0,0,0
2022-04-03 19:00,93,42,51,0,0,0
2022-04-03 19:15,81,39,42,0,0,0
2022-04-03 19:30,68,36,32,0,0,0
2022-04-03 19:45,100,42,58,0,0,0
2022-04-03 20:00,80,26,54,0,0,0
2022-04-03 20:15,69,28,41,0,0,0
2022-04-03 20:30,45,8,37,0,0,0
2022-04-03 20:45,59,30,29,0,0,0
2022-04-03 21:00,47,16,31,0,0,0
2022-04-03 21:15,43,12,31,0,0,0
2022-04-03 21:30,35,10,25,0,0,0
2022-04-03 21:45,43,21,22,0,0,0
2022-04-03 22:00,41,11,30,0,0,0
2022-04-03 22:15,48,14,34,0,0,0
2022-04-03 22:30,45,12,33,0,0,0
2022-04-03 22:45,33,13,20,0,0,0
2022-04-03 23:00,26,8,18,0,0,0
2022-04-03 23:15,25,9,16,0,0,0
2022-04-03 23:30,15,5,10,0,0,0
2022-04-03 23:45,24,6,18,0,0,0
2022-04-04 00:00,12,5,7,0,0,0
2022-04-04 00:15,10,4,6,0,0,0
2022-04-04 00:30,17,2,15,0,0,0
2022-04-04 00:45,5,3,2,0,0,0
2022-04-04 01:00,5,1,4,0,0,0
2022-04-04 01:15,8,1,7,0,0,0
2022-04-04 01:30,3,1,2,0,0,0
2022-04-04 01:45,4,0,4,0,0,0
2022-04-04 02:00,5,2,3,0,0,0
2022-04-04 02:15,1,0,1,0,0,0
2022-04-04 02:30,0,0,0,0,0,0
2022-04-04 02:45,3,3,0,0,0,0
2022-04-04 03:00,1,0,1,0,0,0
2022-04-04 03:15,1,0,1,0,0,0
2022-04-04 03:30,1,1,0,0,0,0
2022-04-04 03:45,2,0,2,0,0,0
2022-04-04 04:00,3,1,2,0,0,0
2022-04-04 04:15,5,1,4,0,0,0
2022-04-04 04:30,10,7,3,0,0,0
2022-04-04 04:45,8,6,2,0,0,0
2022-04-04 05:00,4,1,3,0,0,0
2022-04-04 05:15,8,4,4,0,0,0
2022-04-04 05:30,17,12,5,0,0,0
2022-04-04 05:45,17,11,6,0,0,0
2022-04-04 06:00,26,18,8,0,0,0
2022-04-04 06:15,35,25,10,0,0,0
2022-04-04 06:30,55,35,20,0,0,0
2022-04-04 06:45,55,38,17,0,0,0
2022-04-04 07:00,82,52,30,0,0,0
2022-04-04 07:15,132,95,37,0,0,0
2022-04-04 07:30,233,178,55,0,0,0
2022-04-04 07:45,286,161,125,0,0,0
2022-04-04 08:00,218,127,91,0,0,0
2022-04-04 08:15,203,115,88,0,0,0
2022-04-04 08:30,142,86,56,0,0,0
2022-04-04 08:45,205,120,85,0,0,0
2022-04-04 09:00,119,73,46,0,0,0
2022-04-04 09:15,97,56,41,0,0,0
2022-04-04 09:30,155,78,77,0,0,0
2022-04-04 09:45,251,139,112,0,0,0
2022-04-04 10:00,217,106,111,0,0,0
2022-04-04 10:15,110,74,36,0,0,0
2022-04-04 10:30,96,54,42,0,0,0
2022-04-04 10:45,110,61,49,0,0,0
2022-04-04 11:00,110,43,67,0,0,0
2022-04-04 11:15,146,56,90,0,0,0
2022-04-04 11:30,127,64,63,0,0,0
2022-04-04 11:45,227,126,101,0,0,0
2022-04-04 12:00,214,134,80,0,0,0
2022-04-04 12:15,123,63,60,0,0,0
2022-04-04 12:30,132,40,92,0,0,0
2022-04-04 12:45,135,79,56,0,0,0
2022-04-04 13:00,144,63,81,0,0,0
2022-04-04 13:15,168,85,83,0,0,0
2022-04-04 13:30,145,75,70,0,0,0
2022-04-04 13:45,273,138,135,0,0,0
2022-04-04 14:00,173,79,94,0,0,0
2022-04-04 14:15,140,66,74,0,0,0
2022-04-04 14:30,124,64,60,0,0,0
2022-04-04 14:45,152,74,78,0,0,0
2022-04-04 15:00,141,49,92,0,0,0
2022-04-04 15:15,168,79,89,0,0,0
2022-04-04 15:30,196,78,118,0,0,0
2022-04-04 15:45,281,143,138,0,0,0
2022-04-04 16:00,200,112,88,0,0,0
2022-04-04 16:15,159,68,91,0,0,0
2022-04-04 16:30,143,69,74,0,0,0
2022-04-04 16:45,213,98,115,0,0,0
2022-04-04 17:00,170,89,81,0,0,0
2022-04-04 17:15,160,75,85,0,0,0
2022-04-04 17:30,197,88,109,0,0,0
2022-04-04 17:45,251,102,149,0,0,0
2022-04-04 18:00,183,89,94,0,0,0
2022-04-04 18:15,166,79,87,0,0,0
2022-04-04 18:30,139,66,73,0,0,0
2022-04-04 18:45,135,82,53,0,0,0
2022-04-04 19:00,99,54,45,0,0,0
2022-04-04 19:15,103,51,52,0,0,0
2022-04-04 19:30,129,54,75,0,0,0
2022-04-04 19:45,111,48,63,0,0,0
2022-04-04 20:00,89,39,50,0,0,0
2022-04-04 20:15,94,43,51,0,0,0
2022-04-04 20:30,87,34,53,0,0,0
2022-04-04 20:45,56,29,27,0,0,0
2022-04-04 21:00,57,31,26,0,0,0
2022-04-04 21:15,43,20,23,0,0,0
2022-04-04 21:30,40,14,26,0,0,0
2022-04-04 21:45,64,14,50,0,0,0
2022-04-04 22:00,40,16,24,0,0,0
2022-04-04 22:15,37,13,24,0,0,0
2022-04-04 22:30,51,14,37,0,0,0
2022-04-04 22:45,41,15,26,0,0,0
2022-04-04 23:00,18,9,9,0,0,0
2022-04-04 23:15,22,6,16,0,0,0
2022-04-04 23:30,27,13,14,0,0,0
2022-04-04 23:45,25,12,13,0,0,0
2022-04-05 00:00,14,4,10,0,0,0
2022-04-05 00:15,15,7,8,0,0,0
2022-04-05 00:30,17,7,10,0,0,0
2022-04-05 00:45,13,6,7,0,0,0
2022-04-05 01:00,9,4,5,0,0,0
2022-04-05 01:15,12,3,9,0,0,0
2022-04-05 01:30,5,3,2,0,0,0
2022-04-05 01:45,8,1,7,0,0,0
2022-04-05 02:00,9,1,8,0,0,0
2022-04-05 02:15,4,1,3,0,0,0
2022-04-05 02:30,1,1,0,0,0,0
2022-04-05 02:45,10,0,10,0,0,0
2022-04-05 03:00,3,1,2,0,0,0
2022-04-05 03:15,3,1,2,0,0,0
2022-04-05 03:30,26,5,21,0,0,0
2022-04-05 03:45,2,0,2,0,0,0
2022-04-05 04:00,14,3,11,0,0,0
2022-04-05 04:15,9,0,9,0,0,0
2022-04-05 04:30,7,2,5,0,0,0
2022-04-05 04:45,19,8,11,0,0,0
2022-04-05 05:00,10,6,4,0,0,0
2022-04-05 05:15,10,8,2,0,0,0
2022-04-05 05:30,24,13,11,0,0,0
2022-04-05 05:45,15,10,5,0,0,0
2022-04-05 06:00,26,19,7,0,0,0
2022-04-05 06:15,40,26,14,0,0,0
2022-04-05 06:30,44,25,19,0,0,0
2022-04-05 06:45,68,45,23,0,0,0
2022-04-05 07:00,72,45,27,0,0,0
2022-04-05 07:15,108,72,36,0,0,0
2022-04-05 07:30,217,166,51,0,0,0
2022-04-05 07:45,320,187,133,0,0,0
2022-04-05 08:00,240,137,103,0,0,0
2022-04-05 08:15,186,113,73,0,0,0
2022-04-05 08:30,170,87,83,0,0,0
2022-04-05 08:45,166,81,85,0,0,0
2022-04-05 09:00,165,108,57,0,0,0
2022-04-05 09:15,120,61,59,0,0,0
2022-04-05 09:30,105,51,54,0,0,0
2022-04-05 09:45,314,147,167,0,0,0
2022-04-05 10:00,248,117,131,0,0,0
2022-04-05 10:15,75,43,32,0,0,0
2022-04-05 10:30,74,38,36,0,0,0
2022-04-05 10:45,91,61,30,0,0,0
2022-04-05 11:00,101,49,52,0,0,0
2022-04-05 11:15,102,42,60,0,0,0
2022-04-05 11:30,125,57,68,0,0,0
2022-04-05 11:45,282,145,137,0,0,0
2022-04-05 12:00,207,101,106,0,0,0
2022-04-05 12:15,141,73,68,0,0,0
2022-04-05 12:30,143,64,79,0,0,0
2022-04-05 12:45,155,78,77,0,0,0
2022-04-05 13:00,185,65,120,0,0,0
2022-04-05 13:15,175,88,87,0,0,0
2022-04-05 13:30,176,89,87,0,0,0
2022-04-05 13:45,348,209,139,0,0,0
2022-04-05 14:00,263,152,111,0,0,0
2022-04-05 14:15,142,74,68,0,0,0
2022-04-05 14:30,136,68,68,0,0,0
2022-04-05 14:45,135,69,66,0,0,0
2022-04-05 15:00,143,66,77,0,0,0
2022-04-05 15:15,158,72,86,0,0,0
2022-04-05 15:30,182,80,102,0,0,0
2022-04-05 15:45,321,152,169,0,0,0
2022-04-05 16:00,228,125,103,0,0,0
2022-04-05 16:15,197,87,110,0,0,0
2022-04-05 16:30,192,100,92,0,0,0
2022-04-05 16:45,187,73,114,0,0,0
2022-04-05 17:00,186,97,89,0,0,0
2022-04-05 17:15,214,99,115,0,0,0
2022-04-05 17:30,205,105,100,0,0,0
2022-04-05 17:45,254,121,133,0,0,0
2022-04-05 18:00,212,78,134,0,0,0
2022-04-05 18:15,167,81,86,0,0,0
2022-04-05 18:30,181,80,101,0,0,0
2022-04-05 18:45,177,102,75,0,0,0
2022-04-05 19:00,156,79,77,0,0,0
2022-04-05 19:15,154,82,72,0,0,0
2022-04-05 19:30,123,60,63,0,0,0
2022-04-05 19:45,166,92,74,0,0,0
2022-04-05 20:00,115,57,58,0,0,0
2022-04-05 20:15,90,46,44,0,0,0
2022-04-05 20:30,88,38,50,0,0,0
2022-04-05 20:45,59,29,30,0,0,0
2022-04-05 21:00,79,32,47,0,0,0
2022-04-05 21:15,67,26,41,0,0,0
2022-04-05 21:30,60,29,31,0,0,0
2022-04-05 21:45,68,25,43,0,0,0
2022-04-05 22:00,56,26,30,0,0,0
2022-04-05 22:15,73,27,46,0,0,0
2022-04-05 22:30,57,19,38,0,0,0
2022-04-05 22:45,48,12,36,0,0,0
2022-04-05 23:00,65,18,47,0,0,0
2022-04-05 23:15,47,13,34,0,0,0
2022-04-05 23:30,32,11,21,0,0,0
2022-04-05 23:45,32,1,31,0,0,0
2022-04-06 00:00,34,4,30,0,0,0
2022-04-06 00:15,28,11,17,0,0,0
2022-04-06 00:30,16,5,11,0,0,0
2022-04-06 00:45,30,17,13,0,0,0
2022-04-06 01:00,14,6,8,0,0,0
2022-04-06 01:15,20,3,17,0,0,0
2022-04-06 01:30,20,2,18,0,0,0
2022-04-06 01:45,12,2,10,0,0,0
2022-04-06 02:00,5,4,1,0,0,0
2022-04-06 02:15,9,1,8,0,0,0
2022-04-06 02:30,3,1,2,0,0,0
2022-04-06 02:45,6,0,6,0,0,0
2022-04-06 03:00,11,1,10,0,0,0
2022-04-06 03:15,7,1,6,0,0,0
2022-04-06 03:30,7,2,5,0,0,0
2022-04-06 03:45,5,1,4,0,0,0
2022-04-06 04:00,6,1,5,0,0,0
2022-04-06 04:15,13,3,10,0,0,0
2022-04-06 04:30,7,4,3,0,0,0
2022-04-06 04:45,10,7,3,0,0,0
2022-04-06 05:00,5,4,1,0,0,0
2022-04-06 05:15,10,7,3,0,0,0
2022-04-06 05:30,21,15,6,0,0,0
2022-04-06 05:45,13,8,5,0,0,0
2022-04-06 06:00,24,15,9,0,0,0
2022-04-06 06:15,37,26,11,0,0,0
2022-04-06 06:30,40,22,18,0,0,0
2022-04-06 06:45,63,40,23,0,0,0
2022-04-06 07:00,91,52,39,0,0,0
2022-04-06 07:15,131,94,37,0,0,0
2022-04-06 07:30,257,177,80,0,0,0
2022-04-06 07:45,310,162,148,0,0,0
2022-04-06 08:00,232,126,106,0,0,0
2022-04-06 08:15,190,111,79,0,0,0
2022-04-06 08:30,166,114,52,0,0,0
2022-04-06 08:45,200,116,84,0,0,0
2022-04-06 09:00,169,82,87,0,0,0
2022-04-06 09:15,151,82,69,0,0,0
2022-04-06 09:30,160,90,70,0,0,0
2022-04-06 09:45,320,182,138,0,0,0
2022-04-06 10:00,278,166,112,0,0,0
2022-04-06 10:15,115,70,45,0,0,0
2022-04-06 10:30,108,69,39,0,0,0
2022-04-06 10:45,117,64,53,0,0,0
2022-04-06 11:00,115,67,48,0,0,0
2022-04-06 11:15,134,80,54,0,0,0
2022-04-06 11:30,145,70,75,0,0,0
2022-04-06 11:45,330,157,173,0,0,0
2022-04-06 12:00,207,116,91,0,0,0
2022-04-06 12:15,153,78,75,0,0,0
2022-04-06 12:30,165,71,94,0,0,0
2022-04-06 12:45,212,108,104,0,0,0
2022-04-06 13:00,200,84,116,0,0,0
2022-04-06 13:15,187,74,113,0,0,0
2022-04-06 13:30,205,89,116,0,0,0
2022-04-06 13:45,299,146,153,0,0,0
2022-04-06 14:00,242,113,129,0,0,0
2022-04-06 14:15,172,64,108,0,0,0
2022-04-06 14:30,168,73,95,0,0,0
2022-04-06 14:45,175,72,103,0,0,0
2022-04-06 15:00,170,65,105,0,0,0
2022-04-06 15:15,150,60,90,0,0,0
2022-04-06 15:30,161,76,85,0,0,0
2022-04-06 15:45,246,123,123,0,0,0
2022-04-06 16:00,240,118,122,0,0,0
2022-04-06 16:15,224,109,115,0,0,0
2022-04-06 16:30,193,97,96,0,0,0
2022-04-06 16:45,227,109,118,0,0,0
2022-04-06 17:00,197,81,116,0,0,0
2022-04-06 17:15,228,109,119,0,0,0
2022-04-06 17:30,235,113,122,0,0,0
2022-04-06 17:45,269,113,156,0,0,0
2022-04-06 18:00,228,100,128,0,0,0
2022-04-06 18:15,245,113,132,0,0,0
2022-04-06 18:30,199,107,92,0,0,0
2022-04-06 18:45,239,122,117,0,0,0
2022-04-06 19:00,167,76,91,0,0,0
2022-04-06 19:15,146,72,74,0,0,0
2022-04-06 19:30,163,86,77,0,0,0
2022-04-06 19:45,146,90,56,0,0,0
2022-04-06 20:00,166,88,78,0,0,0
2022-04-06 20:15,112,65,47,0,0,0
2022-04-06 20:30,119,63,56,0,0,0
2022-04-06 20:45,79,35,44,0,0,0
2022-04-06 21:00,79,41,38,0,0,0
2022-04-06 21:15,62,26,36,0,0,0
2022-04-06 21:30,81,34,47,0,0,0
2022-04-06 21:45,95,36,59,0,0,0
2022-04-06 22:00,124,37,87,0,0,0
2022-04-06 22:15,86,30,56,0,0,0
2022-04-06 22:30,77,21,56,0,0,0
2022-04-06 22:45,67,20,47,0,0,0
2022-04-06 23:00,88,33,55,0,0,0
2022-04-06 23:15,96,31,65,0,0,0
2022-04-06 23:30,66,21,45,0,0,0
2022-04-06 23:45,71,26,45,0,0,0
2022-04-07 00:00,54,21,33,0,0,0
2022-04-07 00:15,46,21,25,0,0,0
2022-04-07 00:30,38,4,34,0,0,0
2022-04-07 00:45,37,12,25,0,0,0
2022-04-07 01:00,46,10,36,0,0,0
2022-04-07 01:15,27,5,22,0,0,0
2022-04-07 01:30,30,3,27,0,0,0
2022-04-07 01:45,41,3,38,0,0,0
2022-04-07 02:00,37,7,30,0,0,0
2022-04-07 02:15,29,6,23,0,0,0
2022-04-07 02:30,13,2,11,0,0,0
2022-04-07 02:45,18,1,17,0,0,0
2022-04-07 03:00,21,0,21,0,0,0
2022-04-07 03:15,22,4,18,0,0,0
2022-04-07 03:30,27,3,24,0,0,0
2022-04-07 03:45,27,3,24,0,0,0
2022-04-07 04:00,17,0,17,0,0,0
2022-04-07 04:15,22,2,20,0,0,0
2022-04-07 04:30,10,2,8,0,0,0
2022-04-07 04:45,23,8,15,0,0,0
2022-04-07 05:00,16,6,10,0,0,0
2022-04-07 05:15,28,7,21,0,0,0
2022-04-07 05:30,17,8,9,0,0,0
2022-04-07 05:45,25,12,13,0,0,0
2022-04-07 06:00,26,16,10,0,0,0
2022-04-07 06:15,24,14,10,0,0,0
2022-04-07 06:30,33,19,14,0,0,0
2022-04-07 06:45,49,33,16,0,0,0
2022-04-07 07:00,74,42,32,0,0,0
2022-04-07 07:15,116,93,23,0,0,0
2022-04-07 07:30,201,132,69,0,0,0
2022-04-07 07:45,257,131,126,0,0,0
2022-04-07 08:00,246,124,122,0,0,0
2022-04-07 08:15,145,80,65,0,0,0
2022-04-07 08:30,112,69,43,0,0,0
2022-04-07 08:45,144,81,63,0,0,0
2022-04-07 09:00,106,48,58,0,0,0
2022-04-07 09:15,102,47,55,0,0,0
2022-04-07 09:30,133,63,70,0,0,0
2022-04-07 09:45,198,107,91,0,0,0
2022-04-07 10:00,178,107,71,0,0,0
2022-04-07 10:15,61,31,30,0,0,0
2022-04-07 10:30,45,29,16,0,0,0
2022-04-07 10:45,55,30,25,0,0,0
2022-04-07 11:00,45,24,21,0,0,0
2022-04-07 11:15,49,27,22,0,0,0
2022-04-07 11:30,95,49,46,0,0,0
2022-04-07 11:45,160,61,99,0,0,0
2022-04-07 12:00,171,103,68,0,0,0
2022-04-07 12:15,92,50,42,0,0,0
2022-04-07 12:30,97,41,56,0,0,0
2022-04-07 12:45,112,64,48,0,0,0
2022-04-07 13:00,124,59,65,0,0,0
2022-04-07 13:15,133,55,78,0,0,0
2022-04-07 13:30,147,86,61,0,0,0
2022-04-07 13:45,233,107,126,0,0,0
2022-04-07 14:00,204,103,101,0,0,0
2022-04-07 14:15,129,68,61,0,0,0
2022-04-07 14:30,127,63,64,0,0,0
2022-04-07 14:45,146,71,75,0,0,0
2022-04-07 15:00,170,63,107,0,0,0
2022-04-07 15:15,151,82,69,0,0,0
2022-04-07 15:30,175,71,104,0,0,0
2022-04-07 15:45,240,119,121,0,0,0
2022-04-07 16:00,204,112,92,0,0,0
2022-04-07 16:15,170,88,82,0,0,0
2022-04-07 16:30,155,73,82,0,0,0
2022-04-07 16:45,195,90,105,0,0,0
2022-04-07 17:00,186,99,87,0,0,0
2022-04-07 17:15,181,80,101,0,0,0
2022-04-07 17:30,205,90,115,0,0,0
2022-04-07 17:45,218,113,105,0,0,0
2022-04-07 18:00,180,91,89,0,0,0
2022-04-07 18:15,182,108,74,0,0,0
2022-04-07 18:30,175,85,90,0,0,0
2022-04-07 18:45,172,96,76,0,0,0
2022-04-07 19:00,137,62,75,0,0,0
2022-04-07 19:15,135,75,60,0,0,0
2022-04-07 19:30,112,55,57,0,0,0
2022-04-07 19:45,127,73,54,0,0,0
2022-04-07 20:00,144,73,71,0,0,0
2022-04-07 20:15,84,36,48,0,0,0
2022-04-07 20:30,59,31,28,0,0,0
2022-04-07 20:45,76,40,36,0,0,0
2022-04-07 21:00,52,29,23,0,0,0
2022-04-07 21:15,50,17,33,0,0,0
2022-04-07 21:30,36,14,22,0,0,0
2022-04-07 21:45,47,20,27,0,0,0
2022-04-07 22:00,51,13,38,0,0,0
2022-04-07 22:15,51,10,41,0,0,0
2022-04-07 22:30,38,17,21,0,0,0
2022-04-07 22:45,51,16,35,0,0,0
2022-04-07 23:00,65,15,50,0,0,0
2022-04-07 23:15,47,13,34,0,0,0
2022-04-07 23:30,45,12,33,0,0,0
2022-04-07 23:45,38,12,26,0,0,0
2022-04-08 00:00,41,5,36,0,0,0
2022-04-08 00:15,24,5,19,0,0,0
2022-04-08 00:30,29,12,17,0,0,0
2022-04-08 00:45,5,1,4,0,0,0
2022-04-08 01:00,9,3,6,0,0,0
2022-04-08 01:15,17,7,10,0,0,0
2022-04-08 01:30,15,4,11,0,0,0
2022-04-08 01:45,12,1,11,0,0,0
2022-04-08 02:00,19,0,19,0,0,0
2022-04-08 02:15,13,1,12,0,0,0
2022-04-08 02:30,14,0,14,0,0,0
2022-04-08 02:45,8,1,7,0,0,0
2022-04-08 03:00,9,1,8,0,0,0
2022-04-08 03:15,15,4,11,0,0,0
2022-04-08 03:30,5,1,4,0,0,0
2022-04-08 03:45,8,0,8,0,0,0
2022-04-08 04:00,2,0,2,0,0,0
2022-04-08 04:15,14,0,14,0,0,0
2022-04-08 04:30,12,3,9,0,0,0
2022-04-08 04:45,9,7,2,0,0,0
2022-04-08 05:00,3,2,1,0,0,0
2022-04-08 05:15,8,5,3,0,0,0
2022-04-08 05:30,13,7,6,0,0,0
2022-04-08 05:45,27,18,9,0,0,0
2022-04-08 06:00,28,17,11,0,0,0
2022-04-08 06:15,36,25,11,0,0,0
2022-04-08 06:30,50,29,21,0,0,0
2022-04-08 06:45,67,46,21,0,0,0
2022-04-08 07:00,71,48,23,0,0,0
2022-04-08 07:15,106,76,30,0,0,0
2022-04-08 07:30,185,144,41,0,0,0
2022-04-08 07:45,249,129,120,0,0,0
2022-04-08 08:00,228,123,105,0,0,0
2022-04-08 08:15,122,78,44,0,0,0
2022-04-08 08:30,142,91,51,0,0,0
2022-04-08 08:45,162,92,70,0,0,0
2022-04-08 09:00,123,65,58,0,0,0
2022-04-08 09:15,97,51,46,0,0,0
2022-04-08 09:30,141,82,59,0,0,0
2022-04-08 09:45,240,125,115,0,0,0
2022-04-08 10:00,222,117,105,0,0,0
2022-04-08 10:15,132,57,75,0,0,0
2022-04-08 10:30,92,55,37,0,0,0
2022-04-08 10:45,126,69,57,0,0,0
2022-04-08 11:00,109,66,43,0,0,0
2022-04-08 11:15,111,57,54,0,0,0
2022-04-08 11:30,116,67,49,0,0,0
2022-04-08 11:45,188,97,91,0,0,0
2022-04-08 12:00,219,123,96,0,0,0
2022-04-08 12:15,170,100,70,0,0,0
2022-04-08 12:30,149,73,76,0,0,0
2022-04-08 12:45,188,105,83,0,0,0
2022-04-08 13:00,244,81,163,0,0,0
2022-04-08 13:15,196,86,110,0,0,0
2022-04-08 13:30,186,94,92,0,0,0
2022-04-08 13:45,247,107,140,0,0,0
2022-04-08 14:00,192,98,94,0,0,0
2022-04-08 14:15,158,78,80,0,0,0
2022-04-08 14:30,168,71,97,0,0,0
2022-04-08 14:45,164,75,89,0,0,0
2022-04-08 15:00,174,78,96,0,0,0
2022-04-08 15:15,147,74,73,0,0,0
2022-04-08 15:30,176,76,100,0,0,0
2022-04-08 15:45,169,84,85,0,0,0
2022-04-08 16:00,219,123,96,0,0,0
2022-04-08 16:15,201,97,104,0,0,0
2022-04-08 16:30,162,94,68,0,0,0
2022-04-08 16:45,180,80,100,0,0,0
2022-04-08 17:00,186,91,95,0,0,0
2022-04-08 17:15,172,92,80,0,0,0
2022-04-08 17:30,180,85,95,0,0,0
2022-04-08 17:45,198,108,90,0,0,0
2022-04-08 18:00,167,80,87,0,0,0
2022-04-08 18:15,150,72,78,0,0,0
2022-04-08 18:30,157,83,74,0,0,0
2022-04-08 18:45,191,115,76,0,0,0
2022-04-08 19:00,139,65,74,0,0,0
2022-04-08 19:15,152,78,74,0,0,0
2022-04-08 19:30,126,69,57,0,0,0
2022-04-08 19:45,145,85,60,0,0,0
2022-04-08 20:00,136,80,56,0,0,0
2022-04-08 20:15,114,73,41,0,0,0
2022-04-08 20:30,98,41,57,0,0,0
2022-04-08 20:45,85,38,47,0,0,0
2022-04-08 21:00,101,50,51,0,0,0
2022-04-08 21:15,70,22,48,0,0,0
2022-04-08 21:30,79,40,39,0,0,0
2022-04-08 21:45,83,43,40,0,0,0
2022-04-08 22:00,52,24,28,0,0,0
2022-04-08 22:15,39,15,24,0,0,0
2022-04-08 22:30,67,19,48,0,0,0
2022-04-08 22:45,76,31,45,0,0,0
2022-04-08 23:00,52,18,34,0,0,0
2022-04-08 23:15,53,17,36,0,0,0
2022-04-08 23:30,77,18,59,0,0,0
2022-04-08 23:45,62,24,38,0,0,0
2022-04-09 00:00,60,25,35,0,0,0
2022-04-09 00:15,46,14,32,0,0,0
2022-04-09 00:30,59,14,45,0,0,0
2022-04-09 00:45,46,12,34,0,0,0
2022-04-09 01:00,56,19,37,0,0,0
2022-04-09 01:15,41,14,27,0,0,0
2022-04-09 01:30,50,16,34,0,0,0
2022-04-09 01:45,37,10,27,0,0,0
2022-04-09 02:00,39,18,21,0,0,0
2022-04-09 02:15,49,5,44,0,0,0
2022-04-09 02:30,17,6,11,0,0,0
2022-04-09 02:45,40,6,34,0,0,0
2022-04-09 03:00,36,7,29,0,0,0
2022-04-09 03:15,38,5,33,0,0,0
2022-04-09 03:30,38,4,34,0,0,0
2022-04-09 03:45,21,5,16,0,0,0
2022-04-09 04:00,26,5,21,0,0,0
2022-04-09 04:15,26,6,20,0,0,0
2022-04-09 04:30,25,5,20,0,0,0
2022-04-09 04:45,10,1,9,0,0,0
2022-04-09 05:00,13,3,10,0,0,0
2022-04-09 05:15,11,3,8,0,0,0
2022-04-09 05:30,29,13,16,0,0,0
2022-04-09 05:45,11,7,4,0,0,0
2022-04-09 06:00,15,6,9,0,0,0
2022-04-09 06:15,12,6,6,0,0,0
2022-04-09 06:30,11,7,4,0,0,0
2022-04-09 06:45,12,7,5,0,0,0
2022-04-09 07:00,10,6,4,0,0,0
2022-04-09 07:15,18,14,4,0,0,0
2022-04-09 07:30,20,14,6,0,0,0
2022-04-09 07:45,39,33,6,0,0,0
2022-04-09 08:00,24,17,7,0,0,0
2022-04-09 08:15,30,18,12,0,0,0
2022-04-09 08:30,26,19,7,0,0,0
2022-04-09 08:45,43,29,14,0,0,0
2022-04-09 09:00,38,32,6,0,0,0
2022-04-09 09:15,50,33,17,0,0,0
2022-04-09 09:30,74,51,23,0,0,0
2022-04-09 09:45,101,79,22,0,0,0
2022-04-09 10:00,64,51,13,0,0,0
2022-04-09 10:15,85,58,27,0,0,0
2022-04-09 10:30,81,53,28,0,0,0
2022-04-09 10:45,76,49,27,0,0,0
2022-04-09 11:00,80,52,28,0,0,0
2022-04-09 11:15,89,55,34,0,0,0
2022-04-09 11:30,84,52,32,0,0,0
2022-04-09 11:45,82,48,34,0,0,0
2022-04-09 12:00,92,53,39,0,0,0
2022-04-09 12:15,85,46,39,0,0,0
2022-04-09 12:30,87,45,42,0,0,0
2022-04-09 12:45,52,28,24,0,0,0
2022-04-09 13:00,137,83,54,0,0,0
2022-04-09 13:15,89,51,38,0,0,0
2022-04-09 13:30,115,59,56,0,0,0
2022-04-09 13:45,105,59,46,0,0,0
2022-04-09 14:00,101,42,59,0,0,0
2022-04-09 14:15,71,27,44,0,0,0
2022-04-09 14:30,96,41,55,0,0,0
2022-04-09 14:45,101,61,40,0,0,0
2022-04-09 15:00,80,35,45,0,0,0
2022-04-09 15:15,89,43,46,0,0,0
2022-04-09 15:30,76,33,43,0,0,0
2022-04-09 15:45,85,40,45,0,0,0
2022-04-09 16:00,91,44,47,0,0,0
2022-04-09 16:15,65,34,31,0,0,0
2022-04-09 16:30,46,24,22,0,0,0
2022-04-09 16:45,74,29,45,0,0,0
2022-04-09 17:00,58,26,32,0,0,0
2022-04-09 17:15,68,29,39,0,0,0
2022-04-09 17:30,82,30,52,0,0,0
2022-04-09 17:45,117,58,59,0,0,0
2022-04-09 18:00,100,41,59,0,0,0
2022-04-09 18:15,84,36,48,0,0,0
2022-04-09 18:30,77,32,45,0,0,0
2022-04-09 18:45,87,43,44,0,0,0
2022-04-09 19:00,74,30,44,0,0,0
2022-04-09 19:15,83,52,31,0,0,0
2022-04-09 19:30,84,38,46,0,0,0
2022-04-09 19:45,97,49,48,0,0,0
2022-04-09 20:00,101,41,60,0,0,0
2022-04-09 20:15,84,46,38,0,0,0
2022-04-09 20:30,67,33,34,0,0,0
2022-04-09 20:45,60,29,31,0,0,0
2022-04-09 21:00,49,27,22,0,0,0
2022-04-09 21:15,60,40,20,0,0,0
2022-04-09 21:30,43,21,22,0,0,0
2022-04-09 21:45,65,26,39,0,0,0
2022-04-09 22:00,48,19,29,0,0,0
2022-04-09 22:15,56,22,34,0,0,0
2022-04-09 22:30,37,14,23,0,0,0
2022-04-09 22:45,42,17,25,0,0,0
2022-04-09 23:00,35,15,20,0,0,0
2022-04-09 23:15,29,11,18,0,0,0
2022-04-09 23:30,50,16,34,0,0,0
2022-04-09 23:45,39,20,19,0,0,0
2022-04-10 00:00,35,10,25,0,0,0
2022-04-10 00:15,37,19,18,0,0,0
2022-04-10 00:30,75,37,38,0,0,0
2022-04-10 00:45,57,22,35,0,0,0
2022-04-10 01:00,26,6,20,0,0,0
2022-04-10 01:15,42,15,27,0,0,0
2022-04-10 01:30,46,23,23,0,0,0
2022-04-10 01:45,32,10,22,0,0,0
2022-04-10 02:00,26,10,16,0,0,0
2022-04-10 02:15,37,11,26,0,0,0
2022-04-10 02:30,31,9,22,0,0,0
2022-04-10 02:45,28,5,23,0,0,0
2022-04-10 03:00,40,11,29,0,0,0
2022-04-10 03:15,31,6,25,0,0,0
2022-04-10 03:30,19,6,13,0,0,0
2022-04-10 03:45,34,10,24,0,0,0
2022-04-10 04:00,24,6,18,0,0,0
2022-04-10 04:15,19,4,15,0,0,0
2022-04-10 04:30,10,2,8,0,0,0
2022-04-10 04:45,12,2,10,0,0,0
2022-04-10 05:00,7,1,6,0,0,0
2022-04-10 05:15,18,2,16,0,0,0
2022-04-10 05:30,13,3,10,0,0,0
2022-04-10 05:45,17,4,13,0,0,0
2022-04-10 06:00,8,1,7,0,0,0
2022-04-10 06:15,7,3,4,0,0,0
2022-04-10 06:30,12,4,8,0,0,0
2022-04-10 06:45,12,5,7,0,0,0
2022-04-10 07:00,6,5,1,0,0,0
2022-04-10 07:15,7,4,3,0,0,0
2022-04-10 07:30,12,5,7,0,0,0
2022-04-10 07:45,11,4,7,0,0,0
2022-04-10 08:00,17,11,6,0,0,0
2022-04-10 08:15,13,9,4,0,0,0
2022-04-10 08:30,18,16,2,0,0,0
2022-04-10 08:45,24,14,10,0,0,0
2022-04-10 09:00,16,8,8,0,0,0
2022-04-10 09:15,38,31,7,0,0,0
2022-04-10 09:30,45,27,18,0,0,0
2022-04-10 09:45,59,43,16,0,0,0
2022-04-10 10:00,42,22,20,0,0,0
2022-04-10 10:15,54,40,14,0,0,0
2022-04-10 10:30,33,24,9,0,0,0
2022-04-10 10:45,73,44,29,0,0,0
2022-04-10 11:00,60,33,27,0,0,0
2022-04-10 11:15,61,32,29,0,0,0
2022-04-10 11:30,70,40,30,0,0,0
2022-04-10 11:45,53,25,28,0,0,0
2022-04-10 12:00,57,33,24,0,0,0
2022-04-10 12:15,59,30,29,0,0,0
2022-04-10 12:30,80,38,42,0,0,0
2022-04-10 12:45,94,33,61,0,0,0
2022-04-10 13:00,71,24,47,0,0,0
2022-04-10 13:15,74,41,33,0,0,0
2022-04-10 13:30,84,35,49,0,0,0
2022-04-10 13:45,99,53,46,0,0,0
2022-04-10 14:00,70,31,39,0,0,0
2022-04-10 14:15,63,37,26,0,0,0
2022-04-10 14:30,82,39,43,0,0,0
2022-04-10 14:45,114,68,46,0,0,0
2022-04-10 15:00,73,36,37,0,0,0
2022-04-10 15:15,66,34,32,0,0,0
2022-04-10 15:30,82,39,43,0,0,0
2022-04-10 15:45,101,55,46,0,0,0
2022-04-10 16:00,81,44,37,0,0,0
2022-04-10 16:15,68,35,33,0,0,0
2022-04-10 16:30,95,52,43,0,0,0
2022-04-10 16:45,103,52,51,0,0,0
2022-04-10 17:00,98,45,53,0,0,0
2022-04-10 17:15,100,36,64,0,0,0
2022-04-10 17:30,102,49,53,0,0,0
2022-04-10 17:45,102,44,58,0,0,0
2022-04-10 18:00,120,52,68,0,0,0
2022-04-10 18:15,90,38,52,0,0,0
2022-04-10 18:30,75,46,29,0,0,0
2022-04-10 18:45,111,56,55,0,0,0
2022-04-10 19:00,96,34,62,0,0,0
2022-04-10 19:15,75,41,34,0,0,0
2022-04-10 19:30,71,34,37,0,0,0
2022-04-10 19:45,96,38,58,0,0,0
2022-04-10 20:00,81,36,45,0,0,0
2022-04-10 20:15,73,32,41,0,0,0
2022-04-10 20:30,75,19,56,0,0,0
2022-04-10 20:45,48,17,31,0,0,0
2022-04-10 21:00,61,26,35,0,0,0
2022-04-10 21:15,60,14,46,0,0,0
2022-04-10 21:30,35,11,24,0,0,0
2022-04-10 21:45,35,10,25,0,0,0
2022-04-10 22:00,41,13,28,0,0,0
2022-04-10 22:15,28,11,17,0,0,0
2022-04-10 22:30,57,18,39,0,0,0
2022-04-10 22:45,39,11,28,0,0,0
2022-04-10 23:00,20,8,12,0,0,0
2022-04-10 23:15,26,9,17,0,0,0
2022-04-10 23:30,17,5,12,0,0,0
2022-04-10 23:45,17,6,11,0,0,0
2022-04-11 00:00,10,5,5,0,0,0
2022-04-11 00:15,12,4,8,0,0,0
2022-04-11 00:30,9,7,2,0,0,0
2022-04-11 00:45,7,6,1,0,0,0
2022-04-11 01:00,14,7,7,0,0,0
2022-04-11 01:15,3,0,3,0,0,0
2022-04-11 01:30,3,2,1,0,0,0
2022-04-11 01:45,3,1,2,0,0,0
2022-04-11 02:00,6,4,2,0,0,0
2022-04-11 02:15,5,1,4,0,0,0
2022-04-11 02:30,2,0,2,0,0,0
2022-04-11 02:45,0,0,0,0,0,0
2022-04-11 03:00,0,0,0,0,0,0
2022-04-11 03:15,4,1,3,0,0,0
2022-04-11 03:30,2,1,1,0,0,0
2022-04-11 03:45,5,3,2,0,0,0
2022-04-11 04:00,3,2,1,0,0,0
2022-04-11 04:15,0,0,0,0,0,0
2022-04-11 04:30,3,2,1,0,0,0
2022-04-11 04:45,5,4,1,0,0,0
2022-04-11 05:00,3,2,1,0,0,0
2022-04-11 05:15,14,9,5,0,0,0
2022-04-11 05:30,12,7,5,0,0,0
2022-04-11 05:45,16,14,2,0,0,0
2022-04-11 06:00,28,19,9,0,0,0
2022-04-11 06:15,37,23,14,0,0,0
2022-04-11 06:30,55,34,21,0,0,0
2022-04-11 06:45,74,59,15,0,0,0
2022-04-11 07:00,63,38,25,0,0,0
2022-04-11 07:15,106,64,42,0,0,0
2022-04-11 07:30,159,101,58,0,0,0
2022-04-11 07:45,246,141,105,0,0,0
2022-04-11 08:00,218,124,94,0,0,0
2022-04-11 08:15,190,117,73,0,0,0
2022-04-11 08:30,172,116,56,0,0,0
2022-04-11 08:45,189,116,73,0,0,0
2022-04-11 09:00,137,80,57,0,0,0
2022-04-11 09:15,130,87,43,0,0,0
2022-04-11 09:30,142,83,59,0,0,0
2022-04-11 09:45,354,204,150,0,0,0
2022-04-11 10:00,303,170,133,0,0,0
2022-04-11 10:15,134,74,60,0,0,0
2022-04-11 10:30,131,78,53,0,0,0
2022-04-11 10:45,84,46,38,0,0,0
2022-04-11 11:00,99,63,36,0,0,0
2022-04-11 11:15,121,66,55,0,0,0
2022-04-11 11:30,141,65,76,0,0,0
2022-04-11 11:45,364,178,186,0,0,0
2022-04-11 12:00,260,150,110,0,0,0
2022-04-11 12:15,186,99,87,0,0,0
2022-04-11 12:30,151,72,79,0,0,0
2022-04-11 12:45,199,93,106,0,0,0
2022-04-11 13:00,187,116,71,0,0,0
2022-04-11 13:15,146,71,75,0,0,0
2022-04-11 13:30,192,93,99,0,0,0
2022-04-11 13:45,396,189,207,0,0,0
2022-04-11 14:00,316,152,164,0,0,0
2022-04-11 14:15,166,84,82,0,0,0
2022-04-11 14:30,175,96,79,0,0,0
2022-04-11 14:45,188,83,105,0,0,0
2022-04-11 15:00,188,84,104,0,0,0
2022-04-11 15:15,179,86,93,0,0,0
2022-04-11 15:30,234,109,125,0,0,0
2022-04-11 15:45,405,217,188,0,0,0
2022-04-11 16:00,385,234,151,0,0,0
2022-04-11 16:15,235,102,133,0,0,0
2022-04-11 16:30,220,109,111,0,0,0
2022-04-11 16:45,231,134,97,0,0,0
2022-04-11 17:00,226,117,109,0,0,0
2022-04-11 17:15,253,119,134,0,0,0
2022-04-11 17:30,313,170,143,0,0,0
2022-04-11 17:45,384,185,199,0,0,0
2022-04-11 18:00,376,177,199,0,0,0
2022-04-11 18:15,263,137,126,0,0,0
2022-04-11 18:30,221,108,113,0,0,0
2022-04-11 18:45,253,123,130,0,0,0
2022-04-11 19:00,184,74,110,0,0,0
2022-04-11 19:15,194,86,108,0,0,0
2022-04-11 19:30,167,65,102,0,0,0
2022-04-11 19:45,223,88,135,0,0,0
2022-04-11 20:00,155,62,93,0,0,0
2022-04-11 20:15,133,65,68,0,0,0
2022-04-11 20:30,88,35,53,0,0,0
2022-04-11 20:45,93,34,59,0,0,0
2022-04-11 21:00,78,33,45,0,0,0
2022-04-11 21:15,64,24,40,0,0,0
2022-04-11 21:30,74,24,50,0,0,0
2022-04-11 21:45,64,12,52,0,0,0
2022-04-11 22:00,75,11,64,0,0,0
2022-04-11 22:15,73,17,56,0,0,0
2022-04-11 22:30,75,17,58,0,0,0
2022-04-11 22:45,72,11,61,0,0,0
2022-04-11 23:00,57,12,45,0,0,0
2022-04-11 23:15,32,5,27,0,0,0
2022-04-11 23:30,53,3,50,0,0,0
2022-04-11 23:45,39,7,32,0,0,0
2022-04-12 00:00,18,6,12,0,0,0
2022-04-12 00:15,14,6,8,0,0,0
2022-04-12 00:30,19,7,12,0,0,0
2022-04-12 00:45,12,4,8,0,0,0
2022-04-12 01:00,14,1,13,0,0,0
2022-04-12 01:15,19,1,18,0,0,0
2022-04-12 01:30,4,0,4,0,0,0
2022-04-12 01:45,6,1,5,0,0,0
2022-04-12 02:00,14,7,7,0,0,0
2022-04-12 02:15,2,0,2,0,0,0
2022-04-12 02:30,4,0,4,0,0,0
2022-04-12 02:45,2,0,2,0,0,0
2022-04-12 03:00,4,0,4,0,0,0
2022-04-12 03:15,0,0,0,0,0,0
2022-04-12 03:30,2,1,1,0,0,0
2022-04-12 03:45,6,0,6,0,0,0
2022-04-12 04:00,1,1,0,0,0,0
2022-04-12 04:15,4,2,2,0,0,0
2022-04-12 04:30,5,3,2,0,0,0
2022-04-12 04:45,6,3,3,0,0,0
2022-04-12 05:00,8,4,4,0,0,0
2022-04-12 05:15,9,6,3,0,0,0
2022-04-12 05:30,21,14,7,0,0,0
2022-04-12 05:45,21,17,4,0,0,0
2022-04-12 06:00,33,23,10,0,0,0
2022-04-12 06:15,40,25,15,0,0,0
2022-04-12 06:30,64,42,22,0,0,0
2022-04-12 06:45,83,60,23,0,0,0
2022-04-12 07:00,91,54,37,0,0,0
2022-04-12 07:15,103,63,40,0,0,0
2022-04-12 07:30,193,115,78,0,0,0
2022-04-12 07:45,359,201,158,0,0,0
2022-04-12 08:00,330,197,133,0,0,0
2022-04-12 08:15,196,137,59,0,0,0
2022-04-12 08:30,182,109,73,0,0,0
2022-04-12 08:45,204,114,90,0,0,0
2022-04-12 09:00,169,110,59,0,0,0
2022-04-12 09:15,142,86,56,0,0,0
2022-04-12 09:30,157,75,82,0,0,0
2022-04-12 09:45,376,183,193,0,0,0
2022-04-12 10:00,403,243,160,0,0,0
2022-04-12 10:15,120,55,65,0,0,0
2022-04-12 10:30,110,56,54,0,0,0
2022-04-12 10:45,130,68,62,0,0,0
2022-04-12 11:00,128,70,58,0,0,0
2022-04-12 11:15,143,72,71,0,0,0
2022-04-12 11:30,176,83,93,0,0,0
2022-04-12 11:45,353,214,139,0,0,0
2022-04-12 12:00,348,196,152,0,0,0
2022-04-12 12:15,201,89,112,0,0,0
2022-04-12 12:30,162,74,88,0,0,0
2022-04-12 12:45,200,115,85,0,0,0
2022-04-12 13:00,170,99,71,0,0,0
2022-04-12 13:15,182,93,89,0,0,0
2022-04-12 13:30,229,122,107,0,0,0
2022-04-12 13:45,427,226,201,0,0,0
2022-04-12 14:00,342,188,154,0,0,0
2022-04-12 14:15,185,83,102,0,0,0
2022-04-12 14:30,180,105,75,0,0,0
2022-04-12 14:45,209,89,120,0,0,0
2022-04-12 15:00,165,96,69,0,0,0
2022-04-12 15:15,229,111,118,0,0,0
2022-04-12 15:30,250,117,133,0,0,0
2022-04-12 15:45,475,221,254,0,0,0
2022-04-12 16:00,388,206,182,0,0,0
2022-04-12 16:15,301,145,156,0,0,0
2022-04-12 16:30,244,112,132,0,0,0
2022-04-12 16:45,274,146,128,0,0,0
2022-04-12 17:00,260,130,130,0,0,0
2022-04-12 17:15,291,139,152,0,0,0
2022-04-12 17:30,299,162,137,0,0,0
2022-04-12 17:45,410,178,232,0,0,0
2022-04-12 18:00,315,175,140,0,0,0
2022-04-12 18:15,293,146,147,0,0,0
2022-04-12 18:30,244,124,120,0,0,0
2022-04-12 18:45,287,134,153,0,0,0
2022-04-12 19:00,212,104,108,0,0,0
2022-04-12 19:15,209,99,110,0,0,0
2022-04-12 19:30,209,91,118,0,0,0
2022-04-12 19:45,245,77,168,0,0,0
2022-04-12 20:00,186,68,118,0,0,0
2022-04-12 20:15,160,55,105,0,0,0
2022-04-12 20:30,159,55,104,0,0,0
2022-04-12 20:45,157,64,93,0,0,0
2022-04-12 21:00,125,54,71,0,0,0
2022-04-12 21:15,127,43,84,0,0,0
2022-04-12 21:30,85,25,60,0,0,0
2022-04-12 21:45,122,37,85,0,0,0
2022-04-12 22:00,84,30,54,0,0,0
2022-04-12 22:15,64,15,49,0,0,0
2022-04-12 22:30,102,34,68,0,0,0
2022-04-12 22:45,77,9,68,0,0,0
2022-04-12 23:00,87,19,68,0,0,0
2022-04-12 23:15,82,26,56,0,0,0
2022-04-12 23:30,50,19,31,0,0,0
2022-04-12 23:45,51,8,43,0,0,0
2022-04-13 00:00,34,8,26,0,0,0
2022-04-13 00:15,32,15,17,0,0,0
2022-04-13 00:30,42,14,28,0,0,0
2022-04-13 00:45,20,4,16,0,0,0
2022-04-13 01:00,23,8,15,0,0,0
2022-04-13 01:15,31,4,27,0,0,0
2022-04-13 01:30,18,2,16,0,0,0
2022-04-13 01:45,9,2,7,0,0,0
2022-04-13 02:00,5,1,4,0,0,0
2022-04-13 02:15,13,0,13,0,0,0
2022-04-13 02:30,4,0,4,0,0,0
2022-04-13 02:45,5,2,3,0,0,0
2022-04-13 03:00,6,2,4,0,0,0
2022-04-13 03:15,5,1,4,0,0,0
2022-04-13 03:30,3,0,3,0,0,0
2022-04-13 03:45,3,2,1,0,0,0
2022-04-13 04:00,1,0,1,0,0,0
2022-04-13 04:15,5,2,3,0,0,0
2022-04-13 04:30,4,1,3,0,0,0
2022-04-13 04:45,6,2,4,0,0,0
2022-04-13 05:00,6,4,2,0,0,0
2022-04-13 05:15,20,16,4,0,0,0
2022-04-13 05:30,21,13,8,0,0,0
2022-04-13 05:45,16,13,3,0,0,0
2022-04-13 06:00,32,18,14,0,0,0
2022-04-13 06:15,38,22,16,0,0,0
2022-04-13 06:30,52,33,19,0,0,0
2022-04-13 06:45,91,62,29,0,0,0
2022-04-13 07:00,89,54,35,0,0,0
2022-04-13 07:15,153,107,46,0,0,0
2022-04-13 07:30,167,111,56,0,0,0
2022-04-13 07:45,278,147,131,0,0,0
2022-04-13 08:00,278,149,129,0,0,0
2022-04-13 08:15,192,125,67,0,0,0
2022-04-13 08:30,173,95,78,0,0,0
2022-04-13 08:45,215,131,84,0,0,0
2022-04-13 09:00,180,99,81,0,0,0
2022-04-13 09:15,146,77,69,0,0,0
2022-04-13 09:30,178,106,72,0,0,0
2022-04-13 09:45,345,180,165,0,0,0
2022-04-13 10:00,380,229,151,0,0,0
2022-04-13 10:15,147,79,68,0,0,0
2022-04-13 10:30,124,64,60,0,0,0
2022-04-13 10:45,146,89,57,0,0,0
2022-04-13 11:00,141,84,57,0,0,0
2022-04-13 11:15,173,90,83,0,0,0
2022-04-13 11:30,205,109,96,0,0,0
2022-04-13 11:45,410,207,203,0,0,0
2022-04-13 12:00,306,153,153,0,0,0
2022-04-13 12:15,208,109,99,0,0,0
2022-04-13 12:30,195,104,91,0,0,0
2022-04-13 12:45,244,142,102,0,0,0
2022-04-13 13:00,205,107,98,0,0,0
2022-04-13 13:15,215,105,110,0,0,0
2022-04-13 13:30,235,126,109,0,0,0
2022-04-13 13:45,336,169,167,0,0,0
2022-04-13 14:00,314,185,129,0,0,0
2022-04-13 14:15,199,90,109,0,0,0
2022-04-13 14:30,217,96,121,0,0,0
2022-04-13 14:45,200,87,113,0,0,0
2022-04-13 15:00,234,90,144,0,0,0
2022-04-13 15:15,197,103,94,0,0,0
2022-04-13 15:30,229,94,135,0,0,0
2022-04-13 15:45,385,199,186,0,0,0
2022-04-13 16:00,378,182,196,0,0,0
2022-04-13 16:15,266,145,121,0,0,0
2022-04-13 16:30,218,105,113,0,0,0
2022-04-13 16:45,249,120,129,0,0,0
2022-04-13 17:00,236,119,117,0,0,0
2022-04-13 17:15,318,139,179,0,0,0
2022-04-13 17:30,295,149,146,0,0,0
2022-04-13 17:45,388,173,215,0,0,0
2022-04-13 18:00,342,162,180,0,0,0
2022-04-13 18:15,252,129,123,0,0,0
2022-04-13 18:30,208,119,89,0,0,0
2022-04-13 18:45,234,125,109,0,0,0
2022-04-13 19:00,232,127,105,0,0,0
2022-04-13 19:15,208,112,96,0,0,0
2022-04-13 19:30,156,82,74,0,0,0
2022-04-13 19:45,186,103,83,0,0,0
2022-04-13 20:00,169,84,85,0,0,0
2022-04-13 20:15,170,89,81,0,0,0
2022-04-13 20:30,137,56,81,0,0,0
2022-04-13 20:45,111,45,66,0,0,0
2022-04-13 21:00,102,47,55,0,0,0
2022-04-13 21:15,85,41,44,0,0,0
2022-04-13 21:30,96,41,55,0,0,0
2022-04-13 21:45,147,41,106,0,0,0
2022-04-13 22:00,73,23,50,0,0,0
2022-04-13 22:15,98,34,64,0,0,0
2022-04-13 22:30,80,26,54,0,0,0
2022-04-13 22:45,76,27,49,0,0,0
2022-04-13 23:00,74,25,49,0,0,0
2022-04-13 23:15,96,30,66,0,0,0
2022-04-13 23:30,71,19,52,0,0,0
2022-04-13 23:45,68,24,44,0,0,0
2022-04-14 00:00,53,21,32,0,0,0
2022-04-14 00:15,40,15,25,0,0,0
2022-04-14 00:30,44,23,21,0,0,0
2022-04-14 00:45,28,8,20,0,0,0
2022-04-14 01:00,32,6,26,0,0,0
2022-04-14 01:15,31,6,25,0,0,0
2022-04-14 01:30,21,6,15,0,0,0
2022-04-14 01:45,21,3,18,0,0,0
2022-04-14 02:00,56,7,49,0,0,0
2022-04-14 02:15,23,5,18,0,0,0
2022-04-14 02:30,13,4,9,0,0,0
2022-04-14 02:45,31,8,23,0,0,0
2022-04-14 03:00,29,5,24,0,0,0
2022-04-14 03:15,34,6,28,0,0,0
2022-04-14 03:30,16,1,15,0,0,0
2022-04-14 03:45,13,3,10,0,0,0
2022-04-14 04:00,17,4,13,0,0,0
2022-04-14 04:15,13,1,12,0,0,0
2022-04-14 04:30,13,1,12,0,0,0
2022-04-14 04:45,8,2,6,0,0,0
2022-04-14 05:00,21,8,13,0,0,0
2022-04-14 05:15,21,10,11,0,0,0
2022-04-14 05:30,25,11,14,0,0,0
2022-04-14 05:45,21,11,10,0,0,0
2022-04-14 06:00,32,22,10,0,0,0
2022-04-14 06:15,30,16,14,0,0,0
2022-04-14 06:30,49,26,23,0,0,0
2022-04-14 06:45,55,39,16,0,0,0
2022-04-14 07:00,64,36,28,0,0,0
2022-04-14 07:15,78,51,27,0,0,0
2022-04-14 07:30,121,72,49,0,0,0
2022-04-14 07:45,205,112,93,0,0,0
2022-04-14 08:00,237,140,97,0,0,0
2022-04-14 08:15,163,90,73,0,0,0
2022-04-14 08:30,140,74,66,0,0,0
2022-04-14 08:45,161,90,71,0,0,0
2022-04-14 09:00,112,60,52,0,0,0
2022-04-14 09:15,129,78,51,0,0,0
2022-04-14 09:30,121,76,45,0,0,0
2022-04-14 09:45,302,175,127,0,0,0
2022-04-14 10:00,280,195,85,0,0,0
2022-04-14 10:15,125,76,49,0,0,0
2022-04-14 10:30,90,50,40,0,0,0
2022-04-14 10:45,94,55,39,0,0,0
2022-04-14 11:00,130,63,67,0,0,0
2022-04-14 11:15,138,63,75,0,0,0
2022-04-14 11:30,160,73,87,0,0,0
2022-04-14 11:45,328,149,179,0,0,0
2022-04-14 12:00,279,152,127,0,0,0
2022-04-14 12:15,162,91,71,0,0,0
2022-04-14 12:30,163,94,69,0,0,0
2022-04-14 12:45,194,106,88,0,0,0
2022-04-14 13:00,166,73,93,0,0,0
2022-04-14 13:15,167,70,97,0,0,0
2022-04-14 13:30,191,82,109,0,0,0
2022-04-14 13:45,348,166,182,0,0,0
2022-04-14 14:00,269,148,121,0,0,0
2022-04-14 14:15,184,101,83,0,0,0
2022-04-14 14:30,160,85,75,0,0,0
2022-04-14 14:45,187,98,89,0,0,0
2022-04-14 15:00,172,73,99,0,0,0
2022-04-14 15:15,197,102,95,0,0,0
2022-04-14 15:30,196,91,105,0,0,0
2022-04-14 15:45,321,169,152,0,0,0
2022-04-14 16:00,273,147,126,0,0,0
2022-04-14 16:15,225,112,113,0,0,0
2022-04-14 16:30,173,80,93,0,0,0
2022-04-14 16:45,204,121,83,0,0,0
2022-04-14 17:00,198,105,93,0,0,0
2022-04-14 17:15,199,103,96,0,0,0
2022-04-14 17:30,202,100,102,0,0,0
2022-04-14 17:45,301,149,152,0,0,0
2022-04-14 18:00,227,114,113,0,0,0
2022-04-14 18:15,190,90,100,0,0,0
2022-04-14 18:30,189,104,85,0,0,0
2022-04-14 18:45,199,102,97,0,0,0
2022-04-14 19:00,150,59,91,0,0,0
2022-04-14 19:15,153,75,78,0,0,0
2022-04-14 19:30,153,68,85,0,0,0
2022-04-14 19:45,166,72,94,0,0,0
2022-04-14 20:00,118,55,63,0,0,0
2022-04-14 20:15,101,49,52,0,0,0
2022-04-14 20:30,110,49,61,0,0,0
2022-04-14 20:45,84,47,37,0,0,0
2022-04-14 21:00,81,32,49,0,0,0
2022-04-14 21:15,73,40,33,0,0,0
2022-04-14 21:30,58,15,43,0,0,0
2022-04-14 21:45,66,22,44,0,0,0
2022-04-14 22:00,68,33,35,0,0,0
2022-04-14 22:15,74,21,53,0,0,0
2022-04-14 22:30,63,19,44,0,0,0
2022-04-14 22:45,39,11,28,0,0,0
2022-04-14 23:00,52,17,35,0,0,0
2022-04-14 23:15,48,13,35,0,0,0
2022-04-14 23:30,49,15,34,0,0,0
2022-04-14 23:45,39,13,26,0,0,0
2022-04-15 00:00,42,10,32,0,0,0
2022-04-15 00:15,43,6,37,0,0,0
2022-04-15 00:30,27,8,19,0,0,0
2022-04-15 00:45,43,11,32,0,0,0
2022-04-15 01:00,29,7,22,0,0,0
2022-04-15 01:15,31,9,22,0,0,0
2022-04-15 01:30,30,8,22,0,0,0
2022-04-15 01:45,27,10,17,0,0,0
2022-04-15 02:00,22,7,15,0,0,0
2022-04-15 02:15,28,8,20,0,0,0
2022-04-15 02:30,19,4,15,0,0,0
2022-04-15 02:45,21,7,14,0,0,0
2022-04-15 03:00,18,2,16,0,0,0
2022-04-15 03:15,11,5,6,0,0,0
2022-04-15 03:30,14,4,10,0,0,0
2022-04-15 03:45,16,4,12,0,0,0
2022-04-15 04:00,5,1,4,0,0,0
2022-04-15 04:15,4,1,3,0,0,0
2022-04-15 04:30,7,5,2,0,0,0
2022-04-15 04:45,3,1,2,0,0,0
2022-04-15 05:00,6,3,3,0,0,0
2022-04-15 05:15,10,4,6,0,0,0
2022-04-15 05:30,6,4,2,0,0,0
2022-04-15 05:45,13,7,6,0,0,0
2022-04-15 06:00,10,5,5,0,0,0
2022-04-15 06:15,7,4,3,0,0,0
2022-04-15 06:30,11,5,6,0,0,0
2022-04-15 06:45,10,9,1,0,0,0
2022-04-15 07:00,8,7,1,0,0,0
2022-04-15 07:15,7,5,2,0,0,0
2022-04-15 07:30,13,8,5,0,0,0
2022-04-15 07:45,15,5,10,0,0,0
2022-04-15 08:00,15,14,1,0,0,0
2022-04-15 08:15,19,15,4,0,0,0
2022-04-15 08:30,17,10,7,0,0,0
2022-04-15 08:45,19,12,7,0,0,0
2022-04-15 09:00,21,16,5,0,0,0
2022-04-15 09:15,32,23,9,0,0,0
2022-04-15 09:30,23,19,4,0,0,0
2022-04-15 09:45,52,32,20,0,0,0
2022-04-15 10:00,40,23,17,0,0,0
2022-04-15 10:15,35,19,16,0,0,0
2022-04-15 10:30,39,20,19,0,0,0
2022-04-15 10:45,50,32,18,0,0,0
2022-04-15 11:00,52,27,25,0,0,0
2022-04-15 11:15,47,32,15,0,0,0
2022-04-15 11:30,54,28,26,0,0,0
2022-04-15 11:45,47,31,16,0,0,0
2022-04-15 12:00,51,28,23,0,0,0
2022-04-15 12:15,56,33,23,0,0,0
2022-04-15 12:30,51,32,19,0,0,0
2022-04-15 12:45,68,35,33,0,0,0
2022-04-15 13:00,77,29,48,0,0,0
2022-04-15 13:15,57,28,29,0,0,0
2022-04-15 13:30,64,28,36,0,0,0
2022-04-15 13:45,67,44,23,0,0,0
2022-04-15 14:00,70,41,29,0,0,0
2022-04-15 14:15,87,33,54,0,0,0
2022-04-15 14:30,93,54,39,0,0,0
2022-04-15 14:45,85,61,24,0,0,0
2022-04-15 15:00,71,44,27,0,0,0
2022-04-15 15:15,56,29,27,0,0,0
2022-04-15 15:30,73,35,38,0,0,0
2022-04-15 15:45,67,37,30,0,0,0
2022-04-15 16:00,77,33,44,0,0,0
2022-04-15 16:15,74,34,40,0,0,0
2022-04-15 16:30,76,28,48,0,0,0
2022-04-15 16:45,84,34,50,0,0,0
2022-04-15 17:00,74,27,47,0,0,0
2022-04-15 17:15,76,29,47,0,0,0
2022-04-15 17:30,73,31,42,0,0,0
2022-04-15 17:45,67,37,30,0,0,0
2022-04-15 18:00,55,23,32,0,0,0
2022-04-15 18:15,63,30,33,0,0,0
2022-04-15 18:30,54,30,24,0,0,0
2022-04-15 18:45,61,35,26,0,0,0
2022-04-15 19:00,48,18,30,0,0,0
2022-04-15 19:15,61,34,27,0,0,0
2022-04-15 19:30,42,16,26,0,0,0
2022-04-15 19:45,56,24,32,0,0,0
2022-04-15 20:00,66,38,28,0,0,0
2022-04-15 20:15,59,28,31,0,0,0
2022-04-15 20:30,56,19,37,0,0,0
2022-04-15 20:45,42,25,17,0,0,0
2022-04-15 21:00,42,17,25,0,0,0
2022-04-15 21:15,43,17,26,0,0,0
2022-04-15 21:30,35,15,20,0,0,0
2022-04-15 21:45,34,13,21,0,0,0
2022-04-15 22:00,37,13,24,0,0,0
2022-04-15 22:15,45,20,25,0,0,0
2022-04-15 22:30,31,10,21,0,0,0
2022-04-15 22:45,26,8,18,0,0,0
2022-04-15 23:00,24,9,15,0,0,0
2022-04-15 23:15,32,11,21,0,0,0
2022-04-15 23:30,12,4,8,0,0,0
2022-04-15 23:45,25,12,13,0,0,0
2022-04-16 00:00,18,8,10,0,0,0
2022-04-16 00:15,17,5,12,0,0,0
2022-04-16 00:30,18,4,14,0,0,0
2022-04-16 00:45,25,4,21,0,0,0
2022-04-16 01:00,23,9,14,0,0,0
2022-04-16 01:15,31,16,15,0,0,0
2022-04-16 01:30,16,5,11,0,0,0
2022-04-16 01:45,17,7,10,0,0,0
2022-04-16 02:00,11,5,6,0,0,0
2022-04-16 02:15,13,1,12,0,0,0
2022-04-16 02:30,6,2,4,0,0,0
2022-04-16 02:45,13,3,10,0,0,0
2022-04-16 03:00,6,1,5,0,0,0
2022-04-16 03:15,12,1,11,0,0,0
2022-04-16 03:30,2,0,2,0,0,0
2022-04-16 03:45,6,2,4,0,0,0
2022-04-16 04:00,7,5,2,0,0,0
2022-04-16 04:15,7,3,4,0,0,0
2022-04-16 04:30,7,2,5,0,0,0
2022-04-16 04:45,1,0,1,0,0,0
2022-04-16 05:00,8,5,3,0,0,0
2022-04-16 05:15,4,3,1,0,0,0
2022-04-16 05:30,9,5,4,0,0,0
2022-04-16 05:45,10,4,6,0,0,0
2022-04-16 06:00,9,2,7,0,0,0
2022-04-16 06:15,8,6,2,0,0,0
2022-04-16 06:30,17,8,9,0,0,0
2022-04-16 06:45,7,5,2,0,0,0
2022-04-16 07:00,9,6,3,0,0,0
2022-04-16 07:15,15,10,5,0,0,0
2022-04-16 07:30,27,20,7,0,0,0
2022-04-16 07:45,29,21,8,0,0,0
2022-04-16 08:00,24,17,7,0,0,0
2022-04-16 08:15,21,10,11,0,0,0
2022-04-16 08:30,37,29,8,0,0,0
2022-04-16 08:45,51,41,10,0,0,0
2022-04-16 09:00,38,28,10,0,0,0
2022-04-16 09:15,54,38,16,0,0,0
2022-04-16 09:30,56,41,15,0,0,0
2022-04-16 09:45,109,85,24,0,0,0
2022-04-16 10:00,94,70,24,0,0,0
2022-04-16 10:15,73,47,26,0,0,0
2022-04-16 10:30,99,63,36,0,0,0
2022-04-16 10:45,97,61,36,0,0,0
2022-04-16 11:00,109,75,34,0,0,0
2022-04-16 11:15,108,62,46,0,0,0
2022-04-16 11:30,111,72,39,0,0,0
2022-04-16 11:45,106,71,35,0,0,0
2022-04-16 12:00,115,59,56,0,0,0
2022-04-16 12:15,108,65,43,0,0,0
2022-04-16 12:30,110,73,37,0,0,0
2022-04-16 12:45,125,52,73,0,0,0
2022-04-16 13:00,99,53,46,0,0,0
2022-04-16 13:15,117,49,68,0,0,0
2022-04-16 13:30,107,47,60,0,0,0
2022-04-16 13:45,107,55,52,0,0,0
2022-04-16 14:00,128,65,63,0,0,0
2022-04-16 14:15,150,70,80,0,0,0
2022-04-16 14:30,106,48,58,0,0,0
2022-04-16 14:45,111,54,57,0,0,0
2022-04-16 15:00,104,49,55,0,0,0
2022-04-16 15:15,136,68,68,0,0,0
2022-04-16 15:30,118,40,78,0,0,0
2022-04-16 15:45,105,50,55,0,0,0
2022-04-16 16:00,107,45,62,0,0,0
2022-04-16 16:15,108,37,71,0,0,0
2022-04-16 16:30,99,47,52,0,0,0
2022-04-16 16:45,94,33,61,0,0,0
2022-04-16 17:00,84,46,38,0,0,0
2022-04-16 17:15,88,34,54,0,0,0
2022-04-16 17:30,106,53,53,0,0,0
2022-04-16 17:45,111,54,57,0,0,0
2022-04-16 18:00,111,42,69,0,0,0
2022-04-16 18:15,73,30,43,0,0,0
2022-04-16 18:30,110,54,56,0,0,0
2022-04-16 18:45,77,38,39,0,0,0
2022-04-16 19:00,82,37,45,0,0,0
2022-04-16 19:15,81,41,40,0,0,0
2022-04-16 19:30,70,31,39,0,0,0
2022-04-16 19:45,59,35,24,0,0,0
2022-04-16 20:00,81,34,47,0,0,0
2022-04-16 20:15,82,31,51,0,0,0
2022-04-16 20:30,43,15,28,0,0,0
2022-04-16 20:45,52,28,24,0,0,0
2022-04-16 21:00,35,16,19,0,0,0
2022-04-16 21:15,40,20,20,0,0,0
2022-04-16 21:30,53,18,35,0,0,0
2022-04-16 21:45,43,21,22,0,0,0
2022-04-16 22:00,41,11,30,0,0,0
2022-04-16 22:15,32,6,26,0,0,0
2022-04-16 22:30,39,17,22,0,0,0
2022-04-16 22:45,29,15,14,0,0,0
2022-04-16 23:00,26,8,18,0,0,0
2022-04-16 23:15,26,11,15,0,0,0
2022-04-16 23:30,37,14,23,0,0,0
2022-04-16 23:45,35,15,20,0,0,0
2022-04-17 00:00,23,8,15,0,0,0
2022-04-17 00:15,27,7,20,0,0,0
2022-04-17 00:30,16,2,14,0,0,0
2022-04-17 00:45,24,11,13,0,0,0
2022-04-17 01:00,27,10,17,0,0,0
2022-04-17 01:15,28,4,24,0,0,0
2022-04-17 01:30,23,8,15,0,0,0
2022-04-17 01:45,14,4,10,0,0,0
2022-04-17 02:00,13,3,10,0,0,0
2022-04-17 02:15,12,5,7,0,0,0
2022-04-17 02:30,11,2,9,0,0,0
2022-04-17 02:45,12,3,9,0,0,0
2022-04-17 03:00,11,0,11,0,0,0
2022-04-17 03:15,10,2,8,0,0,0
2022-04-17 03:30,11,4,7,0,0,0
2022-04-17 03:45,8,3,5,0,0,0
2022-04-17 04:00,11,2,9,0,0,0
2022-04-17 04:15,5,0,5,0,0,0
2022-04-17 04:30,7,2,5,0,0,0
2022-04-17 04:45,11,2,9,0,0,0
2022-04-17 05:00,6,1,5,0,0,0
2022-04-17 05:15,6,0,6,0,0,0
2022-04-17 05:30,9,2,7,0,0,0
2022-04-17 05:45,8,3,5,0,0,0
2022-04-17 06:00,3,2,1,0,0,0
2022-04-17 06:15,8,3,5,0,0,0
2022-04-17 06:30,10,4,6,0,0,0
2022-04-17 06:45,11,3,8,0,0,0
2022-04-17 07:00,4,0,4,0,0,0
2022-04-17 07:15,10,4,6,0,0,0
2022-04-17 07:30,10,5,5,0,0,0
2022-04-17 07:45,9,9,0,0,0,0
2022-04-17 08:00,9,4,5,0,0,0
2022-04-17 08:15,28,14,14,0,0,0
2022-04-17 08:30,13,11,2,0,0,0
2022-04-17 08:45,20,16,4,0,0,0
2022-04-17 09:00,28,18,10,0,0,0
2022-04-17 09:15,29,16,13,0,0,0
2022-04-17 09:30,24,18,6,0,0,0
2022-04-17 09:45,57,40,17,0,0,0
2022-04-17 10:00,29,15,14,0,0,0
2022-04-17 10:15,24,17,7,0,0,0
2022-04-17 10:30,44,16,28,0,0,0
2022-04-17 10:45,45,19,26,0,0,0
2022-04-17 11:00,54,26,28,0,0,0
2022-04-17 11:15,29,17,12,0,0,0
2022-04-17 11:30,38,19,19,0,0,0
2022-04-17 11:45,74,40,34,0,0,0
2022-04-17 12:00,54,24,30,0,0,0
2022-04-17 12:15,57,32,25,0,0,0
2022-04-17 12:30,53,27,26,0,0,0
2022-04-17 12:45,46,20,26,0,0,0
2022-04-17 13:00,77,40,37,0,0,0
2022-04-17 13:15,57,32,25,0,0,0
2022-04-17 13:30,71,37,34,0,0,0
2022-04-17 13:45,73,43,30,0,0,0
2022-04-17 14:00,60,27,33,0,0,0
2022-04-17 14:15,74,31,43,0,0,0
2022-04-17 14:30,68,30,38,0,0,0
2022-04-17 14:45,91,61,30,0,0,0
2022-04-17 15:00,73,27,46,0,0,0
2022-04-17 15:15,79,35,44,0,0,0
2022-04-17 15:30,71,46,25,0,0,0
2022-04-17 15:45,82,41,41,0,0,0
2022-04-17 16:00,73,47,26,0,0,0
2022-04-17 16:15,70,30,40,0,0,0
2022-04-17 16:30,80,30,50,0,0,0
2022-04-17 16:45,63,34,29,0,0,0
2022-04-17 17:00,80,40,40,0,0,0
2022-04-17 17:15,81,37,44,0,0,0
2022-04-17 17:30,62,41,21,0,0,0
2022-04-17 17:45,67,33,34,0,0,0
2022-04-17 18:00,61,27,34,0,0,0
2022-04-17 18:15,63,24,39,0,0,0
2022-04-17 18:30,63,34,29,0,0,0
2022-04-17 18:45,73,26,47,0,0,0
2022-04-17 19:00,66,24,42,0,0,0
2022-04-17 19:15,64,34,30,0,0,0
2022-04-17 19:30,38,19,19,0,0,0
2022-04-17 19:45,57,27,30,0,0,0
2022-04-17 20:00,77,30,47,0,0,0
2022-04-17 20:15,41,20,21,0,0,0
2022-04-17 20:30,56,23,33,0,0,0
2022-04-17 20:45,49,23,26,0,0,0
2022-04-17 21:00,53,24,29,0,0,0
2022-04-17 21:15,40,13,27,0,0,0
2022-04-17 21:30,32,18,14,0,0,0
2022-04-17 21:45,23,9,14,0,0,0
2022-04-17 22:00,33,12,21,0,0,0
2022-04-17 22:15,47,22,25,0,0,0
2022-04-17 22:30,23,11,12,0,0,0
2022-04-17 22:45,35,14,21,0,0,0
2022-04-17 23:00,27,6,21,0,0,0
2022-04-17 23:15,22,10,12,0,0,0
2022-04-17 23:30,28,3,25,0,0,0
2022-04-17 23:45,25,11,14,0,0,0
2022-04-18 00:00,21,8,13,0,0,0
2022-04-18 00:15,23,9,14,0,0,0
2022-04-18 00:30,15,4,11,0,0,0
2022-04-18 00:45,15,5,10,0,0,0
2022-04-18 01:00,16,8,8,0,0,0
2022-04-18 01:15,7,0,7,0,0,0
2022-04-18 01:30,4,3,1,0,0,0
2022-04-18 01:45,10,1,9,0,0,0
2022-04-18 02:00,9,0,9,0,0,0
2022-04-18 02:15,8,1,7,0,0,0
2022-04-18 02:30,5,1,4,0,0,0
2022-04-18 02:45,7,1,6,0,0,0
2022-04-18 03:00,4,1,3,0,0,0
2022-04-18 03:15,2,2,0,0,0,0
2022-04-18 03:30,9,0,9,0,0,0
2022-04-18 03:45,7,1,6,0,0,0
2022-04-18 04:00,9,0,9,0,0,0
2022-04-18 04:15,7,3,4,0,0,0
2022-04-18 04:30,2,0,2,0,0,0
2022-04-18 04:45,2,0,2,0,0,0
2022-04-18 05:00,3,1,2,0,0,0
2022-04-18 05:15,11,3,8,0,0,0
2022-04-18 05:30,8,4,4,0,0,0
2022-04-18 05:45,1,0,1,0,0,0
2022-04-18 06:00,7,1,6,0,0,0
2022-04-18 06:15,3,2,1,0,0,0
2022-04-18 06:30,10,4,6,0,0,0
2022-04-18 06:45,2,0,2,0,0,0
2022-04-18 07:00,1,1,0,0,0,0
2022-04-18 07:15,6,4,2,0,0,0
2022-04-18 07:30,8,5,3,0,0,0
2022-04-18 07:45,10,7,3,0,0,0
2022-04-18 08:00,7,3,4,0,0,0
2022-04-18 08:15,9,7,2,0,0,0
2022-04-18 08:30,8,4,4,0,0,0
2022-04-18 08:45,14,10,4,0,0,0
2022-04-18 09:00,16,9,7,0,0,0
2022-04-18 09:15,12,7,5,0,0,0
2022-04-18 09:30,27,18,9,0,0,0
2022-04-18 09:45,46,30,16,0,0,0
2022-04-18 10:00,41,18,23,0,0,0
2022-04-18 10:15,41,21,20,0,0,0
2022-04-18 10:30,42,17,25,0,0,0
2022-04-18 10:45,34,22,12,0,0,0
2022-04-18 11:00,60,41,19,0,0,0
2022-04-18 11:15,46,24,22,0,0,0
2022-04-18 11:30,77,39,38,0,0,0
2022-04-18 11:45,65,42,23,0,0,0
2022-04-18 12:00,74,33,41,0,0,0
2022-04-18 12:15,83,49,34,0,0,0
2022-04-18 12:30,87,43,44,0,0,0
2022-04-18 12:45,87,42,45,0,0,0
2022-04-18 13:00,80,42,38,0,0,0
2022-04-18 13:15,76,44,32,0,0,0
2022-04-18 13:30,88,55,33,0,0,0
2022-04-18 13:45,90,47,43,0,0,0
2022-04-18 14:00,129,60,69,0,0,0
2022-04-18 14:15,76,42,34,0,0,0
2022-04-18 14:30,113,66,47,0,0,0
2022-04-18 14:45,109,62,47,0,0,0
2022-04-18 15:00,95,62,33,0,0,0
2022-04-18 15:15,97,55,42,0,0,0
2022-04-18 15:30,103,53,50,0,0,0
2022-04-18 15:45,140,71,69,0,0,0
2022-04-18 16:00,92,47,45,0,0,0
2022-04-18 16:15,74,46,28,0,0,0
2022-04-18 16:30,96,45,51,0,0,0
2022-04-18 16:45,104,49,55,0,0,0
2022-04-18 17:00,134,71,63,0,0,0
2022-04-18 17:15,117,67,50,0,0,0
2022-04-18 17:30,99,50,49,0,0,0
2022-04-18 17:45,102,58,44,0,0,0
2022-04-18 18:00,97,51,46,0,0,0
2022-04-18 18:15,97,53,44,0,0,0
2022-04-18 18:30,94,42,52,0,0,0
2022-04-18 18:45,119,53,66,0,0,0
2022-04-18 19:00,106,63,43,0,0,0
2022-04-18 19:15,99,44,55,0,0,0
2022-04-18 19:30,105,47,58,0,0,0
2022-04-18 19:45,112,62,50,0,0,0
2022-04-18 20:00,84,48,36,0,0,0
2022-04-18 20:15,95,46,49,0,0,0
2022-04-18 20:30,67,20,47,0,0,0
2022-04-18 20:45,49,16,33,0,0,0
2022-04-18 21:00,70,22,48,0,0,0
2022-04-18 21:15,57,19,38,0,0,0
2022-04-18 21:30,48,15,33,0,0,0
2022-04-18 21:45,41,20,21,0,0,0
2022-04-18 22:00,33,10,23,0,0,0
2022-04-18 22:15,35,5,30,0,0,0
2022-04-18 22:30,50,10,40,0,0,0
2022-04-18 22:45,45,17,28,0,0,0
2022-04-18 23:00,32,13,19,0,0,0
2022-04-18 23:15,27,7,20,0,0,0
2022-04-18 23:30,26,5,21,0,0,0
2022-04-18 23:45,20,6,14,0,0,0
2022-04-19 00:00,27,8,19,0,0,0
2022-04-19 00:15,20,3,17,0,0,0
2022-04-19 00:30,6,3,3,0,0,0
2022-04-19 00:45,11,4,7,0,0,0
2022-04-19 01:00,7,0,7,0,0,0
2022-04-19 01:15,10,4,6,0,0,0
2022-04-19 01:30,10,5,5,0,0,0
2022-04-19 01:45,6,3,3,0,0,0
2022-04-19 02:00,5,1,4,0,0,0
2022-04-19 02:15,3,1,2,0,0,0
2022-04-19 02:30,1,0,1,0,0,0
2022-04-19 02:45,1,0,1,0,0,0
2022-04-19 03:00,4,2,2,0,0,0
2022-04-19 03:15,2,1,1,0,0,0
2022-04-19 03:30,3,2,1,0,0,0
2022-04-19 03:45,2,0,2,0,0,0
2022-04-19 04:00,2,0,2,0,0,0
2022-04-19 04:15,0,0,0,0,0,0
2022-04-19 04:30,9,6,3,0,0,0
2022-04-19 04:45,6,5,1,0,0,0
2022-04-19 05:00,11,6,5,0,0,0
2022-04-19 05:15,13,11,2,0,0,0
2022-04-19 05:30,21,14,7,0,0,0
2022-04-19 05:45,15,12,3,0,0,0
2022-04-19 06:00,29,23,6,0,0,0
2022-04-19 06:15,33,20,13,0,0,0
2022-04-19 06:30,67,51,16,0,0,0
2022-04-19 06:45,69,45,24,0,0,0
2022-04-19 07:00,80,41,39,0,0,0
2022-04-19 07:15,100,60,40,0,0,0
2022-04-19 07:30,138,83,55,0,0,0
2022-04-19 07:45,265,131,134,0,0,0
2022-04-19 08:00,284,156,128,0,0,0
2022-04-19 08:15,195,119,76,0,0,0
2022-04-19 08:30,176,106,70,0,0,0
2022-04-19 08:45,196,115,81,0,0,0
2022-04-19 09:00,162,107,55,0,0,0
2022-04-19 09:15,101,56,45,0,0,0
2022-04-19 09:30,137,72,65,0,0,0
2022-04-19 09:45,284,125,159,0,0,0
2022-04-19 10:00,318,191,127,0,0,0
2022-04-19 10:15,112,47,65,0,0,0
2022-04-19 10:30,130,57,73,0,0,0
2022-04-19 10:45,113,53,60,0,0,0
2022-04-19 11:00,107,54,53,0,0,0
2022-04-19 11:15,124,66,58,0,0,0
2022-04-19 11:30,145,86,59,0,0,0
2022-04-19 11:45,299,147,152,0,0,0
2022-04-19 12:00,337,194,143,0,0,0
2022-04-19 12:15,174,84,90,0,0,0
2022-04-19 12:30,150,75,75,0,0,0
2022-04-19 12:45,165,87,78,0,0,0
2022-04-19 13:00,177,100,77,0,0,0
2022-04-19 13:15,169,89,80,0,0,0
2022-04-19 13:30,194,94,100,0,0,0
2022-04-19 13:45,374,179,195,0,0,0
2022-04-19 14:00,358,203,155,0,0,0
2022-04-19 14:15,168,105,63,0,0,0
2022-04-19 14:30,173,87,86,0,0,0
2022-04-19 14:45,175,83,92,0,0,0
2022-04-19 15:00,180,95,85,0,0,0
2022-04-19 15:15,188,96,92,0,0,0
2022-04-19 15:30,226,110,116,0,0,0
2022-04-19 15:45,428,201,227,0,0,0
2022-04-19 16:00,416,208,208,0,0,0
2022-04-19 16:15,258,118,140,0,0,0
2022-04-19 16:30,250,128,122,0,0,0
2022-04-19 16:45,269,128,141,0,0,0
2022-04-19 17:00,265,129,136,0,0,0
2022-04-19 17:15,249,153,96,0,0,0
2022-04-19 17:30,286,166,120,0,0,0
2022-04-19 17:45,418,234,184,0,0,0
2022-04-19 18:00,322,180,142,0,0,0
2022-04-19 18:15,270,135,135,0,0,0
2022-04-19 18:30,248,108,140,0,0,0
2022-04-19 18:45,259,118,141,0,0,0
2022-04-19 19:00,193,101,92,0,0,0
2022-04-19 19:15,164,85,79,0,0,0
2022-04-19 19:30,207,92,115,0,0,0
2022-04-19 19:45,181,73,108,0,0,0
2022-04-19 20:00,177,70,107,0,0,0
2022-04-19 20:15,128,45,83,0,0,0
2022-04-19 20:30,127,43,84,0,0,0
2022-04-19 20:45,100,33,67,0,0,0
2022-04-19 21:00,81,33,48,0,0,0
2022-04-19 21:15,107,37,70,0,0,0
2022-04-19 21:30,155,32,123,0,0,0
2022-04-19 21:45,88,23,65,0,0,0
2022-04-19 22:00,103,40,63,0,0,0
2022-04-19 22:15,91,26,65,0,0,0
2022-04-19 22:30,65,17,48,0,0,0
2022-04-19 22:45,50,19,31,0,0,0
2022-04-19 23:00,53,14,39,0,0,0
2022-04-19 23:15,57,17,40,0,0,0
2022-04-19 23:30,53,12,41,0,0,0
2022-04-19 23:45,45,10,35,0,0,0
2022-04-20 00:00,24,5,19,0,0,0
2022-04-20 00:15,24,4,20,0,0,0
2022-04-20 00:30,30,4,26,0,0,0
2022-04-20 00:45,13,5,8,0,0,0
2022-04-20 01:00,27,4,23,0,0,0
2022-04-20 01:15,13,3,10,0,0,0
2022-04-20 01:30,8,3,5,0,0,0
2022-04-20 01:45,24,3,21,0,0,0
2022-04-20 02:00,9,4,5,0,0,0
2022-04-20 02:15,17,3,14,0,0,0
2022-04-20 02:30,4,0,4,0,0,0
2022-04-20 02:45,4,2,2,0,0,0
2022-04-20 03:00,10,2,8,0,0,0
2022-04-20 03:15,2,1,1,0,0,0
2022-04-20 03:30,1,0,1,0,0,0
2022-04-20 03:45,3,0,3,0,0,0
2022-04-20 04:00,1,0,1,0,0,0
2022-04-20 04:15,7,5,2,0,0,0
2022-04-20 04:30,4,1,3,0,0,0
2022-04-20 04:45,12,9,3,0,0,0
2022-04-20 05:00,12,9,3,0,0,0
2022-04-20 05:15,13,9,4,0,0,0
2022-04-20 05:30,19,12,7,0,0,0
2022-04-20 05:45,21,15,6,0,0,0
2022-04-20 06:00,37,30,7,0,0,0
2022-04-20 06:15,37,26,11,0,0,0
2022-04-20 06:30,65,42,23,0,0,0
2022-04-20 06:45,76,53,23,0,0,0
2022-04-20 07:00,93,62,31,0,0,0
2022-04-20 07:15,183,134,49,0,0,0
2022-04-20 07:30,194,121,73,0,0,0
2022-04-20 07:45,283,150,133,0,0,0
2022-04-20 08:00,280,162,118,0,0,0
2022-04-20 08:15,239,148,91,0,0,0
2022-04-20 08:30,192,113,79,0,0,0
2022-04-20 08:45,229,146,83,0,0,0
2022-04-20 09:00,190,109,81,0,0,0
2022-04-20 09:15,159,91,68,0,0,0
2022-04-20 09:30,159,96,63,0,0,0
2022-04-20 09:45,285,147,138,0,0,0
2022-04-20 10:00,398,182,216,0,0,0
2022-04-20 10:15,146,89,57,0,0,0
2022-04-20 10:30,169,100,69,0,0,0
2022-04-20 10:45,147,90,57,0,0,0
2022-04-20 11:00,102,41,61,0,0,0
2022-04-20 11:15,143,79,64,0,0,0
2022-04-20 11:30,196,102,94,0,0,0
2022-04-20 11:45,386,218,168,0,0,0
2022-04-20 12:00,294,168,126,0,0,0
2022-04-20 12:15,182,88,94,0,0,0
2022-04-20 12:30,173,84,89,0,0,0
2022-04-20 12:45,211,127,84,0,0,0
2022-04-20 13:00,191,93,98,0,0,0
2022-04-20 13:15,198,86,112,0,0,0
2022-04-20 13:30,246,120,126,0,0,0
2022-04-20 13:45,361,166,195,0,0,0
2022-04-20 14:00,321,161,160,0,0,0
2022-04-20 14:15,190,91,99,0,0,0
2022-04-20 14:30,173,91,82,0,0,0
2022-04-20 14:45,224,102,122,0,0,0
2022-04-20 15:00,230,98,132,0,0,0
2022-04-20 15:15,227,100,127,0,0,0
2022-04-20 15:30,228,102,126,0,0,0
2022-04-20 15:45,390,195,195,0,0,0
2022-04-20 16:00,403,220,183,0,0,0
2022-04-20 16:15,268,121,147,0,0,0
2022-04-20 16:30,275,142,133,0,0,0
2022-04-20 16:45,273,131,142,0,0,0
2022-04-20 17:00,262,129,133,0,0,0
2022-04-20 17:15,291,165,126,0,0,0
2022-04-20 17:30,305,142,163,0,0,0
2022-04-20 17:45,443,175,268,0,0,0
2022-04-20 18:00,379,180,199,0,0,0
2022-04-20 18:15,318,162,156,0,0,0
2022-04-20 18:30,233,126,107,0,0,0
2022-04-20 18:45,304,157,147,0,0,0
2022-04-20 19:00,201,95,106,0,0,0
2022-04-20 19:15,203,125,78,0,0,0
2022-04-20 19:30,200,103,97,0,0,0
2022-04-20 19:45,255,127,128,0,0,0
2022-04-20 20:00,192,88,104,0,0,0
2022-04-20 20:15,173,86,87,0,0,0
2022-04-20 20:30,128,59,69,0,0,0
2022-04-20 20:45,120,56,64,0,0,0
2022-04-20 21:00,121,53,68,0,0,0
2022-04-20 21:15,106,35,71,0,0,0
2022-04-20 21:30,98,34,64,0,0,0
2022-04-20 21:45,121,42,79,0,0,0
2022-04-20 22:00,111,35,76,0,0,0
2022-04-20 22:15,109,26,83,0,0,0
2022-04-20 22:30,114,28,86,0,0,0
2022-04-20 22:45,84,26,58,0,0,0
2022-04-20 23:00,110,62,48,0,0,0
2022-04-20 23:15,120,71,49,0,0,0
2022-04-20 23:30,113,68,45,0,0,0
2022-04-20 23:45,73,40,33,0,0,0
2022-04-21 00:00,81,35,46,0,0,0
2022-04-21 00:15,59,23,36,0,0,0
2022-04-21 00:30,58,21,37,0,0,0
2022-04-21 00:45,55,16,39,0,0,0
2022-04-21 01:00,36,13,23,0,0,0
2022-04-21 01:15,40,13,27,0,0,0
2022-04-21 01:30,21,3,18,0,0,0
2022-04-21 01:45,37,2,35,0,0,0
2022-04-21 02:00,42,12,30,0,0,0
2022-04-21 02:15,32,4,28,0,0,0
2022-04-21 02:30,17,3,14,0,0,0
2022-04-21 02:45,29,5,24,0,0,0
2022-04-21 03:00,29,1,28,0,0,0
2022-04-21 03:15,36,4,32,0,0,0
2022-04-21 03:30,36,1,35,0,0,0
2022-04-21 03:45,30,2,28,0,0,0
2022-04-21 04:00,25,1,24,0,0,0
2022-04-21 04:15,33,7,26,0,0,0
2022-04-21 04:30,25,6,19,0,0,0
2022-04-21 04:45,23,7,16,0,0,0
2022-04-21 05:00,13,6,7,0,0,0
2022-04-21 05:15,34,9,25,0,0,0
2022-04-21 05:30,30,12,18,0,0,0
2022-04-21 05:45,24,11,13,0,0,0
2022-04-21 06:00,36,24,12,0,0,0
2022-04-21 06:15,40,25,15,0,0,0
2022-04-21 06:30,64,44,20,0,0,0
2022-04-21 06:45,67,46,21,0,0,0
2022-04-21 07:00,103,58,45,0,0,0
2022-04-21 07:15,93,60,33,0,0,0
2022-04-21 07:30,133,69,64,0,0,0
2022-04-21 07:45,272,147,125,0,0,0
2022-04-21 08:00,301,160,141,0,0,0
2022-04-21 08:15,204,122,82,0,0,0
2022-04-21 08:30,171,107,64,0,0,0
2022-04-21 08:45,225,117,108,0,0,0
2022-04-21 09:00,146,80,66,0,0,0
2022-04-21 09:15,146,82,64,0,0,0
2022-04-21 09:30,127,72,55,0,0,0
2022-04-21 09:45,302,158,144,0,0,0
2022-04-21 10:00,324,178,146,0,0,0
2022-04-21 10:15,118,74,44,0,0,0
2022-04-21 10:30,125,61,64,0,0,0
2022-04-21 10:45,104,62,42,0,0,0
2022-04-21 11:00,95,56,39,0,0,0
2022-04-21 11:15,148,71,77,0,0,0
2022-04-21 11:30,146,66,80,0,0,0
2022-04-21 11:45,338,168,170,0,0,0
2022-04-21 12:00,301,176,125,0,0,0
2022-04-21 12:15,180,86,94,0,0,0
2022-04-21 12:30,198,110,88,0,0,0
2022-04-21 12:45,182,100,82,0,0,0
2022-04-21 13:00,155,77,78,0,0,0
2022-04-21 13:15,167,81,86,0,0,0
2022-04-21 13:30,175,72,103,0,0,0
2022-04-21 13:45,382,194,188,0,0,0
2022-04-21 14:00,342,202,140,0,0,0
2022-04-21 14:15,185,91,94,0,0,0
2022-04-21 14:30,193,90,103,0,0,0
2022-04-21 14:45,149,78,71,0,0,0
2022-04-21 15:00,168,80,88,0,0,0
2022-04-21 15:15,163,92,71,0,0,0
2022-04-21 15:30,265,122,143,0,0,0
2022-04-21 15:45,417,207,210,0,0,0
2022-04-21 16:00,327,152,175,0,0,0
2022-04-21 16:15,251,121,130,0,0,0
2022-04-21 16:30,232,110,122,0,0,0
2022-04-21 16:45,245,131,114,0,0,0
2022-04-21 17:00,241,110,131,0,0,0
2022-04-21 17:15,217,107,110,0,0,0
2022-04-21 17:30,267,130,137,0,0,0
2022-04-21 17:45,420,211,209,0,0,0
2022-04-21 18:00,360,180,180,0,0,0
2022-04-21 18:15,241,144,97,0,0,0
2022-04-21 18:30,213,101,112,0,0,0
2022-04-21 18:45,213,126,87,0,0,0
2022-04-21 19:00,208,91,117,0,0,0
2022-04-21 19:15,226,86,140,0,0,0
2022-04-21 19:30,186,80,106,0,0,0
2022-04-21 19:45,213,72,141,0,0,0
2022-04-21 20:00,138,60,78,0,0,0
2022-04-21 20:15,107,43,64,0,0,0
2022-04-21 20:30,121,43,78,0,0,0
2022-04-21 20:45,104,54,50,0,0,0
2022-04-21 21:00,83,35,48,0,0,0
2022-04-21 21:15,81,37,44,0,0,0
2022-04-21 21:30,81,32,49,0,0,0
2022-04-21 21:45,62,25,37,0,0,0
2022-04-21 22:00,92,23,69,0,0,0
2022-04-21 22:15,76,34,42,0,0,0
2022-04-21 22:30,85,28,57,0,0,0
2022-04-21 22:45,73,15,58,0,0,0
2022-04-21 23:00,50,12,38,0,0,0
2022-04-21 23:15,70,26,44,0,0,0
2022-04-21 23:30,53,16,37,0,0,0
2022-04-21 23:45,41,5,36,0,0,0
2022-04-22 00:00,47,11,36,0,0,0
2022-04-22 00:15,38,10,28,0,0,0
2022-04-22 00:30,25,7,18,0,0,0
2022-04-22 00:45,28,6,22,0,0,0
2022-04-22 01:00,16,3,13,0,0,0
2022-04-22 01:15,14,1,13,0,0,0
2022-04-22 01:30,14,4,10,0,0,0
2022-04-22 01:45,11,3,8,0,0,0
2022-04-22 02:00,12,3,9,0,0,0
2022-04-22 02:15,10,2,8,0,0,0
2022-04-22 02:30,2,2,0,0,0,0
2022-04-22 02:45,9,4,5,0,0,0
2022-04-22 03:00,2,1,1,0,0,0
2022-04-22 03:15,3,0,3,0,0,0
2022-04-22 03:30,1,0,1,0,0,0
2022-04-22 03:45,1,0,1,0,0,0
2022-04-22 04:00,3,1,2,0,0,0
2022-04-22 04:15,4,3,1,0,0,0
2022-04-22 04:30,7,4,3,0,0,0
2022-04-22 04:45,7,5,2,0,0,0
2022-04-22 05:00,11,9,2,0,0,0
2022-04-22 05:15,14,8,6,0,0,0
2022-04-22 05:30,11,4,7,0,0,0
2022-04-22 05:45,19,13,6,0,0,0
2022-04-22 06:00,34,23,11,0,0,0
2022-04-22 06:15,36,24,12,0,0,0
2022-04-22 06:30,59,37,22,0,0,0
2022-04-22 06:45,71,48,23,0,0,0
2022-04-22 07:00,74,56,18,0,0,0
2022-04-22 07:15,87,54,33,0,0,0
2022-04-22 07:30,152,69,83,0,0,0
2022-04-22 07:45,244,113,131,0,0,0
2022-04-22 08:00,249,122,127,0,0,0
2022-04-22 08:15,211,126,85,0,0,0
2022-04-22 08:30,146,86,60,0,0,0
2022-04-22 08:45,224,139,85,0,0,0
2022-04-22 09:00,130,83,47,0,0,0
2022-04-22 09:15,144,79,65,0,0,0
2022-04-22 09:30,148,83,65,0,0,0
2022-04-22 09:45,294,132,162,0,0,0
2022-04-22 10:00,282,160,122,0,0,0
2022-04-22 10:15,151,80,71,0,0,0
2022-04-22 10:30,90,55,35,0,0,0
2022-04-22 10:45,138,82,56,0,0,0
2022-04-22 11:00,119,68,51,0,0,0
2022-04-22 11:15,117,65,52,0,0,0
2022-04-22 11:30,161,84,77,0,0,0
2022-04-22 11:45,270,157,113,0,0,0
2022-04-22 12:00,266,168,98,0,0,0
2022-04-22 12:15,216,110,106,0,0,0
2022-04-22 12:30,184,100,84,0,0,0
2022-04-22 12:45,215,120,95,0,0,0
2022-04-22 13:00,180,94,86,0,0,0
2022-04-22 13:15,171,85,86,0,0,0
2022-04-22 13:30,174,100,74,0,0,0
2022-04-22 13:45,269,139,130,0,0,0
2022-04-22 14:00,228,96,132,0,0,0
2022-04-22 14:15,206,100,106,0,0,0
2022-04-22 14:30,190,76,114,0,0,0
2022-04-22 14:45,201,84,117,0,0,0
2022-04-22 15:00,161,74,87,0,0,0
2022-04-22 15:15,175,81,94,0,0,0
2022-04-22 15:30,191,111,80,0,0,0
2022-04-22 15:45,220,113,107,0,0,0
2022-04-22 16:00,224,113,111,0,0,0
2022-04-22 16:15,200,121,79,0,0,0
2022-04-22 16:30,212,96,116,0,0,0
2022-04-22 16:45,175,82,93,0,0,0
2022-04-22 17:00,174,97,77,0,0,0
2022-04-22 17:15,180,94,86,0,0,0
2022-04-22 17:30,184,81,103,0,0,0
2022-04-22 17:45,251,131,120,0,0,0
2022-04-22 18:00,207,110,97,0,0,0
2022-04-22 18:15,222,90,132,0,0,0
2022-04-22 18:30,182,82,100,0,0,0
2022-04-22 18:45,196,113,83,0,0,0
2022-04-22 19:00,173,75,98,0,0,0
2022-04-22 19:15,137,71,66,0,0,0
2022-04-22 19:30,160,90,70,0,0,0
2022-04-22 19:45,161,97,64,0,0,0
2022-04-22 20:00,159,100,59,0,0,0
2022-04-22 20:15,181,85,96,0,0,0
2022-04-22 20:30,115,68,47,0,0,0
2022-04-22 20:45,114,52,62,0,0,0
2022-04-22 21:00,98,40,58,0,0,0
2022-04-22 21:15,85,40,45,0,0,0
2022-04-22 21:30,98,32,66,0,0,0
2022-04-22 21:45,81,29,52,0,0,0
2022-04-22 22:00,96,41,55,0,0,0
2022-04-22 22:15,91,39,52,0,0,0
2022-04-22 22:30,74,32,42,0,0,0
2022-04-22 22:45,83,26,57,0,0,0
2022-04-22 23:00,54,28,26,0,0,0
2022-04-22 23:15,77,30,47,0,0,0
2022-04-22 23:30,73,32,41,0,0,0
2022-04-22 23:45,71,22,49,0,0,0
2022-04-23 00:00,73,35,38,0,0,0
2022-04-23 00:15,68,18,50,0,0,0
2022-04-23 00:30,59,26,33,0,0,0
2022-04-23 00:45,49,14,35,0,0,0
2022-04-23 01:00,43,12,31,0,0,0
2022-04-23 01:15,44,17,27,0,0,0
2022-04-23 01:30,44,16,28,0,0,0
2022-04-23 01:45,37,9,28,0,0,0
2022-04-23 02:00,46,13,33,0,0,0
2022-04-23 02:15,25,8,17,0,0,0
2022-04-23 02:30,39,10,29,0,0,0
2022-04-23 02:45,35,11,24,0,0,0
2022-04-23 03:00,27,5,22,0,0,0
2022-04-23 03:15,40,5,35,0,0,0
2022-04-23 03:30,17,2,15,0,0,0
2022-04-23 03:45,21,3,18,0,0,0
2022-04-23 04:00,16,3,13,0,0,0
2022-04-23 04:15,16,3,13,0,0,0
2022-04-23 04:30,15,2,13,0,0,0
2022-04-23 04:45,13,6,7,0,0,0
2022-04-23 05:00,25,9,16,0,0,0
2022-04-23 05:15,13,3,10,0,0,0
2022-04-23 05:30,17,3,14,0,0,0
2022-04-23 05:45,15,7,8,0,0,0
2022-04-23 06:00,14,3,11,0,0,0
2022-04-23 06:15,13,2,11,0,0,0
2022-04-23 06:30,20,14,6,0,0,0
2022-04-23 06:45,17,11,6,0,0,0
2022-04-23 07:00,12,5,7,0,0,0
2022-04-23 07:15,23,21,2,0,0,0
2022-04-23 07:30,23,13,10,0,0,0
2022-04-23 07:45,45,28,17,0,0,0
2022-04-23 08:00,39,28,11,0,0,0
2022-04-23 08:15,45,31,14,0,0,0
2022-04-23 08:30,62,42,20,0,0,0
2022-04-23 08:45,98,63,35,0,0,0
2022-04-23 09:00,71,52,19,0,0,0
2022-04-23 09:15,86,49,37,0,0,0
2022-04-23 09:30,113,69,44,0,0,0
2022-04-23 09:45,143,91,52,0,0,0
2022-04-23 10:00,129,77,52,0,0,0
2022-04-23 10:15,124,88,36,0,0,0
2022-04-23 10:30,97,62,35,0,0,0
2022-04-23 10:45,144,100,44,0,0,0
2022-04-23 11:00,105,63,42,0,0,0
2022-04-23 11:15,138,79,59,0,0,0
2022-04-23 11:30,127,78,49,0,0,0
2022-04-23 11:45,162,107,55,0,0,0
2022-04-23 12:00,145,87,58,0,0,0
2022-04-23 12:15,166,95,71,0,0,0
2022-04-23 12:30,180,97,83,0,0,0
2022-04-23 12:45,184,84,100,0,0,0
2022-04-23 13:00,179,82,97,0,0,0
2022-04-23 13:15,182,77,105,0,0,0
2022-04-23 13:30,181,90,91,0,0,0
2022-04-23 13:45,179,91,88,0,0,0
2022-04-23 14:00,184,95,89,0,0,0
2022-04-23 14:15,184,102,82,0,0,0
2022-04-23 14:30,185,84,101,0,0,0
2022-04-23 14:45,166,81,85,0,0,0
2022-04-23 15:00,159,70,89,0,0,0
2022-04-23 15:15,181,95,86,0,0,0
2022-04-23 15:30,147,83,64,0,0,0
2022-04-23 15:45,186,98,88,0,0,0
2022-04-23 16:00,173,89,84,0,0,0
2022-04-23 16:15,126,61,65,0,0,0
2022-04-23 16:30,173,85,88,0,0,0
2022-04-23 16:45,151,79,72,0,0,0
2022-04-23 17:00,195,88,107,0,0,0
2022-04-23 17:15,145,74,71,0,0,0
2022-04-23 17:30,157,65,92,0,0,0
2022-04-23 17:45,179,77,102,0,0,0
2022-04-23 18:00,163,81,82,0,0,0
2022-04-23 18:15,172,93,79,0,0,0
2022-04-23 18:30,177,116,61,0,0,0
2022-04-23 18:45,147,89,58,0,0,0
2022-04-23 19:00,134,76,58,0,0,0
2022-04-23 19:15,147,81,66,0,0,0
2022-04-23 19:30,115,61,54,0,0,0
2022-04-23 19:45,159,79,80,0,0,0
2022-04-23 20:00,144,73,71,0,0,0
2022-04-23 20:15,100,43,57,0,0,0
2022-04-23 20:30,112,41,71,0,0,0
2022-04-23 20:45,114,48,66,0,0,0
2022-04-23 21:00,119,49,70,0,0,0
2022-04-23 21:15,107,52,55,0,0,0
2022-04-23 21:30,84,31,53,0,0,0
2022-04-23 21:45,97,26,71,0,0,0
2022-04-23 22:00,95,36,59,0,0,0
2022-04-23 22:15,81,33,48,0,0,0
2022-04-23 22:30,89,29,60,0,0,0
2022-04-23 22:45,82,33,49,0,0,0
2022-04-23 23:00,67,13,54,0,0,0
2022-04-23 23:15,59,18,41,0,0,0
2022-04-23 23:30,75,23,52,0,0,0
2022-04-23 23:45,72,23,49,0,0,0
2022-04-24 00:00,73,22,51,0,0,0
2022-04-24 00:15,47,19,28,0,0,0
2022-04-24 00:30,60,17,43,0,0,0
2022-04-24 00:45,61,22,39,0,0,0
2022-04-24 01:00,67,23,44,0,0,0
2022-04-24 01:15,54,17,37,0,0,0
2022-04-24 01:30,49,18,31,0,0,0
2022-04-24 01:45,59,11,48,0,0,0
2022-04-24 02:00,62,17,45,0,0,0
2022-04-24 02:15,44,11,33,0,0,0
2022-04-24 02:30,32,13,19,0,0,0
2022-04-24 02:45,40,13,27,0,0,0
2022-04-24 03:00,33,15,18,0,0,0
2022-04-24 03:15,45,12,33,0,0,0
2022-04-24 03:30,15,2,13,0,0,0
2022-04-24 03:45,25,8,17,0,0,0
2022-04-24 04:00,32,8,24,0,0,0
2022-04-24 04:15,26,4,22,0,0,0
2022-04-24 04:30,21,11,10,0,0,0
2022-04-24 04:45,12,2,10,0,0,0
2022-04-24 05:00,14,1,13,0,0,0
2022-04-24 05:15,16,3,13,0,0,0
2022-04-24 05:30,8,3,5,0,0,0
2022-04-24 05:45,9,5,4,0,0,0
2022-04-24 06:00,8,2,6,0,0,0
2022-04-24 06:15,19,4,15,0,0,0
2022-04-24 06:30,18,7,11,0,0,0
2022-04-24 06:45,7,3,4,0,0,0
2022-04-24 07:00,5,2,3,0,0,0
2022-04-24 07:15,14,7,7,0,0,0
2022-04-24 07:30,19,14,5,0,0,0
2022-04-24 07:45,14,9,5,0,0,0
2022-04-24 08:00,11,8,3,0,0,0
2022-04-24 08:15,20,11,9,0,0,0
2022-04-24 08:30,16,9,7,0,0,0
2022-04-24 08:45,27,17,10,0,0,0
2022-04-24 09:00,25,14,11,0,0,0
2022-04-24 09:15,32,21,11,0,0,0
2022-04-24 09:30,53,33,20,0,0,0
2022-04-24 09:45,104,66,38,0,0,0
2022-04-24 10:00,53,41,12,0,0,0
2022-04-24 10:15,60,44,16,0,0,0
2022-04-24 10:30,46,32,14,0,0,0
2022-04-24 10:45,92,59,33,0,0,0
2022-04-24 11:00,84,53,31,0,0,0
2022-04-24 11:15,72,36,36,0,0,0
2022-04-24 11:30,102,57,45,0,0,0
2022-04-24 11:45,113,68,45,0,0,0
2022-04-24 12:00,116,65,51,0,0,0
2022-04-24 12:15,103,52,51,0,0,0
2022-04-24 12:30,113,56,57,0,0,0
2022-04-24 12:45,88,48,40,0,0,0
2022-04-24 13:00,106,48,58,0,0,0
2022-04-24 13:15,116,62,54,0,0,0
2022-04-24 13:30,131,70,61,0,0,0
2022-04-24 13:45,145,78,67,0,0,0
2022-04-24 14:00,147,60,87,0,0,0
2022-04-24 14:15,144,69,75,0,0,0
2022-04-24 14:30,154,59,95,0,0,0
2022-04-24 14:45,162,91,71,0,0,0
2022-04-24 15:00,153,76,77,0,0,0
2022-04-24 15:15,129,66,63,0,0,0
2022-04-24 15:30,134,63,71,0,0,0
2022-04-24 15:45,143,66,77,0,0,0
2022-04-24 16:00,153,82,71,0,0,0
2022-04-24 16:15,156,77,79,0,0,0
2022-04-24 16:30,146,66,80,0,0,0
2022-04-24 16:45,131,60,71,0,0,0
2022-04-24 17:00,146,64,82,0,0,0
2022-04-24 17:15,142,69,73,0,0,0
2022-04-24 17:30,156,84,72,0,0,0
2022-04-24 17:45,148,73,75,0,0,0
2022-04-24 18:00,129,53,76,0,0,0
2022-04-24 18:15,121,56,65,0,0,0
2022-04-24 18:30,125,50,75,0,0,0
2022-04-24 18:45,116,60,56,0,0,0
2022-04-24 19:00,116,59,57,0,0,0
2022-04-24 19:15,121,64,57,0,0,0
2022-04-24 19:30,115,44,71,0,0,0
2022-04-24 19:45,102,51,51,0,0,0
2022-04-24 20:00,105,41,64,0,0,0
2022-04-24 20:15,102,47,55,0,0,0
2022-04-24 20:30,93,34,59,0,0,0
2022-04-24 20:45,73,34,39,0,0,0
2022-04-24 21:00,69,21,48,0,0,0
2022-04-24 21:15,49,18,31,0,0,0
2022-04-24 21:30,54,15,39,0,0,0
2022-04-24 21:45,34,7,27,0,0,0
2022-04-24 22:00,57,24,33,0,0,0
2022-04-24 22:15,57,17,40,0,0,0
2022-04-24 22:30,36,9,27,0,0,0
2022-04-24 22:45,59,17,42,0,0,0
2022-04-24 23:00,36,12,24,0,0,0
2022-04-24 23:15,21,3,18,0,0,0
2022-04-24 23:30,19,7,12,0,0,0
2022-04-24 23:45,18,5,13,0,0,0
2022-04-25 00:00,14,8,6,0,0,0
2022-04-25 00:15,9,1,8,0,0,0
2022-04-25 00:30,12,4,8,0,0,0
2022-04-25 00:45,9,2,7,0,0,0
2022-04-25 01:00,12,2,10,0,0,0
2022-04-25 01:15,10,1,9,0,0,0
2022-04-25 01:30,4,2,2,0,0,0
2022-04-25 01:45,2,2,0,0,0,0
2022-04-25 02:00,1,0,1,0,0,0
2022-04-25 02:15,1,0,1,0,0,0
2022-04-25 02:30,0,0,0,0,0,0
2022-04-25 02:45,0,0,0,0,0,0
2022-04-25 03:00,0,0,0,0,0,0
2022-04-25 03:15,0,0,0,0,0,0
2022-04-25 03:30,2,2,0,0,0,0
2022-04-25 03:45,3,0,3,0,0,0
2022-04-25 04:00,4,1,3,0,0,0
2022-04-25 04:15,4,2,2,0,0,0
2022-04-25 04:30,3,2,1,0,0,0
2022-04-25 04:45,10,7,3,0,0,0
2022-04-25 05:00,10,3,7,0,0,0
2022-04-25 05:15,9,6,3,0,0,0
2022-04-25 05:30,23,13,10,0,0,0
2022-04-25 05:45,18,13,5,0,0,0
2022-04-25 06:00,27,20,7,0,0,0
2022-04-25 06:15,52,37,15,0,0,0
2022-04-25 06:30,66,37,29,0,0,0
2022-04-25 06:45,60,43,17,0,0,0
2022-04-25 07:00,106,65,41,0,0,0
2022-04-25 07:15,159,114,45,0,0,0
2022-04-25 07:30,290,225,65,0,0,0
2022-04-25 07:45,341,193,148,0,0,0
2022-04-25 08:00,325,165,160,0,0,0
2022-04-25 08:15,234,145,89,0,0,0
2022-04-25 08:30,220,128,92,0,0,0
2022-04-25 08:45,204,126,78,0,0,0
2022-04-25 09:00,170,99,71,0,0,0
2022-04-25 09:15,121,70,51,0,0,0
2022-04-25 09:30,163,87,76,0,0,0
2022-04-25 09:45,353,177,176,0,0,0
2022-04-25 10:00,343,210,133,0,0,0
2022-04-25 10:15,143,91,52,0,0,0
2022-04-25 10:30,104,59,45,0,0,0
2022-04-25 10:45,119,64,55,0,0,0
2022-04-25 11:00,115,64,51,0,0,0
2022-04-25 11:15,121,70,51,0,0,0
2022-04-25 11:30,143,79,64,0,0,0
2022-04-25 11:45,374,163,211,0,0,0
2022-04-25 12:00,299,197,102,0,0,0
2022-04-25 12:15,172,71,101,0,0,0
2022-04-25 12:30,158,71,87,0,0,0
2022-04-25 12:45,210,115,95,0,0,0
2022-04-25 13:00,190,74,116,0,0,0
2022-04-25 13:15,149,63,86,0,0,0
2022-04-25 13:30,182,75,107,0,0,0
2022-04-25 13:45,336,152,184,0,0,0
2022-04-25 14:00,335,163,172,0,0,0
2022-04-25 14:15,146,55,91,0,0,0
2022-04-25 14:30,167,71,96,0,0,0
2022-04-25 14:45,188,81,107,0,0,0
2022-04-25 15:00,187,84,103,0,0,0
2022-04-25 15:15,180,106,74,0,0,0
2022-04-25 15:30,267,92,175,0,0,0
2022-04-25 15:45,446,224,222,0,0,0
2022-04-25 16:00,365,184,181,0,0,0
2022-04-25 16:15,197,98,99,0,0,0
2022-04-25 16:30,212,90,122,0,0,0
2022-04-25 16:45,215,84,131,0,0,0
2022-04-25 17:00,256,113,143,0,0,0
2022-04-25 17:15,231,102,129,0,0,0
2022-04-25 17:30,281,145,136,0,0,0
2022-04-25 17:45,452,195,257,0,0,0
2022-04-25 18:00,346,152,194,0,0,0
2022-04-25 18:15,225,109,116,0,0,0
2022-04-25 18:30,210,97,113,0,0,0
2022-04-25 18:45,206,94,112,0,0,0
2022-04-25 19:00,194,95,99,0,0,0
2022-04-25 19:15,184,100,84,0,0,0
2022-04-25 19:30,185,76,109,0,0,0
2022-04-25 19:45,252,84,168,0,0,0
2022-04-25 20:00,180,83,97,0,0,0
2022-04-25 20:15,157,75,82,0,0,0
2022-04-25 20:30,118,47,71,0,0,0
2022-04-25 20:45,91,37,54,0,0,0
2022-04-25 21:00,99,44,55,0,0,0
2022-04-25 21:15,106,43,63,0,0,0
2022-04-25 21:30,87,31,56,0,0,0
2022-04-25 21:45,71,26,45,0,0,0
2022-04-25 22:00,94,38,56,0,0,0
2022-04-25 22:15,100,54,46,0,0,0
2022-04-25 22:30,78,29,49,0,0,0
2022-04-25 22:45,77,20,57,0,0,0
2022-04-25 23:00,49,15,34,0,0,0
2022-04-25 23:15,49,12,37,0,0,0
2022-04-25 23:30,37,4,33,0,0,0
2022-04-25 23:45,23,12,11,0,0,0
2022-04-26 00:00,23,4,19,0,0,0
2022-04-26 00:15,16,5,11,0,0,0
2022-04-26 00:30,17,5,12,0,0,0
2022-04-26 00:45,8,3,5,0,0,0
2022-04-26 01:00,13,3,10,0,0,0
2022-04-26 01:15,7,0,7,0,0,0
2022-04-26 01:30,3,1,2,0,0,0
2022-04-26 01:45,8,2,6,0,0,0
2022-04-26 02:00,2,1,1,0,0,0
2022-04-26 02:15,5,2,3,0,0,0
2022-04-26 02:30,3,2,1,0,0,0
2022-04-26 02:45,2,1,1,0,0,0
2022-04-26 03:00,2,1,1,0,0,0
2022-04-26 03:15,0,0,0,0,0,0
2022-04-26 03:30,1,1,0,0,0,0
2022-04-26 03:45,1,1,0,0,0,0
2022-04-26 04:00,0,0,0,0,0,0
2022-04-26 04:15,4,1,3,0,0,0
2022-04-26 04:30,8,6,2,0,0,0
2022-04-26 04:45,5,4,1,0,0,0
2022-04-26 05:00,9,5,4,0,0,0
2022-04-26 05:15,11,7,4,0,0,0
2022-04-26 05:30,29,16,13,0,0,0
2022-04-26 05:45,17,13,4,0,0,0
2022-04-26 06:00,35,26,9,0,0,0
2022-04-26 06:15,38,25,13,0,0,0
2022-04-26 06:30,68,40,28,0,0,0
2022-04-26 06:45,90,63,27,0,0,0
2022-04-26 07:00,96,56,40,0,0,0
2022-04-26 07:15,174,131,43,0,0,0
2022-04-26 07:30,321,243,78,0,0,0
2022-04-26 07:45,440,264,176,0,0,0
2022-04-26 08:00,541,327,214,0,0,0
2022-04-26 08:15,318,197,121,0,0,0
2022-04-26 08:30,193,115,78,0,0,0
2022-04-26 08:45,243,130,113,0,0,0
2022-04-26 09:00,169,93,76,0,0,0
2022-04-26 09:15,143,85,58,0,0,0
2022-04-26 09:30,173,97,76,0,0,0
2022-04-26 09:45,430,174,256,0,0,0
2022-04-26 10:00,494,274,220,0,0,0
2022-04-26 10:15,131,66,65,0,0,0
2022-04-26 10:30,111,68,43,0,0,0
2022-04-26 10:45,137,75,62,0,0,0
2022-04-26 11:00,151,78,73,0,0,0
2022-04-26 11:15,130,67,63,0,0,0
2022-04-26 11:30,181,100,81,0,0,0
2022-04-26 11:45,414,225,189,0,0,0
2022-04-26 12:00,414,225,189,0,0,0
2022-04-26 12:15,183,74,109,0,0,0
2022-04-26 12:30,177,89,88,0,0,0
2022-04-26 12:45,200,94,106,0,0,0
2022-04-26 13:00,263,97,166,0,0,0
2022-04-26 13:15,211,87,124,0,0,0
2022-04-26 13:30,237,114,123,0,0,0
2022-04-26 13:45,491,238,253,0,0,0
2022-04-26 14:00,392,209,183,0,0,0
2022-04-26 14:15,228,117,111,0,0,0
2022-04-26 14:30,176,80,96,0,0,0
2022-04-26 14:45,216,98,118,0,0,0
2022-04-26 15:00,180,77,103,0,0,0
2022-04-26 15:15,179,89,90,0,0,0
2022-04-26 15:30,235,123,112,0,0,0
2022-04-26 15:45,574,265,309,0,0,0
2022-04-26 16:00,458,232,226,0,0,0
2022-04-26 16:15,270,126,144,0,0,0
2022-04-26 16:30,287,129,158,0,0,0
2022-04-26 16:45,278,123,155,0,0,0
2022-04-26 17:00,295,135,160,0,0,0
2022-04-26 17:15,274,131,143,0,0,0
2022-04-26 17:30,315,150,165,0,0,0
2022-04-26 17:45,508,224,284,0,0,0
2022-04-26 18:00,382,192,190,0,0,0
2022-04-26 18:15,313,153,160,0,0,0
2022-04-26 18:30,253,127,126,0,0,0
2022-04-26 18:45,284,124,160,0,0,0
2022-04-26 19:00,253,131,122,0,0,0
2022-04-26 19:15,217,113,104,0,0,0
2022-04-26 19:30,254,108,146,0,0,0
2022-04-26 19:45,275,134,141,0,0,0
2022-04-26 20:00,234,101,133,0,0,0
2022-04-26 20:15,185,98,87,0,0,0
2022-04-26 20:30,170,65,105,0,0,0
2022-04-26 20:45,117,52,65,0,0,0
2022-04-26 21:00,151,69,82,0,0,0
2022-04-26 21:15,116,48,68,0,0,0
2022-04-26 21:30,101,33,68,0,0,0
2022-04-26 21:45,137,58,79,0,0,0
2022-04-26 22:00,107,30,77,0,0,0
2022-04-26 22:15,131,45,86,0,0,0
2022-04-26 22:30,86,24,62,0,0,0
2022-04-26 22:45,70,24,46,0,0,0
2022-04-26 23:00,74,17,57,0,0,0
2022-04-26 23:15,96,22,74,0,0,0
2022-04-26 23:30,63,16,47,0,0,0
2022-04-26 23:45,33,13,20,0,0,0
2022-04-27 00:00,43,16,27,0,0,0
2022-04-27 00:15,41,13,28,0,0,0
2022-04-27 00:30,15,4,11,0,0,0
2022-04-27 00:45,18,4,14,0,0,0
2022-04-27 01:00,24,8,16,0,0,0
2022-04-27 01:15,28,4,24,0,0,0
2022-04-27 01:30,22,3,19,0,0,0
2022-04-27 01:45,19,4,15,0,0,0
2022-04-27 02:00,8,4,4,0,0,0
2022-04-27 02:15,8,2,6,0,0,0
2022-04-27 02:30,4,0,4,0,0,0
2022-04-27 02:45,4,3,1,0,0,0
2022-04-27 03:00,5,0,5,0,0,0
2022-04-27 03:15,5,2,3,0,0,0
2022-04-27 03:30,2,1,1,0,0,0
2022-04-27 03:45,2,2,0,0,0,0
2022-04-27 04:00,4,1,3,0,0,0
2022-04-27 04:15,3,0,3,0,0,0
2022-04-27 04:30,11,7,4,0,0,0
2022-04-27 04:45,5,4,1,0,0,0
2022-04-27 05:00,11,10,1,0,0,0
2022-04-27 05:15,16,10,6,0,0,0
2022-04-27 05:30,17,10,7,0,0,0
2022-04-27 05:45,14,12,2,0,0,0
2022-04-27 06:00,31,22,9,0,0,0
2022-04-27 06:15,59,39,20,0,0,0
2022-04-27 06:30,63,41,22,0,0,0
2022-04-27 06:45,82,62,20,0,0,0
2022-04-27 07:00,115,70,45,0,0,0
2022-04-27 07:15,252,205,47,0,0,0
2022-04-27 07:30,325,234,91,0,0,0
2022-04-27 07:45,412,228,184,0,0,0
2022-04-27 08:00,440,230,210,0,0,0
2022-04-27 08:15,291,171,120,0,0,0
2022-04-27 08:30,261,152,109,0,0,0
2022-04-27 08:45,280,179,101,0,0,0
2022-04-27 09:00,225,131,94,0,0,0
2022-04-27 09:15,180,107,73,0,0,0
2022-04-27 09:30,184,101,83,0,0,0
2022-04-27 09:45,382,204,178,0,0,0
2022-04-27 10:00,436,246,190,0,0,0
2022-04-27 10:15,146,76,70,0,0,0
2022-04-27 10:30,152,74,78,0,0,0
2022-04-27 10:45,153,80,73,0,0,0
2022-04-27 11:00,174,94,80,0,0,0
2022-04-27 11:15,181,83,98,0,0,0
2022-04-27 11:30,214,127,87,0,0,0
2022-04-27 11:45,424,204,220,0,0,0
2022-04-27 12:00,364,182,182,0,0,0
2022-04-27 12:15,222,101,121,0,0,0
2022-04-27 12:30,194,98,96,0,0,0
2022-04-27 12:45,225,104,121,0,0,0
2022-04-27 13:00,221,105,116,0,0,0
2022-04-27 13:15,244,113,131,0,0,0
2022-04-27 13:30,252,128,124,0,0,0
2022-04-27 13:45,412,187,225,0,0,0
2022-04-27 14:00,389,184,205,0,0,0
2022-04-27 14:15,253,112,141,0,0,0
2022-04-27 14:30,213,85,128,0,0,0
2022-04-27 14:45,230,97,133,0,0,0
2022-04-27 15:00,225,82,143,0,0,0
2022-04-27 15:15,204,90,114,0,0,0
2022-04-27 15:30,316,132,184,0,0,0
2022-04-27 15:45,486,212,274,0,0,0
2022-04-27 16:00,448,252,196,0,0,0
2022-04-27 16:15,301,128,173,0,0,0
2022-04-27 16:30,290,127,163,0,0,0
2022-04-27 16:45,296,122,174,0,0,0
2022-04-27 17:00,279,144,135,0,0,0
2022-04-27 17:15,314,166,148,0,0,0
2022-04-27 17:30,378,170,208,0,0,0
2022-04-27 17:45,477,207,270,0,0,0
2022-04-27 18:00,410,215,195,0,0,0
2022-04-27 18:15,308,161,147,0,0,0
2022-04-27 18:30,309,145,164,0,0,0
2022-04-27 18:45,297,142,155,0,0,0
2022-04-27 19:00,255,130,125,0,0,0
2022-04-27 19:15,247,154,93,0,0,0
2022-04-27 19:30,258,125,133,0,0,0
2022-04-27 19:45,298,162,136,0,0,0
2022-04-27 20:00,251,114,137,0,0,0
2022-04-27 20:15,211,100,111,0,0,0
2022-04-27 20:30,150,73,77,0,0,0
2022-04-27 20:45,181,94,87,0,0,0
2022-04-27 21:00,136,58,78,0,0,0
2022-04-27 21:15,174,75,99,0,0,0
2022-04-27 21:30,137,49,88,0,0,0
2022-04-27 21:45,135,50,85,0,0,0
2022-04-27 22:00,118,42,76,0,0,0
2022-04-27 22:15,147,61,86,0,0,0
2022-04-27 22:30,137,37,100,0,0,0
2022-04-27 22:45,94,18,76,0,0,0
2022-04-27 23:00,134,35,99,0,0,0
2022-04-27 23:15,96,35,61,0,0,0
2022-04-27 23:30,86,41,45,0,0,0
2022-04-27 23:45,66,31,35,0,0,0
2022-04-28 00:00,73,34,39,0,0,0
2022-04-28 00:15,62,22,40,0,0,0
2022-04-28 00:30,59,19,40,0,0,0
2022-04-28 00:45,56,13,43,0,0,0
2022-04-28 01:00,34,6,28,0,0,0
2022-04-28 01:15,40,11,29,0,0,0
2022-04-28 01:30,26,6,20,0,0,0
2022-04-28 01:45,29,3,26,0,0,0
2022-04-28 02:00,44,8,36,0,0,0
2022-04-28 02:15,23,2,21,0,0,0
2022-04-28 02:30,20,2,18,0,0,0
2022-04-28 02:45,40,2,38,0,0,0
2022-04-28 03:00,37,4,33,0,0,0
2022-04-28 03:15,27,5,22,0,0,0
2022-04-28 03:30,22,1,21,0,0,0
2022-04-28 03:45,24,3,21,0,0,0
2022-04-28 04:00,21,2,19,0,0,0
2022-04-28 04:15,18,2,16,0,0,0
2022-04-28 04:30,18,7,11,0,0,0
2022-04-28 04:45,18,9,9,0,0,0
2022-04-28 05:00,20,5,15,0,0,0
2022-04-28 05:15,10,5,5,0,0,0
2022-04-28 05:30,24,14,10,0,0,0
2022-04-28 05:45,29,19,10,0,0,0
2022-04-28 06:00,26,20,6,0,0,0
2022-04-28 06:15,41,25,16,0,0,0
2022-04-28 06:30,65,42,23,0,0,0
2022-04-28 06:45,75,50,25,0,0,0
2022-04-28 07:00,100,55,45,0,0,0
2022-04-28 07:15,150,109,41,0,0,0
2022-04-28 07:30,277,193,84,0,0,0
2022-04-28 07:45,363,207,156,0,0,0
2022-04-28 08:00,368,213,155,0,0,0
2022-04-28 08:15,292,165,127,0,0,0
2022-04-28 08:30,240,147,93,0,0,0
2022-04-28 08:45,241,129,112,0,0,0
2022-04-28 09:00,166,86,80,0,0,0
2022-04-28 09:15,179,105,74,0,0,0
2022-04-28 09:30,194,110,84,0,0,0
2022-04-28 09:45,373,185,188,0,0,0
2022-04-28 10:00,417,252,165,0,0,0
2022-04-28 10:15,129,65,64,0,0,0
2022-04-28 10:30,127,69,58,0,0,0
2022-04-28 10:45,133,84,49,0,0,0
2022-04-28 11:00,140,69,71,0,0,0
2022-04-28 11:15,146,64,82,0,0,0
2022-04-28 11:30,181,85,96,0,0,0
2022-04-28 11:45,443,221,222,0,0,0
2022-04-28 12:00,345,179,166,0,0,0
2022-04-28 12:15,214,102,112,0,0,0
2022-04-28 12:30,182,89,93,0,0,0
2022-04-28 12:45,219,97,122,0,0,0
2022-04-28 13:00,209,100,109,0,0,0
2022-04-28 13:15,187,85,102,0,0,0
2022-04-28 13:30,254,118,136,0,0,0
2022-04-28 13:45,437,200,237,0,0,0
2022-04-28 14:00,395,219,176,0,0,0
2022-04-28 14:15,245,123,122,0,0,0
2022-04-28 14:30,206,83,123,0,0,0
2022-04-28 14:45,269,122,147,0,0,0
2022-04-28 15:00,228,103,125,0,0,0
2022-04-28 15:15,222,107,115,0,0,0
2022-04-28 15:30,270,127,143,0,0,0
2022-04-28 15:45,531,279,252,0,0,0
2022-04-28 16:00,405,217,188,0,0,0
2022-04-28 16:15,287,144,143,0,0,0
2022-04-28 16:30,289,148,141,0,0,0
2022-04-28 16:45,287,137,150,0,0,0
2022-04-28 17:00,280,137,143,0,0,0
2022-04-28 17:15,284,136,148,0,0,0
2022-04-28 17:30,364,180,184,0,0,0
2022-04-28 17:45,483,226,257,0,0,0
2022-04-28 18:00,395,195,200,0,0,0
2022-04-28 18:15,364,171,193,0,0,0
2022-04-28 18:30,266,147,119,0,0,0
2022-04-28 18:45,303,159,144,0,0,0
2022-04-28 19:00,260,137,123,0,0,0
2022-04-28 19:15,236,122,114,0,0,0
2022-04-28 19:30,271,124,147,0,0,0
2022-04-28 19:45,305,125,180,0,0,0
2022-04-28 20:00,258,139,119,0,0,0
2022-04-28 20:15,223,117,106,0,0,0
2022-04-28 20:30,143,56,87,0,0,0
2022-04-28 20:45,144,49,95,0,0,0
2022-04-28 21:00,135,64,71,0,0,0
2022-04-28 21:15,111,52,59,0,0,0
2022-04-28 21:30,108,30,78,0,0,0
2022-04-28 21:45,148,52,96,0,0,0
2022-04-28 22:00,110,31,79,0,0,0
2022-04-28 22:15,124,47,77,0,0,0
2022-04-28 22:30,105,35,70,0,0,0
2022-04-28 22:45,95,23,72,0,0,0
2022-04-28 23:00,73,24,49,0,0,0
2022-04-28 23:15,71,18,53,0,0,0
2022-04-28 23:30,79,28,51,0,0,0
2022-04-28 23:45,78,20,58,0,0,0
2022-04-29 00:00,41,14,27,0,0,0
2022-04-29 00:15,35,11,24,0,0,0
2022-04-29 00:30,28,13,15,0,0,0
2022-04-29 00:45,18,5,13,0,0,0
2022-04-29 01:00,23,3,20,0,0,0
2022-04-29 01:15,23,5,18,0,0,0
2022-04-29 01:30,18,4,14,0,0,0
2022-04-29 01:45,14,1,13,0,0,0
2022-04-29 02:00,22,3,19,0,0,0
2022-04-29 02:15,10,3,7,0,0,0
2022-04-29 02:30,4,1,3,0,0,0
2022-04-29 02:45,1,0,1,0,0,0
2022-04-29 03:00,1,0,1,0,0,0
2022-04-29 03:15,3,2,1,0,0,0
2022-04-29 03:30,4,1,3,0,0,0
2022-04-29 03:45,1,1,0,0,0,0
2022-04-29 04:00,1,1,0,0,0,0
2022-04-29 04:15,5,2,3,0,0,0
2022-04-29 04:30,9,3,6,0,0,0
2022-04-29 04:45,6,5,1,0,0,0
2022-04-29 05:00,9,5,4,0,0,0
2022-04-29 05:15,17,13,4,0,0,0
2022-04-29 05:30,24,20,4,0,0,0
2022-04-29 05:45,23,17,6,0,0,0
2022-04-29 06:00,32,17,15,0,0,0
2022-04-29 06:15,29,16,13,0,0,0
2022-04-29 06:30,65,37,28,0,0,0
2022-04-29 06:45,70,48,22,0,0,0
2022-04-29 07:00,95,67,28,0,0,0
2022-04-29 07:15,152,117,35,0,0,0
2022-04-29 07:30,310,216,94,0,0,0
2022-04-29 07:45,347,200,147,0,0,0
2022-04-29 08:00,307,174,133,0,0,0
2022-04-29 08:15,226,133,93,0,0,0
2022-04-29 08:30,219,119,100,0,0,0
2022-04-29 08:45,253,161,92,0,0,0
2022-04-29 09:00,157,94,63,0,0,0
2022-04-29 09:15,161,88,73,0,0,0
2022-04-29 09:30,190,112,78,0,0,0
2022-04-29 09:45,300,157,143,0,0,0
2022-04-29 10:00,313,164,149,0,0,0
2022-04-29 10:15,152,80,72,0,0,0
2022-04-29 10:30,114,70,44,0,0,0
2022-04-29 10:45,126,63,63,0,0,0
2022-04-29 11:00,126,77,49,0,0,0
2022-04-29 11:15,134,75,59,0,0,0
2022-04-29 11:30,151,66,85,0,0,0
2022-04-29 11:45,299,163,136,0,0,0
2022-04-29 12:00,266,153,113,0,0,0
2022-04-29 12:15,196,105,91,0,0,0
2022-04-29 12:30,196,108,88,0,0,0
2022-04-29 12:45,219,119,100,0,0,0
2022-04-29 13:00,259,108,151,0,0,0
2022-04-29 13:15,253,98,155,0,0,0
2022-04-29 13:30,187,89,98,0,0,0
2022-04-29 13:45,290,146,144,0,0,0
2022-04-29 14:00,263,126,137,0,0,0
2022-04-29 14:15,233,99,134,0,0,0
2022-04-29 14:30,215,97,118,0,0,0
2022-04-29 14:45,237,123,114,0,0,0
2022-04-29 15:00,221,105,116,0,0,0
2022-04-29 15:15,243,136,107,0,0,0
2022-04-29 15:30,246,111,135,0,0,0
2022-04-29 15:45,255,116,139,0,0,0
2022-04-29 16:00,242,115,127,0,0,0
2022-04-29 16:15,204,108,96,0,0,0
2022-04-29 16:30,196,105,91,0,0,0
2022-04-29 16:45,275,156,119,0,0,0
2022-04-29 17:00,262,125,137,0,0,0
2022-04-29 17:15,287,143,144,0,0,0
2022-04-29 17:30,257,117,140,0,0,0
2022-04-29 17:45,282,153,129,0,0,0
2022-04-29 18:00,276,145,131,0,0,0
2022-04-29 18:15,247,118,129,0,0,0
2022-04-29 18:30,205,108,97,0,0,0
2022-04-29 18:45,252,139,113,0,0,0
2022-04-29 19:00,193,105,88,0,0,0
2022-04-29 19:15,200,106,94,0,0,0
2022-04-29 19:30,147,73,74,0,0,0
2022-04-29 19:45,182,96,86,0,0,0
2022-04-29 20:00,180,101,79,0,0,0
2022-04-29 20:15,138,81,57,0,0,0
2022-04-29 20:30,114,60,54,0,0,0
2022-04-29 20:45,107,54,53,0,0,0
2022-04-29 21:00,117,58,59,0,0,0
2022-04-29 21:15,81,45,36,0,0,0
2022-04-29 21:30,101,35,66,0,0,0
2022-04-29 21:45,142,51,91,0,0,0
2022-04-29 22:00,139,38,101,0,0,0
2022-04-29 22:15,110,36,74,0,0,0
2022-04-29 22:30,116,31,85,0,0,0
2022-04-29 22:45,122,29,93,0,0,0
2022-04-29 23:00,129,38,91,0,0,0
2022-04-29 23:15,85,34,51,0,0,0
2022-04-29 23:30,105,40,65,0,0,0
2022-04-29 23:45,105,25,80,0,0,0
