Datetime,100034983 (Warendorfer Straße),101034983 (Warendorfer Straße stadteinwärts),102034983 (Warendorfer Straße stadtauswärts),100034983-status,101034983-status,102034983-status
2019-04-01 00:00,10,6,4,0,0,0
2019-04-01 00:15,14,11,3,0,0,0
2019-04-01 00:30,6,3,3,0,0,0
2019-04-01 00:45,1,0,1,0,0,0
2019-04-01 01:00,2,1,1,0,0,0
2019-04-01 01:15,2,0,2,0,0,0
2019-04-01 01:30,1,1,0,0,0,0
2019-04-01 01:45,3,2,1,0,0,0
2019-04-01 02:00,0,0,0,0,0,0
2019-04-01 02:15,3,1,2,0,0,0
2019-04-01 02:30,0,0,0,0,0,0
2019-04-01 02:45,0,0,0,0,0,0
2019-04-01 03:00,0,0,0,0,0,0
2019-04-01 03:15,1,0,1,0,0,0
2019-04-01 03:30,1,1,0,0,0,0
2019-04-01 03:45,0,0,0,0,0,0
2019-04-01 04:00,0,0,0,0,0,0
2019-04-01 04:15,0,0,0,0,0,0
2019-04-01 04:30,2,2,0,0,0,0
2019-04-01 04:45,1,0,1,0,0,0
2019-04-01 05:00,2,1,1,0,0,0
2019-04-01 05:15,7,4,3,0,0,0
2019-04-01 05:30,13,10,3,0,0,0
2019-04-01 05:45,14,6,8,0,0,0
2019-04-01 06:00,6,5,1,0,0,0
2019-04-01 06:15,26,17,9,0,0,0
2019-04-01 06:30,44,28,16,0,0,0
2019-04-01 06:45,90,62,28,0,0,0
2019-04-01 07:00,85,65,20,0,0,0
2019-04-01 07:15,171,134,37,0,0,0
2019-04-01 07:30,342,290,52,0,0,0
2019-04-01 07:45,234,185,49,0,0,0
2019-04-01 08:00,151,121,30,0,0,0
2019-04-01 08:15,166,131,35,0,0,0
2019-04-01 08:30,153,120,33,0,0,0
2019-04-01 08:45,177,149,28,0,0,0
2019-04-01 09:00,109,86,23,0,0,0
2019-04-01 09:15,113,89,24,0,0,0
2019-04-01 09:30,134,109,25,0,0,0
2019-04-01 09:45,162,131,31,0,0,0
2019-04-01 10:00,120,97,23,0,0,0
2019-04-01 10:15,117,85,32,0,0,0
2019-04-01 10:30,81,58,23,0,0,0
2019-04-01 10:45,88,66,22,0,0,0
2019-04-01 11:00,77,39,38,0,0,0
2019-04-01 11:15,92,69,23,0,0,0
2019-04-01 11:30,109,74,35,0,0,0
2019-04-01 11:45,127,82,45,0,0,0
2019-04-01 12:00,105,53,52,0,0,0
2019-04-01 12:15,105,63,42,0,0,0
2019-04-01 12:30,96,44,52,0,0,0
2019-04-01 12:45,137,72,65,0,0,0
2019-04-01 13:00,131,74,57,0,0,0
2019-04-01 13:15,109,52,57,0,0,0
2019-04-01 13:30,117,72,45,0,0,0
2019-04-01 13:45,140,73,67,0,0,0
2019-04-01 14:00,139,57,82,0,0,0
2019-04-01 14:15,116,69,47,0,0,0
2019-04-01 14:30,117,60,57,0,0,0
2019-04-01 14:45,168,103,65,0,0,0
2019-04-01 15:00,139,86,53,0,0,0
2019-04-01 15:15,174,105,69,0,0,0
2019-04-01 15:30,99,35,64,0,0,0
2019-04-01 15:45,199,96,103,0,0,0
2019-04-01 16:00,185,98,87,0,0,0
2019-04-01 16:15,111,27,84,0,0,0
2019-04-01 16:30,163,90,73,0,0,0
2019-04-01 16:45,187,103,84,0,0,0
2019-04-01 17:00,145,50,95,0,0,0
2019-04-01 17:15,181,92,89,0,0,0
2019-04-01 17:30,184,87,97,0,0,0
2019-04-01 17:45,192,104,88,0,0,0
2019-04-01 18:00,161,85,76,0,0,0
2019-04-01 18:15,124,62,62,0,0,0
2019-04-01 18:30,131,71,60,0,0,0
2019-04-01 18:45,136,71,65,0,0,0
2019-04-01 19:00,130,59,71,0,0,0
2019-04-01 19:15,137,61,76,0,0,0
2019-04-01 19:30,124,62,62,0,0,0
2019-04-01 19:45,122,42,80,0,0,0
2019-04-01 20:00,93,43,50,0,0,0
2019-04-01 20:15,68,30,38,0,0,0
2019-04-01 20:30,51,28,23,0,0,0
2019-04-01 20:45,45,19,26,0,0,0
2019-04-01 21:00,50,20,30,0,0,0
2019-04-01 21:15,65,31,34,0,0,0
2019-04-01 21:30,59,36,23,0,0,0
2019-04-01 21:45,58,28,30,0,0,0
2019-04-01 22:00,78,41,37,0,0,0
2019-04-01 22:15,37,13,24,0,0,0
2019-04-01 22:30,50,26,24,0,0,0
2019-04-01 22:45,22,9,13,0,0,0
2019-04-01 23:00,29,14,15,0,0,0
2019-04-01 23:15,23,8,15,0,0,0
2019-04-01 23:30,23,11,12,0,0,0
2019-04-01 23:45,8,3,5,0,0,0
2019-04-02 00:00,11,2,9,0,0,0
2019-04-02 00:15,15,4,11,0,0,0
2019-04-02 00:30,4,1,3,0,0,0
2019-04-02 00:45,10,0,10,0,0,0
2019-04-02 01:00,8,3,5,0,0,0
2019-04-02 01:15,3,1,2,0,0,0
2019-04-02 01:30,6,3,3,0,0,0
2019-04-02 01:45,7,4,3,0,0,0
2019-04-02 02:00,0,0,0,0,0,0
2019-04-02 02:15,1,0,1,0,0,0
2019-04-02 02:30,0,0,0,0,0,0
2019-04-02 02:45,2,2,0,0,0,0
2019-04-02 03:00,1,1,0,0,0,0
2019-04-02 03:15,2,1,1,0,0,0
2019-04-02 03:30,0,0,0,0,0,0
2019-04-02 03:45,1,0,1,0,0,0
2019-04-02 04:00,0,0,0,0,0,0
2019-04-02 04:15,0,0,0,0,0,0
2019-04-02 04:30,3,0,3,0,0,0
2019-04-02 04:45,0,0,0,0,0,0
2019-04-02 05:00,1,1,0,0,0,0
2019-04-02 05:15,6,4,2,0,0,0
2019-04-02 05:30,14,9,5,0,0,0
2019-04-02 05:45,14,10,4,0,0,0
2019-04-02 06:00,17,11,6,0,0,0
2019-04-02 06:15,27,19,8,0,0,0
2019-04-02 06:30,47,30,17,0,0,0
2019-04-02 06:45,75,56,19,0,0,0
2019-04-02 07:00,88,63,25,0,0,0
2019-04-02 07:15,163,129,34,0,0,0
2019-04-02 07:30,336,292,44,0,0,0
2019-04-02 07:45,243,189,54,0,0,0
2019-04-02 08:00,181,154,27,0,0,0
2019-04-02 08:15,144,112,32,0,0,0
2019-04-02 08:30,138,108,30,0,0,0
2019-04-02 08:45,187,154,33,0,0,0
2019-04-02 09:00,101,78,23,0,0,0
2019-04-02 09:15,126,102,24,0,0,0
2019-04-02 09:30,124,104,20,0,0,0
2019-04-02 09:45,174,146,28,0,0,0
2019-04-02 10:00,105,83,22,0,0,0
2019-04-02 10:15,97,66,31,0,0,0
2019-04-02 10:30,84,55,29,0,0,0
2019-04-02 10:45,36,3,33,0,0,0
2019-04-02 11:00,76,50,26,0,0,0
2019-04-02 11:15,96,48,48,0,0,0
2019-04-02 11:30,99,61,38,0,0,0
2019-04-02 11:45,117,75,42,0,0,0
2019-04-02 12:00,122,70,52,0,0,0
2019-04-02 12:15,74,0,74,0,0,0
2019-04-02 12:30,81,11,70,0,0,0
2019-04-02 12:45,95,41,54,0,0,0
2019-04-02 13:00,105,9,96,0,0,0
2019-04-02 13:15,131,64,67,0,0,0
2019-04-02 13:30,118,66,52,0,0,0
2019-04-02 13:45,132,72,60,0,0,0
2019-04-02 14:00,130,55,75,0,0,0
2019-04-02 14:15,97,38,59,0,0,0
2019-04-02 14:30,107,56,51,0,0,0
2019-04-02 14:45,125,63,62,0,0,0
2019-04-02 15:00,123,50,73,0,0,0
2019-04-02 15:15,112,60,52,0,0,0
2019-04-02 15:30,155,62,93,0,0,0
2019-04-02 15:45,186,110,76,0,0,0
2019-04-02 16:00,164,87,77,0,0,0
2019-04-02 16:15,145,62,83,0,0,0
2019-04-02 16:30,137,62,75,0,0,0
2019-04-02 16:45,167,72,95,0,0,0
2019-04-02 17:00,156,72,84,0,0,0
2019-04-02 17:15,175,69,106,0,0,0
2019-04-02 17:30,186,78,108,0,0,0
2019-04-02 17:45,164,74,90,0,0,0
2019-04-02 18:00,183,93,90,0,0,0
2019-04-02 18:15,163,69,94,0,0,0
2019-04-02 18:30,131,61,70,0,0,0
2019-04-02 18:45,134,73,61,0,0,0
2019-04-02 19:00,113,54,59,0,0,0
2019-04-02 19:15,107,60,47,0,0,0
2019-04-02 19:30,90,38,52,0,0,0
2019-04-02 19:45,118,43,75,0,0,0
2019-04-02 20:00,89,34,55,0,0,0
2019-04-02 20:15,61,29,32,0,0,0
2019-04-02 20:30,46,17,29,0,0,0
2019-04-02 20:45,55,29,26,0,0,0
2019-04-02 21:00,42,25,17,0,0,0
2019-04-02 21:15,43,12,31,0,0,0
2019-04-02 21:30,58,28,30,0,0,0
2019-04-02 21:45,46,22,24,0,0,0
2019-04-02 22:00,37,19,18,0,0,0
2019-04-02 22:15,42,26,16,0,0,0
2019-04-02 22:30,45,20,25,0,0,0
2019-04-02 22:45,28,13,15,0,0,0
2019-04-02 23:00,25,10,15,0,0,0
2019-04-02 23:15,15,4,11,0,0,0
2019-04-02 23:30,16,11,5,0,0,0
2019-04-02 23:45,15,4,11,0,0,0
2019-04-03 00:00,13,4,9,0,0,0
2019-04-03 00:15,5,0,5,0,0,0
2019-04-03 00:30,6,3,3,0,0,0
2019-04-03 00:45,3,0,3,0,0,0
2019-04-03 01:00,4,1,3,0,0,0
2019-04-03 01:15,3,0,3,0,0,0
2019-04-03 01:30,3,1,2,0,0,0
2019-04-03 01:45,4,0,4,0,0,0
2019-04-03 02:00,1,0,1,0,0,0
2019-04-03 02:15,2,2,0,0,0,0
2019-04-03 02:30,0,0,0,0,0,0
2019-04-03 02:45,0,0,0,0,0,0
2019-04-03 03:00,1,0,1,0,0,0
2019-04-03 03:15,0,0,0,0,0,0
2019-04-03 03:30,2,0,2,0,0,0
2019-04-03 03:45,0,0,0,0,0,0
2019-04-03 04:00,2,1,1,0,0,0
2019-04-03 04:15,0,0,0,0,0,0
2019-04-03 04:30,0,0,0,0,0,0
2019-04-03 04:45,2,1,1,0,0,0
2019-04-03 05:00,3,2,1,0,0,0
2019-04-03 05:15,3,3,0,0,0,0
2019-04-03 05:30,12,7,5,0,0,0
2019-04-03 05:45,15,8,7,0,0,0
2019-04-03 06:00,14,10,4,0,0,0
2019-04-03 06:15,20,13,7,0,0,0
2019-04-03 06:30,47,31,16,0,0,0
2019-04-03 06:45,75,57,18,0,0,0
2019-04-03 07:00,96,71,25,0,0,0
2019-04-03 07:15,181,148,33,0,0,0
2019-04-03 07:30,332,288,44,0,0,0
2019-04-03 07:45,249,190,59,0,0,0
2019-04-03 08:00,187,146,41,0,0,0
2019-04-03 08:15,136,108,28,0,0,0
2019-04-03 08:30,147,114,33,0,0,0
2019-04-03 08:45,170,140,30,0,0,0
2019-04-03 09:00,105,86,19,0,0,0
2019-04-03 09:15,109,90,19,0,0,0
2019-04-03 09:30,124,99,25,0,0,0
2019-04-03 09:45,179,152,27,0,0,0
2019-04-03 10:00,107,82,25,0,0,0
2019-04-03 10:15,78,58,20,0,0,0
2019-04-03 10:30,77,54,23,0,0,0
2019-04-03 10:45,86,53,33,0,0,0
2019-04-03 11:00,73,45,28,0,0,0
2019-04-03 11:15,86,46,40,0,0,0
2019-04-03 11:30,83,54,29,0,0,0
2019-04-03 11:45,93,65,28,0,0,0
2019-04-03 12:00,94,45,49,0,0,0
2019-04-03 12:15,104,48,56,0,0,0
2019-04-03 12:30,115,46,69,0,0,0
2019-04-03 12:45,114,59,55,0,0,0
2019-04-03 13:00,141,76,65,0,0,0
2019-04-03 13:15,134,51,83,0,0,0
2019-04-03 13:30,96,57,39,0,0,0
2019-04-03 13:45,140,80,60,0,0,0
2019-04-03 14:00,132,43,89,0,0,0
2019-04-03 14:15,118,43,75,0,0,0
2019-04-03 14:30,93,44,49,0,0,0
2019-04-03 14:45,120,57,63,0,0,0
2019-04-03 15:00,124,49,75,0,0,0
2019-04-03 15:15,107,60,47,0,0,0
2019-04-03 15:30,129,65,64,0,0,0
2019-04-03 15:45,173,84,89,0,0,0
2019-04-03 16:00,180,75,105,0,0,0
2019-04-03 16:15,150,79,71,0,0,0
2019-04-03 16:30,132,66,66,0,0,0
2019-04-03 16:45,142,69,73,0,0,0
2019-04-03 17:00,154,75,79,0,0,0
2019-04-03 17:15,139,65,74,0,0,0
2019-04-03 17:30,144,63,81,0,0,0
2019-04-03 17:45,180,88,92,0,0,0
2019-04-03 18:00,162,71,91,0,0,0
2019-04-03 18:15,138,60,78,0,0,0
2019-04-03 18:30,124,67,57,0,0,0
2019-04-03 18:45,133,68,65,0,0,0
2019-04-03 19:00,143,69,74,0,0,0
2019-04-03 19:15,123,62,61,0,0,0
2019-04-03 19:30,124,75,49,0,0,0
2019-04-03 19:45,93,50,43,0,0,0
2019-04-03 20:00,82,35,47,0,0,0
2019-04-03 20:15,62,29,33,0,0,0
2019-04-03 20:30,63,32,31,0,0,0
2019-04-03 20:45,55,26,29,0,0,0
2019-04-03 21:00,61,32,29,0,0,0
2019-04-03 21:15,58,31,27,0,0,0
2019-04-03 21:30,65,20,45,0,0,0
2019-04-03 21:45,64,23,41,0,0,0
2019-04-03 22:00,72,29,43,0,0,0
2019-04-03 22:15,30,6,24,0,0,0
2019-04-03 22:30,31,5,26,0,0,0
2019-04-03 22:45,48,32,16,0,0,0
2019-04-03 23:00,31,15,16,0,0,0
2019-04-03 23:15,22,10,12,0,0,0
2019-04-03 23:30,28,13,15,0,0,0
2019-04-03 23:45,25,8,17,0,0,0
2019-04-04 00:00,15,2,13,0,0,0
2019-04-04 00:15,14,6,8,0,0,0
2019-04-04 00:30,30,27,3,0,0,0
2019-04-04 00:45,19,13,6,0,0,0
2019-04-04 01:00,23,14,9,0,0,0
2019-04-04 01:15,7,3,4,0,0,0
2019-04-04 01:30,10,0,10,0,0,0
2019-04-04 01:45,5,3,2,0,0,0
2019-04-04 02:00,4,0,4,0,0,0
2019-04-04 02:15,8,1,7,0,0,0
2019-04-04 02:30,3,0,3,0,0,0
2019-04-04 02:45,5,0,5,0,0,0
2019-04-04 03:00,9,3,6,0,0,0
2019-04-04 03:15,6,0,6,0,0,0
2019-04-04 03:30,5,1,4,0,0,0
2019-04-04 03:45,1,0,1,0,0,0
2019-04-04 04:00,7,3,4,0,0,0
2019-04-04 04:15,3,1,2,0,0,0
2019-04-04 04:30,0,0,0,0,0,0
2019-04-04 04:45,1,0,1,0,0,0
2019-04-04 05:00,2,0,2,0,0,0
2019-04-04 05:15,5,0,5,0,0,0
2019-04-04 05:30,11,8,3,0,0,0
2019-04-04 05:45,17,9,8,0,0,0
2019-04-04 06:00,17,14,3,0,0,0
2019-04-04 06:15,17,9,8,0,0,0
2019-04-04 06:30,43,30,13,0,0,0
2019-04-04 06:45,66,51,15,0,0,0
2019-04-04 07:00,75,55,20,0,0,0
2019-04-04 07:15,166,129,37,0,0,0
2019-04-04 07:30,341,292,49,0,0,0
2019-04-04 07:45,232,168,64,0,0,0
2019-04-04 08:00,177,145,32,0,0,0
2019-04-04 08:15,162,127,35,0,0,0
2019-04-04 08:30,144,120,24,0,0,0
2019-04-04 08:45,129,95,34,0,0,0
2019-04-04 09:00,101,80,21,0,0,0
2019-04-04 09:15,115,84,31,0,0,0
2019-04-04 09:30,93,71,22,0,0,0
2019-04-04 09:45,147,117,30,0,0,0
2019-04-04 10:00,99,77,22,0,0,0
2019-04-04 10:15,74,54,20,0,0,0
2019-04-04 10:30,67,39,28,0,0,0
2019-04-04 10:45,77,46,31,0,0,0
2019-04-04 11:00,64,33,31,0,0,0
2019-04-04 11:15,73,47,26,0,0,0
2019-04-04 11:30,87,55,32,0,0,0
2019-04-04 11:45,121,83,38,0,0,0
2019-04-04 12:00,97,54,43,0,0,0
2019-04-04 12:15,87,44,43,0,0,0
2019-04-04 12:30,83,36,47,0,0,0
2019-04-04 12:45,105,42,63,0,0,0
2019-04-04 13:00,107,54,53,0,0,0
2019-04-04 13:15,94,44,50,0,0,0
2019-04-04 13:30,115,61,54,0,0,0
2019-04-04 13:45,119,63,56,0,0,0
2019-04-04 14:00,132,45,87,0,0,0
2019-04-04 14:15,88,41,47,0,0,0
2019-04-04 14:30,87,45,42,0,0,0
2019-04-04 14:45,114,52,62,0,0,0
2019-04-04 15:00,110,53,57,0,0,0
2019-04-04 15:15,90,51,39,0,0,0
2019-04-04 15:30,109,52,57,0,0,0
2019-04-04 15:45,150,64,86,0,0,0
2019-04-04 16:00,140,73,67,0,0,0
2019-04-04 16:15,153,84,69,0,0,0
2019-04-04 16:30,160,76,84,0,0,0
2019-04-04 16:45,120,53,67,0,0,0
2019-04-04 17:00,118,61,57,0,0,0
2019-04-04 17:15,98,43,55,0,0,0
2019-04-04 17:30,109,47,62,0,0,0
2019-04-04 17:45,175,75,100,0,0,0
2019-04-04 18:00,131,56,75,0,0,0
2019-04-04 18:15,125,56,69,0,0,0
2019-04-04 18:30,114,42,72,0,0,0
2019-04-04 18:45,122,57,65,0,0,0
2019-04-04 19:00,108,44,64,0,0,0
2019-04-04 19:15,96,46,50,0,0,0
2019-04-04 19:30,86,42,44,0,0,0
2019-04-04 19:45,105,47,58,0,0,0
2019-04-04 20:00,82,31,51,0,0,0
2019-04-04 20:15,54,16,38,0,0,0
2019-04-04 20:30,49,25,24,0,0,0
2019-04-04 20:45,35,21,14,0,0,0
2019-04-04 21:00,45,28,17,0,0,0
2019-04-04 21:15,32,17,15,0,0,0
2019-04-04 21:30,40,22,18,0,0,0
2019-04-04 21:45,38,20,18,0,0,0
2019-04-04 22:00,48,15,33,0,0,0
2019-04-04 22:15,51,19,32,0,0,0
2019-04-04 22:30,58,36,22,0,0,0
2019-04-04 22:45,39,23,16,0,0,0
2019-04-04 23:00,24,11,13,0,0,0
2019-04-04 23:15,21,3,18,0,0,0
2019-04-04 23:30,13,7,6,0,0,0
2019-04-04 23:45,21,10,11,0,0,0
2019-04-05 00:00,14,7,7,0,0,0
2019-04-05 00:15,5,4,1,0,0,0
2019-04-05 00:30,7,3,4,0,0,0
2019-04-05 00:45,5,1,4,0,0,0
2019-04-05 01:00,6,4,2,0,0,0
2019-04-05 01:15,1,0,1,0,0,0
2019-04-05 01:30,5,2,3,0,0,0
2019-04-05 01:45,7,6,1,0,0,0
2019-04-05 02:00,2,0,2,0,0,0
2019-04-05 02:15,1,1,0,0,0,0
2019-04-05 02:30,3,2,1,0,0,0
2019-04-05 02:45,2,2,0,0,0,0
2019-04-05 03:00,2,0,2,0,0,0
2019-04-05 03:15,2,2,0,0,0,0
2019-04-05 03:30,3,1,2,0,0,0
2019-04-05 03:45,1,1,0,0,0,0
2019-04-05 04:00,0,0,0,0,0,0
2019-04-05 04:15,2,0,2,0,0,0
2019-04-05 04:30,0,0,0,0,0,0
2019-04-05 04:45,3,1,2,0,0,0
2019-04-05 05:00,0,0,0,0,0,0
2019-04-05 05:15,6,5,1,0,0,0
2019-04-05 05:30,8,5,3,0,0,0
2019-04-05 05:45,10,5,5,0,0,0
2019-04-05 06:00,11,6,5,0,0,0
2019-04-05 06:15,21,11,10,0,0,0
2019-04-05 06:30,32,20,12,0,0,0
2019-04-05 06:45,60,43,17,0,0,0
2019-04-05 07:00,64,49,15,0,0,0
2019-04-05 07:15,167,126,41,0,0,0
2019-04-05 07:30,291,243,48,0,0,0
2019-04-05 07:45,214,168,46,0,0,0
2019-04-05 08:00,146,112,34,0,0,0
2019-04-05 08:15,110,77,33,0,0,0
2019-04-05 08:30,107,81,26,0,0,0
2019-04-05 08:45,138,112,26,0,0,0
2019-04-05 09:00,87,70,17,0,0,0
2019-04-05 09:15,76,55,21,0,0,0
2019-04-05 09:30,93,71,22,0,0,0
2019-04-05 09:45,128,105,23,0,0,0
2019-04-05 10:00,83,65,18,0,0,0
2019-04-05 10:15,67,45,22,0,0,0
2019-04-05 10:30,67,48,19,0,0,0
2019-04-05 10:45,80,48,32,0,0,0
2019-04-05 11:00,81,60,21,0,0,0
2019-04-05 11:15,80,58,22,0,0,0
2019-04-05 11:30,76,45,31,0,0,0
2019-04-05 11:45,123,77,46,0,0,0
2019-04-05 12:00,77,48,29,0,0,0
2019-04-05 12:15,114,56,58,0,0,0
2019-04-05 12:30,127,65,62,0,0,0
2019-04-05 12:45,129,66,63,0,0,0
2019-04-05 13:00,131,57,74,0,0,0
2019-04-05 13:15,182,87,95,0,0,0
2019-04-05 13:30,121,67,54,0,0,0
2019-04-05 13:45,148,77,71,0,0,0
2019-04-05 14:00,146,60,86,0,0,0
2019-04-05 14:15,112,59,53,0,0,0
2019-04-05 14:30,114,50,64,0,0,0
2019-04-05 14:45,188,115,73,0,0,0
2019-04-05 15:00,113,66,47,0,0,0
2019-04-05 15:15,124,64,60,0,0,0
2019-04-05 15:30,113,56,57,0,0,0
2019-04-05 15:45,152,87,65,0,0,0
2019-04-05 16:00,122,79,43,0,0,0
2019-04-05 16:15,121,60,61,0,0,0
2019-04-05 16:30,121,60,61,0,0,0
2019-04-05 16:45,116,62,54,0,0,0
2019-04-05 17:00,135,64,71,0,0,0
2019-04-05 17:15,99,49,50,0,0,0
2019-04-05 17:30,121,71,50,0,0,0
2019-04-05 17:45,134,64,70,0,0,0
2019-04-05 18:00,149,83,66,0,0,0
2019-04-05 18:15,123,53,70,0,0,0
2019-04-05 18:30,130,75,55,0,0,0
2019-04-05 18:45,114,64,50,0,0,0
2019-04-05 19:00,100,45,55,0,0,0
2019-04-05 19:15,103,58,45,0,0,0
2019-04-05 19:30,77,34,43,0,0,0
2019-04-05 19:45,96,56,40,0,0,0
2019-04-05 20:00,80,56,24,0,0,0
2019-04-05 20:15,74,43,31,0,0,0
2019-04-05 20:30,67,36,31,0,0,0
2019-04-05 20:45,53,29,24,0,0,0
2019-04-05 21:00,56,35,21,0,0,0
2019-04-05 21:15,54,30,24,0,0,0
2019-04-05 21:30,48,25,23,0,0,0
2019-04-05 21:45,47,18,29,0,0,0
2019-04-05 22:00,54,26,28,0,0,0
2019-04-05 22:15,41,22,19,0,0,0
2019-04-05 22:30,42,18,24,0,0,0
2019-04-05 22:45,35,13,22,0,0,0
2019-04-05 23:00,40,19,21,0,0,0
2019-04-05 23:15,51,25,26,0,0,0
2019-04-05 23:30,51,25,26,0,0,0
2019-04-05 23:45,35,12,23,0,0,0
2019-04-06 00:00,22,14,8,0,0,0
2019-04-06 00:15,22,16,6,0,0,0
2019-04-06 00:30,41,17,24,0,0,0
2019-04-06 00:45,19,6,13,0,0,0
2019-04-06 01:00,26,13,13,0,0,0
2019-04-06 01:15,19,9,10,0,0,0
2019-04-06 01:30,15,8,7,0,0,0
2019-04-06 01:45,24,10,14,0,0,0
2019-04-06 02:00,17,12,5,0,0,0
2019-04-06 02:15,16,7,9,0,0,0
2019-04-06 02:30,14,5,9,0,0,0
2019-04-06 02:45,13,3,10,0,0,0
2019-04-06 03:00,5,0,5,0,0,0
2019-04-06 03:15,13,2,11,0,0,0
2019-04-06 03:30,9,4,5,0,0,0
2019-04-06 03:45,11,7,4,0,0,0
2019-04-06 04:00,3,1,2,0,0,0
2019-04-06 04:15,1,0,1,0,0,0
2019-04-06 04:30,2,0,2,0,0,0
2019-04-06 04:45,9,6,3,0,0,0
2019-04-06 05:00,3,1,2,0,0,0
2019-04-06 05:15,4,3,1,0,0,0
2019-04-06 05:30,16,12,4,0,0,0
2019-04-06 05:45,8,5,3,0,0,0
2019-04-06 06:00,7,5,2,0,0,0
2019-04-06 06:15,8,4,4,0,0,0
2019-04-06 06:30,6,4,2,0,0,0
2019-04-06 06:45,8,7,1,0,0,0
2019-04-06 07:00,10,7,3,0,0,0
2019-04-06 07:15,19,13,6,0,0,0
2019-04-06 07:30,18,11,7,0,0,0
2019-04-06 07:45,33,22,11,0,0,0
2019-04-06 08:00,30,19,11,0,0,0
2019-04-06 08:15,29,20,9,0,0,0
2019-04-06 08:30,56,42,14,0,0,0
2019-04-06 08:45,80,61,19,0,0,0
2019-04-06 09:00,60,49,11,0,0,0
2019-04-06 09:15,77,53,24,0,0,0
2019-04-06 09:30,81,66,15,0,0,0
2019-04-06 09:45,156,126,30,0,0,0
2019-04-06 10:00,109,94,15,0,0,0
2019-04-06 10:15,118,96,22,0,0,0
2019-04-06 10:30,152,124,28,0,0,0
2019-04-06 10:45,152,116,36,0,0,0
2019-04-06 11:00,137,100,37,0,0,0
2019-04-06 11:15,154,111,43,0,0,0
2019-04-06 11:30,155,108,47,0,0,0
2019-04-06 11:45,169,118,51,0,0,0
2019-04-06 12:00,155,99,56,0,0,0
2019-04-06 12:15,150,98,52,0,0,0
2019-04-06 12:30,172,110,62,0,0,0
2019-04-06 12:45,168,94,74,0,0,0
2019-04-06 13:00,160,81,79,0,0,0
2019-04-06 13:15,156,89,67,0,0,0
2019-04-06 13:30,182,102,80,0,0,0
2019-04-06 13:45,170,97,73,0,0,0
2019-04-06 14:00,130,67,63,0,0,0
2019-04-06 14:15,175,82,93,0,0,0
2019-04-06 14:30,124,55,69,0,0,0
2019-04-06 14:45,139,74,65,0,0,0
2019-04-06 15:00,137,65,72,0,0,0
2019-04-06 15:15,130,69,61,0,0,0
2019-04-06 15:30,123,62,61,0,0,0
2019-04-06 15:45,122,66,56,0,0,0
2019-04-06 16:00,126,64,62,0,0,0
2019-04-06 16:15,113,77,36,0,0,0
2019-04-06 16:30,107,54,53,0,0,0
2019-04-06 16:45,113,60,53,0,0,0
2019-04-06 17:00,127,62,65,0,0,0
2019-04-06 17:15,116,72,44,0,0,0
2019-04-06 17:30,124,63,61,0,0,0
2019-04-06 17:45,182,104,78,0,0,0
2019-04-06 18:00,149,62,87,0,0,0
2019-04-06 18:15,135,73,62,0,0,0
2019-04-06 18:30,107,48,59,0,0,0
2019-04-06 18:45,111,62,49,0,0,0
2019-04-06 19:00,111,59,52,0,0,0
2019-04-06 19:15,98,50,48,0,0,0
2019-04-06 19:30,64,37,27,0,0,0
2019-04-06 19:45,99,50,49,0,0,0
2019-04-06 20:00,82,41,41,0,0,0
2019-04-06 20:15,90,52,38,0,0,0
2019-04-06 20:30,88,38,50,0,0,0
2019-04-06 20:45,82,58,24,0,0,0
2019-04-06 21:00,62,41,21,0,0,0
2019-04-06 21:15,59,31,28,0,0,0
2019-04-06 21:30,59,33,26,0,0,0
2019-04-06 21:45,48,26,22,0,0,0
2019-04-06 22:00,71,45,26,0,0,0
2019-04-06 22:15,57,31,26,0,0,0
2019-04-06 22:30,47,20,27,0,0,0
2019-04-06 22:45,42,18,24,0,0,0
2019-04-06 23:00,52,26,26,0,0,0
2019-04-06 23:15,48,25,23,0,0,0
2019-04-06 23:30,40,18,22,0,0,0
2019-04-06 23:45,43,13,30,0,0,0
2019-04-07 00:00,27,7,20,0,0,0
2019-04-07 00:15,37,14,23,0,0,0
2019-04-07 00:30,36,15,21,0,0,0
2019-04-07 00:45,35,21,14,0,0,0
2019-04-07 01:00,32,12,20,0,0,0
2019-04-07 01:15,39,24,15,0,0,0
2019-04-07 01:30,19,5,14,0,0,0
2019-04-07 01:45,21,8,13,0,0,0
2019-04-07 02:00,22,10,12,0,0,0
2019-04-07 02:15,14,4,10,0,0,0
2019-04-07 02:30,17,5,12,0,0,0
2019-04-07 02:45,16,6,10,0,0,0
2019-04-07 03:00,13,5,8,0,0,0
2019-04-07 03:15,18,4,14,0,0,0
2019-04-07 03:30,12,4,8,0,0,0
2019-04-07 03:45,6,6,0,0,0,0
2019-04-07 04:00,5,0,5,0,0,0
2019-04-07 04:15,7,0,7,0,0,0
2019-04-07 04:30,3,3,0,0,0,0
2019-04-07 04:45,6,2,4,0,0,0
2019-04-07 05:00,3,0,3,0,0,0
2019-04-07 05:15,2,1,1,0,0,0
2019-04-07 05:30,6,4,2,0,0,0
2019-04-07 05:45,5,0,5,0,0,0
2019-04-07 06:00,7,3,4,0,0,0
2019-04-07 06:15,9,6,3,0,0,0
2019-04-07 06:30,2,2,0,0,0,0
2019-04-07 06:45,5,4,1,0,0,0
2019-04-07 07:00,3,1,2,0,0,0
2019-04-07 07:15,2,1,1,0,0,0
2019-04-07 07:30,6,2,4,0,0,0
2019-04-07 07:45,13,9,4,0,0,0
2019-04-07 08:00,9,5,4,0,0,0
2019-04-07 08:15,8,6,2,0,0,0
2019-04-07 08:30,14,12,2,0,0,0
2019-04-07 08:45,21,15,6,0,0,0
2019-04-07 09:00,24,16,8,0,0,0
2019-04-07 09:15,29,24,5,0,0,0
2019-04-07 09:30,29,23,6,0,0,0
2019-04-07 09:45,59,42,17,0,0,0
2019-04-07 10:00,48,31,17,0,0,0
2019-04-07 10:15,60,50,10,0,0,0
2019-04-07 10:30,46,32,14,0,0,0
2019-04-07 10:45,45,26,19,0,0,0
2019-04-07 11:00,47,29,18,0,0,0
2019-04-07 11:15,61,35,26,0,0,0
2019-04-07 11:30,69,40,29,0,0,0
2019-04-07 11:45,85,60,25,0,0,0
2019-04-07 12:00,74,47,27,0,0,0
2019-04-07 12:15,93,75,18,0,0,0
2019-04-07 12:30,109,78,31,0,0,0
2019-04-07 12:45,95,44,51,0,0,0
2019-04-07 13:00,91,59,32,0,0,0
2019-04-07 13:15,110,72,38,0,0,0
2019-04-07 13:30,118,87,31,0,0,0
2019-04-07 13:45,120,70,50,0,0,0
2019-04-07 14:00,109,62,47,0,0,0
2019-04-07 14:15,93,60,33,0,0,0
2019-04-07 14:30,123,80,43,0,0,0
2019-04-07 14:45,132,85,47,0,0,0
2019-04-07 15:00,118,68,50,0,0,0
2019-04-07 15:15,109,64,45,0,0,0
2019-04-07 15:30,150,94,56,0,0,0
2019-04-07 15:45,95,60,35,0,0,0
2019-04-07 16:00,105,54,51,0,0,0
2019-04-07 16:15,93,47,46,0,0,0
2019-04-07 16:30,121,78,43,0,0,0
2019-04-07 16:45,130,66,64,0,0,0
2019-04-07 17:00,89,53,36,0,0,0
2019-04-07 17:15,95,58,37,0,0,0
2019-04-07 17:30,110,66,44,0,0,0
2019-04-07 17:45,134,84,50,0,0,0
2019-04-07 18:00,100,34,66,0,0,0
2019-04-07 18:15,104,62,42,0,0,0
2019-04-07 18:30,122,74,48,0,0,0
2019-04-07 18:45,81,40,41,0,0,0
2019-04-07 19:00,77,40,37,0,0,0
2019-04-07 19:15,62,34,28,0,0,0
2019-04-07 19:30,56,28,28,0,0,0
2019-04-07 19:45,80,47,33,0,0,0
2019-04-07 20:00,63,27,36,0,0,0
2019-04-07 20:15,35,12,23,0,0,0
2019-04-07 20:30,23,0,23,0,0,0
2019-04-07 20:45,17,0,17,0,0,0
2019-04-07 21:00,27,1,26,0,0,0
2019-04-07 21:15,16,0,16,0,0,0
2019-04-07 21:30,8,0,8,0,0,0
2019-04-07 21:45,22,0,22,0,0,0
2019-04-07 22:00,13,1,12,0,0,0
2019-04-07 22:15,17,0,17,0,0,0
2019-04-07 22:30,13,0,13,0,0,0
2019-04-07 22:45,8,0,8,0,0,0
2019-04-07 23:00,4,2,2,0,0,0
2019-04-07 23:15,13,8,5,0,0,0
2019-04-07 23:30,4,0,4,0,0,0
2019-04-07 23:45,7,0,7,0,0,0
2019-04-08 00:00,0,0,0,0,0,0
2019-04-08 00:15,6,0,6,0,0,0
2019-04-08 00:30,3,0,3,0,0,0
2019-04-08 00:45,0,0,0,0,0,0
2019-04-08 01:00,0,0,0,0,0,0
2019-04-08 01:15,2,0,2,0,0,0
2019-04-08 01:30,0,0,0,0,0,0
2019-04-08 01:45,2,2,0,0,0,0
2019-04-08 02:00,1,0,1,0,0,0
2019-04-08 02:15,4,3,1,0,0,0
2019-04-08 02:30,0,0,0,0,0,0
2019-04-08 02:45,0,0,0,0,0,0
2019-04-08 03:00,1,0,1,0,0,0
2019-04-08 03:15,0,0,0,0,0,0
2019-04-08 03:30,0,0,0,0,0,0
2019-04-08 03:45,1,1,0,0,0,0
2019-04-08 04:00,1,0,1,0,0,0
2019-04-08 04:15,1,0,1,0,0,0
2019-04-08 04:30,1,1,0,0,0,0
2019-04-08 04:45,1,0,1,0,0,0
2019-04-08 05:00,4,3,1,0,0,0
2019-04-08 05:15,4,0,4,0,0,0
2019-04-08 05:30,13,7,6,0,0,0
2019-04-08 05:45,12,0,12,0,0,0
2019-04-08 06:00,10,7,3,0,0,0
2019-04-08 06:15,31,21,10,0,0,0
2019-04-08 06:30,29,0,29,0,0,0
2019-04-08 06:45,81,57,24,0,0,0
2019-04-08 07:00,22,0,22,0,0,0
2019-04-08 07:15,42,0,42,0,0,0
2019-04-08 07:30,296,253,43,0,0,0
2019-04-08 07:45,256,186,70,0,0,0
2019-04-08 08:00,31,1,30,0,0,0
2019-04-08 08:15,46,3,43,0,0,0
2019-04-08 08:30,32,0,32,0,0,0
2019-04-08 08:45,31,5,26,0,0,0
2019-04-08 09:00,92,69,23,0,0,0
2019-04-08 09:15,33,0,33,0,0,0
2019-04-08 09:30,45,24,21,0,0,0
2019-04-08 09:45,35,0,35,0,0,0
2019-04-08 10:00,62,36,26,0,0,0
2019-04-08 10:15,51,20,31,0,0,0
2019-04-08 10:30,50,21,29,0,0,0
2019-04-08 10:45,44,4,40,0,0,0
2019-04-08 11:00,33,2,31,0,0,0
2019-04-08 11:15,41,14,27,0,0,0
2019-04-08 11:30,56,13,43,0,0,0
2019-04-08 11:45,46,0,46,0,0,0
2019-04-08 12:00,48,7,41,0,0,0
2019-04-08 12:15,58,0,58,0,0,0
2019-04-08 12:30,67,0,67,0,0,0
2019-04-08 12:45,69,10,59,0,0,0
2019-04-08 13:00,73,3,70,0,0,0
2019-04-08 13:15,78,17,61,0,0,0
2019-04-08 13:30,50,2,48,0,0,0
2019-04-08 13:45,79,1,78,0,0,0
2019-04-08 14:00,98,13,85,0,0,0
2019-04-08 14:15,109,41,68,0,0,0
2019-04-08 14:30,91,29,62,0,0,0
2019-04-08 14:45,94,8,86,0,0,0
2019-04-08 15:00,50,2,48,0,0,0
2019-04-08 15:15,70,1,69,0,0,0
2019-04-08 15:30,129,25,104,0,0,0
2019-04-08 15:45,130,19,111,0,0,0
2019-04-08 16:00,113,4,109,0,0,0
2019-04-08 16:15,134,41,93,0,0,0
2019-04-08 16:30,101,17,84,0,0,0
2019-04-08 16:45,92,5,87,0,0,0
2019-04-08 17:00,90,1,89,0,0,0
2019-04-08 17:15,99,1,98,0,0,0
2019-04-08 17:30,88,3,85,0,0,0
2019-04-08 17:45,142,36,106,0,0,0
2019-04-08 18:00,104,0,104,0,0,0
2019-04-08 18:15,118,8,110,0,0,0
2019-04-08 18:30,101,17,84,0,0,0
2019-04-08 18:45,74,8,66,0,0,0
2019-04-08 19:00,73,0,73,0,0,0
2019-04-08 19:15,77,15,62,0,0,0
2019-04-08 19:30,74,12,62,0,0,0
2019-04-08 19:45,92,16,76,0,0,0
2019-04-08 20:00,73,0,73,0,0,0
2019-04-08 20:15,54,0,54,0,0,0
2019-04-08 20:30,43,1,42,0,0,0
2019-04-08 20:45,37,0,37,0,0,0
2019-04-08 21:00,35,0,35,0,0,0
2019-04-08 21:15,36,0,36,0,0,0
2019-04-08 21:30,33,0,33,0,0,0
2019-04-08 21:45,39,16,23,0,0,0
2019-04-08 22:00,24,0,24,0,0,0
2019-04-08 22:15,33,3,30,0,0,0
2019-04-08 22:30,49,7,42,0,0,0
2019-04-08 22:45,23,7,16,0,0,0
2019-04-08 23:00,20,0,20,0,0,0
2019-04-08 23:15,16,6,10,0,0,0
2019-04-08 23:30,10,5,5,0,0,0
2019-04-08 23:45,13,0,13,0,0,0
2019-04-09 00:00,4,2,2,0,0,0
2019-04-09 00:15,12,6,6,0,0,0
2019-04-09 00:30,9,5,4,0,0,0
2019-04-09 00:45,3,0,3,0,0,0
2019-04-09 01:00,5,0,5,0,0,0
2019-04-09 01:15,4,0,4,0,0,0
2019-04-09 01:30,5,0,5,0,0,0
2019-04-09 01:45,5,2,3,0,0,0
2019-04-09 02:00,4,0,4,0,0,0
2019-04-09 02:15,1,0,1,0,0,0
2019-04-09 02:30,4,2,2,0,0,0
2019-04-09 02:45,2,0,2,0,0,0
2019-04-09 03:00,3,1,2,0,0,0
2019-04-09 03:15,3,2,1,0,0,0
2019-04-09 03:30,0,0,0,0,0,0
2019-04-09 03:45,4,3,1,0,0,0
2019-04-09 04:00,2,2,0,0,0,0
2019-04-09 04:15,1,0,1,0,0,0
2019-04-09 04:30,0,0,0,0,0,0
2019-04-09 04:45,1,0,1,0,0,0
2019-04-09 05:00,1,0,1,0,0,0
2019-04-09 05:15,3,3,0,0,0,0
2019-04-09 05:30,6,0,6,0,0,0
2019-04-09 05:45,9,2,7,0,0,0
2019-04-09 06:00,5,0,5,0,0,0
2019-04-09 06:15,8,0,8,0,0,0
2019-04-09 06:30,28,5,23,0,0,0
2019-04-09 06:45,36,13,23,0,0,0
2019-04-09 07:00,30,4,26,0,0,0
2019-04-09 07:15,44,0,44,0,0,0
2019-04-09 07:30,91,47,44,0,0,0
2019-04-09 07:45,125,66,59,0,0,0
2019-04-09 08:00,53,16,37,0,0,0
2019-04-09 08:15,45,13,32,0,0,0
2019-04-09 08:30,50,22,28,0,0,0
2019-04-09 08:45,88,51,37,0,0,0
2019-04-09 09:00,28,3,25,0,0,0
2019-04-09 09:15,102,78,24,0,0,0
2019-04-09 09:30,127,110,17,0,0,0
2019-04-09 09:45,66,39,27,0,0,0
2019-04-09 10:00,45,8,37,0,0,0
2019-04-09 10:15,28,0,28,0,0,0
2019-04-09 10:30,34,0,34,0,0,0
2019-04-09 10:45,57,24,33,0,0,0
2019-04-09 11:00,25,0,25,0,0,0
2019-04-09 11:15,48,13,35,0,0,0
2019-04-09 11:30,34,0,34,0,0,0
2019-04-09 11:45,66,22,44,0,0,0
2019-04-09 12:00,70,8,62,0,0,0
2019-04-09 12:15,61,11,50,0,0,0
2019-04-09 12:30,100,21,79,0,0,0
2019-04-09 12:45,61,1,60,0,0,0
2019-04-09 13:00,99,12,87,0,0,0
2019-04-09 13:15,53,0,53,0,0,0
2019-04-09 13:30,54,0,54,0,0,0
2019-04-09 13:45,86,3,83,0,0,0
2019-04-09 14:00,61,4,57,0,0,0
2019-04-09 14:15,75,1,74,0,0,0
2019-04-09 14:30,41,0,41,0,0,0
2019-04-09 14:45,90,28,62,0,0,0
2019-04-09 15:00,57,0,57,0,0,0
2019-04-09 15:15,62,12,50,0,0,0
2019-04-09 15:30,92,0,92,0,0,0
2019-04-09 15:45,94,0,94,0,0,0
2019-04-09 16:00,113,1,112,0,0,0
2019-04-09 16:15,97,2,95,0,0,0
2019-04-09 16:30,87,5,82,0,0,0
2019-04-09 16:45,104,0,104,0,0,0
2019-04-09 17:00,84,0,84,0,0,0
2019-04-09 17:15,100,1,99,0,0,0
2019-04-09 17:30,110,4,106,0,0,0
2019-04-09 17:45,145,5,140,0,0,0
2019-04-09 18:00,126,28,98,0,0,0
2019-04-09 18:15,96,17,79,0,0,0
2019-04-09 18:30,67,0,67,0,0,0
2019-04-09 18:45,72,0,72,0,0,0
2019-04-09 19:00,95,19,76,0,0,0
2019-04-09 19:15,63,0,63,0,0,0
2019-04-09 19:30,44,0,44,0,0,0
2019-04-09 19:45,89,13,76,0,0,0
2019-04-09 20:00,63,6,57,0,0,0
2019-04-09 20:15,67,9,58,0,0,0
2019-04-09 20:30,51,0,51,0,0,0
2019-04-09 20:45,43,0,43,0,0,0
2019-04-09 21:00,37,6,31,0,0,0
2019-04-09 21:15,32,3,29,0,0,0
2019-04-09 21:30,43,10,33,0,0,0
2019-04-09 21:45,60,28,32,0,0,0
2019-04-09 22:00,39,1,38,0,0,0
2019-04-09 22:15,37,11,26,0,0,0
2019-04-09 22:30,30,5,25,0,0,0
2019-04-09 22:45,43,15,28,0,0,0
2019-04-09 23:00,34,20,14,0,0,0
2019-04-09 23:15,16,2,14,0,0,0
2019-04-09 23:30,32,10,22,0,0,0
2019-04-09 23:45,20,2,18,0,0,0
2019-04-10 00:00,15,2,13,0,0,0
2019-04-10 00:15,4,0,4,0,0,0
2019-04-10 00:30,1,0,1,0,0,0
2019-04-10 00:45,8,0,8,0,0,0
2019-04-10 01:00,11,1,10,0,0,0
2019-04-10 01:15,3,0,3,0,0,0
2019-04-10 01:30,4,0,4,0,0,0
2019-04-10 01:45,1,0,1,0,0,0
2019-04-10 02:00,2,0,2,0,0,0
2019-04-10 02:15,0,0,0,0,0,0
2019-04-10 02:30,1,0,1,0,0,0
2019-04-10 02:45,1,0,1,0,0,0
2019-04-10 03:00,2,0,2,0,0,0
2019-04-10 03:15,0,0,0,0,0,0
2019-04-10 03:30,1,1,0,0,0,0
2019-04-10 03:45,1,0,1,0,0,0
2019-04-10 04:00,3,0,3,0,0,0
2019-04-10 04:15,1,0,1,0,0,0
2019-04-10 04:30,1,1,0,0,0,0
2019-04-10 04:45,1,1,0,0,0,0
2019-04-10 05:00,0,0,0,0,0,0
2019-04-10 05:15,3,2,1,0,0,0
2019-04-10 05:30,8,6,2,0,0,0
2019-04-10 05:45,15,6,9,0,0,0
2019-04-10 06:00,12,9,3,0,0,0
2019-04-10 06:15,14,1,13,0,0,0
2019-04-10 06:30,26,0,26,0,0,0
2019-04-10 06:45,18,0,18,0,0,0
2019-04-10 07:00,53,28,25,0,0,0
2019-04-10 07:15,59,15,44,0,0,0
2019-04-10 07:30,55,0,55,0,0,0
2019-04-10 07:45,46,0,46,0,0,0
2019-04-10 08:00,61,28,33,0,0,0
2019-04-10 08:15,27,0,27,0,0,0
2019-04-10 08:30,40,6,34,0,0,0
2019-04-10 08:45,32,9,23,0,0,0
2019-04-10 09:00,33,13,20,0,0,0
2019-04-10 09:15,44,21,23,0,0,0
2019-04-10 09:30,81,62,19,0,0,0
2019-04-10 09:45,24,0,24,0,0,0
2019-04-10 10:00,42,13,29,0,0,0
2019-04-10 10:15,36,5,31,0,0,0
2019-04-10 10:30,51,27,24,0,0,0
2019-04-10 10:45,55,19,36,0,0,0
2019-04-10 11:00,33,4,29,0,0,0
2019-04-10 11:15,46,2,44,0,0,0
2019-04-10 11:30,52,7,45,0,0,0
2019-04-10 11:45,78,21,57,0,0,0
2019-04-10 12:00,72,0,72,0,0,0
2019-04-10 12:15,90,28,62,0,0,0
2019-04-10 12:30,71,0,71,0,0,0
2019-04-10 12:45,66,0,66,0,0,0
2019-04-10 13:00,80,0,80,0,0,0
2019-04-10 13:15,80,3,77,0,0,0
2019-04-10 13:30,62,0,62,0,0,0
2019-04-10 13:45,82,0,82,0,0,0
2019-04-10 14:00,73,0,73,0,0,0
2019-04-10 14:15,70,0,70,0,0,0
2019-04-10 14:30,54,0,54,0,0,0
2019-04-10 14:45,72,3,69,0,0,0
2019-04-10 15:00,73,1,72,0,0,0
2019-04-10 15:15,54,3,51,0,0,0
2019-04-10 15:30,77,0,77,0,0,0
2019-04-10 15:45,105,0,105,0,0,0
2019-04-10 16:00,97,1,96,0,0,0
2019-04-10 16:15,73,0,73,0,0,0
2019-04-10 16:30,70,0,70,0,0,0
2019-04-10 16:45,94,0,94,0,0,0
2019-04-10 17:00,67,4,63,0,0,0
2019-04-10 17:15,80,3,77,0,0,0
2019-04-10 17:30,78,2,76,0,0,0
2019-04-10 17:45,138,24,114,0,0,0
2019-04-10 18:00,79,4,75,0,0,0
2019-04-10 18:15,103,0,103,0,0,0
2019-04-10 18:30,79,0,79,0,0,0
2019-04-10 18:45,111,24,87,0,0,0
2019-04-10 19:00,65,6,59,0,0,0
2019-04-10 19:15,79,6,73,0,0,0
2019-04-10 19:30,70,8,62,0,0,0
2019-04-10 19:45,64,5,59,0,0,0
2019-04-10 20:00,58,3,55,0,0,0
2019-04-10 20:15,52,13,39,0,0,0
2019-04-10 20:30,32,0,32,0,0,0
2019-04-10 20:45,43,4,39,0,0,0
2019-04-10 21:00,46,12,34,0,0,0
2019-04-10 21:15,61,17,44,0,0,0
2019-04-10 21:30,31,1,30,0,0,0
2019-04-10 21:45,41,8,33,0,0,0
2019-04-10 22:00,38,3,35,0,0,0
2019-04-10 22:15,45,11,34,0,0,0
2019-04-10 22:30,41,20,21,0,0,0
2019-04-10 22:45,39,16,23,0,0,0
2019-04-10 23:00,34,15,19,0,0,0
2019-04-10 23:15,12,0,12,0,0,0
2019-04-10 23:30,18,0,18,0,0,0
2019-04-10 23:45,8,0,8,0,0,0
2019-04-11 00:00,7,0,7,0,0,0
2019-04-11 00:15,12,0,12,0,0,0
2019-04-11 00:30,6,0,6,0,0,0
2019-04-11 00:45,17,1,16,0,0,0
2019-04-11 01:00,5,2,3,0,0,0
2019-04-11 01:15,4,2,2,0,0,0
2019-04-11 01:30,7,0,7,0,0,0
2019-04-11 01:45,6,3,3,0,0,0
2019-04-11 02:00,3,3,0,0,0,0
2019-04-11 02:15,2,0,2,0,0,0
2019-04-11 02:30,8,0,8,0,0,0
2019-04-11 02:45,3,0,3,0,0,0
2019-04-11 03:00,9,0,9,0,0,0
2019-04-11 03:15,4,1,3,0,0,0
2019-04-11 03:30,5,4,1,0,0,0
2019-04-11 03:45,3,3,0,0,0,0
2019-04-11 04:00,1,1,0,0,0,0
2019-04-11 04:15,5,2,3,0,0,0
2019-04-11 04:30,1,0,1,0,0,0
2019-04-11 04:45,2,0,2,0,0,0
2019-04-11 05:00,1,1,0,0,0,0
2019-04-11 05:15,6,1,5,0,0,0
2019-04-11 05:30,3,0,3,0,0,0
2019-04-11 05:45,10,1,9,0,0,0
2019-04-11 06:00,7,4,3,0,0,0
2019-04-11 06:15,6,0,6,0,0,0
2019-04-11 06:30,14,0,14,0,0,0
2019-04-11 06:45,62,38,24,0,0,0
2019-04-11 07:00,73,50,23,0,0,0
2019-04-11 07:15,111,70,41,0,0,0
2019-04-11 07:30,57,11,46,0,0,0
2019-04-11 07:45,103,58,45,0,0,0
2019-04-11 08:00,43,10,33,0,0,0
2019-04-11 08:15,53,13,40,0,0,0
2019-04-11 08:30,108,79,29,0,0,0
2019-04-11 08:45,96,62,34,0,0,0
2019-04-11 09:00,132,106,26,0,0,0
2019-04-11 09:15,100,72,28,0,0,0
2019-04-11 09:30,92,74,18,0,0,0
2019-04-11 09:45,85,61,24,0,0,0
2019-04-11 10:00,56,35,21,0,0,0
2019-04-11 10:15,26,1,25,0,0,0
2019-04-11 10:30,30,10,20,0,0,0
2019-04-11 10:45,36,13,23,0,0,0
2019-04-11 11:00,43,23,20,0,0,0
2019-04-11 11:15,35,3,32,0,0,0
2019-04-11 11:30,46,15,31,0,0,0
2019-04-11 11:45,43,0,43,0,0,0
2019-04-11 12:00,60,1,59,0,0,0
2019-04-11 12:15,61,7,54,0,0,0
2019-04-11 12:30,123,65,58,0,0,0
2019-04-11 12:45,73,13,60,0,0,0
2019-04-11 13:00,77,6,71,0,0,0
2019-04-11 13:15,69,2,67,0,0,0
2019-04-11 13:30,63,4,59,0,0,0
2019-04-11 13:45,126,38,88,0,0,0
2019-04-11 14:00,107,4,103,0,0,0
2019-04-11 14:15,74,16,58,0,0,0
2019-04-11 14:30,57,0,57,0,0,0
2019-04-11 14:45,73,0,73,0,0,0
2019-04-11 15:00,82,11,71,0,0,0
2019-04-11 15:15,82,12,70,0,0,0
2019-04-11 15:30,77,3,74,0,0,0
2019-04-11 15:45,121,32,89,0,0,0
2019-04-11 16:00,129,43,86,0,0,0
2019-04-11 16:15,95,11,84,0,0,0
2019-04-11 16:30,83,6,77,0,0,0
2019-04-11 16:45,80,0,80,0,0,0
2019-04-11 17:00,118,38,80,0,0,0
2019-04-11 17:15,148,54,94,0,0,0
2019-04-11 17:30,103,37,66,0,0,0
2019-04-11 17:45,104,2,102,0,0,0
2019-04-11 18:00,111,13,98,0,0,0
2019-04-11 18:15,74,0,74,0,0,0
2019-04-11 18:30,56,2,54,0,0,0
2019-04-11 18:45,154,71,83,0,0,0
2019-04-11 19:00,69,8,61,0,0,0
2019-04-11 19:15,81,24,57,0,0,0
2019-04-11 19:30,53,4,49,0,0,0
2019-04-11 19:45,71,1,70,0,0,0
2019-04-11 20:00,51,6,45,0,0,0
2019-04-11 20:15,65,28,37,0,0,0
2019-04-11 20:30,37,1,36,0,0,0
2019-04-11 20:45,47,16,31,0,0,0
2019-04-11 21:00,28,0,28,0,0,0
2019-04-11 21:15,39,0,39,0,0,0
2019-04-11 21:30,28,0,28,0,0,0
2019-04-11 21:45,46,15,31,0,0,0
2019-04-11 22:00,44,18,26,0,0,0
2019-04-11 22:15,31,3,28,0,0,0
2019-04-11 22:30,37,17,20,0,0,0
2019-04-11 22:45,45,24,21,0,0,0
2019-04-11 23:00,29,6,23,0,0,0
2019-04-11 23:15,38,19,19,0,0,0
2019-04-11 23:30,17,9,8,0,0,0
2019-04-11 23:45,25,4,21,0,0,0
2019-04-12 00:00,17,6,11,0,0,0
2019-04-12 00:15,11,0,11,0,0,0
2019-04-12 00:30,11,0,11,0,0,0
2019-04-12 00:45,8,0,8,0,0,0
2019-04-12 01:00,8,2,6,0,0,0
2019-04-12 01:15,8,1,7,0,0,0
2019-04-12 01:30,9,0,9,0,0,0
2019-04-12 01:45,9,1,8,0,0,0
2019-04-12 02:00,12,0,12,0,0,0
2019-04-12 02:15,5,1,4,0,0,0
2019-04-12 02:30,2,0,2,0,0,0
2019-04-12 02:45,7,0,7,0,0,0
2019-04-12 03:00,2,0,2,0,0,0
2019-04-12 03:15,7,2,5,0,0,0
2019-04-12 03:30,2,1,1,0,0,0
2019-04-12 03:45,2,1,1,0,0,0
2019-04-12 04:00,2,2,0,0,0,0
2019-04-12 04:15,2,0,2,0,0,0
2019-04-12 04:30,2,0,2,0,0,0
2019-04-12 04:45,2,0,2,0,0,0
2019-04-12 05:00,3,2,1,0,0,0
2019-04-12 05:15,5,0,5,0,0,0
2019-04-12 05:30,5,3,2,0,0,0
2019-04-12 05:45,19,14,5,0,0,0
2019-04-12 06:00,11,6,5,0,0,0
2019-04-12 06:15,14,11,3,0,0,0
2019-04-12 06:30,36,23,13,0,0,0
2019-04-12 06:45,26,1,25,0,0,0
2019-04-12 07:00,26,9,17,0,0,0
2019-04-12 07:15,35,0,35,0,0,0
2019-04-12 07:30,38,3,35,0,0,0
2019-04-12 07:45,56,4,52,0,0,0
2019-04-12 08:00,46,5,41,0,0,0
2019-04-12 08:15,36,4,32,0,0,0
2019-04-12 08:30,55,26,29,0,0,0
2019-04-12 08:45,29,0,29,0,0,0
2019-04-12 09:00,23,10,13,0,0,0
2019-04-12 09:15,32,5,27,0,0,0
2019-04-12 09:30,41,18,23,0,0,0
2019-04-12 09:45,31,9,22,0,0,0
2019-04-12 10:00,98,67,31,0,0,0
2019-04-12 10:15,49,17,32,0,0,0
2019-04-12 10:30,26,2,24,0,0,0
2019-04-12 10:45,35,7,28,0,0,0
2019-04-12 11:00,32,0,32,0,0,0
2019-04-12 11:15,33,2,31,0,0,0
2019-04-12 11:30,73,37,36,0,0,0
2019-04-12 11:45,57,14,43,0,0,0
2019-04-12 12:00,50,7,43,0,0,0
2019-04-12 12:15,71,7,64,0,0,0
2019-04-12 12:30,69,6,63,0,0,0
2019-04-12 12:45,79,6,73,0,0,0
2019-04-12 13:00,107,17,90,0,0,0
2019-04-12 13:15,91,10,81,0,0,0
2019-04-12 13:30,60,3,57,0,0,0
2019-04-12 13:45,68,0,68,0,0,0
2019-04-12 14:00,56,0,56,0,0,0
2019-04-12 14:15,61,5,56,0,0,0
2019-04-12 14:30,69,18,51,0,0,0
2019-04-12 14:45,70,7,63,0,0,0
2019-04-12 15:00,73,9,64,0,0,0
2019-04-12 15:15,91,13,78,0,0,0
2019-04-12 15:30,60,10,50,0,0,0
2019-04-12 15:45,72,1,71,0,0,0
2019-04-12 16:00,97,23,74,0,0,0
2019-04-12 16:15,65,4,61,0,0,0
2019-04-12 16:30,63,16,47,0,0,0
2019-04-12 16:45,150,86,64,0,0,0
2019-04-12 17:00,127,73,54,0,0,0
2019-04-12 17:15,56,5,51,0,0,0
2019-04-12 17:30,69,1,68,0,0,0
2019-04-12 17:45,60,1,59,0,0,0
2019-04-12 18:00,86,29,57,0,0,0
2019-04-12 18:15,133,65,68,0,0,0
2019-04-12 18:30,85,29,56,0,0,0
2019-04-12 18:45,93,40,53,0,0,0
2019-04-12 19:00,78,14,64,0,0,0
2019-04-12 19:15,65,9,56,0,0,0
2019-04-12 19:30,51,2,49,0,0,0
2019-04-12 19:45,47,5,42,0,0,0
2019-04-12 20:00,80,26,54,0,0,0
2019-04-12 20:15,40,4,36,0,0,0
2019-04-12 20:30,42,15,27,0,0,0
2019-04-12 20:45,24,0,24,0,0,0
2019-04-12 21:00,31,7,24,0,0,0
2019-04-12 21:15,27,5,22,0,0,0
2019-04-12 21:30,41,17,24,0,0,0
2019-04-12 21:45,55,27,28,0,0,0
2019-04-12 22:00,64,29,35,0,0,0
2019-04-12 22:15,21,4,17,0,0,0
2019-04-12 22:30,41,23,18,0,0,0
2019-04-12 22:45,25,5,20,0,0,0
2019-04-12 23:00,22,4,18,0,0,0
2019-04-12 23:15,35,16,19,0,0,0
2019-04-12 23:30,38,13,25,0,0,0
2019-04-12 23:45,43,20,23,0,0,0
2019-04-13 00:00,22,4,18,0,0,0
2019-04-13 00:15,27,11,16,0,0,0
2019-04-13 00:30,23,10,13,0,0,0
2019-04-13 00:45,28,11,17,0,0,0
2019-04-13 01:00,22,7,15,0,0,0
2019-04-13 01:15,34,17,17,0,0,0
2019-04-13 01:30,17,5,12,0,0,0
2019-04-13 01:45,14,2,12,0,0,0
2019-04-13 02:00,7,0,7,0,0,0
2019-04-13 02:15,8,2,6,0,0,0
2019-04-13 02:30,19,2,17,0,0,0
2019-04-13 02:45,4,2,2,0,0,0
2019-04-13 03:00,13,5,8,0,0,0
2019-04-13 03:15,8,2,6,0,0,0
2019-04-13 03:30,5,1,4,0,0,0
2019-04-13 03:45,10,3,7,0,0,0
2019-04-13 04:00,7,1,6,0,0,0
2019-04-13 04:15,2,1,1,0,0,0
2019-04-13 04:30,5,1,4,0,0,0
2019-04-13 04:45,0,0,0,0,0,0
2019-04-13 05:00,11,11,0,0,0,0
2019-04-13 05:15,0,0,0,0,0,0
2019-04-13 05:30,10,7,3,0,0,0
2019-04-13 05:45,9,6,3,0,0,0
2019-04-13 06:00,6,3,3,0,0,0
2019-04-13 06:15,5,4,1,0,0,0
2019-04-13 06:30,5,1,4,0,0,0
2019-04-13 06:45,7,3,4,0,0,0
2019-04-13 07:00,5,3,2,0,0,0
2019-04-13 07:15,17,9,8,0,0,0
2019-04-13 07:30,31,24,7,0,0,0
2019-04-13 07:45,22,18,4,0,0,0
2019-04-13 08:00,25,19,6,0,0,0
2019-04-13 08:15,20,13,7,0,0,0
2019-04-13 08:30,51,41,10,0,0,0
2019-04-13 08:45,16,1,15,0,0,0
2019-04-13 09:00,21,8,13,0,0,0
2019-04-13 09:15,31,12,19,0,0,0
2019-04-13 09:30,22,9,13,0,0,0
2019-04-13 09:45,21,4,17,0,0,0
2019-04-13 10:00,117,94,23,0,0,0
2019-04-13 10:15,54,41,13,0,0,0
2019-04-13 10:30,59,43,16,0,0,0
2019-04-13 10:45,30,12,18,0,0,0
2019-04-13 11:00,37,12,25,0,0,0
2019-04-13 11:15,92,56,36,0,0,0
2019-04-13 11:30,63,23,40,0,0,0
2019-04-13 11:45,156,107,49,0,0,0
2019-04-13 12:00,94,56,38,0,0,0
2019-04-13 12:15,69,27,42,0,0,0
2019-04-13 12:30,65,19,46,0,0,0
2019-04-13 12:45,107,64,43,0,0,0
2019-04-13 13:00,74,22,52,0,0,0
2019-04-13 13:15,107,65,42,0,0,0
2019-04-13 13:30,108,57,51,0,0,0
2019-04-13 13:45,108,68,40,0,0,0
2019-04-13 14:00,96,56,40,0,0,0
2019-04-13 14:15,111,52,59,0,0,0
2019-04-13 14:30,122,62,60,0,0,0
2019-04-13 14:45,147,63,84,0,0,0
2019-04-13 15:00,69,19,50,0,0,0
2019-04-13 15:15,52,0,52,0,0,0
2019-04-13 15:30,53,0,53,0,0,0
2019-04-13 15:45,36,0,36,0,0,0
2019-04-13 16:00,53,18,35,0,0,0
2019-04-13 16:15,74,35,39,0,0,0
2019-04-13 16:30,51,16,35,0,0,0
2019-04-13 16:45,69,37,32,0,0,0
2019-04-13 17:00,51,30,21,0,0,0
2019-04-13 17:15,75,33,42,0,0,0
2019-04-13 17:30,59,31,28,0,0,0
2019-04-13 17:45,90,44,46,0,0,0
2019-04-13 18:00,79,47,32,0,0,0
2019-04-13 18:15,64,39,25,0,0,0
2019-04-13 18:30,64,32,32,0,0,0
2019-04-13 18:45,67,26,41,0,0,0
2019-04-13 19:00,62,21,41,0,0,0
2019-04-13 19:15,63,39,24,0,0,0
2019-04-13 19:30,58,35,23,0,0,0
2019-04-13 19:45,35,7,28,0,0,0
2019-04-13 20:00,58,25,33,0,0,0
2019-04-13 20:15,38,8,30,0,0,0
2019-04-13 20:30,38,18,20,0,0,0
2019-04-13 20:45,43,21,22,0,0,0
2019-04-13 21:00,46,30,16,0,0,0
2019-04-13 21:15,23,12,11,0,0,0
2019-04-13 21:30,30,7,23,0,0,0
2019-04-13 21:45,29,8,21,0,0,0
2019-04-13 22:00,37,22,15,0,0,0
2019-04-13 22:15,32,21,11,0,0,0
2019-04-13 22:30,43,25,18,0,0,0
2019-04-13 22:45,31,18,13,0,0,0
2019-04-13 23:00,29,18,11,0,0,0
2019-04-13 23:15,22,10,12,0,0,0
2019-04-13 23:30,28,15,13,0,0,0
2019-04-13 23:45,14,0,14,0,0,0
2019-04-14 00:00,23,10,13,0,0,0
2019-04-14 00:15,28,19,9,0,0,0
2019-04-14 00:30,27,12,15,0,0,0
2019-04-14 00:45,26,20,6,0,0,0
2019-04-14 01:00,14,3,11,0,0,0
2019-04-14 01:15,14,3,11,0,0,0
2019-04-14 01:30,9,6,3,0,0,0
2019-04-14 01:45,24,17,7,0,0,0
2019-04-14 02:00,10,4,6,0,0,0
2019-04-14 02:15,31,19,12,0,0,0
2019-04-14 02:30,8,2,6,0,0,0
2019-04-14 02:45,10,1,9,0,0,0
2019-04-14 03:00,3,0,3,0,0,0
2019-04-14 03:15,12,2,10,0,0,0
2019-04-14 03:30,10,2,8,0,0,0
2019-04-14 03:45,7,2,5,0,0,0
2019-04-14 04:00,9,5,4,0,0,0
2019-04-14 04:15,7,1,6,0,0,0
2019-04-14 04:30,5,3,2,0,0,0
2019-04-14 04:45,4,1,3,0,0,0
2019-04-14 05:00,1,0,1,0,0,0
2019-04-14 05:15,3,0,3,0,0,0
2019-04-14 05:30,3,1,2,0,0,0
2019-04-14 05:45,7,3,4,0,0,0
2019-04-14 06:00,3,2,1,0,0,0
2019-04-14 06:15,5,3,2,0,0,0
2019-04-14 06:30,5,3,2,0,0,0
2019-04-14 06:45,5,0,5,0,0,0
2019-04-14 07:00,6,4,2,0,0,0
2019-04-14 07:15,5,2,3,0,0,0
2019-04-14 07:30,10,4,6,0,0,0
2019-04-14 07:45,13,9,4,0,0,0
2019-04-14 08:00,5,5,0,0,0,0
2019-04-14 08:15,12,10,2,0,0,0
2019-04-14 08:30,14,9,5,0,0,0
2019-04-14 08:45,13,11,2,0,0,0
2019-04-14 09:00,16,10,6,0,0,0
2019-04-14 09:15,16,12,4,0,0,0
2019-04-14 09:30,5,0,5,0,0,0
2019-04-14 09:45,41,31,10,0,0,0
2019-04-14 10:00,32,24,8,0,0,0
2019-04-14 10:15,34,28,6,0,0,0
2019-04-14 10:30,25,17,8,0,0,0
2019-04-14 10:45,18,14,4,0,0,0
2019-04-14 11:00,17,6,11,0,0,0
2019-04-14 11:15,27,19,8,0,0,0
2019-04-14 11:30,42,28,14,0,0,0
2019-04-14 11:45,55,33,22,0,0,0
2019-04-14 12:00,39,26,13,0,0,0
2019-04-14 12:15,40,28,12,0,0,0
2019-04-14 12:30,56,35,21,0,0,0
2019-04-14 12:45,50,35,15,0,0,0
2019-04-14 13:00,22,6,16,0,0,0
2019-04-14 13:15,27,12,15,0,0,0
2019-04-14 13:30,35,10,25,0,0,0
2019-04-14 13:45,71,51,20,0,0,0
2019-04-14 14:00,67,39,28,0,0,0
2019-04-14 14:15,75,44,31,0,0,0
2019-04-14 14:30,44,24,20,0,0,0
2019-04-14 14:45,75,44,31,0,0,0
2019-04-14 15:00,58,40,18,0,0,0
2019-04-14 15:15,62,36,26,0,0,0
2019-04-14 15:30,55,33,22,0,0,0
2019-04-14 15:45,63,30,33,0,0,0
2019-04-14 16:00,27,1,26,0,0,0
2019-04-14 16:15,40,15,25,0,0,0
2019-04-14 16:30,33,11,22,0,0,0
2019-04-14 16:45,53,28,25,0,0,0
2019-04-14 17:00,44,27,17,0,0,0
2019-04-14 17:15,51,36,15,0,0,0
2019-04-14 17:30,91,58,33,0,0,0
2019-04-14 17:45,67,47,20,0,0,0
2019-04-14 18:00,50,31,19,0,0,0
2019-04-14 18:15,69,32,37,0,0,0
2019-04-14 18:30,40,22,18,0,0,0
2019-04-14 18:45,47,31,16,0,0,0
2019-04-14 19:00,46,25,21,0,0,0
2019-04-14 19:15,41,21,20,0,0,0
2019-04-14 19:30,45,31,14,0,0,0
2019-04-14 19:45,31,18,13,0,0,0
2019-04-14 20:00,27,8,19,0,0,0
2019-04-14 20:15,37,16,21,0,0,0
2019-04-14 20:30,29,14,15,0,0,0
2019-04-14 20:45,35,17,18,0,0,0
2019-04-14 21:00,16,9,7,0,0,0
2019-04-14 21:15,23,3,20,0,0,0
2019-04-14 21:30,18,9,9,0,0,0
2019-04-14 21:45,17,9,8,0,0,0
2019-04-14 22:00,27,15,12,0,0,0
2019-04-14 22:15,30,15,15,0,0,0
2019-04-14 22:30,23,13,10,0,0,0
2019-04-14 22:45,14,4,10,0,0,0
2019-04-14 23:00,8,5,3,0,0,0
2019-04-14 23:15,10,5,5,0,0,0
2019-04-14 23:30,4,3,1,0,0,0
2019-04-14 23:45,7,2,5,0,0,0
2019-04-15 00:00,4,3,1,0,0,0
2019-04-15 00:15,4,2,2,0,0,0
2019-04-15 00:30,4,2,2,0,0,0
2019-04-15 00:45,3,1,2,0,0,0
2019-04-15 01:00,4,2,2,0,0,0
2019-04-15 01:15,2,1,1,0,0,0
2019-04-15 01:30,2,2,0,0,0,0
2019-04-15 01:45,1,0,1,0,0,0
2019-04-15 02:00,2,0,2,0,0,0
2019-04-15 02:15,0,0,0,0,0,0
2019-04-15 02:30,2,0,2,0,0,0
2019-04-15 02:45,2,1,1,0,0,0
2019-04-15 03:00,3,0,3,0,0,0
2019-04-15 03:15,0,0,0,0,0,0
2019-04-15 03:30,2,2,0,0,0,0
2019-04-15 03:45,4,4,0,0,0,0
2019-04-15 04:00,1,0,1,0,0,0
2019-04-15 04:15,0,0,0,0,0,0
2019-04-15 04:30,2,0,2,0,0,0
2019-04-15 04:45,1,0,1,0,0,0
2019-04-15 05:00,2,1,1,0,0,0
2019-04-15 05:15,6,5,1,0,0,0
2019-04-15 05:30,11,10,1,0,0,0
2019-04-15 05:45,19,11,8,0,0,0
2019-04-15 06:00,12,7,5,0,0,0
2019-04-15 06:15,25,15,10,0,0,0
2019-04-15 06:30,56,26,30,0,0,0
2019-04-15 06:45,67,46,21,0,0,0
2019-04-15 07:00,64,44,20,0,0,0
2019-04-15 07:15,89,56,33,0,0,0
2019-04-15 07:30,109,79,30,0,0,0
2019-04-15 07:45,190,155,35,0,0,0
2019-04-15 08:00,146,120,26,0,0,0
2019-04-15 08:15,123,88,35,0,0,0
2019-04-15 08:30,140,118,22,0,0,0
2019-04-15 08:45,135,109,26,0,0,0
2019-04-15 09:00,100,82,18,0,0,0
2019-04-15 09:15,110,85,25,0,0,0
2019-04-15 09:30,85,70,15,0,0,0
2019-04-15 09:45,172,144,28,0,0,0
2019-04-15 10:00,101,89,12,0,0,0
2019-04-15 10:15,109,72,37,0,0,0
2019-04-15 10:30,73,49,24,0,0,0
2019-04-15 10:45,86,56,30,0,0,0
2019-04-15 11:00,87,63,24,0,0,0
2019-04-15 11:15,76,47,29,0,0,0
2019-04-15 11:30,117,83,34,0,0,0
2019-04-15 11:45,78,27,51,0,0,0
2019-04-15 12:00,114,73,41,0,0,0
2019-04-15 12:15,107,73,34,0,0,0
2019-04-15 12:30,121,66,55,0,0,0
2019-04-15 12:45,106,58,48,0,0,0
2019-04-15 13:00,131,76,55,0,0,0
2019-04-15 13:15,91,46,45,0,0,0
2019-04-15 13:30,98,73,25,0,0,0
2019-04-15 13:45,122,80,42,0,0,0
2019-04-15 14:00,117,68,49,0,0,0
2019-04-15 14:15,110,56,54,0,0,0
2019-04-15 14:30,115,74,41,0,0,0
2019-04-15 14:45,127,71,56,0,0,0
2019-04-15 15:00,133,66,67,0,0,0
2019-04-15 15:15,101,68,33,0,0,0
2019-04-15 15:30,150,96,54,0,0,0
2019-04-15 15:45,174,108,66,0,0,0
2019-04-15 16:00,197,103,94,0,0,0
2019-04-15 16:15,155,84,71,0,0,0
2019-04-15 16:30,176,84,92,0,0,0
2019-04-15 16:45,104,19,85,0,0,0
2019-04-15 17:00,149,80,69,0,0,0
2019-04-15 17:15,175,88,87,0,0,0
2019-04-15 17:30,172,97,75,0,0,0
2019-04-15 17:45,166,81,85,0,0,0
2019-04-15 18:00,167,70,97,0,0,0
2019-04-15 18:15,144,47,97,0,0,0
2019-04-15 18:30,144,65,79,0,0,0
2019-04-15 18:45,68,5,63,0,0,0
2019-04-15 19:00,126,46,80,0,0,0
2019-04-15 19:15,93,17,76,0,0,0
2019-04-15 19:30,105,38,67,0,0,0
2019-04-15 19:45,114,47,67,0,0,0
2019-04-15 20:00,86,34,52,0,0,0
2019-04-15 20:15,69,30,39,0,0,0
2019-04-15 20:30,47,20,27,0,0,0
2019-04-15 20:45,34,22,12,0,0,0
2019-04-15 21:00,54,34,20,0,0,0
2019-04-15 21:15,35,12,23,0,0,0
2019-04-15 21:30,31,12,19,0,0,0
2019-04-15 21:45,52,36,16,0,0,0
2019-04-15 22:00,43,19,24,0,0,0
2019-04-15 22:15,45,28,17,0,0,0
2019-04-15 22:30,51,25,26,0,0,0
2019-04-15 22:45,30,16,14,0,0,0
2019-04-15 23:00,35,16,19,0,0,0
2019-04-15 23:15,30,16,14,0,0,0
2019-04-15 23:30,16,3,13,0,0,0
2019-04-15 23:45,21,10,11,0,0,0
2019-04-16 00:00,13,3,10,0,0,0
2019-04-16 00:15,3,3,0,0,0,0
2019-04-16 00:30,10,3,7,0,0,0
2019-04-16 00:45,9,3,6,0,0,0
2019-04-16 01:00,2,1,1,0,0,0
2019-04-16 01:15,2,0,2,0,0,0
2019-04-16 01:30,4,2,2,0,0,0
2019-04-16 01:45,1,0,1,0,0,0
2019-04-16 02:00,2,0,2,0,0,0
2019-04-16 02:15,0,0,0,0,0,0
2019-04-16 02:30,0,0,0,0,0,0
2019-04-16 02:45,3,1,2,0,0,0
2019-04-16 03:00,1,0,1,0,0,0
2019-04-16 03:15,0,0,0,0,0,0
2019-04-16 03:30,4,3,1,0,0,0
2019-04-16 03:45,0,0,0,0,0,0
2019-04-16 04:00,0,0,0,0,0,0
2019-04-16 04:15,0,0,0,0,0,0
2019-04-16 04:30,2,1,1,0,0,0
2019-04-16 04:45,2,1,1,0,0,0
2019-04-16 05:00,1,0,1,0,0,0
2019-04-16 05:15,6,5,1,0,0,0
2019-04-16 05:30,14,9,5,0,0,0
2019-04-16 05:45,22,11,11,0,0,0
2019-04-16 06:00,13,9,4,0,0,0
2019-04-16 06:15,18,14,4,0,0,0
2019-04-16 06:30,53,37,16,0,0,0
2019-04-16 06:45,67,54,13,0,0,0
2019-04-16 07:00,81,56,25,0,0,0
2019-04-16 07:15,44,6,38,0,0,0
2019-04-16 07:30,40,6,34,0,0,0
2019-04-16 07:45,41,2,39,0,0,0
2019-04-16 08:00,19,1,18,0,0,0
2019-04-16 08:15,40,1,39,0,0,0
2019-04-16 08:30,39,15,24,0,0,0
2019-04-16 08:45,165,132,33,0,0,0
2019-04-16 09:00,65,44,21,0,0,0
2019-04-16 09:15,116,91,25,0,0,0
2019-04-16 09:30,107,90,17,0,0,0
2019-04-16 09:45,116,85,31,0,0,0
2019-04-16 10:00,41,10,31,0,0,0
2019-04-16 10:15,89,60,29,0,0,0
2019-04-16 10:30,28,0,28,0,0,0
2019-04-16 10:45,88,55,33,0,0,0
2019-04-16 11:00,36,17,19,0,0,0
2019-04-16 11:15,112,71,41,0,0,0
2019-04-16 11:30,103,69,34,0,0,0
2019-04-16 11:45,41,0,41,0,0,0
2019-04-16 12:00,86,29,57,0,0,0
2019-04-16 12:15,123,72,51,0,0,0
2019-04-16 12:30,141,88,53,0,0,0
2019-04-16 12:45,135,77,58,0,0,0
2019-04-16 13:00,149,85,64,0,0,0
2019-04-16 13:15,96,56,40,0,0,0
2019-04-16 13:30,123,70,53,0,0,0
2019-04-16 13:45,168,92,76,0,0,0
2019-04-16 14:00,140,75,65,0,0,0
2019-04-16 14:15,69,15,54,0,0,0
2019-04-16 14:30,89,28,61,0,0,0
2019-04-16 14:45,58,6,52,0,0,0
2019-04-16 15:00,86,24,62,0,0,0
2019-04-16 15:15,168,110,58,0,0,0
2019-04-16 15:30,155,94,61,0,0,0
2019-04-16 15:45,176,105,71,0,0,0
2019-04-16 16:00,200,100,100,0,0,0
2019-04-16 16:15,182,94,88,0,0,0
2019-04-16 16:30,163,87,76,0,0,0
2019-04-16 16:45,82,5,77,0,0,0
2019-04-16 17:00,173,91,82,0,0,0
2019-04-16 17:15,87,6,81,0,0,0
2019-04-16 17:30,115,3,112,0,0,0
2019-04-16 17:45,124,6,118,0,0,0
2019-04-16 18:00,125,6,119,0,0,0
2019-04-16 18:15,94,3,91,0,0,0
2019-04-16 18:30,77,0,77,0,0,0
2019-04-16 18:45,79,0,79,0,0,0
2019-04-16 19:00,61,3,58,0,0,0
2019-04-16 19:15,59,0,59,0,0,0
2019-04-16 19:30,73,0,73,0,0,0
2019-04-16 19:45,61,0,61,0,0,0
2019-04-16 20:00,74,0,74,0,0,0
2019-04-16 20:15,64,0,64,0,0,0
2019-04-16 20:30,28,0,28,0,0,0
2019-04-16 20:45,34,0,34,0,0,0
2019-04-16 21:00,50,0,50,0,0,0
2019-04-16 21:15,39,0,39,0,0,0
2019-04-16 21:30,29,0,29,0,0,0
2019-04-16 21:45,33,0,33,0,0,0
2019-04-16 22:00,20,0,20,0,0,0
2019-04-16 22:15,35,0,35,0,0,0
2019-04-16 22:30,28,0,28,0,0,0
2019-04-16 22:45,17,0,17,0,0,0
2019-04-16 23:00,20,6,14,0,0,0
2019-04-16 23:15,20,1,19,0,0,0
2019-04-16 23:30,28,17,11,0,0,0
2019-04-16 23:45,13,0,13,0,0,0
2019-04-17 00:00,11,0,11,0,0,0
2019-04-17 00:15,6,3,3,0,0,0
2019-04-17 00:30,3,0,3,0,0,0
2019-04-17 00:45,7,5,2,0,0,0
2019-04-17 01:00,2,0,2,0,0,0
2019-04-17 01:15,6,0,6,0,0,0
2019-04-17 01:30,8,4,4,0,0,0
2019-04-17 01:45,2,0,2,0,0,0
2019-04-17 02:00,0,0,0,0,0,0
2019-04-17 02:15,1,0,1,0,0,0
2019-04-17 02:30,0,0,0,0,0,0
2019-04-17 02:45,2,2,0,0,0,0
2019-04-17 03:00,1,0,1,0,0,0
2019-04-17 03:15,0,0,0,0,0,0
2019-04-17 03:30,0,0,0,0,0,0
2019-04-17 03:45,0,0,0,0,0,0
2019-04-17 04:00,0,0,0,0,0,0
2019-04-17 04:15,1,0,1,0,0,0
2019-04-17 04:30,0,0,0,0,0,0
2019-04-17 04:45,1,0,1,0,0,0
2019-04-17 05:00,0,0,0,0,0,0
2019-04-17 05:15,5,2,3,0,0,0
2019-04-17 05:30,6,2,4,0,0,0
2019-04-17 05:45,12,4,8,0,0,0
2019-04-17 06:00,15,10,5,0,0,0
2019-04-17 06:15,8,0,8,0,0,0
2019-04-17 06:30,27,0,27,0,0,0
2019-04-17 06:45,43,29,14,0,0,0
2019-04-17 07:00,32,3,29,0,0,0
2019-04-17 07:15,37,0,37,0,0,0
2019-04-17 07:30,81,43,38,0,0,0
2019-04-17 07:45,48,0,48,0,0,0
2019-04-17 08:00,137,101,36,0,0,0
2019-04-17 08:15,41,16,25,0,0,0
2019-04-17 08:30,43,8,35,0,0,0
2019-04-17 08:45,146,128,18,0,0,0
2019-04-17 09:00,74,47,27,0,0,0
2019-04-17 09:15,90,61,29,0,0,0
2019-04-17 09:30,78,58,20,0,0,0
2019-04-17 09:45,94,64,30,0,0,0
2019-04-17 10:00,60,26,34,0,0,0
2019-04-17 10:15,89,58,31,0,0,0
2019-04-17 10:30,42,7,35,0,0,0
2019-04-17 10:45,52,12,40,0,0,0
2019-04-17 11:00,40,5,35,0,0,0
2019-04-17 11:15,51,0,51,0,0,0
2019-04-17 11:30,53,4,49,0,0,0
2019-04-17 11:45,60,0,60,0,0,0
2019-04-17 12:00,72,0,72,0,0,0
2019-04-17 12:15,56,2,54,0,0,0
2019-04-17 12:30,76,18,58,0,0,0
2019-04-17 12:45,82,6,76,0,0,0
2019-04-17 13:00,85,7,78,0,0,0
2019-04-17 13:15,76,15,61,0,0,0
2019-04-17 13:30,115,49,66,0,0,0
2019-04-17 13:45,136,55,81,0,0,0
2019-04-17 14:00,62,0,62,0,0,0
2019-04-17 14:15,73,0,73,0,0,0
2019-04-17 14:30,88,5,83,0,0,0
2019-04-17 14:45,79,0,79,0,0,0
2019-04-17 15:00,95,18,77,0,0,0
2019-04-17 15:15,74,3,71,0,0,0
2019-04-17 15:30,81,3,78,0,0,0
2019-04-17 15:45,102,2,100,0,0,0
2019-04-17 16:00,100,0,100,0,0,0
2019-04-17 16:15,86,0,86,0,0,0
2019-04-17 16:30,99,1,98,0,0,0
2019-04-17 16:45,86,0,86,0,0,0
2019-04-17 17:00,86,0,86,0,0,0
2019-04-17 17:15,168,69,99,0,0,0
2019-04-17 17:30,157,72,85,0,0,0
2019-04-17 17:45,129,23,106,0,0,0
2019-04-17 18:00,110,11,99,0,0,0
2019-04-17 18:15,125,37,88,0,0,0
2019-04-17 18:30,136,70,66,0,0,0
2019-04-17 18:45,133,71,62,0,0,0
2019-04-17 19:00,80,1,79,0,0,0
2019-04-17 19:15,68,4,64,0,0,0
2019-04-17 19:30,52,0,52,0,0,0
2019-04-17 19:45,57,1,56,0,0,0
2019-04-17 20:00,54,8,46,0,0,0
2019-04-17 20:15,64,21,43,0,0,0
2019-04-17 20:30,67,26,41,0,0,0
2019-04-17 20:45,41,0,41,0,0,0
2019-04-17 21:00,49,17,32,0,0,0
2019-04-17 21:15,45,1,44,0,0,0
2019-04-17 21:30,35,7,28,0,0,0
2019-04-17 21:45,57,21,36,0,0,0
2019-04-17 22:00,73,18,55,0,0,0
2019-04-17 22:15,37,19,18,0,0,0
2019-04-17 22:30,35,11,24,0,0,0
2019-04-17 22:45,15,3,12,0,0,0
2019-04-17 23:00,35,11,24,0,0,0
2019-04-17 23:15,27,3,24,0,0,0
2019-04-17 23:30,24,12,12,0,0,0
2019-04-17 23:45,18,9,9,0,0,0
2019-04-18 00:00,37,27,10,0,0,0
2019-04-18 00:15,33,26,7,0,0,0
2019-04-18 00:30,5,2,3,0,0,0
2019-04-18 00:45,14,8,6,0,0,0
2019-04-18 01:00,4,1,3,0,0,0
2019-04-18 01:15,6,2,4,0,0,0
2019-04-18 01:30,5,1,4,0,0,0
2019-04-18 01:45,4,1,3,0,0,0
2019-04-18 02:00,4,0,4,0,0,0
2019-04-18 02:15,9,0,9,0,0,0
2019-04-18 02:30,2,0,2,0,0,0
2019-04-18 02:45,1,1,0,0,0,0
2019-04-18 03:00,10,2,8,0,0,0
2019-04-18 03:15,2,0,2,0,0,0
2019-04-18 03:30,1,0,1,0,0,0
2019-04-18 03:45,3,1,2,0,0,0
2019-04-18 04:00,3,0,3,0,0,0
2019-04-18 04:15,5,2,3,0,0,0
2019-04-18 04:30,2,0,2,0,0,0
2019-04-18 04:45,7,0,7,0,0,0
2019-04-18 05:00,0,0,0,0,0,0
2019-04-18 05:15,4,3,1,0,0,0
2019-04-18 05:30,11,6,5,0,0,0
2019-04-18 05:45,12,8,4,0,0,0
2019-04-18 06:00,3,0,3,0,0,0
2019-04-18 06:15,15,0,15,0,0,0
2019-04-18 06:30,13,0,13,0,0,0
2019-04-18 06:45,72,54,18,0,0,0
2019-04-18 07:00,79,56,23,0,0,0
2019-04-18 07:15,51,26,25,0,0,0
2019-04-18 07:30,97,74,23,0,0,0
2019-04-18 07:45,192,156,36,0,0,0
2019-04-18 08:00,98,68,30,0,0,0
2019-04-18 08:15,23,0,23,0,0,0
2019-04-18 08:30,37,12,25,0,0,0
2019-04-18 08:45,38,16,22,0,0,0
2019-04-18 09:00,109,92,17,0,0,0
2019-04-18 09:15,77,60,17,0,0,0
2019-04-18 09:30,99,86,13,0,0,0
2019-04-18 09:45,33,6,27,0,0,0
2019-04-18 10:00,23,5,18,0,0,0
2019-04-18 10:15,83,57,26,0,0,0
2019-04-18 10:30,69,27,42,0,0,0
2019-04-18 10:45,103,68,35,0,0,0
2019-04-18 11:00,101,59,42,0,0,0
2019-04-18 11:15,88,58,30,0,0,0
2019-04-18 11:30,123,86,37,0,0,0
2019-04-18 11:45,139,87,52,0,0,0
2019-04-18 12:00,149,97,52,0,0,0
2019-04-18 12:15,131,69,62,0,0,0
2019-04-18 12:30,95,38,57,0,0,0
2019-04-18 12:45,75,6,69,0,0,0
2019-04-18 13:00,65,0,65,0,0,0
2019-04-18 13:15,73,9,64,0,0,0
2019-04-18 13:30,67,18,49,0,0,0
2019-04-18 13:45,79,0,79,0,0,0
2019-04-18 14:00,71,2,69,0,0,0
2019-04-18 14:15,79,18,61,0,0,0
2019-04-18 14:30,54,0,54,0,0,0
2019-04-18 14:45,73,7,66,0,0,0
2019-04-18 15:00,75,2,73,0,0,0
2019-04-18 15:15,95,23,72,0,0,0
2019-04-18 15:30,74,0,74,0,0,0
2019-04-18 15:45,74,4,70,0,0,0
2019-04-18 16:00,95,22,73,0,0,0
2019-04-18 16:15,79,0,79,0,0,0
2019-04-18 16:30,143,78,65,0,0,0
2019-04-18 16:45,138,62,76,0,0,0
2019-04-18 17:00,153,66,87,0,0,0
2019-04-18 17:15,71,0,71,0,0,0
2019-04-18 17:30,130,49,81,0,0,0
2019-04-18 17:45,121,21,100,0,0,0
2019-04-18 18:00,117,22,95,0,0,0
2019-04-18 18:15,109,5,104,0,0,0
2019-04-18 18:30,117,59,58,0,0,0
2019-04-18 18:45,92,25,67,0,0,0
2019-04-18 19:00,135,58,77,0,0,0
2019-04-18 19:15,110,55,55,0,0,0
2019-04-18 19:30,51,6,45,0,0,0
2019-04-18 19:45,107,55,52,0,0,0
2019-04-18 20:00,61,20,41,0,0,0
2019-04-18 20:15,44,1,43,0,0,0
2019-04-18 20:30,29,2,27,0,0,0
2019-04-18 20:45,38,7,31,0,0,0
2019-04-18 21:00,28,0,28,0,0,0
2019-04-18 21:15,26,1,25,0,0,0
2019-04-18 21:30,32,5,27,0,0,0
2019-04-18 21:45,30,11,19,0,0,0
2019-04-18 22:00,36,2,34,0,0,0
2019-04-18 22:15,48,22,26,0,0,0
2019-04-18 22:30,30,1,29,0,0,0
2019-04-18 22:45,25,3,22,0,0,0
2019-04-18 23:00,29,3,26,0,0,0
2019-04-18 23:15,40,16,24,0,0,0
2019-04-18 23:30,19,8,11,0,0,0
2019-04-18 23:45,27,17,10,0,0,0
2019-04-19 00:00,22,10,12,0,0,0
2019-04-19 00:15,28,11,17,0,0,0
2019-04-19 00:30,18,6,12,0,0,0
2019-04-19 00:45,24,11,13,0,0,0
2019-04-19 01:00,17,2,15,0,0,0
2019-04-19 01:15,9,2,7,0,0,0
2019-04-19 01:30,10,4,6,0,0,0
2019-04-19 01:45,8,4,4,0,0,0
2019-04-19 02:00,17,8,9,0,0,0
2019-04-19 02:15,5,2,3,0,0,0
2019-04-19 02:30,7,3,4,0,0,0
2019-04-19 02:45,8,3,5,0,0,0
2019-04-19 03:00,10,6,4,0,0,0
2019-04-19 03:15,5,3,2,0,0,0
2019-04-19 03:30,7,0,7,0,0,0
2019-04-19 03:45,5,2,3,0,0,0
2019-04-19 04:00,1,1,0,0,0,0
2019-04-19 04:15,2,1,1,0,0,0
2019-04-19 04:30,3,0,3,0,0,0
2019-04-19 04:45,1,0,1,0,0,0
2019-04-19 05:00,1,1,0,0,0,0
2019-04-19 05:15,0,0,0,0,0,0
2019-04-19 05:30,15,10,5,0,0,0
2019-04-19 05:45,9,4,5,0,0,0
2019-04-19 06:00,3,3,0,0,0,0
2019-04-19 06:15,5,3,2,0,0,0
2019-04-19 06:30,9,8,1,0,0,0
2019-04-19 06:45,13,11,2,0,0,0
2019-04-19 07:00,6,3,3,0,0,0
2019-04-19 07:15,2,1,1,0,0,0
2019-04-19 07:30,10,8,2,0,0,0
2019-04-19 07:45,8,2,6,0,0,0
2019-04-19 08:00,7,3,4,0,0,0
2019-04-19 08:15,12,6,6,0,0,0
2019-04-19 08:30,27,19,8,0,0,0
2019-04-19 08:45,23,16,7,0,0,0
2019-04-19 09:00,20,12,8,0,0,0
2019-04-19 09:15,27,19,8,0,0,0
2019-04-19 09:30,33,23,10,0,0,0
2019-04-19 09:45,48,38,10,0,0,0
2019-04-19 10:00,29,19,10,0,0,0
2019-04-19 10:15,39,30,9,0,0,0
2019-04-19 10:30,57,37,20,0,0,0
2019-04-19 10:45,51,32,19,0,0,0
2019-04-19 11:00,25,11,14,0,0,0
2019-04-19 11:15,61,41,20,0,0,0
2019-04-19 11:30,51,30,21,0,0,0
2019-04-19 11:45,60,27,33,0,0,0
2019-04-19 12:00,61,33,28,0,0,0
2019-04-19 12:15,56,32,24,0,0,0
2019-04-19 12:30,55,34,21,0,0,0
2019-04-19 12:45,58,36,22,0,0,0
2019-04-19 13:00,63,38,25,0,0,0
2019-04-19 13:15,62,32,30,0,0,0
2019-04-19 13:30,90,58,32,0,0,0
2019-04-19 13:45,66,35,31,0,0,0
2019-04-19 14:00,68,51,17,0,0,0
2019-04-19 14:15,87,53,34,0,0,0
2019-04-19 14:30,62,22,40,0,0,0
2019-04-19 14:45,72,41,31,0,0,0
2019-04-19 15:00,68,37,31,0,0,0
2019-04-19 15:15,85,53,32,0,0,0
2019-04-19 15:30,75,36,39,0,0,0
2019-04-19 15:45,75,39,36,0,0,0
2019-04-19 16:00,114,84,30,0,0,0
2019-04-19 16:15,60,39,21,0,0,0
2019-04-19 16:30,83,45,38,0,0,0
2019-04-19 16:45,99,56,43,0,0,0
2019-04-19 17:00,88,50,38,0,0,0
2019-04-19 17:15,61,30,31,0,0,0
2019-04-19 17:30,79,42,37,0,0,0
2019-04-19 17:45,32,6,26,0,0,0
2019-04-19 18:00,47,23,24,0,0,0
2019-04-19 18:15,50,26,24,0,0,0
2019-04-19 18:30,55,10,45,0,0,0
2019-04-19 18:45,87,44,43,0,0,0
2019-04-19 19:00,44,29,15,0,0,0
2019-04-19 19:15,63,34,29,0,0,0
2019-04-19 19:30,65,35,30,0,0,0
2019-04-19 19:45,80,47,33,0,0,0
2019-04-19 20:00,52,31,21,0,0,0
2019-04-19 20:15,67,39,28,0,0,0
2019-04-19 20:30,38,24,14,0,0,0
2019-04-19 20:45,36,28,8,0,0,0
2019-04-19 21:00,25,17,8,0,0,0
2019-04-19 21:15,50,13,37,0,0,0
2019-04-19 21:30,28,17,11,0,0,0
2019-04-19 21:45,30,19,11,0,0,0
2019-04-19 22:00,32,21,11,0,0,0
2019-04-19 22:15,29,14,15,0,0,0
2019-04-19 22:30,26,14,12,0,0,0
2019-04-19 22:45,18,12,6,0,0,0
2019-04-19 23:00,22,14,8,0,0,0
2019-04-19 23:15,12,4,8,0,0,0
2019-04-19 23:30,15,8,7,0,0,0
2019-04-19 23:45,23,16,7,0,0,0
2019-04-20 00:00,23,10,13,0,0,0
2019-04-20 00:15,10,7,3,0,0,0
2019-04-20 00:30,8,3,5,0,0,0
2019-04-20 00:45,10,4,6,0,0,0
2019-04-20 01:00,15,6,9,0,0,0
2019-04-20 01:15,7,0,7,0,0,0
2019-04-20 01:30,5,0,5,0,0,0
2019-04-20 01:45,9,1,8,0,0,0
2019-04-20 02:00,2,0,2,0,0,0
2019-04-20 02:15,9,5,4,0,0,0
2019-04-20 02:30,1,0,1,0,0,0
2019-04-20 02:45,2,0,2,0,0,0
2019-04-20 03:00,6,4,2,0,0,0
2019-04-20 03:15,0,0,0,0,0,0
2019-04-20 03:30,4,1,3,0,0,0
2019-04-20 03:45,3,2,1,0,0,0
2019-04-20 04:00,1,0,1,0,0,0
2019-04-20 04:15,1,0,1,0,0,0
2019-04-20 04:30,0,0,0,0,0,0
2019-04-20 04:45,1,0,1,0,0,0
2019-04-20 05:00,1,1,0,0,0,0
2019-04-20 05:15,2,1,1,0,0,0
2019-04-20 05:30,8,5,3,0,0,0
2019-04-20 05:45,6,3,3,0,0,0
2019-04-20 06:00,1,0,1,0,0,0
2019-04-20 06:15,4,0,4,0,0,0
2019-04-20 06:30,8,6,2,0,0,0
2019-04-20 06:45,18,14,4,0,0,0
2019-04-20 07:00,17,13,4,0,0,0
2019-04-20 07:15,15,6,9,0,0,0
2019-04-20 07:30,39,32,7,0,0,0
2019-04-20 07:45,17,5,12,0,0,0
2019-04-20 08:00,28,17,11,0,0,0
2019-04-20 08:15,53,39,14,0,0,0
2019-04-20 08:30,17,0,17,0,0,0
2019-04-20 08:45,37,20,17,0,0,0
2019-04-20 09:00,67,59,8,0,0,0
2019-04-20 09:15,101,87,14,0,0,0
2019-04-20 09:30,61,39,22,0,0,0
2019-04-20 09:45,128,102,26,0,0,0
2019-04-20 10:00,48,10,38,0,0,0
2019-04-20 10:15,121,80,41,0,0,0
2019-04-20 10:30,170,130,40,0,0,0
2019-04-20 10:45,93,37,56,0,0,0
2019-04-20 11:00,115,72,43,0,0,0
2019-04-20 11:15,79,43,36,0,0,0
2019-04-20 11:30,52,0,52,0,0,0
2019-04-20 11:45,217,140,77,0,0,0
2019-04-20 12:00,94,21,73,0,0,0
2019-04-20 12:15,80,1,79,0,0,0
2019-04-20 12:30,106,37,69,0,0,0
2019-04-20 12:45,94,20,74,0,0,0
2019-04-20 13:00,159,86,73,0,0,0
2019-04-20 13:15,99,25,74,0,0,0
2019-04-20 13:30,146,77,69,0,0,0
2019-04-20 13:45,170,93,77,0,0,0
2019-04-20 14:00,143,53,90,0,0,0
2019-04-20 14:15,90,20,70,0,0,0
2019-04-20 14:30,146,70,76,0,0,0
2019-04-20 14:45,114,29,85,0,0,0
2019-04-20 15:00,131,54,77,0,0,0
2019-04-20 15:15,112,60,52,0,0,0
2019-04-20 15:30,112,46,66,0,0,0
2019-04-20 15:45,121,60,61,0,0,0
2019-04-20 16:00,33,2,31,0,0,0
2019-04-20 16:15,53,0,53,0,0,0
2019-04-20 16:30,51,0,51,0,0,0
2019-04-20 16:45,40,0,40,0,0,0
2019-04-20 17:00,54,0,54,0,0,0
2019-04-20 17:15,39,2,37,0,0,0
2019-04-20 17:30,34,0,34,0,0,0
2019-04-20 17:45,47,0,47,0,0,0
2019-04-20 18:00,58,0,58,0,0,0
2019-04-20 18:15,43,0,43,0,0,0
2019-04-20 18:30,76,32,44,0,0,0
2019-04-20 18:45,54,21,33,0,0,0
2019-04-20 19:00,50,0,50,0,0,0
2019-04-20 19:15,28,0,28,0,0,0
2019-04-20 19:30,23,0,23,0,0,0
2019-04-20 19:45,48,24,24,0,0,0
2019-04-20 20:00,45,17,28,0,0,0
2019-04-20 20:15,29,4,25,0,0,0
2019-04-20 20:30,20,6,14,0,0,0
2019-04-20 20:45,50,26,24,0,0,0
2019-04-20 21:00,29,19,10,0,0,0
2019-04-20 21:15,18,0,18,0,0,0
2019-04-20 21:30,13,0,13,0,0,0
2019-04-20 21:45,21,11,10,0,0,0
2019-04-20 22:00,32,19,13,0,0,0
2019-04-20 22:15,27,10,17,0,0,0
2019-04-20 22:30,18,0,18,0,0,0
2019-04-20 22:45,19,2,17,0,0,0
2019-04-20 23:00,13,3,10,0,0,0
2019-04-20 23:15,26,11,15,0,0,0
2019-04-20 23:30,28,10,18,0,0,0
2019-04-20 23:45,19,10,9,0,0,0
2019-04-21 00:00,10,4,6,0,0,0
2019-04-21 00:15,7,1,6,0,0,0
2019-04-21 00:30,15,2,13,0,0,0
2019-04-21 00:45,11,7,4,0,0,0
2019-04-21 01:00,13,2,11,0,0,0
2019-04-21 01:15,15,3,12,0,0,0
2019-04-21 01:30,13,2,11,0,0,0
2019-04-21 01:45,7,0,7,0,0,0
2019-04-21 02:00,8,0,8,0,0,0
2019-04-21 02:15,12,3,9,0,0,0
2019-04-21 02:30,6,2,4,0,0,0
2019-04-21 02:45,5,1,4,0,0,0
2019-04-21 03:00,2,0,2,0,0,0
2019-04-21 03:15,7,1,6,0,0,0
2019-04-21 03:30,7,3,4,0,0,0
2019-04-21 03:45,8,0,8,0,0,0
2019-04-21 04:00,6,2,4,0,0,0
2019-04-21 04:15,7,1,6,0,0,0
2019-04-21 04:30,4,4,0,0,0,0
2019-04-21 04:45,4,3,1,0,0,0
2019-04-21 05:00,1,0,1,0,0,0
2019-04-21 05:15,2,1,1,0,0,0
2019-04-21 05:30,6,4,2,0,0,0
2019-04-21 05:45,7,4,3,0,0,0
2019-04-21 06:00,0,0,0,0,0,0
2019-04-21 06:15,5,1,4,0,0,0
2019-04-21 06:30,4,3,1,0,0,0
2019-04-21 06:45,9,3,6,0,0,0
2019-04-21 07:00,2,0,2,0,0,0
2019-04-21 07:15,2,1,1,0,0,0
2019-04-21 07:30,6,0,6,0,0,0
2019-04-21 07:45,4,1,3,0,0,0
2019-04-21 08:00,4,0,4,0,0,0
2019-04-21 08:15,6,2,4,0,0,0
2019-04-21 08:30,17,5,12,0,0,0
2019-04-21 08:45,12,11,1,0,0,0
2019-04-21 09:00,17,10,7,0,0,0
2019-04-21 09:15,12,6,6,0,0,0
2019-04-21 09:30,42,29,13,0,0,0
2019-04-21 09:45,22,13,9,0,0,0
2019-04-21 10:00,35,26,9,0,0,0
2019-04-21 10:15,11,2,9,0,0,0
2019-04-21 10:30,30,8,22,0,0,0
2019-04-21 10:45,37,30,7,0,0,0
2019-04-21 11:00,36,21,15,0,0,0
2019-04-21 11:15,20,10,10,0,0,0
2019-04-21 11:30,19,2,17,0,0,0
2019-04-21 11:45,49,20,29,0,0,0
2019-04-21 12:00,44,21,23,0,0,0
2019-04-21 12:15,26,10,16,0,0,0
2019-04-21 12:30,44,22,22,0,0,0
2019-04-21 12:45,30,7,23,0,0,0
2019-04-21 13:00,43,24,19,0,0,0
2019-04-21 13:15,37,24,13,0,0,0
2019-04-21 13:30,41,21,20,0,0,0
2019-04-21 13:45,23,4,19,0,0,0
2019-04-21 14:00,49,25,24,0,0,0
2019-04-21 14:15,49,23,26,0,0,0
2019-04-21 14:30,56,37,19,0,0,0
2019-04-21 14:45,52,27,25,0,0,0
2019-04-21 15:00,21,2,19,0,0,0
2019-04-21 15:15,40,29,11,0,0,0
2019-04-21 15:30,55,39,16,0,0,0
2019-04-21 15:45,20,6,14,0,0,0
2019-04-21 16:00,44,21,23,0,0,0
2019-04-21 16:15,53,25,28,0,0,0
2019-04-21 16:30,13,0,13,0,0,0
2019-04-21 16:45,41,14,27,0,0,0
2019-04-21 17:00,26,0,26,0,0,0
2019-04-21 17:15,49,29,20,0,0,0
2019-04-21 17:30,30,2,28,0,0,0
2019-04-21 17:45,30,2,28,0,0,0
2019-04-21 18:00,27,8,19,0,0,0
2019-04-21 18:15,20,11,9,0,0,0
2019-04-21 18:30,19,0,19,0,0,0
2019-04-21 18:45,37,26,11,0,0,0
2019-04-21 19:00,26,7,19,0,0,0
2019-04-21 19:15,22,4,18,0,0,0
2019-04-21 19:30,19,3,16,0,0,0
2019-04-21 19:45,21,6,15,0,0,0
2019-04-21 20:00,18,1,17,0,0,0
2019-04-21 20:15,14,0,14,0,0,0
2019-04-21 20:30,17,6,11,0,0,0
2019-04-21 20:45,11,0,11,0,0,0
2019-04-21 21:00,18,0,18,0,0,0
2019-04-21 21:15,20,7,13,0,0,0
2019-04-21 21:30,22,4,18,0,0,0
2019-04-21 21:45,10,5,5,0,0,0
2019-04-21 22:00,23,9,14,0,0,0
2019-04-21 22:15,9,4,5,0,0,0
2019-04-21 22:30,12,5,7,0,0,0
2019-04-21 22:45,12,4,8,0,0,0
2019-04-21 23:00,14,2,12,0,0,0
2019-04-21 23:15,9,8,1,0,0,0
2019-04-21 23:30,2,0,2,0,0,0
2019-04-21 23:45,11,4,7,0,0,0
2019-04-22 00:00,11,6,5,0,0,0
2019-04-22 00:15,14,9,5,0,0,0
2019-04-22 00:30,12,6,6,0,0,0
2019-04-22 00:45,15,8,7,0,0,0
2019-04-22 01:00,11,6,5,0,0,0
2019-04-22 01:15,3,0,3,0,0,0
2019-04-22 01:30,0,0,0,0,0,0
2019-04-22 01:45,5,2,3,0,0,0
2019-04-22 02:00,5,1,4,0,0,0
2019-04-22 02:15,3,0,3,0,0,0
2019-04-22 02:30,4,1,3,0,0,0
2019-04-22 02:45,1,0,1,0,0,0
2019-04-22 03:00,4,1,3,0,0,0
2019-04-22 03:15,0,0,0,0,0,0
2019-04-22 03:30,3,0,3,0,0,0
2019-04-22 03:45,5,0,5,0,0,0
2019-04-22 04:00,0,0,0,0,0,0
2019-04-22 04:15,1,0,1,0,0,0
2019-04-22 04:30,0,0,0,0,0,0
2019-04-22 04:45,2,0,2,0,0,0
2019-04-22 05:00,0,0,0,0,0,0
2019-04-22 05:15,2,0,2,0,0,0
2019-04-22 05:30,7,3,4,0,0,0
2019-04-22 05:45,6,2,4,0,0,0
2019-04-22 06:00,0,0,0,0,0,0
2019-04-22 06:15,2,1,1,0,0,0
2019-04-22 06:30,2,0,2,0,0,0
2019-04-22 06:45,8,7,1,0,0,0
2019-04-22 07:00,3,0,3,0,0,0
2019-04-22 07:15,4,2,2,0,0,0
2019-04-22 07:30,6,2,4,0,0,0
2019-04-22 07:45,6,2,4,0,0,0
2019-04-22 08:00,7,6,1,0,0,0
2019-04-22 08:15,12,5,7,0,0,0
2019-04-22 08:30,12,9,3,0,0,0
2019-04-22 08:45,14,4,10,0,0,0
2019-04-22 09:00,17,10,7,0,0,0
2019-04-22 09:15,4,0,4,0,0,0
2019-04-22 09:30,44,31,13,0,0,0
2019-04-22 09:45,59,45,14,0,0,0
2019-04-22 10:00,13,0,13,0,0,0
2019-04-22 10:15,30,17,13,0,0,0
2019-04-22 10:30,40,32,8,0,0,0
2019-04-22 10:45,46,28,18,0,0,0
2019-04-22 11:00,17,3,14,0,0,0
2019-04-22 11:15,53,29,24,0,0,0
2019-04-22 11:30,30,2,28,0,0,0
2019-04-22 11:45,20,3,17,0,0,0
2019-04-22 12:00,30,1,29,0,0,0
2019-04-22 12:15,29,1,28,0,0,0
2019-04-22 12:30,39,0,39,0,0,0
2019-04-22 12:45,38,20,18,0,0,0
2019-04-22 13:00,58,28,30,0,0,0
2019-04-22 13:15,60,30,30,0,0,0
2019-04-22 13:30,31,8,23,0,0,0
2019-04-22 13:45,52,7,45,0,0,0
2019-04-22 14:00,88,58,30,0,0,0
2019-04-22 14:15,47,0,47,0,0,0
2019-04-22 14:30,61,22,39,0,0,0
2019-04-22 14:45,46,0,46,0,0,0
2019-04-22 15:00,48,15,33,0,0,0
2019-04-22 15:15,44,21,23,0,0,0
2019-04-22 15:30,59,10,49,0,0,0
2019-04-22 15:45,79,39,40,0,0,0
2019-04-22 16:00,25,0,25,0,0,0
2019-04-22 16:15,29,0,29,0,0,0
2019-04-22 16:30,68,41,27,0,0,0
2019-04-22 16:45,48,7,41,0,0,0
2019-04-22 17:00,97,61,36,0,0,0
2019-04-22 17:15,42,1,41,0,0,0
2019-04-22 17:30,89,59,30,0,0,0
2019-04-22 17:45,49,13,36,0,0,0
2019-04-22 18:00,32,5,27,0,0,0
2019-04-22 18:15,39,9,30,0,0,0
2019-04-22 18:30,37,7,30,0,0,0
2019-04-22 18:45,35,2,33,0,0,0
2019-04-22 19:00,29,3,26,0,0,0
2019-04-22 19:15,35,1,34,0,0,0
2019-04-22 19:30,41,3,38,0,0,0
2019-04-22 19:45,26,0,26,0,0,0
2019-04-22 20:00,27,3,24,0,0,0
2019-04-22 20:15,29,4,25,0,0,0
2019-04-22 20:30,52,22,30,0,0,0
2019-04-22 20:45,16,1,15,0,0,0
2019-04-22 21:00,25,4,21,0,0,0
2019-04-22 21:15,18,2,16,0,0,0
2019-04-22 21:30,10,5,5,0,0,0
2019-04-22 21:45,11,0,11,0,0,0
2019-04-22 22:00,14,7,7,0,0,0
2019-04-22 22:15,24,13,11,0,0,0
2019-04-22 22:30,17,8,9,0,0,0
2019-04-22 22:45,9,2,7,0,0,0
2019-04-22 23:00,6,3,3,0,0,0
2019-04-22 23:15,15,4,11,0,0,0
2019-04-22 23:30,1,0,1,0,0,0
2019-04-22 23:45,13,2,11,0,0,0
2019-04-23 00:00,9,1,8,0,0,0
2019-04-23 00:15,1,0,1,0,0,0
2019-04-23 00:30,12,3,9,0,0,0
2019-04-23 00:45,1,1,0,0,0,0
2019-04-23 01:00,3,0,3,0,0,0
2019-04-23 01:15,1,1,0,0,0,0
2019-04-23 01:30,0,0,0,0,0,0
2019-04-23 01:45,3,1,2,0,0,0
2019-04-23 02:00,2,0,2,0,0,0
2019-04-23 02:15,1,0,1,0,0,0
2019-04-23 02:30,2,0,2,0,0,0
2019-04-23 02:45,1,1,0,0,0,0
2019-04-23 03:00,1,0,1,0,0,0
2019-04-23 03:15,1,0,1,0,0,0
2019-04-23 03:30,2,1,1,0,0,0
2019-04-23 03:45,1,1,0,0,0,0
2019-04-23 04:00,2,1,1,0,0,0
2019-04-23 04:15,0,0,0,0,0,0
2019-04-23 04:30,0,0,0,0,0,0
2019-04-23 04:45,1,1,0,0,0,0
2019-04-23 05:00,2,1,1,0,0,0
2019-04-23 05:15,5,2,3,0,0,0
2019-04-23 05:30,9,7,2,0,0,0
2019-04-23 05:45,20,9,11,0,0,0
2019-04-23 06:00,16,12,4,0,0,0
2019-04-23 06:15,32,20,12,0,0,0
2019-04-23 06:30,52,29,23,0,0,0
2019-04-23 06:45,68,47,21,0,0,0
2019-04-23 07:00,70,32,38,0,0,0
2019-04-23 07:15,34,0,34,0,0,0
2019-04-23 07:30,113,77,36,0,0,0
2019-04-23 07:45,85,40,45,0,0,0
2019-04-23 08:00,93,63,30,0,0,0
2019-04-23 08:15,120,97,23,0,0,0
2019-04-23 08:30,84,61,23,0,0,0
2019-04-23 08:45,139,110,29,0,0,0
2019-04-23 09:00,109,90,19,0,0,0
2019-04-23 09:15,86,64,22,0,0,0
2019-04-23 09:30,107,90,17,0,0,0
2019-04-23 09:45,158,139,19,0,0,0
2019-04-23 10:00,41,16,25,0,0,0
2019-04-23 10:15,128,91,37,0,0,0
2019-04-23 10:30,116,84,32,0,0,0
2019-04-23 10:45,82,57,25,0,0,0
2019-04-23 11:00,53,28,25,0,0,0
2019-04-23 11:15,90,55,35,0,0,0
2019-04-23 11:30,95,57,38,0,0,0
2019-04-23 11:45,78,19,59,0,0,0
2019-04-23 12:00,130,77,53,0,0,0
2019-04-23 12:15,92,37,55,0,0,0
2019-04-23 12:30,79,37,42,0,0,0
2019-04-23 12:45,64,8,56,0,0,0
2019-04-23 13:00,96,33,63,0,0,0
2019-04-23 13:15,109,59,50,0,0,0
2019-04-23 13:30,113,65,48,0,0,0
2019-04-23 13:45,149,84,65,0,0,0
2019-04-23 14:00,141,75,66,0,0,0
2019-04-23 14:15,86,37,49,0,0,0
2019-04-23 14:30,95,39,56,0,0,0
2019-04-23 14:45,83,12,71,0,0,0
2019-04-23 15:00,83,21,62,0,0,0
2019-04-23 15:15,151,81,70,0,0,0
2019-04-23 15:30,142,84,58,0,0,0
2019-04-23 15:45,197,126,71,0,0,0
2019-04-23 16:00,213,126,87,0,0,0
2019-04-23 16:15,145,71,74,0,0,0
2019-04-23 16:30,105,18,87,0,0,0
2019-04-23 16:45,79,8,71,0,0,0
2019-04-23 17:00,159,94,65,0,0,0
2019-04-23 17:15,120,42,78,0,0,0
2019-04-23 17:30,180,85,95,0,0,0
2019-04-23 17:45,178,52,126,0,0,0
2019-04-23 18:00,195,75,120,0,0,0
2019-04-23 18:15,156,79,77,0,0,0
2019-04-23 18:30,143,65,78,0,0,0
2019-04-23 18:45,148,74,74,0,0,0
2019-04-23 19:00,118,54,64,0,0,0
2019-04-23 19:15,120,60,60,0,0,0
2019-04-23 19:30,102,47,55,0,0,0
2019-04-23 19:45,108,29,79,0,0,0
2019-04-23 20:00,111,48,63,0,0,0
2019-04-23 20:15,86,40,46,0,0,0
2019-04-23 20:30,69,29,40,0,0,0
2019-04-23 20:45,67,25,42,0,0,0
2019-04-23 21:00,38,20,18,0,0,0
2019-04-23 21:15,34,9,25,0,0,0
2019-04-23 21:30,45,17,28,0,0,0
2019-04-23 21:45,29,3,26,0,0,0
2019-04-23 22:00,37,9,28,0,0,0
2019-04-23 22:15,45,13,32,0,0,0
2019-04-23 22:30,41,14,27,0,0,0
2019-04-23 22:45,57,29,28,0,0,0
2019-04-23 23:00,39,16,23,0,0,0
2019-04-23 23:15,11,0,11,0,0,0
2019-04-23 23:30,21,6,15,0,0,0
2019-04-23 23:45,16,8,8,0,0,0
2019-04-24 00:00,22,5,17,0,0,0
2019-04-24 00:15,10,7,3,0,0,0
2019-04-24 00:30,10,7,3,0,0,0
2019-04-24 00:45,5,3,2,0,0,0
2019-04-24 01:00,4,0,4,0,0,0
2019-04-24 01:15,5,2,3,0,0,0
2019-04-24 01:30,3,0,3,0,0,0
2019-04-24 01:45,2,0,2,0,0,0
2019-04-24 02:00,4,3,1,0,0,0
2019-04-24 02:15,0,0,0,0,0,0
2019-04-24 02:30,2,0,2,0,0,0
2019-04-24 02:45,2,1,1,0,0,0
2019-04-24 03:00,1,0,1,0,0,0
2019-04-24 03:15,3,2,1,0,0,0
2019-04-24 03:30,3,0,3,0,0,0
2019-04-24 03:45,1,1,0,0,0,0
2019-04-24 04:00,1,1,0,0,0,0
2019-04-24 04:15,0,0,0,0,0,0
2019-04-24 04:30,2,0,2,0,0,0
2019-04-24 04:45,1,1,0,0,0,0
2019-04-24 05:00,1,0,1,0,0,0
2019-04-24 05:15,2,2,0,0,0,0
2019-04-24 05:30,12,8,4,0,0,0
2019-04-24 05:45,13,8,5,0,0,0
2019-04-24 06:00,13,6,7,0,0,0
2019-04-24 06:15,40,28,12,0,0,0
2019-04-24 06:30,49,27,22,0,0,0
2019-04-24 06:45,64,40,24,0,0,0
2019-04-24 07:00,85,59,26,0,0,0
2019-04-24 07:15,121,73,48,0,0,0
2019-04-24 07:30,128,92,36,0,0,0
2019-04-24 07:45,185,136,49,0,0,0
2019-04-24 08:00,166,128,38,0,0,0
2019-04-24 08:15,135,97,38,0,0,0
2019-04-24 08:30,106,89,17,0,0,0
2019-04-24 08:45,139,114,25,0,0,0
2019-04-24 09:00,133,105,28,0,0,0
2019-04-24 09:15,110,86,24,0,0,0
2019-04-24 09:30,144,121,23,0,0,0
2019-04-24 09:45,180,142,38,0,0,0
2019-04-24 10:00,167,133,34,0,0,0
2019-04-24 10:15,114,95,19,0,0,0
2019-04-24 10:30,129,95,34,0,0,0
2019-04-24 10:45,128,83,45,0,0,0
2019-04-24 11:00,130,94,36,0,0,0
2019-04-24 11:15,130,83,47,0,0,0
2019-04-24 11:30,141,89,52,0,0,0
2019-04-24 11:45,87,19,68,0,0,0
2019-04-24 12:00,127,68,59,0,0,0
2019-04-24 12:15,133,72,61,0,0,0
2019-04-24 12:30,145,80,65,0,0,0
2019-04-24 12:45,136,78,58,0,0,0
2019-04-24 13:00,137,62,75,0,0,0
2019-04-24 13:15,112,49,63,0,0,0
2019-04-24 13:30,131,73,58,0,0,0
2019-04-24 13:45,176,96,80,0,0,0
2019-04-24 14:00,144,68,76,0,0,0
2019-04-24 14:15,131,61,70,0,0,0
2019-04-24 14:30,144,61,83,0,0,0
2019-04-24 14:45,140,74,66,0,0,0
2019-04-24 15:00,122,68,54,0,0,0
2019-04-24 15:15,138,79,59,0,0,0
2019-04-24 15:30,139,73,66,0,0,0
2019-04-24 15:45,131,48,83,0,0,0
2019-04-24 16:00,198,101,97,0,0,0
2019-04-24 16:15,168,73,95,0,0,0
2019-04-24 16:30,134,59,75,0,0,0
2019-04-24 16:45,160,88,72,0,0,0
2019-04-24 17:00,180,86,94,0,0,0
2019-04-24 17:15,183,82,101,0,0,0
2019-04-24 17:30,197,81,116,0,0,0
2019-04-24 17:45,190,95,95,0,0,0
2019-04-24 18:00,182,76,106,0,0,0
2019-04-24 18:15,183,79,104,0,0,0
2019-04-24 18:30,152,67,85,0,0,0
2019-04-24 18:45,132,62,70,0,0,0
2019-04-24 19:00,125,56,69,0,0,0
2019-04-24 19:15,117,52,65,0,0,0
2019-04-24 19:30,107,50,57,0,0,0
2019-04-24 19:45,119,49,70,0,0,0
2019-04-24 20:00,72,26,46,0,0,0
2019-04-24 20:15,76,24,52,0,0,0
2019-04-24 20:30,79,35,44,0,0,0
2019-04-24 20:45,64,25,39,0,0,0
2019-04-24 21:00,60,21,39,0,0,0
2019-04-24 21:15,43,21,22,0,0,0
2019-04-24 21:30,43,16,27,0,0,0
2019-04-24 21:45,46,26,20,0,0,0
2019-04-24 22:00,31,7,24,0,0,0
2019-04-24 22:15,37,15,22,0,0,0
2019-04-24 22:30,28,11,17,0,0,0
2019-04-24 22:45,40,19,21,0,0,0
2019-04-24 23:00,48,22,26,0,0,0
2019-04-24 23:15,28,10,18,0,0,0
2019-04-24 23:30,26,18,8,0,0,0
2019-04-24 23:45,17,12,5,0,0,0
2019-04-25 00:00,22,10,12,0,0,0
2019-04-25 00:15,10,4,6,0,0,0
2019-04-25 00:30,21,9,12,0,0,0
2019-04-25 00:45,9,2,7,0,0,0
2019-04-25 01:00,5,1,4,0,0,0
2019-04-25 01:15,8,4,4,0,0,0
2019-04-25 01:30,4,0,4,0,0,0
2019-04-25 01:45,6,0,6,0,0,0
2019-04-25 02:00,4,0,4,0,0,0
2019-04-25 02:15,2,0,2,0,0,0
2019-04-25 02:30,5,1,4,0,0,0
2019-04-25 02:45,1,0,1,0,0,0
2019-04-25 03:00,7,0,7,0,0,0
2019-04-25 03:15,2,0,2,0,0,0
2019-04-25 03:30,9,1,8,0,0,0
2019-04-25 03:45,2,0,2,0,0,0
2019-04-25 04:00,5,3,2,0,0,0
2019-04-25 04:15,4,0,4,0,0,0
2019-04-25 04:30,0,0,0,0,0,0
2019-04-25 04:45,3,2,1,0,0,0
2019-04-25 05:00,0,0,0,0,0,0
2019-04-25 05:15,5,3,2,0,0,0
2019-04-25 05:30,11,10,1,0,0,0
2019-04-25 05:45,22,11,11,0,0,0
2019-04-25 06:00,14,8,6,0,0,0
2019-04-25 06:15,28,18,10,0,0,0
2019-04-25 06:30,51,27,24,0,0,0
2019-04-25 06:45,49,28,21,0,0,0
2019-04-25 07:00,63,46,17,0,0,0
2019-04-25 07:15,85,45,40,0,0,0
2019-04-25 07:30,73,31,42,0,0,0
2019-04-25 07:45,172,132,40,0,0,0
2019-04-25 08:00,143,111,32,0,0,0
2019-04-25 08:15,142,113,29,0,0,0
2019-04-25 08:30,38,10,28,0,0,0
2019-04-25 08:45,49,31,18,0,0,0
2019-04-25 09:00,96,72,24,0,0,0
2019-04-25 09:15,102,79,23,0,0,0
2019-04-25 09:30,38,17,21,0,0,0
2019-04-25 09:45,160,120,40,0,0,0
2019-04-25 10:00,77,49,28,0,0,0
2019-04-25 10:15,95,74,21,0,0,0
2019-04-25 10:30,97,75,22,0,0,0
2019-04-25 10:45,110,70,40,0,0,0
2019-04-25 11:00,79,47,32,0,0,0
2019-04-25 11:15,109,84,25,0,0,0
2019-04-25 11:30,104,70,34,0,0,0
2019-04-25 11:45,143,94,49,0,0,0
2019-04-25 12:00,140,86,54,0,0,0
2019-04-25 12:15,109,65,44,0,0,0
2019-04-25 12:30,127,70,57,0,0,0
2019-04-25 12:45,154,93,61,0,0,0
2019-04-25 13:00,112,63,49,0,0,0
2019-04-25 13:15,99,57,42,0,0,0
2019-04-25 13:30,102,53,49,0,0,0
2019-04-25 13:45,147,74,73,0,0,0
2019-04-25 14:00,141,77,64,0,0,0
2019-04-25 14:15,132,75,57,0,0,0
2019-04-25 14:30,122,65,57,0,0,0
2019-04-25 14:45,124,75,49,0,0,0
2019-04-25 15:00,139,79,60,0,0,0
2019-04-25 15:15,120,55,65,0,0,0
2019-04-25 15:30,133,75,58,0,0,0
2019-04-25 15:45,180,92,88,0,0,0
2019-04-25 16:00,196,106,90,0,0,0
2019-04-25 16:15,144,75,69,0,0,0
2019-04-25 16:30,165,91,74,0,0,0
2019-04-25 16:45,152,76,76,0,0,0
2019-04-25 17:00,160,86,74,0,0,0
2019-04-25 17:15,152,69,83,0,0,0
2019-04-25 17:30,172,84,88,0,0,0
2019-04-25 17:45,210,96,114,0,0,0
2019-04-25 18:00,185,79,106,0,0,0
2019-04-25 18:15,162,65,97,0,0,0
2019-04-25 18:30,129,54,75,0,0,0
2019-04-25 18:45,85,21,64,0,0,0
2019-04-25 19:00,116,53,63,0,0,0
2019-04-25 19:15,83,19,64,0,0,0
2019-04-25 19:30,118,59,59,0,0,0
2019-04-25 19:45,106,52,54,0,0,0
2019-04-25 20:00,88,36,52,0,0,0
2019-04-25 20:15,78,32,46,0,0,0
2019-04-25 20:30,56,15,41,0,0,0
2019-04-25 20:45,54,27,27,0,0,0
2019-04-25 21:00,65,32,33,0,0,0
2019-04-25 21:15,38,19,19,0,0,0
2019-04-25 21:30,40,17,23,0,0,0
2019-04-25 21:45,54,21,33,0,0,0
2019-04-25 22:00,47,14,33,0,0,0
2019-04-25 22:15,53,20,33,0,0,0
2019-04-25 22:30,88,56,32,0,0,0
2019-04-25 22:45,40,16,24,0,0,0
2019-04-25 23:00,26,9,17,0,0,0
2019-04-25 23:15,24,8,16,0,0,0
2019-04-25 23:30,32,23,9,0,0,0
2019-04-25 23:45,28,17,11,0,0,0
2019-04-26 00:00,19,14,5,0,0,0
2019-04-26 00:15,16,9,7,0,0,0
2019-04-26 00:30,7,2,5,0,0,0
2019-04-26 00:45,11,4,7,0,0,0
2019-04-26 01:00,14,5,9,0,0,0
2019-04-26 01:15,7,4,3,0,0,0
2019-04-26 01:30,5,1,4,0,0,0
2019-04-26 01:45,9,1,8,0,0,0
2019-04-26 02:00,1,0,1,0,0,0
2019-04-26 02:15,2,0,2,0,0,0
2019-04-26 02:30,5,5,0,0,0,0
2019-04-26 02:45,3,1,2,0,0,0
2019-04-26 03:00,2,0,2,0,0,0
2019-04-26 03:15,2,1,1,0,0,0
2019-04-26 03:30,2,0,2,0,0,0
2019-04-26 03:45,0,0,0,0,0,0
2019-04-26 04:00,2,1,1,0,0,0
2019-04-26 04:15,0,0,0,0,0,0
2019-04-26 04:30,2,0,2,0,0,0
2019-04-26 04:45,0,0,0,0,0,0
2019-04-26 05:00,2,1,1,0,0,0
2019-04-26 05:15,1,1,0,0,0,0
2019-04-26 05:30,13,7,6,0,0,0
2019-04-26 05:45,16,7,9,0,0,0
2019-04-26 06:00,7,4,3,0,0,0
2019-04-26 06:15,36,23,13,0,0,0
2019-04-26 06:30,41,19,22,0,0,0
2019-04-26 06:45,57,40,17,0,0,0
2019-04-26 07:00,60,46,14,0,0,0
2019-04-26 07:15,75,46,29,0,0,0
2019-04-26 07:30,87,59,28,0,0,0
2019-04-26 07:45,129,96,33,0,0,0
2019-04-26 08:00,127,100,27,0,0,0
2019-04-26 08:15,95,74,21,0,0,0
2019-04-26 08:30,76,52,24,0,0,0
2019-04-26 08:45,101,74,27,0,0,0
2019-04-26 09:00,52,40,12,0,0,0
2019-04-26 09:15,66,51,15,0,0,0
2019-04-26 09:30,80,66,14,0,0,0
2019-04-26 09:45,130,103,27,0,0,0
2019-04-26 10:00,87,68,19,0,0,0
2019-04-26 10:15,67,53,14,0,0,0
2019-04-26 10:30,72,45,27,0,0,0
2019-04-26 10:45,77,54,23,0,0,0
2019-04-26 11:00,74,48,26,0,0,0
2019-04-26 11:15,86,60,26,0,0,0
2019-04-26 11:30,88,60,28,0,0,0
2019-04-26 11:45,112,71,41,0,0,0
2019-04-26 12:00,113,79,34,0,0,0
2019-04-26 12:15,91,53,38,0,0,0
2019-04-26 12:30,98,59,39,0,0,0
2019-04-26 12:45,110,68,42,0,0,0
2019-04-26 13:00,116,58,58,0,0,0
2019-04-26 13:15,106,51,55,0,0,0
2019-04-26 13:30,105,47,58,0,0,0
2019-04-26 13:45,133,76,57,0,0,0
2019-04-26 14:00,108,55,53,0,0,0
2019-04-26 14:15,117,56,61,0,0,0
2019-04-26 14:30,122,73,49,0,0,0
2019-04-26 14:45,120,67,53,0,0,0
2019-04-26 15:00,127,74,53,0,0,0
2019-04-26 15:15,140,59,81,0,0,0
2019-04-26 15:30,124,64,60,0,0,0
2019-04-26 15:45,134,83,51,0,0,0
2019-04-26 16:00,138,76,62,0,0,0
2019-04-26 16:15,120,57,63,0,0,0
2019-04-26 16:30,108,52,56,0,0,0
2019-04-26 16:45,129,68,61,0,0,0
2019-04-26 17:00,135,73,62,0,0,0
2019-04-26 17:15,98,50,48,0,0,0
2019-04-26 17:30,127,55,72,0,0,0
2019-04-26 17:45,139,72,67,0,0,0
2019-04-26 18:00,117,63,54,0,0,0
2019-04-26 18:15,114,53,61,0,0,0
2019-04-26 18:30,117,63,54,0,0,0
2019-04-26 18:45,113,63,50,0,0,0
2019-04-26 19:00,115,51,64,0,0,0
2019-04-26 19:15,112,63,49,0,0,0
2019-04-26 19:30,77,36,41,0,0,0
2019-04-26 19:45,73,36,37,0,0,0
2019-04-26 20:00,72,37,35,0,0,0
2019-04-26 20:15,71,30,41,0,0,0
2019-04-26 20:30,62,30,32,0,0,0
2019-04-26 20:45,55,32,23,0,0,0
2019-04-26 21:00,60,25,35,0,0,0
2019-04-26 21:15,63,37,26,0,0,0
2019-04-26 21:30,64,31,33,0,0,0
2019-04-26 21:45,62,34,28,0,0,0
2019-04-26 22:00,46,25,21,0,0,0
2019-04-26 22:15,47,11,36,0,0,0
2019-04-26 22:30,31,9,22,0,0,0
2019-04-26 22:45,35,9,26,0,0,0
2019-04-26 23:00,43,25,18,0,0,0
2019-04-26 23:15,43,27,16,0,0,0
2019-04-26 23:30,48,20,28,0,0,0
2019-04-26 23:45,38,22,16,0,0,0
2019-04-27 00:00,35,17,18,0,0,0
2019-04-27 00:15,39,22,17,0,0,0
2019-04-27 00:30,35,14,21,0,0,0
2019-04-27 00:45,13,4,9,0,0,0
2019-04-27 01:00,47,36,11,0,0,0
2019-04-27 01:15,13,4,9,0,0,0
2019-04-27 01:30,23,7,16,0,0,0
2019-04-27 01:45,21,1,20,0,0,0
2019-04-27 02:00,22,13,9,0,0,0
2019-04-27 02:15,21,6,15,0,0,0
2019-04-27 02:30,16,7,9,0,0,0
2019-04-27 02:45,17,6,11,0,0,0
2019-04-27 03:00,17,9,8,0,0,0
2019-04-27 03:15,10,3,7,0,0,0
2019-04-27 03:30,6,2,4,0,0,0
2019-04-27 03:45,14,3,11,0,0,0
2019-04-27 04:00,7,1,6,0,0,0
2019-04-27 04:15,12,1,11,0,0,0
2019-04-27 04:30,7,3,4,0,0,0
2019-04-27 04:45,6,0,6,0,0,0
2019-04-27 05:00,6,2,4,0,0,0
2019-04-27 05:15,7,2,5,0,0,0
2019-04-27 05:30,8,6,2,0,0,0
2019-04-27 05:45,12,7,5,0,0,0
2019-04-27 06:00,5,2,3,0,0,0
2019-04-27 06:15,7,3,4,0,0,0
2019-04-27 06:30,8,6,2,0,0,0
2019-04-27 06:45,12,7,5,0,0,0
2019-04-27 07:00,17,15,2,0,0,0
2019-04-27 07:15,12,7,5,0,0,0
2019-04-27 07:30,28,23,5,0,0,0
2019-04-27 07:45,23,15,8,0,0,0
2019-04-27 08:00,29,20,9,0,0,0
2019-04-27 08:15,29,17,12,0,0,0
2019-04-27 08:30,36,29,7,0,0,0
2019-04-27 08:45,72,55,17,0,0,0
2019-04-27 09:00,60,47,13,0,0,0
2019-04-27 09:15,69,56,13,0,0,0
2019-04-27 09:30,103,81,22,0,0,0
2019-04-27 09:45,138,109,29,0,0,0
2019-04-27 10:00,91,71,20,0,0,0
2019-04-27 10:15,92,61,31,0,0,0
2019-04-27 10:30,69,48,21,0,0,0
2019-04-27 10:45,88,60,28,0,0,0
2019-04-27 11:00,74,45,29,0,0,0
2019-04-27 11:15,68,46,22,0,0,0
2019-04-27 11:30,74,51,23,0,0,0
2019-04-27 11:45,101,66,35,0,0,0
2019-04-27 12:00,69,42,27,0,0,0
2019-04-27 12:15,86,53,33,0,0,0
2019-04-27 12:30,78,53,25,0,0,0
2019-04-27 12:45,80,47,33,0,0,0
2019-04-27 13:00,101,64,37,0,0,0
2019-04-27 13:15,78,57,21,0,0,0
2019-04-27 13:30,90,43,47,0,0,0
2019-04-27 13:45,82,43,39,0,0,0
2019-04-27 14:00,89,54,35,0,0,0
2019-04-27 14:15,68,40,28,0,0,0
2019-04-27 14:30,85,36,49,0,0,0
2019-04-27 14:45,94,48,46,0,0,0
2019-04-27 15:00,89,39,50,0,0,0
2019-04-27 15:15,77,39,38,0,0,0
2019-04-27 15:30,74,37,37,0,0,0
2019-04-27 15:45,69,38,31,0,0,0
2019-04-27 16:00,51,27,24,0,0,0
2019-04-27 16:15,59,26,33,0,0,0
2019-04-27 16:30,59,31,28,0,0,0
2019-04-27 16:45,61,41,20,0,0,0
2019-04-27 17:00,51,33,18,0,0,0
2019-04-27 17:15,66,40,26,0,0,0
2019-04-27 17:30,84,51,33,0,0,0
2019-04-27 17:45,84,34,50,0,0,0
2019-04-27 18:00,56,33,23,0,0,0
2019-04-27 18:15,45,18,27,0,0,0
2019-04-27 18:30,50,22,28,0,0,0
2019-04-27 18:45,58,28,30,0,0,0
2019-04-27 19:00,73,45,28,0,0,0
2019-04-27 19:15,65,32,33,0,0,0
2019-04-27 19:30,40,11,29,0,0,0
2019-04-27 19:45,72,42,30,0,0,0
2019-04-27 20:00,44,21,23,0,0,0
2019-04-27 20:15,51,27,24,0,0,0
2019-04-27 20:30,57,37,20,0,0,0
2019-04-27 20:45,53,30,23,0,0,0
2019-04-27 21:00,43,21,22,0,0,0
2019-04-27 21:15,39,26,13,0,0,0
2019-04-27 21:30,35,20,15,0,0,0
2019-04-27 21:45,30,17,13,0,0,0
2019-04-27 22:00,42,17,25,0,0,0
2019-04-27 22:15,18,9,9,0,0,0
2019-04-27 22:30,43,27,16,0,0,0
2019-04-27 22:45,32,21,11,0,0,0
2019-04-27 23:00,37,17,20,0,0,0
2019-04-27 23:15,33,18,15,0,0,0
2019-04-27 23:30,31,23,8,0,0,0
2019-04-27 23:45,15,7,8,0,0,0
2019-04-28 00:00,28,17,11,0,0,0
2019-04-28 00:15,29,9,20,0,0,0
2019-04-28 00:30,29,17,12,0,0,0
2019-04-28 00:45,15,4,11,0,0,0
2019-04-28 01:00,39,18,21,0,0,0
2019-04-28 01:15,17,9,8,0,0,0
2019-04-28 01:30,23,13,10,0,0,0
2019-04-28 01:45,17,10,7,0,0,0
2019-04-28 02:00,14,5,9,0,0,0
2019-04-28 02:15,14,8,6,0,0,0
2019-04-28 02:30,18,8,10,0,0,0
2019-04-28 02:45,9,1,8,0,0,0
2019-04-28 03:00,16,6,10,0,0,0
2019-04-28 03:15,9,3,6,0,0,0
2019-04-28 03:30,9,2,7,0,0,0
2019-04-28 03:45,7,1,6,0,0,0
2019-04-28 04:00,9,0,9,0,0,0
2019-04-28 04:15,3,1,2,0,0,0
2019-04-28 04:30,8,4,4,0,0,0
2019-04-28 04:45,2,0,2,0,0,0
2019-04-28 05:00,6,4,2,0,0,0
2019-04-28 05:15,5,2,3,0,0,0
2019-04-28 05:30,12,9,3,0,0,0
2019-04-28 05:45,5,3,2,0,0,0
2019-04-28 06:00,5,3,2,0,0,0
2019-04-28 06:15,7,4,3,0,0,0
2019-04-28 06:30,3,3,0,0,0,0
2019-04-28 06:45,10,5,5,0,0,0
2019-04-28 07:00,5,3,2,0,0,0
2019-04-28 07:15,3,1,2,0,0,0
2019-04-28 07:30,9,8,1,0,0,0
2019-04-28 07:45,8,3,5,0,0,0
2019-04-28 08:00,8,5,3,0,0,0
2019-04-28 08:15,8,6,2,0,0,0
2019-04-28 08:30,18,12,6,0,0,0
2019-04-28 08:45,19,14,5,0,0,0
2019-04-28 09:00,6,3,3,0,0,0
2019-04-28 09:15,27,23,4,0,0,0
2019-04-28 09:30,25,15,10,0,0,0
2019-04-28 09:45,46,36,10,0,0,0
2019-04-28 10:00,31,21,10,0,0,0
2019-04-28 10:15,41,29,12,0,0,0
2019-04-28 10:30,31,18,13,0,0,0
2019-04-28 10:45,48,32,16,0,0,0
2019-04-28 11:00,34,20,14,0,0,0
2019-04-28 11:15,23,9,14,0,0,0
2019-04-28 11:30,21,13,8,0,0,0
2019-04-28 11:45,39,20,19,0,0,0
2019-04-28 12:00,50,27,23,0,0,0
2019-04-28 12:15,38,25,13,0,0,0
2019-04-28 12:30,57,26,31,0,0,0
2019-04-28 12:45,48,31,17,0,0,0
2019-04-28 13:00,34,21,13,0,0,0
2019-04-28 13:15,43,18,25,0,0,0
2019-04-28 13:30,49,37,12,0,0,0
2019-04-28 13:45,46,30,16,0,0,0
2019-04-28 14:00,50,31,19,0,0,0
2019-04-28 14:15,57,41,16,0,0,0
2019-04-28 14:30,59,37,22,0,0,0
2019-04-28 14:45,101,73,28,0,0,0
2019-04-28 15:00,35,23,12,0,0,0
2019-04-28 15:15,41,20,21,0,0,0
2019-04-28 15:30,62,29,33,0,0,0
2019-04-28 15:45,50,25,25,0,0,0
2019-04-28 16:00,47,26,21,0,0,0
2019-04-28 16:15,45,25,20,0,0,0
2019-04-28 16:30,48,29,19,0,0,0
2019-04-28 16:45,50,26,24,0,0,0
2019-04-28 17:00,57,32,25,0,0,0
2019-04-28 17:15,60,36,24,0,0,0
2019-04-28 17:30,94,48,46,0,0,0
2019-04-28 17:45,85,44,41,0,0,0
2019-04-28 18:00,55,25,30,0,0,0
2019-04-28 18:15,53,27,26,0,0,0
2019-04-28 18:30,50,27,23,0,0,0
2019-04-28 18:45,43,27,16,0,0,0
2019-04-28 19:00,61,30,31,0,0,0
2019-04-28 19:15,52,27,25,0,0,0
2019-04-28 19:30,41,19,22,0,0,0
2019-04-28 19:45,52,29,23,0,0,0
2019-04-28 20:00,59,30,29,0,0,0
2019-04-28 20:15,36,22,14,0,0,0
2019-04-28 20:30,27,12,15,0,0,0
2019-04-28 20:45,34,18,16,0,0,0
2019-04-28 21:00,18,8,10,0,0,0
2019-04-28 21:15,24,5,19,0,0,0
2019-04-28 21:30,23,17,6,0,0,0
2019-04-28 21:45,22,10,12,0,0,0
2019-04-28 22:00,18,7,11,0,0,0
2019-04-28 22:15,13,6,7,0,0,0
2019-04-28 22:30,21,15,6,0,0,0
2019-04-28 22:45,17,9,8,0,0,0
2019-04-28 23:00,17,8,9,0,0,0
2019-04-28 23:15,9,3,6,0,0,0
2019-04-28 23:30,8,3,5,0,0,0
2019-04-28 23:45,6,3,3,0,0,0
2019-04-29 00:00,4,2,2,0,0,0
2019-04-29 00:15,5,4,1,0,0,0
2019-04-29 00:30,4,3,1,0,0,0
2019-04-29 00:45,3,2,1,0,0,0
2019-04-29 01:00,3,2,1,0,0,0
2019-04-29 01:15,4,2,2,0,0,0
2019-04-29 01:30,2,1,1,0,0,0
2019-04-29 01:45,1,1,0,0,0,0
2019-04-29 02:00,1,1,0,0,0,0
2019-04-29 02:15,2,0,2,0,0,0
2019-04-29 02:30,0,0,0,0,0,0
2019-04-29 02:45,1,0,1,0,0,0
2019-04-29 03:00,0,0,0,0,0,0
2019-04-29 03:15,1,1,0,0,0,0
2019-04-29 03:30,0,0,0,0,0,0
2019-04-29 03:45,0,0,0,0,0,0
2019-04-29 04:00,2,1,1,0,0,0
2019-04-29 04:15,2,0,2,0,0,0
2019-04-29 04:30,0,0,0,0,0,0
2019-04-29 04:45,5,2,3,0,0,0
2019-04-29 05:00,1,1,0,0,0,0
2019-04-29 05:15,12,6,6,0,0,0
2019-04-29 05:30,10,6,4,0,0,0
2019-04-29 05:45,22,11,11,0,0,0
2019-04-29 06:00,15,10,5,0,0,0
2019-04-29 06:15,37,19,18,0,0,0
2019-04-29 06:30,59,32,27,0,0,0
2019-04-29 06:45,79,54,25,0,0,0
2019-04-29 07:00,61,44,17,0,0,0
2019-04-29 07:15,59,22,37,0,0,0
2019-04-29 07:30,328,279,49,0,0,0
2019-04-29 07:45,246,178,68,0,0,0
2019-04-29 08:00,179,139,40,0,0,0
2019-04-29 08:15,143,116,27,0,0,0
2019-04-29 08:30,110,83,27,0,0,0
2019-04-29 08:45,156,128,28,0,0,0
2019-04-29 09:00,127,102,25,0,0,0
2019-04-29 09:15,115,84,31,0,0,0
2019-04-29 09:30,117,92,25,0,0,0
2019-04-29 09:45,170,138,32,0,0,0
2019-04-29 10:00,143,109,34,0,0,0
2019-04-29 10:15,106,76,30,0,0,0
2019-04-29 10:30,101,62,39,0,0,0
2019-04-29 10:45,93,67,26,0,0,0
2019-04-29 11:00,101,64,37,0,0,0
2019-04-29 11:15,96,57,39,0,0,0
2019-04-29 11:30,118,80,38,0,0,0
2019-04-29 11:45,53,9,44,0,0,0
2019-04-29 12:00,112,69,43,0,0,0
2019-04-29 12:15,62,0,62,0,0,0
2019-04-29 12:30,119,55,64,0,0,0
2019-04-29 12:45,91,29,62,0,0,0
2019-04-29 13:00,129,64,65,0,0,0
2019-04-29 13:15,88,20,68,0,0,0
2019-04-29 13:30,66,28,38,0,0,0
2019-04-29 13:45,93,21,72,0,0,0
2019-04-29 14:00,152,58,94,0,0,0
2019-04-29 14:15,73,1,72,0,0,0
2019-04-29 14:30,99,54,45,0,0,0
2019-04-29 14:45,143,77,66,0,0,0
2019-04-29 15:00,150,81,69,0,0,0
2019-04-29 15:15,110,38,72,0,0,0
2019-04-29 15:30,80,3,77,0,0,0
2019-04-29 15:45,131,40,91,0,0,0
2019-04-29 16:00,115,18,97,0,0,0
2019-04-29 16:15,170,73,97,0,0,0
2019-04-29 16:30,97,4,93,0,0,0
2019-04-29 16:45,96,11,85,0,0,0
2019-04-29 17:00,130,52,78,0,0,0
2019-04-29 17:15,169,88,81,0,0,0
2019-04-29 17:30,112,20,92,0,0,0
2019-04-29 17:45,192,94,98,0,0,0
2019-04-29 18:00,173,70,103,0,0,0
2019-04-29 18:15,125,53,72,0,0,0
2019-04-29 18:30,113,51,62,0,0,0
2019-04-29 18:45,130,50,80,0,0,0
2019-04-29 19:00,110,58,52,0,0,0
2019-04-29 19:15,146,73,73,0,0,0
2019-04-29 19:30,107,50,57,0,0,0
2019-04-29 19:45,117,56,61,0,0,0
2019-04-29 20:00,71,33,38,0,0,0
2019-04-29 20:15,81,40,41,0,0,0
2019-04-29 20:30,56,26,30,0,0,0
2019-04-29 20:45,49,12,37,0,0,0
2019-04-29 21:00,40,19,21,0,0,0
2019-04-29 21:15,40,18,22,0,0,0
2019-04-29 21:30,54,21,33,0,0,0
2019-04-29 21:45,55,31,24,0,0,0
2019-04-29 22:00,57,26,31,0,0,0
2019-04-29 22:15,42,19,23,0,0,0
2019-04-29 22:30,37,14,23,0,0,0
2019-04-29 22:45,49,29,20,0,0,0
2019-04-29 23:00,21,8,13,0,0,0
2019-04-29 23:15,31,17,14,0,0,0
2019-04-29 23:30,25,18,7,0,0,0
2019-04-29 23:45,11,3,8,0,0,0
2019-04-30 00:00,13,6,7,0,0,0
2019-04-30 00:15,6,2,4,0,0,0
2019-04-30 00:30,16,10,6,0,0,0
2019-04-30 00:45,2,1,1,0,0,0
2019-04-30 01:00,12,3,9,0,0,0
2019-04-30 01:15,4,1,3,0,0,0
2019-04-30 01:30,1,1,0,0,0,0
2019-04-30 01:45,5,2,3,0,0,0
2019-04-30 02:00,0,0,0,0,0,0
2019-04-30 02:15,1,0,1,0,0,0
2019-04-30 02:30,0,0,0,0,0,0
2019-04-30 02:45,1,1,0,0,0,0
2019-04-30 03:00,0,0,0,0,0,0
2019-04-30 03:15,0,0,0,0,0,0
2019-04-30 03:30,0,0,0,0,0,0
2019-04-30 03:45,1,1,0,0,0,0
2019-04-30 04:00,0,0,0,0,0,0
2019-04-30 04:15,1,0,1,0,0,0
2019-04-30 04:30,0,0,0,0,0,0
2019-04-30 04:45,1,0,1,0,0,0
2019-04-30 05:00,5,3,2,0,0,0
2019-04-30 05:15,10,5,5,0,0,0
2019-04-30 05:30,13,10,3,0,0,0
2019-04-30 05:45,22,10,12,0,0,0
2019-04-30 06:00,12,8,4,0,0,0
2019-04-30 06:15,21,10,11,0,0,0
2019-04-30 06:30,36,26,10,0,0,0
2019-04-30 06:45,83,65,18,0,0,0
2019-04-30 07:00,93,66,27,0,0,0
2019-04-30 07:15,191,151,40,0,0,0
2019-04-30 07:30,335,295,40,0,0,0
2019-04-30 07:45,274,210,64,0,0,0
2019-04-30 08:00,210,170,40,0,0,0
2019-04-30 08:15,193,158,35,0,0,0
2019-04-30 08:30,131,97,34,0,0,0
2019-04-30 08:45,206,169,37,0,0,0
2019-04-30 09:00,128,104,24,0,0,0
2019-04-30 09:15,131,101,30,0,0,0
2019-04-30 09:30,140,109,31,0,0,0
2019-04-30 09:45,189,157,32,0,0,0
2019-04-30 10:00,158,116,42,0,0,0
2019-04-30 10:15,134,96,38,0,0,0
2019-04-30 10:30,112,74,38,0,0,0
2019-04-30 10:45,134,92,42,0,0,0
2019-04-30 11:00,123,84,39,0,0,0
2019-04-30 11:15,128,78,50,0,0,0
2019-04-30 11:30,141,88,53,0,0,0
2019-04-30 11:45,175,114,61,0,0,0
2019-04-30 12:00,149,87,62,0,0,0
2019-04-30 12:15,143,84,59,0,0,0
2019-04-30 12:30,181,96,85,0,0,0
2019-04-30 12:45,144,69,75,0,0,0
2019-04-30 13:00,182,90,92,0,0,0
2019-04-30 13:15,167,74,93,0,0,0
2019-04-30 13:30,153,87,66,0,0,0
2019-04-30 13:45,178,97,81,0,0,0
2019-04-30 14:00,191,83,108,0,0,0
2019-04-30 14:15,156,74,82,0,0,0
2019-04-30 14:30,153,69,84,0,0,0
2019-04-30 14:45,147,71,76,0,0,0
2019-04-30 15:00,85,7,78,0,0,0
2019-04-30 15:15,152,50,102,0,0,0
2019-04-30 15:30,179,98,81,0,0,0
2019-04-30 15:45,241,127,114,0,0,0
2019-04-30 16:00,133,15,118,0,0,0
2019-04-30 16:15,96,1,95,0,0,0
2019-04-30 16:30,186,97,89,0,0,0
2019-04-30 16:45,195,105,90,0,0,0
2019-04-30 17:00,193,87,106,0,0,0
2019-04-30 17:15,167,73,94,0,0,0
2019-04-30 17:30,215,105,110,0,0,0
2019-04-30 17:45,124,15,109,0,0,0
2019-04-30 18:00,102,3,99,0,0,0
2019-04-30 18:15,113,8,105,0,0,0
2019-04-30 18:30,117,16,101,0,0,0
2019-04-30 18:45,85,5,80,0,0,0
2019-04-30 19:00,61,2,59,0,0,0
2019-04-30 19:15,76,1,75,0,0,0
2019-04-30 19:30,140,68,72,0,0,0
2019-04-30 19:45,158,84,74,0,0,0
2019-04-30 20:00,139,66,73,0,0,0
2019-04-30 20:15,131,72,59,0,0,0
2019-04-30 20:30,106,55,51,0,0,0
2019-04-30 20:45,137,66,71,0,0,0
2019-04-30 21:00,110,70,40,0,0,0
2019-04-30 21:15,79,46,33,0,0,0
2019-04-30 21:30,81,46,35,0,0,0
2019-04-30 21:45,76,42,34,0,0,0
2019-04-30 22:00,70,31,39,0,0,0
2019-04-30 22:15,37,22,15,0,0,0
2019-04-30 22:30,74,34,40,0,0,0
2019-04-30 22:45,53,28,25,0,0,0
2019-04-30 23:00,67,37,30,0,0,0
2019-04-30 23:15,31,14,17,0,0,0
2019-04-30 23:30,45,30,15,0,0,0
2019-04-30 23:45,61,20,41,0,0,0
