Datetime,100034983 (Warendorfer Straße),101034983 (Warendorfer Straße stadteinwärts),102034983 (Warendorfer Straße stadtauswärts),100034983-status,101034983-status,102034983-status
2019-06-01 00:00,30,17,13,0,0,0
2019-06-01 00:15,26,16,10,0,0,0
2019-06-01 00:30,20,14,6,0,0,0
2019-06-01 00:45,21,6,15,0,0,0
2019-06-01 01:00,20,6,14,0,0,0
2019-06-01 01:15,12,5,7,0,0,0
2019-06-01 01:30,13,7,6,0,0,0
2019-06-01 01:45,11,4,7,0,0,0
2019-06-01 02:00,15,6,9,0,0,0
2019-06-01 02:15,7,3,4,0,0,0
2019-06-01 02:30,5,2,3,0,0,0
2019-06-01 02:45,10,1,9,0,0,0
2019-06-01 03:00,1,1,0,0,0,0
2019-06-01 03:15,9,1,8,0,0,0
2019-06-01 03:30,5,3,2,0,0,0
2019-06-01 03:45,3,0,3,0,0,0
2019-06-01 04:00,2,2,0,0,0,0
2019-06-01 04:15,7,2,5,0,0,0
2019-06-01 04:30,1,0,1,0,0,0
2019-06-01 04:45,2,0,2,0,0,0
2019-06-01 05:00,4,3,1,0,0,0
2019-06-01 05:15,1,0,1,0,0,0
2019-06-01 05:30,8,0,8,0,0,0
2019-06-01 05:45,7,1,6,0,0,0
2019-06-01 06:00,4,3,1,0,0,0
2019-06-01 06:15,10,5,5,0,0,0
2019-06-01 06:30,12,9,3,0,0,0
2019-06-01 06:45,12,11,1,0,0,0
2019-06-01 07:00,4,2,2,0,0,0
2019-06-01 07:15,18,15,3,0,0,0
2019-06-01 07:30,34,21,13,0,0,0
2019-06-01 07:45,34,23,11,0,0,0
2019-06-01 08:00,28,15,13,0,0,0
2019-06-01 08:15,37,20,17,0,0,0
2019-06-01 08:30,39,22,17,0,0,0
2019-06-01 08:45,58,42,16,0,0,0
2019-06-01 09:00,18,3,15,0,0,0
2019-06-01 09:15,77,59,18,0,0,0
2019-06-01 09:30,68,40,28,0,0,0
2019-06-01 09:45,134,103,31,0,0,0
2019-06-01 10:00,41,11,30,0,0,0
2019-06-01 10:15,102,64,38,0,0,0
2019-06-01 10:30,197,137,60,0,0,0
2019-06-01 10:45,148,86,62,0,0,0
2019-06-01 11:00,185,126,59,0,0,0
2019-06-01 11:15,163,119,44,0,0,0
2019-06-01 11:30,75,2,73,0,0,0
2019-06-01 11:45,204,127,77,0,0,0
2019-06-01 12:00,214,144,70,0,0,0
2019-06-01 12:15,204,135,69,0,0,0
2019-06-01 12:30,111,22,89,0,0,0
2019-06-01 12:45,160,87,73,0,0,0
2019-06-01 13:00,147,89,58,0,0,0
2019-06-01 13:15,164,97,67,0,0,0
2019-06-01 13:30,171,82,89,0,0,0
2019-06-01 13:45,176,92,84,0,0,0
2019-06-01 14:00,173,89,84,0,0,0
2019-06-01 14:15,180,72,108,0,0,0
2019-06-01 14:30,93,15,78,0,0,0
2019-06-01 14:45,170,100,70,0,0,0
2019-06-01 15:00,143,58,85,0,0,0
2019-06-01 15:15,139,54,85,0,0,0
2019-06-01 15:30,105,8,97,0,0,0
2019-06-01 15:45,111,30,81,0,0,0
2019-06-01 16:00,113,57,56,0,0,0
2019-06-01 16:15,77,41,36,0,0,0
2019-06-01 16:30,97,43,54,0,0,0
2019-06-01 16:45,62,17,45,0,0,0
2019-06-01 17:00,117,55,62,0,0,0
2019-06-01 17:15,54,15,39,0,0,0
2019-06-01 17:30,102,64,38,0,0,0
2019-06-01 17:45,146,86,60,0,0,0
2019-06-01 18:00,139,70,69,0,0,0
2019-06-01 18:15,88,23,65,0,0,0
2019-06-01 18:30,68,20,48,0,0,0
2019-06-01 18:45,48,2,46,0,0,0
2019-06-01 19:00,41,1,40,0,0,0
2019-06-01 19:15,47,2,45,0,0,0
2019-06-01 19:30,46,2,44,0,0,0
2019-06-01 19:45,54,7,47,0,0,0
2019-06-01 20:00,59,10,49,0,0,0
2019-06-01 20:15,37,0,37,0,0,0
2019-06-01 20:30,48,4,44,0,0,0
2019-06-01 20:45,69,12,57,0,0,0
2019-06-01 21:00,43,0,43,0,0,0
2019-06-01 21:15,43,15,28,0,0,0
2019-06-01 21:30,31,1,30,0,0,0
2019-06-01 21:45,33,1,32,0,0,0
2019-06-01 22:00,37,14,23,0,0,0
2019-06-01 22:15,30,5,25,0,0,0
2019-06-01 22:30,29,16,13,0,0,0
2019-06-01 22:45,28,9,19,0,0,0
2019-06-01 23:00,60,22,38,0,0,0
2019-06-01 23:15,29,1,28,0,0,0
2019-06-01 23:30,30,9,21,0,0,0
2019-06-01 23:45,23,0,23,0,0,0
2019-06-02 00:00,19,0,19,0,0,0
2019-06-02 00:15,23,1,22,0,0,0
2019-06-02 00:30,20,9,11,0,0,0
2019-06-02 00:45,22,2,20,0,0,0
2019-06-02 01:00,20,2,18,0,0,0
2019-06-02 01:15,21,13,8,0,0,0
2019-06-02 01:30,22,7,15,0,0,0
2019-06-02 01:45,6,1,5,0,0,0
2019-06-02 02:00,14,2,12,0,0,0
2019-06-02 02:15,8,5,3,0,0,0
2019-06-02 02:30,11,4,7,0,0,0
2019-06-02 02:45,6,0,6,0,0,0
2019-06-02 03:00,6,3,3,0,0,0
2019-06-02 03:15,10,5,5,0,0,0
2019-06-02 03:30,4,0,4,0,0,0
2019-06-02 03:45,3,1,2,0,0,0
2019-06-02 04:00,6,0,6,0,0,0
2019-06-02 04:15,1,0,1,0,0,0
2019-06-02 04:30,3,3,0,0,0,0
2019-06-02 04:45,11,2,9,0,0,0
2019-06-02 05:00,2,0,2,0,0,0
2019-06-02 05:15,8,4,4,0,0,0
2019-06-02 05:30,8,3,5,0,0,0
2019-06-02 05:45,8,1,7,0,0,0
2019-06-02 06:00,6,1,5,0,0,0
2019-06-02 06:15,1,0,1,0,0,0
2019-06-02 06:30,4,1,3,0,0,0
2019-06-02 06:45,4,2,2,0,0,0
2019-06-02 07:00,1,0,1,0,0,0
2019-06-02 07:15,3,1,2,0,0,0
2019-06-02 07:30,10,6,4,0,0,0
2019-06-02 07:45,14,6,8,0,0,0
2019-06-02 08:00,7,3,4,0,0,0
2019-06-02 08:15,18,14,4,0,0,0
2019-06-02 08:30,15,13,2,0,0,0
2019-06-02 08:45,35,25,10,0,0,0
2019-06-02 09:00,21,13,8,0,0,0
2019-06-02 09:15,46,33,13,0,0,0
2019-06-02 09:30,51,29,22,0,0,0
2019-06-02 09:45,48,37,11,0,0,0
2019-06-02 10:00,39,27,12,0,0,0
2019-06-02 10:15,48,30,18,0,0,0
2019-06-02 10:30,13,3,10,0,0,0
2019-06-02 10:45,68,39,29,0,0,0
2019-06-02 11:00,55,31,24,0,0,0
2019-06-02 11:15,54,33,21,0,0,0
2019-06-02 11:30,79,38,41,0,0,0
2019-06-02 11:45,83,50,33,0,0,0
2019-06-02 12:00,76,41,35,0,0,0
2019-06-02 12:15,82,46,36,0,0,0
2019-06-02 12:30,42,4,38,0,0,0
2019-06-02 12:45,77,39,38,0,0,0
2019-06-02 13:00,80,23,57,0,0,0
2019-06-02 13:15,87,47,40,0,0,0
2019-06-02 13:30,57,5,52,0,0,0
2019-06-02 13:45,60,0,60,0,0,0
2019-06-02 14:00,62,24,38,0,0,0
2019-06-02 14:15,62,13,49,0,0,0
2019-06-02 14:30,56,10,46,0,0,0
2019-06-02 14:45,92,53,39,0,0,0
2019-06-02 15:00,89,38,51,0,0,0
2019-06-02 15:15,109,58,51,0,0,0
2019-06-02 15:30,77,30,47,0,0,0
2019-06-02 15:45,73,39,34,0,0,0
2019-06-02 16:00,91,49,42,0,0,0
2019-06-02 16:15,47,4,43,0,0,0
2019-06-02 16:30,91,35,56,0,0,0
2019-06-02 16:45,64,28,36,0,0,0
2019-06-02 17:00,93,56,37,0,0,0
2019-06-02 17:15,102,54,48,0,0,0
2019-06-02 17:30,83,48,35,0,0,0
2019-06-02 17:45,140,93,47,0,0,0
2019-06-02 18:00,119,77,42,0,0,0
2019-06-02 18:15,54,13,41,0,0,0
2019-06-02 18:30,28,3,25,0,0,0
2019-06-02 18:45,63,22,41,0,0,0
2019-06-02 19:00,104,74,30,0,0,0
2019-06-02 19:15,32,1,31,0,0,0
2019-06-02 19:30,52,18,34,0,0,0
2019-06-02 19:45,31,2,29,0,0,0
2019-06-02 20:00,54,24,30,0,0,0
2019-06-02 20:15,32,6,26,0,0,0
2019-06-02 20:30,31,10,21,0,0,0
2019-06-02 20:45,37,4,33,0,0,0
2019-06-02 21:00,24,1,23,0,0,0
2019-06-02 21:15,51,25,26,0,0,0
2019-06-02 21:30,41,23,18,0,0,0
2019-06-02 21:45,51,25,26,0,0,0
2019-06-02 22:00,35,25,10,0,0,0
2019-06-02 22:15,40,20,20,0,0,0
2019-06-02 22:30,21,10,11,0,0,0
2019-06-02 22:45,40,20,20,0,0,0
2019-06-02 23:00,22,13,9,0,0,0
2019-06-02 23:15,13,6,7,0,0,0
2019-06-02 23:30,20,12,8,0,0,0
2019-06-02 23:45,3,1,2,0,0,0
2019-06-03 00:00,15,5,10,0,0,0
2019-06-03 00:15,2,1,1,0,0,0
2019-06-03 00:30,7,1,6,0,0,0
2019-06-03 00:45,4,1,3,0,0,0
2019-06-03 01:00,6,1,5,0,0,0
2019-06-03 01:15,2,0,2,0,0,0
2019-06-03 01:30,3,2,1,0,0,0
2019-06-03 01:45,5,3,2,0,0,0
2019-06-03 02:00,4,3,1,0,0,0
2019-06-03 02:15,0,0,0,0,0,0
2019-06-03 02:30,0,0,0,0,0,0
2019-06-03 02:45,2,0,2,0,0,0
2019-06-03 03:00,1,1,0,0,0,0
2019-06-03 03:15,0,0,0,0,0,0
2019-06-03 03:30,3,1,2,0,0,0
2019-06-03 03:45,1,1,0,0,0,0
2019-06-03 04:00,0,0,0,0,0,0
2019-06-03 04:15,0,0,0,0,0,0
2019-06-03 04:30,1,1,0,0,0,0
2019-06-03 04:45,0,0,0,0,0,0
2019-06-03 05:00,0,0,0,0,0,0
2019-06-03 05:15,3,1,2,0,0,0
2019-06-03 05:30,11,7,4,0,0,0
2019-06-03 05:45,17,7,10,0,0,0
2019-06-03 06:00,5,1,4,0,0,0
2019-06-03 06:15,23,15,8,0,0,0
2019-06-03 06:30,52,25,27,0,0,0
2019-06-03 06:45,26,6,20,0,0,0
2019-06-03 07:00,24,0,24,0,0,0
2019-06-03 07:15,74,45,29,0,0,0
2019-06-03 07:30,34,4,30,0,0,0
2019-06-03 07:45,43,0,43,0,0,0
2019-06-03 08:00,64,51,13,0,0,0
2019-06-03 08:15,13,0,13,0,0,0
2019-06-03 08:30,21,0,21,0,0,0
2019-06-03 08:45,25,3,22,0,0,0
2019-06-03 09:00,14,4,10,0,0,0
2019-06-03 09:15,19,0,19,0,0,0
2019-06-03 09:30,41,32,9,0,0,0
2019-06-03 09:45,112,93,19,0,0,0
2019-06-03 10:00,38,26,12,0,0,0
2019-06-03 10:15,78,54,24,0,0,0
2019-06-03 10:30,70,52,18,0,0,0
2019-06-03 10:45,101,71,30,0,0,0
2019-06-03 11:00,78,56,22,0,0,0
2019-06-03 11:15,65,41,24,0,0,0
2019-06-03 11:30,102,61,41,0,0,0
2019-06-03 11:45,74,35,39,0,0,0
2019-06-03 12:00,63,20,43,0,0,0
2019-06-03 12:15,83,50,33,0,0,0
2019-06-03 12:30,48,5,43,0,0,0
2019-06-03 12:45,118,68,50,0,0,0
2019-06-03 13:00,107,66,41,0,0,0
2019-06-03 13:15,48,5,43,0,0,0
2019-06-03 13:30,55,25,30,0,0,0
2019-06-03 13:45,92,45,47,0,0,0
2019-06-03 14:00,56,11,45,0,0,0
2019-06-03 14:15,104,48,56,0,0,0
2019-06-03 14:30,62,7,55,0,0,0
2019-06-03 14:45,137,71,66,0,0,0
2019-06-03 15:00,121,74,47,0,0,0
2019-06-03 15:15,124,68,56,0,0,0
2019-06-03 15:30,155,84,71,0,0,0
2019-06-03 15:45,204,98,106,0,0,0
2019-06-03 16:00,182,103,79,0,0,0
2019-06-03 16:15,151,76,75,0,0,0
2019-06-03 16:30,114,40,74,0,0,0
2019-06-03 16:45,168,94,74,0,0,0
2019-06-03 17:00,177,79,98,0,0,0
2019-06-03 17:15,138,62,76,0,0,0
2019-06-03 17:30,155,81,74,0,0,0
2019-06-03 17:45,210,97,113,0,0,0
2019-06-03 18:00,171,68,103,0,0,0
2019-06-03 18:15,152,68,84,0,0,0
2019-06-03 18:30,104,42,62,0,0,0
2019-06-03 18:45,157,72,85,0,0,0
2019-06-03 19:00,116,51,65,0,0,0
2019-06-03 19:15,118,64,54,0,0,0
2019-06-03 19:30,92,42,50,0,0,0
2019-06-03 19:45,92,32,60,0,0,0
2019-06-03 20:00,94,37,57,0,0,0
2019-06-03 20:15,79,28,51,0,0,0
2019-06-03 20:30,41,20,21,0,0,0
2019-06-03 20:45,53,28,25,0,0,0
2019-06-03 21:00,56,29,27,0,0,0
2019-06-03 21:15,66,23,43,0,0,0
2019-06-03 21:30,37,20,17,0,0,0
2019-06-03 21:45,51,17,34,0,0,0
2019-06-03 22:00,41,16,25,0,0,0
2019-06-03 22:15,35,17,18,0,0,0
2019-06-03 22:30,26,8,18,0,0,0
2019-06-03 22:45,31,9,22,0,0,0
2019-06-03 23:00,27,14,13,0,0,0
2019-06-03 23:15,19,10,9,0,0,0
2019-06-03 23:30,20,12,8,0,0,0
2019-06-03 23:45,15,6,9,0,0,0
2019-06-04 00:00,9,6,3,0,0,0
2019-06-04 00:15,11,4,7,0,0,0
2019-06-04 00:30,5,3,2,0,0,0
2019-06-04 00:45,9,0,9,0,0,0
2019-06-04 01:00,2,0,2,0,0,0
2019-06-04 01:15,3,1,2,0,0,0
2019-06-04 01:30,4,0,4,0,0,0
2019-06-04 01:45,3,2,1,0,0,0
2019-06-04 02:00,3,0,3,0,0,0
2019-06-04 02:15,0,0,0,0,0,0
2019-06-04 02:30,1,0,1,0,0,0
2019-06-04 02:45,4,3,1,0,0,0
2019-06-04 03:00,3,2,1,0,0,0
2019-06-04 03:15,1,0,1,0,0,0
2019-06-04 03:30,0,0,0,0,0,0
2019-06-04 03:45,1,1,0,0,0,0
2019-06-04 04:00,1,0,1,0,0,0
2019-06-04 04:15,0,0,0,0,0,0
2019-06-04 04:30,1,1,0,0,0,0
2019-06-04 04:45,3,2,1,0,0,0
2019-06-04 05:00,1,0,1,0,0,0
2019-06-04 05:15,9,7,2,0,0,0
2019-06-04 05:30,17,13,4,0,0,0
2019-06-04 05:45,19,5,14,0,0,0
2019-06-04 06:00,15,11,4,0,0,0
2019-06-04 06:15,21,14,7,0,0,0
2019-06-04 06:30,63,43,20,0,0,0
2019-06-04 06:45,84,66,18,0,0,0
2019-06-04 07:00,104,73,31,0,0,0
2019-06-04 07:15,168,111,57,0,0,0
2019-06-04 07:30,350,295,55,0,0,0
2019-06-04 07:45,264,200,64,0,0,0
2019-06-04 08:00,210,158,52,0,0,0
2019-06-04 08:15,165,124,41,0,0,0
2019-06-04 08:30,167,127,40,0,0,0
2019-06-04 08:45,179,142,37,0,0,0
2019-06-04 09:00,134,105,29,0,0,0
2019-06-04 09:15,35,8,27,0,0,0
2019-06-04 09:30,131,100,31,0,0,0
2019-06-04 09:45,196,160,36,0,0,0
2019-06-04 10:00,124,95,29,0,0,0
2019-06-04 10:15,100,69,31,0,0,0
2019-06-04 10:30,118,80,38,0,0,0
2019-06-04 10:45,112,62,50,0,0,0
2019-06-04 11:00,97,62,35,0,0,0
2019-06-04 11:15,121,77,44,0,0,0
2019-06-04 11:30,118,83,35,0,0,0
2019-06-04 11:45,126,73,53,0,0,0
2019-06-04 12:00,130,84,46,0,0,0
2019-06-04 12:15,146,81,65,0,0,0
2019-06-04 12:30,129,63,66,0,0,0
2019-06-04 12:45,83,34,49,0,0,0
2019-06-04 13:00,159,80,79,0,0,0
2019-06-04 13:15,149,57,92,0,0,0
2019-06-04 13:30,134,62,72,0,0,0
2019-06-04 13:45,174,106,68,0,0,0
2019-06-04 14:00,185,76,109,0,0,0
2019-06-04 14:15,135,70,65,0,0,0
2019-06-04 14:30,115,57,58,0,0,0
2019-06-04 14:45,166,86,80,0,0,0
2019-06-04 15:00,166,76,90,0,0,0
2019-06-04 15:15,68,1,67,0,0,0
2019-06-04 15:30,176,93,83,0,0,0
2019-06-04 15:45,197,98,99,0,0,0
2019-06-04 16:00,239,113,126,0,0,0
2019-06-04 16:15,177,78,99,0,0,0
2019-06-04 16:30,196,122,74,0,0,0
2019-06-04 16:45,245,113,132,0,0,0
2019-06-04 17:00,214,118,96,0,0,0
2019-06-04 17:15,212,93,119,0,0,0
2019-06-04 17:30,215,93,122,0,0,0
2019-06-04 17:45,244,104,140,0,0,0
2019-06-04 18:00,208,106,102,0,0,0
2019-06-04 18:15,208,95,113,0,0,0
2019-06-04 18:30,172,83,89,0,0,0
2019-06-04 18:45,203,106,97,0,0,0
2019-06-04 19:00,178,99,79,0,0,0
2019-06-04 19:15,157,82,75,0,0,0
2019-06-04 19:30,136,66,70,0,0,0
2019-06-04 19:45,173,74,99,0,0,0
2019-06-04 20:00,121,43,78,0,0,0
2019-06-04 20:15,66,30,36,0,0,0
2019-06-04 20:30,64,23,41,0,0,0
2019-06-04 20:45,82,36,46,0,0,0
2019-06-04 21:00,77,33,44,0,0,0
2019-06-04 21:15,74,34,40,0,0,0
2019-06-04 21:30,80,21,59,0,0,0
2019-06-04 21:45,81,30,51,0,0,0
2019-06-04 22:00,65,35,30,0,0,0
2019-06-04 22:15,53,19,34,0,0,0
2019-06-04 22:30,46,16,30,0,0,0
2019-06-04 22:45,49,20,29,0,0,0
2019-06-04 23:00,44,18,26,0,0,0
2019-06-04 23:15,39,20,19,0,0,0
2019-06-04 23:30,18,5,13,0,0,0
2019-06-04 23:45,15,7,8,0,0,0
2019-06-05 00:00,20,11,9,0,0,0
2019-06-05 00:15,19,8,11,0,0,0
2019-06-05 00:30,7,3,4,0,0,0
2019-06-05 00:45,7,3,4,0,0,0
2019-06-05 01:00,9,2,7,0,0,0
2019-06-05 01:15,4,2,2,0,0,0
2019-06-05 01:30,11,4,7,0,0,0
2019-06-05 01:45,0,0,0,0,0,0
2019-06-05 02:00,6,4,2,0,0,0
2019-06-05 02:15,3,1,2,0,0,0
2019-06-05 02:30,1,0,1,0,0,0
2019-06-05 02:45,1,0,1,0,0,0
2019-06-05 03:00,1,0,1,0,0,0
2019-06-05 03:15,4,1,3,0,0,0
2019-06-05 03:30,1,0,1,0,0,0
2019-06-05 03:45,3,1,2,0,0,0
2019-06-05 04:00,1,0,1,0,0,0
2019-06-05 04:15,2,2,0,0,0,0
2019-06-05 04:30,0,0,0,0,0,0
2019-06-05 04:45,0,0,0,0,0,0
2019-06-05 05:00,3,1,2,0,0,0
2019-06-05 05:15,1,0,1,0,0,0
2019-06-05 05:30,18,12,6,0,0,0
2019-06-05 05:45,20,11,9,0,0,0
2019-06-05 06:00,24,14,10,0,0,0
2019-06-05 06:15,26,14,12,0,0,0
2019-06-05 06:30,62,39,23,0,0,0
2019-06-05 06:45,77,54,23,0,0,0
2019-06-05 07:00,98,67,31,0,0,0
2019-06-05 07:15,198,158,40,0,0,0
2019-06-05 07:30,285,219,66,0,0,0
2019-06-05 07:45,242,168,74,0,0,0
2019-06-05 08:00,216,174,42,0,0,0
2019-06-05 08:15,191,144,47,0,0,0
2019-06-05 08:30,162,118,44,0,0,0
2019-06-05 08:45,179,127,52,0,0,0
2019-06-05 09:00,109,79,30,0,0,0
2019-06-05 09:15,45,10,35,0,0,0
2019-06-05 09:30,161,130,31,0,0,0
2019-06-05 09:45,214,170,44,0,0,0
2019-06-05 10:00,153,114,39,0,0,0
2019-06-05 10:15,136,97,39,0,0,0
2019-06-05 10:30,118,83,35,0,0,0
2019-06-05 10:45,158,121,37,0,0,0
2019-06-05 11:00,165,97,68,0,0,0
2019-06-05 11:15,138,84,54,0,0,0
2019-06-05 11:30,163,101,62,0,0,0
2019-06-05 11:45,158,93,65,0,0,0
2019-06-05 12:00,175,103,72,0,0,0
2019-06-05 12:15,169,86,83,0,0,0
2019-06-05 12:30,157,57,100,0,0,0
2019-06-05 12:45,143,74,69,0,0,0
2019-06-05 13:00,185,92,93,0,0,0
2019-06-05 13:15,88,25,63,0,0,0
2019-06-05 13:30,140,68,72,0,0,0
2019-06-05 13:45,146,48,98,0,0,0
2019-06-05 14:00,168,74,94,0,0,0
2019-06-05 14:15,150,76,74,0,0,0
2019-06-05 14:30,124,32,92,0,0,0
2019-06-05 14:45,168,73,95,0,0,0
2019-06-05 15:00,121,29,92,0,0,0
2019-06-05 15:15,118,19,99,0,0,0
2019-06-05 15:30,184,85,99,0,0,0
2019-06-05 15:45,141,46,95,0,0,0
2019-06-05 16:00,216,103,113,0,0,0
2019-06-05 16:15,227,96,131,0,0,0
2019-06-05 16:30,189,89,100,0,0,0
2019-06-05 16:45,206,126,80,0,0,0
2019-06-05 17:00,191,78,113,0,0,0
2019-06-05 17:15,98,7,91,0,0,0
2019-06-05 17:30,110,15,95,0,0,0
2019-06-05 17:45,122,1,121,0,0,0
2019-06-05 18:00,135,12,123,0,0,0
2019-06-05 18:15,119,15,104,0,0,0
2019-06-05 18:30,103,23,80,0,0,0
2019-06-05 18:45,98,2,96,0,0,0
2019-06-05 19:00,119,19,100,0,0,0
2019-06-05 19:15,153,68,85,0,0,0
2019-06-05 19:30,98,18,80,0,0,0
2019-06-05 19:45,80,22,58,0,0,0
2019-06-05 20:00,91,15,76,0,0,0
2019-06-05 20:15,60,20,40,0,0,0
2019-06-05 20:30,88,40,48,0,0,0
2019-06-05 20:45,106,52,54,0,0,0
2019-06-05 21:00,81,25,56,0,0,0
2019-06-05 21:15,77,31,46,0,0,0
2019-06-05 21:30,85,43,42,0,0,0
2019-06-05 21:45,88,40,48,0,0,0
2019-06-05 22:00,76,31,45,0,0,0
2019-06-05 22:15,66,31,35,0,0,0
2019-06-05 22:30,54,28,26,0,0,0
2019-06-05 22:45,38,13,25,0,0,0
2019-06-05 23:00,27,6,21,0,0,0
2019-06-05 23:15,17,8,9,0,0,0
2019-06-05 23:30,53,33,20,0,0,0
2019-06-05 23:45,26,11,15,0,0,0
2019-06-06 00:00,32,10,22,0,0,0
2019-06-06 00:15,13,6,7,0,0,0
2019-06-06 00:30,20,16,4,0,0,0
2019-06-06 00:45,25,12,13,0,0,0
2019-06-06 01:00,11,4,7,0,0,0
2019-06-06 01:15,14,3,11,0,0,0
2019-06-06 01:30,11,2,9,0,0,0
2019-06-06 01:45,8,3,5,0,0,0
2019-06-06 02:00,5,1,4,0,0,0
2019-06-06 02:15,9,2,7,0,0,0
2019-06-06 02:30,5,0,5,0,0,0
2019-06-06 02:45,6,0,6,0,0,0
2019-06-06 03:00,2,0,2,0,0,0
2019-06-06 03:15,3,0,3,0,0,0
2019-06-06 03:30,3,1,2,0,0,0
2019-06-06 03:45,0,0,0,0,0,0
2019-06-06 04:00,3,0,3,0,0,0
2019-06-06 04:15,2,1,1,0,0,0
2019-06-06 04:30,0,0,0,0,0,0
2019-06-06 04:45,0,0,0,0,0,0
2019-06-06 05:00,0,0,0,0,0,0
2019-06-06 05:15,7,4,3,0,0,0
2019-06-06 05:30,18,13,5,0,0,0
2019-06-06 05:45,19,5,14,0,0,0
2019-06-06 06:00,13,8,5,0,0,0
2019-06-06 06:15,20,11,9,0,0,0
2019-06-06 06:30,53,36,17,0,0,0
2019-06-06 06:45,75,45,30,0,0,0
2019-06-06 07:00,52,31,21,0,0,0
2019-06-06 07:15,105,71,34,0,0,0
2019-06-06 07:30,112,63,49,0,0,0
2019-06-06 07:45,200,136,64,0,0,0
2019-06-06 08:00,106,80,26,0,0,0
2019-06-06 08:15,100,60,40,0,0,0
2019-06-06 08:30,138,106,32,0,0,0
2019-06-06 08:45,42,13,29,0,0,0
2019-06-06 09:00,47,10,37,0,0,0
2019-06-06 09:15,50,23,27,0,0,0
2019-06-06 09:30,96,72,24,0,0,0
2019-06-06 09:45,87,66,21,0,0,0
2019-06-06 10:00,64,36,28,0,0,0
2019-06-06 10:15,35,10,25,0,0,0
2019-06-06 10:30,73,56,17,0,0,0
2019-06-06 10:45,99,70,29,0,0,0
2019-06-06 11:00,83,54,29,0,0,0
2019-06-06 11:15,92,61,31,0,0,0
2019-06-06 11:30,58,22,36,0,0,0
2019-06-06 11:45,148,85,63,0,0,0
2019-06-06 12:00,134,65,69,0,0,0
2019-06-06 12:15,97,38,59,0,0,0
2019-06-06 12:30,126,62,64,0,0,0
2019-06-06 12:45,59,7,52,0,0,0
2019-06-06 13:00,118,65,53,0,0,0
2019-06-06 13:15,117,51,66,0,0,0
2019-06-06 13:30,107,53,54,0,0,0
2019-06-06 13:45,103,33,70,0,0,0
2019-06-06 14:00,170,78,92,0,0,0
2019-06-06 14:15,123,64,59,0,0,0
2019-06-06 14:30,121,66,55,0,0,0
2019-06-06 14:45,132,70,62,0,0,0
2019-06-06 15:00,160,104,56,0,0,0
2019-06-06 15:15,153,81,72,0,0,0
2019-06-06 15:30,161,83,78,0,0,0
2019-06-06 15:45,197,101,96,0,0,0
2019-06-06 16:00,187,80,107,0,0,0
2019-06-06 16:15,167,78,89,0,0,0
2019-06-06 16:30,131,38,93,0,0,0
2019-06-06 16:45,156,80,76,0,0,0
2019-06-06 17:00,170,92,78,0,0,0
2019-06-06 17:15,175,92,83,0,0,0
2019-06-06 17:30,152,77,75,0,0,0
2019-06-06 17:45,221,123,98,0,0,0
2019-06-06 18:00,186,74,112,0,0,0
2019-06-06 18:15,114,23,91,0,0,0
2019-06-06 18:30,80,0,80,0,0,0
2019-06-06 18:45,69,1,68,0,0,0
2019-06-06 19:00,85,3,82,0,0,0
2019-06-06 19:15,78,26,52,0,0,0
2019-06-06 19:30,99,53,46,0,0,0
2019-06-06 19:45,86,28,58,0,0,0
2019-06-06 20:00,82,9,73,0,0,0
2019-06-06 20:15,57,14,43,0,0,0
2019-06-06 20:30,39,0,39,0,0,0
2019-06-06 20:45,33,7,26,0,0,0
2019-06-06 21:00,82,40,42,0,0,0
2019-06-06 21:15,72,21,51,0,0,0
2019-06-06 21:30,71,35,36,0,0,0
2019-06-06 21:45,55,20,35,0,0,0
2019-06-06 22:00,82,40,42,0,0,0
2019-06-06 22:15,59,35,24,0,0,0
2019-06-06 22:30,47,15,32,0,0,0
2019-06-06 22:45,50,14,36,0,0,0
2019-06-06 23:00,35,15,20,0,0,0
2019-06-06 23:15,33,11,22,0,0,0
2019-06-06 23:30,30,15,15,0,0,0
2019-06-06 23:45,18,9,9,0,0,0
2019-06-07 00:00,5,1,4,0,0,0
2019-06-07 00:15,18,10,8,0,0,0
2019-06-07 00:30,15,6,9,0,0,0
2019-06-07 00:45,13,6,7,0,0,0
2019-06-07 01:00,9,4,5,0,0,0
2019-06-07 01:15,9,0,9,0,0,0
2019-06-07 01:30,0,0,0,0,0,0
2019-06-07 01:45,12,4,8,0,0,0
2019-06-07 02:00,3,0,3,0,0,0
2019-06-07 02:15,3,0,3,0,0,0
2019-06-07 02:30,0,0,0,0,0,0
2019-06-07 02:45,0,0,0,0,0,0
2019-06-07 03:00,4,0,4,0,0,0
2019-06-07 03:15,3,1,2,0,0,0
2019-06-07 03:30,1,0,1,0,0,0
2019-06-07 03:45,3,1,2,0,0,0
2019-06-07 04:00,2,0,2,0,0,0
2019-06-07 04:15,5,2,3,0,0,0
2019-06-07 04:30,2,1,1,0,0,0
2019-06-07 04:45,0,0,0,0,0,0
2019-06-07 05:00,1,1,0,0,0,0
2019-06-07 05:15,4,2,2,0,0,0
2019-06-07 05:30,14,7,7,0,0,0
2019-06-07 05:45,17,8,9,0,0,0
2019-06-07 06:00,12,5,7,0,0,0
2019-06-07 06:15,31,14,17,0,0,0
2019-06-07 06:30,54,34,20,0,0,0
2019-06-07 06:45,69,47,22,0,0,0
2019-06-07 07:00,81,57,24,0,0,0
2019-06-07 07:15,189,144,45,0,0,0
2019-06-07 07:30,297,264,33,0,0,0
2019-06-07 07:45,188,124,64,0,0,0
2019-06-07 08:00,148,118,30,0,0,0
2019-06-07 08:15,146,101,45,0,0,0
2019-06-07 08:30,138,100,38,0,0,0
2019-06-07 08:45,166,130,36,0,0,0
2019-06-07 09:00,119,87,32,0,0,0
2019-06-07 09:15,119,84,35,0,0,0
2019-06-07 09:30,118,80,38,0,0,0
2019-06-07 09:45,165,121,44,0,0,0
2019-06-07 10:00,124,87,37,0,0,0
2019-06-07 10:15,130,81,49,0,0,0
2019-06-07 10:30,107,69,38,0,0,0
2019-06-07 10:45,102,72,30,0,0,0
2019-06-07 11:00,108,59,49,0,0,0
2019-06-07 11:15,119,86,33,0,0,0
2019-06-07 11:30,122,70,52,0,0,0
2019-06-07 11:45,142,89,53,0,0,0
2019-06-07 12:00,134,83,51,0,0,0
2019-06-07 12:15,81,19,62,0,0,0
2019-06-07 12:30,104,25,79,0,0,0
2019-06-07 12:45,77,0,77,0,0,0
2019-06-07 13:00,127,7,120,0,0,0
2019-06-07 13:15,166,69,97,0,0,0
2019-06-07 13:30,142,59,83,0,0,0
2019-06-07 13:45,116,9,107,0,0,0
2019-06-07 14:00,115,31,84,0,0,0
2019-06-07 14:15,128,45,83,0,0,0
2019-06-07 14:30,61,0,61,0,0,0
2019-06-07 14:45,105,11,94,0,0,0
2019-06-07 15:00,64,0,64,0,0,0
2019-06-07 15:15,73,5,68,0,0,0
2019-06-07 15:30,71,0,71,0,0,0
2019-06-07 15:45,94,0,94,0,0,0
2019-06-07 16:00,94,10,84,0,0,0
2019-06-07 16:15,99,0,99,0,0,0
2019-06-07 16:30,90,5,85,0,0,0
2019-06-07 16:45,66,3,63,0,0,0
2019-06-07 17:00,117,57,60,0,0,0
2019-06-07 17:15,143,62,81,0,0,0
2019-06-07 17:30,94,26,68,0,0,0
2019-06-07 17:45,157,81,76,0,0,0
2019-06-07 18:00,69,9,60,0,0,0
2019-06-07 18:15,146,76,70,0,0,0
2019-06-07 18:30,81,0,81,0,0,0
2019-06-07 18:45,75,10,65,0,0,0
2019-06-07 19:00,73,35,38,0,0,0
2019-06-07 19:15,39,1,38,0,0,0
2019-06-07 19:30,57,13,44,0,0,0
2019-06-07 19:45,101,48,53,0,0,0
2019-06-07 20:00,60,27,33,0,0,0
2019-06-07 20:15,48,5,43,0,0,0
2019-06-07 20:30,54,20,34,0,0,0
2019-06-07 20:45,41,19,22,0,0,0
2019-06-07 21:00,50,22,28,0,0,0
2019-06-07 21:15,48,23,25,0,0,0
2019-06-07 21:30,53,18,35,0,0,0
2019-06-07 21:45,33,14,19,0,0,0
2019-06-07 22:00,48,29,19,0,0,0
2019-06-07 22:15,31,14,17,0,0,0
2019-06-07 22:30,20,1,19,0,0,0
2019-06-07 22:45,37,14,23,0,0,0
2019-06-07 23:00,41,16,25,0,0,0
2019-06-07 23:15,13,0,13,0,0,0
2019-06-07 23:30,27,13,14,0,0,0
2019-06-07 23:45,42,21,21,0,0,0
2019-06-08 00:00,26,10,16,0,0,0
2019-06-08 00:15,39,29,10,0,0,0
2019-06-08 00:30,28,11,17,0,0,0
2019-06-08 00:45,9,2,7,0,0,0
2019-06-08 01:00,23,0,23,0,0,0
2019-06-08 01:15,19,6,13,0,0,0
2019-06-08 01:30,9,5,4,0,0,0
2019-06-08 01:45,10,1,9,0,0,0
2019-06-08 02:00,8,4,4,0,0,0
2019-06-08 02:15,5,1,4,0,0,0
2019-06-08 02:30,7,4,3,0,0,0
2019-06-08 02:45,1,0,1,0,0,0
2019-06-08 03:00,10,2,8,0,0,0
2019-06-08 03:15,6,2,4,0,0,0
2019-06-08 03:30,1,0,1,0,0,0
2019-06-08 03:45,10,5,5,0,0,0
2019-06-08 04:00,4,0,4,0,0,0
2019-06-08 04:15,7,1,6,0,0,0
2019-06-08 04:30,1,1,0,0,0,0
2019-06-08 04:45,5,1,4,0,0,0
2019-06-08 05:00,5,2,3,0,0,0
2019-06-08 05:15,2,1,1,0,0,0
2019-06-08 05:30,8,5,3,0,0,0
2019-06-08 05:45,11,5,6,0,0,0
2019-06-08 06:00,6,3,3,0,0,0
2019-06-08 06:15,10,4,6,0,0,0
2019-06-08 06:30,7,4,3,0,0,0
2019-06-08 06:45,10,6,4,0,0,0
2019-06-08 07:00,10,8,2,0,0,0
2019-06-08 07:15,13,7,6,0,0,0
2019-06-08 07:30,26,21,5,0,0,0
2019-06-08 07:45,10,0,10,0,0,0
2019-06-08 08:00,34,20,14,0,0,0
2019-06-08 08:15,34,27,7,0,0,0
2019-06-08 08:30,42,30,12,0,0,0
2019-06-08 08:45,20,11,9,0,0,0
2019-06-08 09:00,45,33,12,0,0,0
2019-06-08 09:15,53,43,10,0,0,0
2019-06-08 09:30,45,11,34,0,0,0
2019-06-08 09:45,42,20,22,0,0,0
2019-06-08 10:00,96,69,27,0,0,0
2019-06-08 10:15,99,73,26,0,0,0
2019-06-08 10:30,51,32,19,0,0,0
2019-06-08 10:45,76,50,26,0,0,0
2019-06-08 11:00,90,58,32,0,0,0
2019-06-08 11:15,107,74,33,0,0,0
2019-06-08 11:30,128,90,38,0,0,0
2019-06-08 11:45,46,9,37,0,0,0
2019-06-08 12:00,30,4,26,0,0,0
2019-06-08 12:15,76,22,54,0,0,0
2019-06-08 12:30,84,37,47,0,0,0
2019-06-08 12:45,128,80,48,0,0,0
2019-06-08 13:00,95,35,60,0,0,0
2019-06-08 13:15,97,56,41,0,0,0
2019-06-08 13:30,65,10,55,0,0,0
2019-06-08 13:45,102,23,79,0,0,0
2019-06-08 14:00,131,54,77,0,0,0
2019-06-08 14:15,73,2,71,0,0,0
2019-06-08 14:30,86,24,62,0,0,0
2019-06-08 14:45,72,13,59,0,0,0
2019-06-08 15:00,102,39,63,0,0,0
2019-06-08 15:15,71,25,46,0,0,0
2019-06-08 15:30,67,19,48,0,0,0
2019-06-08 15:45,50,5,45,0,0,0
2019-06-08 16:00,111,52,59,0,0,0
2019-06-08 16:15,81,51,30,0,0,0
2019-06-08 16:30,67,40,27,0,0,0
2019-06-08 16:45,91,41,50,0,0,0
2019-06-08 17:00,82,35,47,0,0,0
2019-06-08 17:15,89,52,37,0,0,0
2019-06-08 17:30,77,26,51,0,0,0
2019-06-08 17:45,96,49,47,0,0,0
2019-06-08 18:00,62,23,39,0,0,0
2019-06-08 18:15,120,58,62,0,0,0
2019-06-08 18:30,52,2,50,0,0,0
2019-06-08 18:45,44,5,39,0,0,0
2019-06-08 19:00,84,38,46,0,0,0
2019-06-08 19:15,63,29,34,0,0,0
2019-06-08 19:30,33,1,32,0,0,0
2019-06-08 19:45,37,6,31,0,0,0
2019-06-08 20:00,67,27,40,0,0,0
2019-06-08 20:15,54,25,29,0,0,0
2019-06-08 20:30,37,4,33,0,0,0
2019-06-08 20:45,16,6,10,0,0,0
2019-06-08 21:00,41,24,17,0,0,0
2019-06-08 21:15,38,18,20,0,0,0
2019-06-08 21:30,37,18,19,0,0,0
2019-06-08 21:45,21,11,10,0,0,0
2019-06-08 22:00,73,43,30,0,0,0
2019-06-08 22:15,33,9,24,0,0,0
2019-06-08 22:30,30,17,13,0,0,0
2019-06-08 22:45,23,16,7,0,0,0
2019-06-08 23:00,23,12,11,0,0,0
2019-06-08 23:15,14,6,8,0,0,0
2019-06-08 23:30,27,17,10,0,0,0
2019-06-08 23:45,42,17,25,0,0,0
2019-06-09 00:00,13,3,10,0,0,0
2019-06-09 00:15,26,16,10,0,0,0
2019-06-09 00:30,22,12,10,0,0,0
2019-06-09 00:45,18,8,10,0,0,0
2019-06-09 01:00,18,5,13,0,0,0
2019-06-09 01:15,12,3,9,0,0,0
2019-06-09 01:30,12,7,5,0,0,0
2019-06-09 01:45,12,4,8,0,0,0
2019-06-09 02:00,13,5,8,0,0,0
2019-06-09 02:15,14,7,7,0,0,0
2019-06-09 02:30,9,3,6,0,0,0
2019-06-09 02:45,4,1,3,0,0,0
2019-06-09 03:00,6,1,5,0,0,0
2019-06-09 03:15,4,1,3,0,0,0
2019-06-09 03:30,6,6,0,0,0,0
2019-06-09 03:45,2,1,1,0,0,0
2019-06-09 04:00,4,2,2,0,0,0
2019-06-09 04:15,4,0,4,0,0,0
2019-06-09 04:30,3,0,3,0,0,0
2019-06-09 04:45,3,0,3,0,0,0
2019-06-09 05:00,1,1,0,0,0,0
2019-06-09 05:15,3,1,2,0,0,0
2019-06-09 05:30,5,4,1,0,0,0
2019-06-09 05:45,13,4,9,0,0,0
2019-06-09 06:00,5,1,4,0,0,0
2019-06-09 06:15,7,5,2,0,0,0
2019-06-09 06:30,8,5,3,0,0,0
2019-06-09 06:45,4,1,3,0,0,0
2019-06-09 07:00,8,6,2,0,0,0
2019-06-09 07:15,4,1,3,0,0,0
2019-06-09 07:30,9,6,3,0,0,0
2019-06-09 07:45,4,2,2,0,0,0
2019-06-09 08:00,5,2,3,0,0,0
2019-06-09 08:15,11,4,7,0,0,0
2019-06-09 08:30,14,11,3,0,0,0
2019-06-09 08:45,25,16,9,0,0,0
2019-06-09 09:00,18,14,4,0,0,0
2019-06-09 09:15,27,19,8,0,0,0
2019-06-09 09:30,59,43,16,0,0,0
2019-06-09 09:45,68,52,16,0,0,0
2019-06-09 10:00,45,39,6,0,0,0
2019-06-09 10:15,45,22,23,0,0,0
2019-06-09 10:30,39,25,14,0,0,0
2019-06-09 10:45,56,36,20,0,0,0
2019-06-09 11:00,35,10,25,0,0,0
2019-06-09 11:15,62,35,27,0,0,0
2019-06-09 11:30,61,32,29,0,0,0
2019-06-09 11:45,68,41,27,0,0,0
2019-06-09 12:00,54,34,20,0,0,0
2019-06-09 12:15,72,31,41,0,0,0
2019-06-09 12:30,85,45,40,0,0,0
2019-06-09 12:45,94,58,36,0,0,0
2019-06-09 13:00,56,27,29,0,0,0
2019-06-09 13:15,68,49,19,0,0,0
2019-06-09 13:30,66,46,20,0,0,0
2019-06-09 13:45,68,29,39,0,0,0
2019-06-09 14:00,78,45,33,0,0,0
2019-06-09 14:15,50,18,32,0,0,0
2019-06-09 14:30,81,30,51,0,0,0
2019-06-09 14:45,52,2,50,0,0,0
2019-06-09 15:00,101,57,44,0,0,0
2019-06-09 15:15,102,61,41,0,0,0
2019-06-09 15:30,79,56,23,0,0,0
2019-06-09 15:45,112,73,39,0,0,0
2019-06-09 16:00,95,65,30,0,0,0
2019-06-09 16:15,102,62,40,0,0,0
2019-06-09 16:30,116,83,33,0,0,0
2019-06-09 16:45,49,14,35,0,0,0
2019-06-09 17:00,83,46,37,0,0,0
2019-06-09 17:15,68,30,38,0,0,0
2019-06-09 17:30,127,67,60,0,0,0
2019-06-09 17:45,115,63,52,0,0,0
2019-06-09 18:00,117,77,40,0,0,0
2019-06-09 18:15,59,33,26,0,0,0
2019-06-09 18:30,44,14,30,0,0,0
2019-06-09 18:45,35,2,33,0,0,0
2019-06-09 19:00,81,57,24,0,0,0
2019-06-09 19:15,59,38,21,0,0,0
2019-06-09 19:30,37,7,30,0,0,0
2019-06-09 19:45,59,29,30,0,0,0
2019-06-09 20:00,128,102,26,0,0,0
2019-06-09 20:15,39,11,28,0,0,0
2019-06-09 20:30,61,42,19,0,0,0
2019-06-09 20:45,59,34,25,0,0,0
2019-06-09 21:00,57,20,37,0,0,0
2019-06-09 21:15,53,15,38,0,0,0
2019-06-09 21:30,69,24,45,0,0,0
2019-06-09 21:45,69,5,64,0,0,0
2019-06-09 22:00,95,14,81,0,0,0
2019-06-09 22:15,35,17,18,0,0,0
2019-06-09 22:30,41,15,26,0,0,0
2019-06-09 22:45,17,2,15,0,0,0
2019-06-09 23:00,25,11,14,0,0,0
2019-06-09 23:15,34,16,18,0,0,0
2019-06-09 23:30,29,10,19,0,0,0
2019-06-09 23:45,39,23,16,0,0,0
2019-06-10 00:00,30,17,13,0,0,0
2019-06-10 00:15,13,6,7,0,0,0
2019-06-10 00:30,18,3,15,0,0,0
2019-06-10 00:45,9,7,2,0,0,0
2019-06-10 01:00,7,4,3,0,0,0
2019-06-10 01:15,6,6,0,0,0,0
2019-06-10 01:30,6,3,3,0,0,0
2019-06-10 01:45,4,3,1,0,0,0
2019-06-10 02:00,8,2,6,0,0,0
2019-06-10 02:15,4,4,0,0,0,0
2019-06-10 02:30,6,3,3,0,0,0
2019-06-10 02:45,0,0,0,0,0,0
2019-06-10 03:00,6,1,5,0,0,0
2019-06-10 03:15,4,0,4,0,0,0
2019-06-10 03:30,0,0,0,0,0,0
2019-06-10 03:45,5,3,2,0,0,0
2019-06-10 04:00,3,0,3,0,0,0
2019-06-10 04:15,3,0,3,0,0,0
2019-06-10 04:30,2,2,0,0,0,0
2019-06-10 04:45,0,0,0,0,0,0
2019-06-10 05:00,0,0,0,0,0,0
2019-06-10 05:15,0,0,0,0,0,0
2019-06-10 05:30,6,4,2,0,0,0
2019-06-10 05:45,10,5,5,0,0,0
2019-06-10 06:00,4,2,2,0,0,0
2019-06-10 06:15,9,5,4,0,0,0
2019-06-10 06:30,3,2,1,0,0,0
2019-06-10 06:45,9,7,2,0,0,0
2019-06-10 07:00,6,5,1,0,0,0
2019-06-10 07:15,6,5,1,0,0,0
2019-06-10 07:30,5,2,3,0,0,0
2019-06-10 07:45,15,9,6,0,0,0
2019-06-10 08:00,4,0,4,0,0,0
2019-06-10 08:15,5,2,3,0,0,0
2019-06-10 08:30,12,8,4,0,0,0
2019-06-10 08:45,19,11,8,0,0,0
2019-06-10 09:00,21,14,7,0,0,0
2019-06-10 09:15,17,10,7,0,0,0
2019-06-10 09:30,29,20,9,0,0,0
2019-06-10 09:45,21,11,10,0,0,0
2019-06-10 10:00,51,25,26,0,0,0
2019-06-10 10:15,41,26,15,0,0,0
2019-06-10 10:30,73,48,25,0,0,0
2019-06-10 10:45,79,60,19,0,0,0
2019-06-10 11:00,68,52,16,0,0,0
2019-06-10 11:15,78,52,26,0,0,0
2019-06-10 11:30,60,38,22,0,0,0
2019-06-10 11:45,53,28,25,0,0,0
2019-06-10 12:00,56,31,25,0,0,0
2019-06-10 12:15,57,36,21,0,0,0
2019-06-10 12:30,34,2,32,0,0,0
2019-06-10 12:45,114,68,46,0,0,0
2019-06-10 13:00,78,38,40,0,0,0
2019-06-10 13:15,113,77,36,0,0,0
2019-06-10 13:30,70,40,30,0,0,0
2019-06-10 13:45,51,18,33,0,0,0
2019-06-10 14:00,76,51,25,0,0,0
2019-06-10 14:15,110,57,53,0,0,0
2019-06-10 14:30,61,30,31,0,0,0
2019-06-10 14:45,120,84,36,0,0,0
2019-06-10 15:00,86,57,29,0,0,0
2019-06-10 15:15,91,52,39,0,0,0
2019-06-10 15:30,74,49,25,0,0,0
2019-06-10 15:45,52,13,39,0,0,0
2019-06-10 16:00,66,11,55,0,0,0
2019-06-10 16:15,103,57,46,0,0,0
2019-06-10 16:30,99,72,27,0,0,0
2019-06-10 16:45,57,21,36,0,0,0
2019-06-10 17:00,111,64,47,0,0,0
2019-06-10 17:15,82,40,42,0,0,0
2019-06-10 17:30,56,17,39,0,0,0
2019-06-10 17:45,141,63,78,0,0,0
2019-06-10 18:00,83,42,41,0,0,0
2019-06-10 18:15,97,45,52,0,0,0
2019-06-10 18:30,62,30,32,0,0,0
2019-06-10 18:45,73,39,34,0,0,0
2019-06-10 19:00,63,39,24,0,0,0
2019-06-10 19:15,56,34,22,0,0,0
2019-06-10 19:30,29,1,28,0,0,0
2019-06-10 19:45,16,3,13,0,0,0
2019-06-10 20:00,28,19,9,0,0,0
2019-06-10 20:15,23,11,12,0,0,0
2019-06-10 20:30,31,19,12,0,0,0
2019-06-10 20:45,18,11,7,0,0,0
2019-06-10 21:00,29,11,18,0,0,0
2019-06-10 21:15,21,18,3,0,0,0
2019-06-10 21:30,49,10,39,0,0,0
2019-06-10 21:45,32,17,15,0,0,0
2019-06-10 22:00,15,11,4,0,0,0
2019-06-10 22:15,23,15,8,0,0,0
2019-06-10 22:30,18,7,11,0,0,0
2019-06-10 22:45,17,9,8,0,0,0
2019-06-10 23:00,4,2,2,0,0,0
2019-06-10 23:15,12,1,11,0,0,0
2019-06-10 23:30,13,5,8,0,0,0
2019-06-10 23:45,5,2,3,0,0,0
2019-06-11 00:00,7,0,7,0,0,0
2019-06-11 00:15,7,4,3,0,0,0
2019-06-11 00:30,6,4,2,0,0,0
2019-06-11 00:45,6,2,4,0,0,0
2019-06-11 01:00,2,0,2,0,0,0
2019-06-11 01:15,2,0,2,0,0,0
2019-06-11 01:30,0,0,0,0,0,0
2019-06-11 01:45,4,2,2,0,0,0
2019-06-11 02:00,7,4,3,0,0,0
2019-06-11 02:15,3,2,1,0,0,0
2019-06-11 02:30,0,0,0,0,0,0
2019-06-11 02:45,0,0,0,0,0,0
2019-06-11 03:00,4,3,1,0,0,0
2019-06-11 03:15,1,0,1,0,0,0
2019-06-11 03:30,1,1,0,0,0,0
2019-06-11 03:45,1,1,0,0,0,0
2019-06-11 04:00,0,0,0,0,0,0
2019-06-11 04:15,2,0,2,0,0,0
2019-06-11 04:30,0,0,0,0,0,0
2019-06-11 04:45,1,0,1,0,0,0
2019-06-11 05:00,1,1,0,0,0,0
2019-06-11 05:15,5,4,1,0,0,0
2019-06-11 05:30,9,8,1,0,0,0
2019-06-11 05:45,17,7,10,0,0,0
2019-06-11 06:00,9,4,5,0,0,0
2019-06-11 06:15,21,14,7,0,0,0
2019-06-11 06:30,33,17,16,0,0,0
2019-06-11 06:45,28,10,18,0,0,0
2019-06-11 07:00,27,5,22,0,0,0
2019-06-11 07:15,57,34,23,0,0,0
2019-06-11 07:30,57,38,19,0,0,0
2019-06-11 07:45,44,6,38,0,0,0
2019-06-11 08:00,96,69,27,0,0,0
2019-06-11 08:15,92,64,28,0,0,0
2019-06-11 08:30,101,77,24,0,0,0
2019-06-11 08:45,109,86,23,0,0,0
2019-06-11 09:00,94,77,17,0,0,0
2019-06-11 09:15,78,62,16,0,0,0
2019-06-11 09:30,79,58,21,0,0,0
2019-06-11 09:45,58,29,29,0,0,0
2019-06-11 10:00,85,66,19,0,0,0
2019-06-11 10:15,26,11,15,0,0,0
2019-06-11 10:30,92,67,25,0,0,0
2019-06-11 10:45,48,16,32,0,0,0
2019-06-11 11:00,87,55,32,0,0,0
2019-06-11 11:15,90,62,28,0,0,0
2019-06-11 11:30,36,13,23,0,0,0
2019-06-11 11:45,84,40,44,0,0,0
2019-06-11 12:00,65,23,42,0,0,0
2019-06-11 12:15,46,0,46,0,0,0
2019-06-11 12:30,123,84,39,0,0,0
2019-06-11 12:45,115,75,40,0,0,0
2019-06-11 13:00,91,38,53,0,0,0
2019-06-11 13:15,97,57,40,0,0,0
2019-06-11 13:30,69,19,50,0,0,0
2019-06-11 13:45,97,58,39,0,0,0
2019-06-11 14:00,136,65,71,0,0,0
2019-06-11 14:15,100,60,40,0,0,0
2019-06-11 14:30,53,14,39,0,0,0
2019-06-11 14:45,164,86,78,0,0,0
2019-06-11 15:00,54,1,53,0,0,0
2019-06-11 15:15,129,81,48,0,0,0
2019-06-11 15:30,69,4,65,0,0,0
2019-06-11 15:45,77,0,77,0,0,0
2019-06-11 16:00,110,33,77,0,0,0
2019-06-11 16:15,151,82,69,0,0,0
2019-06-11 16:30,136,57,79,0,0,0
2019-06-11 16:45,170,84,86,0,0,0
2019-06-11 17:00,107,33,74,0,0,0
2019-06-11 17:15,147,84,63,0,0,0
2019-06-11 17:30,190,97,93,0,0,0
2019-06-11 17:45,184,96,88,0,0,0
2019-06-11 18:00,159,79,80,0,0,0
2019-06-11 18:15,123,31,92,0,0,0
2019-06-11 18:30,79,14,65,0,0,0
2019-06-11 18:45,102,30,72,0,0,0
2019-06-11 19:00,50,2,48,0,0,0
2019-06-11 19:15,80,6,74,0,0,0
2019-06-11 19:30,63,17,46,0,0,0
2019-06-11 19:45,59,9,50,0,0,0
2019-06-11 20:00,85,42,43,0,0,0
2019-06-11 20:15,71,23,48,0,0,0
2019-06-11 20:30,55,19,36,0,0,0
2019-06-11 20:45,63,29,34,0,0,0
2019-06-11 21:00,59,32,27,0,0,0
2019-06-11 21:15,38,11,27,0,0,0
2019-06-11 21:30,49,16,33,0,0,0
2019-06-11 21:45,28,6,22,0,0,0
2019-06-11 22:00,44,16,28,0,0,0
2019-06-11 22:15,37,14,23,0,0,0
2019-06-11 22:30,25,3,22,0,0,0
2019-06-11 22:45,32,11,21,0,0,0
2019-06-11 23:00,18,0,18,0,0,0
2019-06-11 23:15,19,10,9,0,0,0
2019-06-11 23:30,6,0,6,0,0,0
2019-06-11 23:45,8,1,7,0,0,0
2019-06-12 00:00,9,4,5,0,0,0
2019-06-12 00:15,14,6,8,0,0,0
2019-06-12 00:30,2,0,2,0,0,0
2019-06-12 00:45,5,2,3,0,0,0
2019-06-12 01:00,8,4,4,0,0,0
2019-06-12 01:15,1,1,0,0,0,0
2019-06-12 01:30,2,0,2,0,0,0
2019-06-12 01:45,7,2,5,0,0,0
2019-06-12 02:00,1,1,0,0,0,0
2019-06-12 02:15,5,3,2,0,0,0
2019-06-12 02:30,1,0,1,0,0,0
2019-06-12 02:45,0,0,0,0,0,0
2019-06-12 03:00,1,0,1,0,0,0
2019-06-12 03:15,2,1,1,0,0,0
2019-06-12 03:30,0,0,0,0,0,0
2019-06-12 03:45,0,0,0,0,0,0
2019-06-12 04:00,2,1,1,0,0,0
2019-06-12 04:15,2,0,2,0,0,0
2019-06-12 04:30,0,0,0,0,0,0
2019-06-12 04:45,2,0,2,0,0,0
2019-06-12 05:00,2,1,1,0,0,0
2019-06-12 05:15,4,3,1,0,0,0
2019-06-12 05:30,5,1,4,0,0,0
2019-06-12 05:45,25,9,16,0,0,0
2019-06-12 06:00,11,6,5,0,0,0
2019-06-12 06:15,28,17,11,0,0,0
2019-06-12 06:30,47,28,19,0,0,0
2019-06-12 06:45,72,48,24,0,0,0
2019-06-12 07:00,56,40,16,0,0,0
2019-06-12 07:15,53,6,47,0,0,0
2019-06-12 07:30,70,19,51,0,0,0
2019-06-12 07:45,99,23,76,0,0,0
2019-06-12 08:00,56,15,41,0,0,0
2019-06-12 08:15,57,0,57,0,0,0
2019-06-12 08:30,48,4,44,0,0,0
2019-06-12 08:45,156,112,44,0,0,0
2019-06-12 09:00,43,24,19,0,0,0
2019-06-12 09:15,103,71,32,0,0,0
2019-06-12 09:30,131,89,42,0,0,0
2019-06-12 09:45,29,5,24,0,0,0
2019-06-12 10:00,98,77,21,0,0,0
2019-06-12 10:15,65,24,41,0,0,0
2019-06-12 10:30,109,80,29,0,0,0
2019-06-12 10:45,91,57,34,0,0,0
2019-06-12 11:00,100,55,45,0,0,0
2019-06-12 11:15,35,5,30,0,0,0
2019-06-12 11:30,64,12,52,0,0,0
2019-06-12 11:45,50,35,15,0,0,0
2019-06-12 12:00,72,25,47,0,0,0
2019-06-12 12:15,41,6,35,0,0,0
2019-06-12 12:30,69,11,58,0,0,0
2019-06-12 12:45,90,42,48,0,0,0
2019-06-12 13:00,71,16,55,0,0,0
2019-06-12 13:15,66,21,45,0,0,0
2019-06-12 13:30,64,12,52,0,0,0
2019-06-12 13:45,102,51,51,0,0,0
2019-06-12 14:00,69,0,69,0,0,0
2019-06-12 14:15,46,1,45,0,0,0
2019-06-12 14:30,31,0,31,0,0,0
2019-06-12 14:45,72,26,46,0,0,0
2019-06-12 15:00,63,20,43,0,0,0
2019-06-12 15:15,63,38,25,0,0,0
2019-06-12 15:30,62,3,59,0,0,0
2019-06-12 15:45,81,20,61,0,0,0
2019-06-12 16:00,127,71,56,0,0,0
2019-06-12 16:15,124,66,58,0,0,0
2019-06-12 16:30,88,27,61,0,0,0
2019-06-12 16:45,73,15,58,0,0,0
2019-06-12 17:00,85,5,80,0,0,0
2019-06-12 17:15,123,51,72,0,0,0
2019-06-12 17:30,144,80,64,0,0,0
2019-06-12 17:45,126,26,100,0,0,0
2019-06-12 18:00,98,16,82,0,0,0
2019-06-12 18:15,91,1,90,0,0,0
2019-06-12 18:30,131,59,72,0,0,0
2019-06-12 18:45,88,13,75,0,0,0
2019-06-12 19:00,124,60,64,0,0,0
2019-06-12 19:15,127,63,64,0,0,0
2019-06-12 19:30,96,53,43,0,0,0
2019-06-12 19:45,62,8,54,0,0,0
2019-06-12 20:00,73,21,52,0,0,0
2019-06-12 20:15,54,23,31,0,0,0
2019-06-12 20:30,41,0,41,0,0,0
2019-06-12 20:45,52,17,35,0,0,0
2019-06-12 21:00,50,24,26,0,0,0
2019-06-12 21:15,29,0,29,0,0,0
2019-06-12 21:30,50,7,43,0,0,0
2019-06-12 21:45,71,24,47,0,0,0
2019-06-12 22:00,46,24,22,0,0,0
2019-06-12 22:15,64,22,42,0,0,0
2019-06-12 22:30,39,19,20,0,0,0
2019-06-12 22:45,30,12,18,0,0,0
2019-06-12 23:00,34,19,15,0,0,0
2019-06-12 23:15,28,13,15,0,0,0
2019-06-12 23:30,14,4,10,0,0,0
2019-06-12 23:45,26,19,7,0,0,0
2019-06-13 00:00,17,9,8,0,0,0
2019-06-13 00:15,12,6,6,0,0,0
2019-06-13 00:30,7,2,5,0,0,0
2019-06-13 00:45,15,6,9,0,0,0
2019-06-13 01:00,12,7,5,0,0,0
2019-06-13 01:15,4,1,3,0,0,0
2019-06-13 01:30,7,0,7,0,0,0
2019-06-13 01:45,2,0,2,0,0,0
2019-06-13 02:00,8,1,7,0,0,0
2019-06-13 02:15,1,0,1,0,0,0
2019-06-13 02:30,5,0,5,0,0,0
2019-06-13 02:45,4,1,3,0,0,0
2019-06-13 03:00,9,5,4,0,0,0
2019-06-13 03:15,4,0,4,0,0,0
2019-06-13 03:30,2,0,2,0,0,0
2019-06-13 03:45,5,0,5,0,0,0
2019-06-13 04:00,4,2,2,0,0,0
2019-06-13 04:15,1,0,1,0,0,0
2019-06-13 04:30,0,0,0,0,0,0
2019-06-13 04:45,2,0,2,0,0,0
2019-06-13 05:00,2,1,1,0,0,0
2019-06-13 05:15,9,4,5,0,0,0
2019-06-13 05:30,14,9,5,0,0,0
2019-06-13 05:45,20,3,17,0,0,0
2019-06-13 06:00,5,1,4,0,0,0
2019-06-13 06:15,29,12,17,0,0,0
2019-06-13 06:30,37,18,19,0,0,0
2019-06-13 06:45,31,7,24,0,0,0
2019-06-13 07:00,25,3,22,0,0,0
2019-06-13 07:15,57,5,52,0,0,0
2019-06-13 07:30,61,13,48,0,0,0
2019-06-13 07:45,62,0,62,0,0,0
2019-06-13 08:00,94,66,28,0,0,0
2019-06-13 08:15,68,18,50,0,0,0
2019-06-13 08:30,43,7,36,0,0,0
2019-06-13 08:45,39,0,39,0,0,0
2019-06-13 09:00,67,43,24,0,0,0
2019-06-13 09:15,70,44,26,0,0,0
2019-06-13 09:30,50,18,32,0,0,0
2019-06-13 09:45,32,2,30,0,0,0
2019-06-13 10:00,54,31,23,0,0,0
2019-06-13 10:15,49,16,33,0,0,0
2019-06-13 10:30,37,4,33,0,0,0
2019-06-13 10:45,40,5,35,0,0,0
2019-06-13 11:00,56,0,56,0,0,0
2019-06-13 11:15,59,16,43,0,0,0
2019-06-13 11:30,71,35,36,0,0,0
2019-06-13 11:45,61,5,56,0,0,0
2019-06-13 12:00,48,6,42,0,0,0
2019-06-13 12:15,79,18,61,0,0,0
2019-06-13 12:30,77,7,70,0,0,0
2019-06-13 12:45,132,70,62,0,0,0
2019-06-13 13:00,95,3,92,0,0,0
2019-06-13 13:15,82,15,67,0,0,0
2019-06-13 13:30,129,67,62,0,0,0
2019-06-13 13:45,95,19,76,0,0,0
2019-06-13 14:00,131,46,85,0,0,0
2019-06-13 14:15,84,7,77,0,0,0
2019-06-13 14:30,55,5,50,0,0,0
2019-06-13 14:45,86,7,79,0,0,0
2019-06-13 15:00,79,7,72,0,0,0
2019-06-13 15:15,93,14,79,0,0,0
2019-06-13 15:30,80,3,77,0,0,0
2019-06-13 15:45,84,13,71,0,0,0
2019-06-13 16:00,98,0,98,0,0,0
2019-06-13 16:15,93,3,90,0,0,0
2019-06-13 16:30,96,14,82,0,0,0
2019-06-13 16:45,140,50,90,0,0,0
2019-06-13 17:00,103,32,71,0,0,0
2019-06-13 17:15,105,23,82,0,0,0
2019-06-13 17:30,105,0,105,0,0,0
2019-06-13 17:45,117,12,105,0,0,0
2019-06-13 18:00,150,44,106,0,0,0
2019-06-13 18:15,98,5,93,0,0,0
2019-06-13 18:30,119,40,79,0,0,0
2019-06-13 18:45,161,77,84,0,0,0
2019-06-13 19:00,138,70,68,0,0,0
2019-06-13 19:15,99,51,48,0,0,0
2019-06-13 19:30,107,56,51,0,0,0
2019-06-13 19:45,138,69,69,0,0,0
2019-06-13 20:00,119,42,77,0,0,0
2019-06-13 20:15,92,45,47,0,0,0
2019-06-13 20:30,62,32,30,0,0,0
2019-06-13 20:45,73,26,47,0,0,0
2019-06-13 21:00,51,18,33,0,0,0
2019-06-13 21:15,63,24,39,0,0,0
2019-06-13 21:30,51,15,36,0,0,0
2019-06-13 21:45,42,10,32,0,0,0
2019-06-13 22:00,41,3,38,0,0,0
2019-06-13 22:15,32,0,32,0,0,0
2019-06-13 22:30,21,0,21,0,0,0
2019-06-13 22:45,22,1,21,0,0,0
2019-06-13 23:00,29,0,29,0,0,0
2019-06-13 23:15,15,0,15,0,0,0
2019-06-13 23:30,17,0,17,0,0,0
2019-06-13 23:45,14,6,8,0,0,0
2019-06-14 00:00,5,0,5,0,0,0
2019-06-14 00:15,6,0,6,0,0,0
2019-06-14 00:30,10,0,10,0,0,0
2019-06-14 00:45,9,4,5,0,0,0
2019-06-14 01:00,4,2,2,0,0,0
2019-06-14 01:15,0,0,0,0,0,0
2019-06-14 01:30,6,2,4,0,0,0
2019-06-14 01:45,8,3,5,0,0,0
2019-06-14 02:00,1,0,1,0,0,0
2019-06-14 02:15,7,1,6,0,0,0
2019-06-14 02:30,4,0,4,0,0,0
2019-06-14 02:45,2,1,1,0,0,0
2019-06-14 03:00,2,0,2,0,0,0
2019-06-14 03:15,2,0,2,0,0,0
2019-06-14 03:30,0,0,0,0,0,0
2019-06-14 03:45,2,0,2,0,0,0
2019-06-14 04:00,1,0,1,0,0,0
2019-06-14 04:15,3,0,3,0,0,0
2019-06-14 04:30,0,0,0,0,0,0
2019-06-14 04:45,3,1,2,0,0,0
2019-06-14 05:00,2,0,2,0,0,0
2019-06-14 05:15,5,1,4,0,0,0
2019-06-14 05:30,15,10,5,0,0,0
2019-06-14 05:45,25,11,14,0,0,0
2019-06-14 06:00,4,2,2,0,0,0
2019-06-14 06:15,15,6,9,0,0,0
2019-06-14 06:30,16,0,16,0,0,0
2019-06-14 06:45,30,9,21,0,0,0
2019-06-14 07:00,33,0,33,0,0,0
2019-06-14 07:15,43,6,37,0,0,0
2019-06-14 07:30,35,3,32,0,0,0
2019-06-14 07:45,70,1,69,0,0,0
2019-06-14 08:00,37,0,37,0,0,0
2019-06-14 08:15,38,0,38,0,0,0
2019-06-14 08:30,50,14,36,0,0,0
2019-06-14 08:45,45,7,38,0,0,0
2019-06-14 09:00,31,0,31,0,0,0
2019-06-14 09:15,34,5,29,0,0,0
2019-06-14 09:30,53,11,42,0,0,0
2019-06-14 09:45,143,107,36,0,0,0
2019-06-14 10:00,40,7,33,0,0,0
2019-06-14 10:15,77,40,37,0,0,0
2019-06-14 10:30,90,46,44,0,0,0
2019-06-14 10:45,113,72,41,0,0,0
2019-06-14 11:00,89,37,52,0,0,0
2019-06-14 11:15,56,6,50,0,0,0
2019-06-14 11:30,119,64,55,0,0,0
2019-06-14 11:45,138,77,61,0,0,0
2019-06-14 12:00,55,3,52,0,0,0
2019-06-14 12:15,114,60,54,0,0,0
2019-06-14 12:30,85,8,77,0,0,0
2019-06-14 12:45,109,31,78,0,0,0
2019-06-14 13:00,89,5,84,0,0,0
2019-06-14 13:15,128,28,100,0,0,0
2019-06-14 13:30,124,35,89,0,0,0
2019-06-14 13:45,85,1,84,0,0,0
2019-06-14 14:00,142,36,106,0,0,0
2019-06-14 14:15,75,10,65,0,0,0
2019-06-14 14:30,80,2,78,0,0,0
2019-06-14 14:45,92,3,89,0,0,0
2019-06-14 15:00,103,7,96,0,0,0
2019-06-14 15:15,136,62,74,0,0,0
2019-06-14 15:30,76,0,76,0,0,0
2019-06-14 15:45,157,73,84,0,0,0
2019-06-14 16:00,94,18,76,0,0,0
2019-06-14 16:15,86,13,73,0,0,0
2019-06-14 16:30,77,10,67,0,0,0
2019-06-14 16:45,74,4,70,0,0,0
2019-06-14 17:00,74,10,64,0,0,0
2019-06-14 17:15,74,1,73,0,0,0
2019-06-14 17:30,82,2,80,0,0,0
2019-06-14 17:45,129,22,107,0,0,0
2019-06-14 18:00,168,84,84,0,0,0
2019-06-14 18:15,96,29,67,0,0,0
2019-06-14 18:30,133,59,74,0,0,0
2019-06-14 18:45,89,24,65,0,0,0
2019-06-14 19:00,124,65,59,0,0,0
2019-06-14 19:15,102,31,71,0,0,0
2019-06-14 19:30,87,17,70,0,0,0
2019-06-14 19:45,76,25,51,0,0,0
2019-06-14 20:00,121,60,61,0,0,0
2019-06-14 20:15,43,0,43,0,0,0
2019-06-14 20:30,48,6,42,0,0,0
2019-06-14 20:45,79,33,46,0,0,0
2019-06-14 21:00,48,4,44,0,0,0
2019-06-14 21:15,58,27,31,0,0,0
2019-06-14 21:30,40,2,38,0,0,0
2019-06-14 21:45,48,22,26,0,0,0
2019-06-14 22:00,36,3,33,0,0,0
2019-06-14 22:15,39,0,39,0,0,0
2019-06-14 22:30,27,0,27,0,0,0
2019-06-14 22:45,41,13,28,0,0,0
2019-06-14 23:00,25,0,25,0,0,0
2019-06-14 23:15,38,14,24,0,0,0
2019-06-14 23:30,63,35,28,0,0,0
2019-06-14 23:45,39,13,26,0,0,0
2019-06-15 00:00,23,3,20,0,0,0
2019-06-15 00:15,30,15,15,0,0,0
2019-06-15 00:30,33,14,19,0,0,0
2019-06-15 00:45,30,15,15,0,0,0
2019-06-15 01:00,29,14,15,0,0,0
2019-06-15 01:15,18,9,9,0,0,0
2019-06-15 01:30,8,2,6,0,0,0
2019-06-15 01:45,16,6,10,0,0,0
2019-06-15 02:00,17,8,9,0,0,0
2019-06-15 02:15,6,3,3,0,0,0
2019-06-15 02:30,14,10,4,0,0,0
2019-06-15 02:45,9,3,6,0,0,0
2019-06-15 03:00,5,0,5,0,0,0
2019-06-15 03:15,9,1,8,0,0,0
2019-06-15 03:30,9,3,6,0,0,0
2019-06-15 03:45,7,2,5,0,0,0
2019-06-15 04:00,4,1,3,0,0,0
2019-06-15 04:15,1,0,1,0,0,0
2019-06-15 04:30,4,2,2,0,0,0
2019-06-15 04:45,7,2,5,0,0,0
2019-06-15 05:00,2,1,1,0,0,0
2019-06-15 05:15,1,0,1,0,0,0
2019-06-15 05:30,8,1,7,0,0,0
2019-06-15 05:45,10,4,6,0,0,0
2019-06-15 06:00,7,5,2,0,0,0
2019-06-15 06:15,13,8,5,0,0,0
2019-06-15 06:30,9,7,2,0,0,0
2019-06-15 06:45,17,12,5,0,0,0
2019-06-15 07:00,19,14,5,0,0,0
2019-06-15 07:15,14,10,4,0,0,0
2019-06-15 07:30,44,36,8,0,0,0
2019-06-15 07:45,35,25,10,0,0,0
2019-06-15 08:00,13,8,5,0,0,0
2019-06-15 08:15,10,0,10,0,0,0
2019-06-15 08:30,12,1,11,0,0,0
2019-06-15 08:45,34,14,20,0,0,0
2019-06-15 09:00,17,5,12,0,0,0
2019-06-15 09:15,37,17,20,0,0,0
2019-06-15 09:30,21,6,15,0,0,0
2019-06-15 09:45,128,93,35,0,0,0
2019-06-15 10:00,34,6,28,0,0,0
2019-06-15 10:15,106,76,30,0,0,0
2019-06-15 10:30,88,43,45,0,0,0
2019-06-15 10:45,167,135,32,0,0,0
2019-06-15 11:00,133,91,42,0,0,0
2019-06-15 11:15,115,81,34,0,0,0
2019-06-15 11:30,76,29,47,0,0,0
2019-06-15 11:45,169,117,52,0,0,0
2019-06-15 12:00,139,99,40,0,0,0
2019-06-15 12:15,120,68,52,0,0,0
2019-06-15 12:30,71,10,61,0,0,0
2019-06-15 12:45,94,32,62,0,0,0
2019-06-15 13:00,133,69,64,0,0,0
2019-06-15 13:15,61,4,57,0,0,0
2019-06-15 13:30,104,36,68,0,0,0
2019-06-15 13:45,65,3,62,0,0,0
2019-06-15 14:00,127,53,74,0,0,0
2019-06-15 14:15,149,79,70,0,0,0
2019-06-15 14:30,75,1,74,0,0,0
2019-06-15 14:45,82,21,61,0,0,0
2019-06-15 15:00,83,18,65,0,0,0
2019-06-15 15:15,61,0,61,0,0,0
2019-06-15 15:30,85,21,64,0,0,0
2019-06-15 15:45,72,6,66,0,0,0
2019-06-15 16:00,120,48,72,0,0,0
2019-06-15 16:15,123,84,39,0,0,0
2019-06-15 16:30,98,53,45,0,0,0
2019-06-15 16:45,105,30,75,0,0,0
2019-06-15 17:00,55,13,42,0,0,0
2019-06-15 17:15,75,17,58,0,0,0
2019-06-15 17:30,47,5,42,0,0,0
2019-06-15 17:45,114,60,54,0,0,0
2019-06-15 18:00,116,61,55,0,0,0
2019-06-15 18:15,101,35,66,0,0,0
2019-06-15 18:30,75,35,40,0,0,0
2019-06-15 18:45,120,70,50,0,0,0
2019-06-15 19:00,63,7,56,0,0,0
2019-06-15 19:15,84,42,42,0,0,0
2019-06-15 19:30,52,11,41,0,0,0
2019-06-15 19:45,53,11,42,0,0,0
2019-06-15 20:00,63,20,43,0,0,0
2019-06-15 20:15,62,33,29,0,0,0
2019-06-15 20:30,78,38,40,0,0,0
2019-06-15 20:45,63,39,24,0,0,0
2019-06-15 21:00,34,9,25,0,0,0
2019-06-15 21:15,32,5,27,0,0,0
2019-06-15 21:30,31,8,23,0,0,0
2019-06-15 21:45,43,19,24,0,0,0
2019-06-15 22:00,38,17,21,0,0,0
2019-06-15 22:15,21,0,21,0,0,0
2019-06-15 22:30,13,0,13,0,0,0
2019-06-15 22:45,27,6,21,0,0,0
2019-06-15 23:00,22,4,18,0,0,0
2019-06-15 23:15,25,1,24,0,0,0
2019-06-15 23:30,11,0,11,0,0,0
2019-06-15 23:45,20,6,14,0,0,0
2019-06-16 00:00,34,19,15,0,0,0
2019-06-16 00:15,36,16,20,0,0,0
2019-06-16 00:30,36,17,19,0,0,0
2019-06-16 00:45,36,23,13,0,0,0
2019-06-16 01:00,37,24,13,0,0,0
2019-06-16 01:15,35,12,23,0,0,0
2019-06-16 01:30,26,13,13,0,0,0
2019-06-16 01:45,14,4,10,0,0,0
2019-06-16 02:00,30,17,13,0,0,0
2019-06-16 02:15,9,4,5,0,0,0
2019-06-16 02:30,21,10,11,0,0,0
2019-06-16 02:45,7,2,5,0,0,0
2019-06-16 03:00,10,2,8,0,0,0
2019-06-16 03:15,7,1,6,0,0,0
2019-06-16 03:30,12,3,9,0,0,0
2019-06-16 03:45,11,3,8,0,0,0
2019-06-16 04:00,8,2,6,0,0,0
2019-06-16 04:15,6,0,6,0,0,0
2019-06-16 04:30,3,1,2,0,0,0
2019-06-16 04:45,4,2,2,0,0,0
2019-06-16 05:00,9,3,6,0,0,0
2019-06-16 05:15,4,2,2,0,0,0
2019-06-16 05:30,1,0,1,0,0,0
2019-06-16 05:45,11,5,6,0,0,0
2019-06-16 06:00,5,4,1,0,0,0
2019-06-16 06:15,4,2,2,0,0,0
2019-06-16 06:30,10,6,4,0,0,0
2019-06-16 06:45,4,1,3,0,0,0
2019-06-16 07:00,5,2,3,0,0,0
2019-06-16 07:15,4,2,2,0,0,0
2019-06-16 07:30,13,5,8,0,0,0
2019-06-16 07:45,5,2,3,0,0,0
2019-06-16 08:00,4,4,0,0,0,0
2019-06-16 08:15,15,9,6,0,0,0
2019-06-16 08:30,22,18,4,0,0,0
2019-06-16 08:45,34,14,20,0,0,0
2019-06-16 09:00,26,17,9,0,0,0
2019-06-16 09:15,24,12,12,0,0,0
2019-06-16 09:30,25,18,7,0,0,0
2019-06-16 09:45,60,44,16,0,0,0
2019-06-16 10:00,43,29,14,0,0,0
2019-06-16 10:15,68,47,21,0,0,0
2019-06-16 10:30,41,28,13,0,0,0
2019-06-16 10:45,30,7,23,0,0,0
2019-06-16 11:00,17,2,15,0,0,0
2019-06-16 11:15,43,25,18,0,0,0
2019-06-16 11:30,53,38,15,0,0,0
2019-06-16 11:45,31,5,26,0,0,0
2019-06-16 12:00,42,20,22,0,0,0
2019-06-16 12:15,75,50,25,0,0,0
2019-06-16 12:30,76,36,40,0,0,0
2019-06-16 12:45,101,66,35,0,0,0
2019-06-16 13:00,39,7,32,0,0,0
2019-06-16 13:15,89,47,42,0,0,0
2019-06-16 13:30,44,0,44,0,0,0
2019-06-16 13:45,57,24,33,0,0,0
2019-06-16 14:00,52,19,33,0,0,0
2019-06-16 14:15,47,12,35,0,0,0
2019-06-16 14:30,107,69,38,0,0,0
2019-06-16 14:45,49,13,36,0,0,0
2019-06-16 15:00,49,16,33,0,0,0
2019-06-16 15:15,100,52,48,0,0,0
2019-06-16 15:30,48,15,33,0,0,0
2019-06-16 15:45,37,2,35,0,0,0
2019-06-16 16:00,30,4,26,0,0,0
2019-06-16 16:15,38,0,38,0,0,0
2019-06-16 16:30,100,60,40,0,0,0
2019-06-16 16:45,44,3,41,0,0,0
2019-06-16 17:00,69,38,31,0,0,0
2019-06-16 17:15,108,64,44,0,0,0
2019-06-16 17:30,119,67,52,0,0,0
2019-06-16 17:45,112,63,49,0,0,0
2019-06-16 18:00,128,72,56,0,0,0
2019-06-16 18:15,65,22,43,0,0,0
2019-06-16 18:30,80,40,40,0,0,0
2019-06-16 18:45,104,61,43,0,0,0
2019-06-16 19:00,84,41,43,0,0,0
2019-06-16 19:15,61,23,38,0,0,0
2019-06-16 19:30,51,11,40,0,0,0
2019-06-16 19:45,43,7,36,0,0,0
2019-06-16 20:00,51,13,38,0,0,0
2019-06-16 20:15,35,12,23,0,0,0
2019-06-16 20:30,23,1,22,0,0,0
2019-06-16 20:45,60,34,26,0,0,0
2019-06-16 21:00,45,23,22,0,0,0
2019-06-16 21:15,39,14,25,0,0,0
2019-06-16 21:30,19,6,13,0,0,0
2019-06-16 21:45,51,34,17,0,0,0
2019-06-16 22:00,24,2,22,0,0,0
2019-06-16 22:15,13,2,11,0,0,0
2019-06-16 22:30,27,18,9,0,0,0
2019-06-16 22:45,33,19,14,0,0,0
2019-06-16 23:00,17,7,10,0,0,0
2019-06-16 23:15,20,9,11,0,0,0
2019-06-16 23:30,15,7,8,0,0,0
2019-06-16 23:45,16,5,11,0,0,0
2019-06-17 00:00,9,5,4,0,0,0
2019-06-17 00:15,3,2,1,0,0,0
2019-06-17 00:30,4,2,2,0,0,0
2019-06-17 00:45,2,1,1,0,0,0
2019-06-17 01:00,1,0,1,0,0,0
2019-06-17 01:15,4,0,4,0,0,0
2019-06-17 01:30,3,2,1,0,0,0
2019-06-17 01:45,1,0,1,0,0,0
2019-06-17 02:00,2,2,0,0,0,0
2019-06-17 02:15,2,1,1,0,0,0
2019-06-17 02:30,1,0,1,0,0,0
2019-06-17 02:45,0,0,0,0,0,0
2019-06-17 03:00,2,1,1,0,0,0
2019-06-17 03:15,0,0,0,0,0,0
2019-06-17 03:30,2,1,1,0,0,0
2019-06-17 03:45,0,0,0,0,0,0
2019-06-17 04:00,1,1,0,0,0,0
2019-06-17 04:15,1,0,1,0,0,0
2019-06-17 04:30,0,0,0,0,0,0
2019-06-17 04:45,2,1,1,0,0,0
2019-06-17 05:00,0,0,0,0,0,0
2019-06-17 05:15,7,5,2,0,0,0
2019-06-17 05:30,15,7,8,0,0,0
2019-06-17 05:45,21,8,13,0,0,0
2019-06-17 06:00,25,19,6,0,0,0
2019-06-17 06:15,43,27,16,0,0,0
2019-06-17 06:30,30,2,28,0,0,0
2019-06-17 06:45,39,4,35,0,0,0
2019-06-17 07:00,42,12,30,0,0,0
2019-06-17 07:15,191,144,47,0,0,0
2019-06-17 07:30,311,262,49,0,0,0
2019-06-17 07:45,172,92,80,0,0,0
2019-06-17 08:00,196,157,39,0,0,0
2019-06-17 08:15,185,146,39,0,0,0
2019-06-17 08:30,143,109,34,0,0,0
2019-06-17 08:45,81,47,34,0,0,0
2019-06-17 09:00,138,102,36,0,0,0
2019-06-17 09:15,142,107,35,0,0,0
2019-06-17 09:30,138,103,35,0,0,0
2019-06-17 09:45,201,165,36,0,0,0
2019-06-17 10:00,143,106,37,0,0,0
2019-06-17 10:15,132,78,54,0,0,0
2019-06-17 10:30,119,86,33,0,0,0
2019-06-17 10:45,128,91,37,0,0,0
2019-06-17 11:00,106,65,41,0,0,0
2019-06-17 11:15,51,2,49,0,0,0
2019-06-17 11:30,69,16,53,0,0,0
2019-06-17 11:45,77,5,72,0,0,0
2019-06-17 12:00,139,84,55,0,0,0
2019-06-17 12:15,113,47,66,0,0,0
2019-06-17 12:30,63,2,61,0,0,0
2019-06-17 12:45,101,40,61,0,0,0
2019-06-17 13:00,163,78,85,0,0,0
2019-06-17 13:15,122,41,81,0,0,0
2019-06-17 13:30,138,80,58,0,0,0
2019-06-17 13:45,90,6,84,0,0,0
2019-06-17 14:00,105,1,104,0,0,0
2019-06-17 14:15,94,3,91,0,0,0
2019-06-17 14:30,79,4,75,0,0,0
2019-06-17 14:45,136,45,91,0,0,0
2019-06-17 15:00,88,13,75,0,0,0
2019-06-17 15:15,163,107,56,0,0,0
2019-06-17 15:30,113,17,96,0,0,0
2019-06-17 15:45,130,22,108,0,0,0
2019-06-17 16:00,108,2,106,0,0,0
2019-06-17 16:15,115,3,112,0,0,0
2019-06-17 16:30,103,2,101,0,0,0
2019-06-17 16:45,91,2,89,0,0,0
2019-06-17 17:00,110,6,104,0,0,0
2019-06-17 17:15,131,19,112,0,0,0
2019-06-17 17:30,186,90,96,0,0,0
2019-06-17 17:45,137,16,121,0,0,0
2019-06-17 18:00,119,0,119,0,0,0
2019-06-17 18:15,147,19,128,0,0,0
2019-06-17 18:30,105,23,82,0,0,0
2019-06-17 18:45,144,59,85,0,0,0
2019-06-17 19:00,76,4,72,0,0,0
2019-06-17 19:15,72,0,72,0,0,0
2019-06-17 19:30,70,4,66,0,0,0
2019-06-17 19:45,100,16,84,0,0,0
2019-06-17 20:00,64,0,64,0,0,0
2019-06-17 20:15,60,2,58,0,0,0
2019-06-17 20:30,71,21,50,0,0,0
2019-06-17 20:45,38,0,38,0,0,0
2019-06-17 21:00,56,22,34,0,0,0
2019-06-17 21:15,67,26,41,0,0,0
2019-06-17 21:30,63,19,44,0,0,0
2019-06-17 21:45,76,38,38,0,0,0
2019-06-17 22:00,39,1,38,0,0,0
2019-06-17 22:15,51,18,33,0,0,0
2019-06-17 22:30,29,12,17,0,0,0
2019-06-17 22:45,28,4,24,0,0,0
2019-06-17 23:00,37,10,27,0,0,0
2019-06-17 23:15,38,13,25,0,0,0
2019-06-17 23:30,16,4,12,0,0,0
2019-06-17 23:45,12,6,6,0,0,0
2019-06-18 00:00,20,9,11,0,0,0
2019-06-18 00:15,13,5,8,0,0,0
2019-06-18 00:30,10,4,6,0,0,0
2019-06-18 00:45,10,6,4,0,0,0
2019-06-18 01:00,3,1,2,0,0,0
2019-06-18 01:15,3,0,3,0,0,0
2019-06-18 01:30,5,1,4,0,0,0
2019-06-18 01:45,5,1,4,0,0,0
2019-06-18 02:00,2,0,2,0,0,0
2019-06-18 02:15,1,0,1,0,0,0
2019-06-18 02:30,1,0,1,0,0,0
2019-06-18 02:45,1,0,1,0,0,0
2019-06-18 03:00,1,1,0,0,0,0
2019-06-18 03:15,1,0,1,0,0,0
2019-06-18 03:30,0,0,0,0,0,0
2019-06-18 03:45,0,0,0,0,0,0
2019-06-18 04:00,2,2,0,0,0,0
2019-06-18 04:15,2,1,1,0,0,0
2019-06-18 04:30,1,0,1,0,0,0
2019-06-18 04:45,0,0,0,0,0,0
2019-06-18 05:00,0,0,0,0,0,0
2019-06-18 05:15,5,3,2,0,0,0
2019-06-18 05:30,18,16,2,0,0,0
2019-06-18 05:45,15,2,13,0,0,0
2019-06-18 06:00,14,8,6,0,0,0
2019-06-18 06:15,22,0,22,0,0,0
2019-06-18 06:30,29,14,15,0,0,0
2019-06-18 06:45,55,22,33,0,0,0
2019-06-18 07:00,68,30,38,0,0,0
2019-06-18 07:15,72,34,38,0,0,0
2019-06-18 07:30,70,2,68,0,0,0
2019-06-18 07:45,85,5,80,0,0,0
2019-06-18 08:00,31,2,29,0,0,0
2019-06-18 08:15,53,0,53,0,0,0
2019-06-18 08:30,47,2,45,0,0,0
2019-06-18 08:45,41,4,37,0,0,0
2019-06-18 09:00,37,7,30,0,0,0
2019-06-18 09:15,43,13,30,0,0,0
2019-06-18 09:30,55,16,39,0,0,0
2019-06-18 09:45,99,76,23,0,0,0
2019-06-18 10:00,31,2,29,0,0,0
2019-06-18 10:15,95,49,46,0,0,0
2019-06-18 10:30,59,17,42,0,0,0
2019-06-18 10:45,84,45,39,0,0,0
2019-06-18 11:00,51,11,40,0,0,0
2019-06-18 11:15,46,9,37,0,0,0
2019-06-18 11:30,56,14,42,0,0,0
2019-06-18 11:45,65,1,64,0,0,0
2019-06-18 12:00,123,61,62,0,0,0
2019-06-18 12:15,78,18,60,0,0,0
2019-06-18 12:30,84,19,65,0,0,0
2019-06-18 12:45,88,0,88,0,0,0
2019-06-18 13:00,94,2,92,0,0,0
2019-06-18 13:15,83,3,80,0,0,0
2019-06-18 13:30,70,3,67,0,0,0
2019-06-18 13:45,71,0,71,0,0,0
2019-06-18 14:00,113,10,103,0,0,0
2019-06-18 14:15,83,1,82,0,0,0
2019-06-18 14:30,85,14,71,0,0,0
2019-06-18 14:45,124,30,94,0,0,0
2019-06-18 15:00,122,41,81,0,0,0
2019-06-18 15:15,94,6,88,0,0,0
2019-06-18 15:30,91,0,91,0,0,0
2019-06-18 15:45,137,2,135,0,0,0
2019-06-18 16:00,128,3,125,0,0,0
2019-06-18 16:15,110,0,110,0,0,0
2019-06-18 16:30,109,0,109,0,0,0
2019-06-18 16:45,124,15,109,0,0,0
2019-06-18 17:00,97,0,97,0,0,0
2019-06-18 17:15,104,0,104,0,0,0
2019-06-18 17:30,99,0,99,0,0,0
2019-06-18 17:45,129,0,129,0,0,0
2019-06-18 18:00,114,7,107,0,0,0
2019-06-18 18:15,121,0,121,0,0,0
2019-06-18 18:30,94,1,93,0,0,0
2019-06-18 18:45,92,0,92,0,0,0
2019-06-18 19:00,82,0,82,0,0,0
2019-06-18 19:15,79,0,79,0,0,0
2019-06-18 19:30,101,9,92,0,0,0
2019-06-18 19:45,88,1,87,0,0,0
2019-06-18 20:00,90,0,90,0,0,0
2019-06-18 20:15,65,20,45,0,0,0
2019-06-18 20:30,46,1,45,0,0,0
2019-06-18 20:45,45,0,45,0,0,0
2019-06-18 21:00,33,0,33,0,0,0
2019-06-18 21:15,42,9,33,0,0,0
2019-06-18 21:30,61,12,49,0,0,0
2019-06-18 21:45,61,6,55,0,0,0
2019-06-18 22:00,51,7,44,0,0,0
2019-06-18 22:15,64,22,42,0,0,0
2019-06-18 22:30,41,9,32,0,0,0
2019-06-18 22:45,58,24,34,0,0,0
2019-06-18 23:00,27,7,20,0,0,0
2019-06-18 23:15,28,8,20,0,0,0
2019-06-18 23:30,12,3,9,0,0,0
2019-06-18 23:45,6,0,6,0,0,0
2019-06-19 00:00,13,0,13,0,0,0
2019-06-19 00:15,10,2,8,0,0,0
2019-06-19 00:30,10,5,5,0,0,0
2019-06-19 00:45,8,2,6,0,0,0
2019-06-19 01:00,10,2,8,0,0,0
2019-06-19 01:15,6,4,2,0,0,0
2019-06-19 01:30,5,0,5,0,0,0
2019-06-19 01:45,5,3,2,0,0,0
2019-06-19 02:00,3,0,3,0,0,0
2019-06-19 02:15,7,3,4,0,0,0
2019-06-19 02:30,4,2,2,0,0,0
2019-06-19 02:45,2,0,2,0,0,0
2019-06-19 03:00,1,0,1,0,0,0
2019-06-19 03:15,3,2,1,0,0,0
2019-06-19 03:30,0,0,0,0,0,0
2019-06-19 03:45,1,0,1,0,0,0
2019-06-19 04:00,1,0,1,0,0,0
2019-06-19 04:15,0,0,0,0,0,0
2019-06-19 04:30,0,0,0,0,0,0
2019-06-19 04:45,1,1,0,0,0,0
2019-06-19 05:00,0,0,0,0,0,0
2019-06-19 05:15,6,5,1,0,0,0
2019-06-19 05:30,15,10,5,0,0,0
2019-06-19 05:45,20,6,14,0,0,0
2019-06-19 06:00,14,7,7,0,0,0
2019-06-19 06:15,34,16,18,0,0,0
2019-06-19 06:30,53,34,19,0,0,0
2019-06-19 06:45,62,42,20,0,0,0
2019-06-19 07:00,57,35,22,0,0,0
2019-06-19 07:15,55,17,38,0,0,0
2019-06-19 07:30,62,0,62,0,0,0
2019-06-19 07:45,159,88,71,0,0,0
2019-06-19 08:00,217,171,46,0,0,0
2019-06-19 08:15,87,26,61,0,0,0
2019-06-19 08:30,179,136,43,0,0,0
2019-06-19 08:45,164,130,34,0,0,0
2019-06-19 09:00,59,22,37,0,0,0
2019-06-19 09:15,104,74,30,0,0,0
2019-06-19 09:30,46,9,37,0,0,0
2019-06-19 09:45,35,3,32,0,0,0
2019-06-19 10:00,58,18,40,0,0,0
2019-06-19 10:15,58,14,44,0,0,0
2019-06-19 10:30,91,49,42,0,0,0
2019-06-19 10:45,109,54,55,0,0,0
2019-06-19 11:00,54,2,52,0,0,0
2019-06-19 11:15,57,0,57,0,0,0
2019-06-19 11:30,86,11,75,0,0,0
2019-06-19 11:45,77,2,75,0,0,0
2019-06-19 12:00,81,11,70,0,0,0
2019-06-19 12:15,76,1,75,0,0,0
2019-06-19 12:30,101,6,95,0,0,0
2019-06-19 12:45,128,7,121,0,0,0
2019-06-19 13:00,182,39,143,0,0,0
2019-06-19 13:15,115,33,82,0,0,0
2019-06-19 13:30,72,11,61,0,0,0
2019-06-19 13:45,106,15,91,0,0,0
2019-06-19 14:00,120,12,108,0,0,0
2019-06-19 14:15,104,11,93,0,0,0
2019-06-19 14:30,107,19,88,0,0,0
2019-06-19 14:45,145,44,101,0,0,0
2019-06-19 15:00,71,2,69,0,0,0
2019-06-19 15:15,120,45,75,0,0,0
2019-06-19 15:30,147,70,77,0,0,0
2019-06-19 15:45,177,81,96,0,0,0
2019-06-19 16:00,123,11,112,0,0,0
2019-06-19 16:15,102,42,60,0,0,0
2019-06-19 16:30,136,64,72,0,0,0
2019-06-19 16:45,163,76,87,0,0,0
2019-06-19 17:00,81,5,76,0,0,0
2019-06-19 17:15,182,109,73,0,0,0
2019-06-19 17:30,144,88,56,0,0,0
2019-06-19 17:45,193,102,91,0,0,0
2019-06-19 18:00,94,15,79,0,0,0
2019-06-19 18:15,119,50,69,0,0,0
2019-06-19 18:30,146,76,70,0,0,0
2019-06-19 18:45,98,42,56,0,0,0
2019-06-19 19:00,128,69,59,0,0,0
2019-06-19 19:15,130,69,61,0,0,0
2019-06-19 19:30,116,64,52,0,0,0
2019-06-19 19:45,55,3,52,0,0,0
2019-06-19 20:00,64,17,47,0,0,0
2019-06-19 20:15,51,23,28,0,0,0
2019-06-19 20:30,40,13,27,0,0,0
2019-06-19 20:45,17,0,17,0,0,0
2019-06-19 21:00,23,0,23,0,0,0
2019-06-19 21:15,26,3,23,0,0,0
2019-06-19 21:30,31,0,31,0,0,0
2019-06-19 21:45,37,0,37,0,0,0
2019-06-19 22:00,30,0,30,0,0,0
2019-06-19 22:15,46,12,34,0,0,0
2019-06-19 22:30,29,5,24,0,0,0
2019-06-19 22:45,15,0,15,0,0,0
2019-06-19 23:00,37,12,25,0,0,0
2019-06-19 23:15,24,10,14,0,0,0
2019-06-19 23:30,23,1,22,0,0,0
2019-06-19 23:45,25,1,24,0,0,0
2019-06-20 00:00,33,15,18,0,0,0
2019-06-20 00:15,44,19,25,0,0,0
2019-06-20 00:30,11,0,11,0,0,0
2019-06-20 00:45,12,5,7,0,0,0
2019-06-20 01:00,11,3,8,0,0,0
2019-06-20 01:15,16,2,14,0,0,0
2019-06-20 01:30,8,4,4,0,0,0
2019-06-20 01:45,18,1,17,0,0,0
2019-06-20 02:00,23,8,15,0,0,0
2019-06-20 02:15,19,7,12,0,0,0
2019-06-20 02:30,15,7,8,0,0,0
2019-06-20 02:45,14,3,11,0,0,0
2019-06-20 03:00,10,0,10,0,0,0
2019-06-20 03:15,8,1,7,0,0,0
2019-06-20 03:30,8,3,5,0,0,0
2019-06-20 03:45,15,3,12,0,0,0
2019-06-20 04:00,10,4,6,0,0,0
2019-06-20 04:15,4,0,4,0,0,0
2019-06-20 04:30,2,1,1,0,0,0
2019-06-20 04:45,3,0,3,0,0,0
2019-06-20 05:00,1,1,0,0,0,0
2019-06-20 05:15,2,1,1,0,0,0
2019-06-20 05:30,9,8,1,0,0,0
2019-06-20 05:45,5,2,3,0,0,0
2019-06-20 06:00,8,4,4,0,0,0
2019-06-20 06:15,6,1,5,0,0,0
2019-06-20 06:30,3,2,1,0,0,0
2019-06-20 06:45,3,2,1,0,0,0
2019-06-20 07:00,8,4,4,0,0,0
2019-06-20 07:15,1,0,1,0,0,0
2019-06-20 07:30,16,8,8,0,0,0
2019-06-20 07:45,14,11,3,0,0,0
2019-06-20 08:00,19,14,5,0,0,0
2019-06-20 08:15,21,12,9,0,0,0
2019-06-20 08:30,24,18,6,0,0,0
2019-06-20 08:45,34,26,8,0,0,0
2019-06-20 09:00,17,15,2,0,0,0
2019-06-20 09:15,30,18,12,0,0,0
2019-06-20 09:30,26,20,6,0,0,0
2019-06-20 09:45,57,41,16,0,0,0
2019-06-20 10:00,36,25,11,0,0,0
2019-06-20 10:15,45,27,18,0,0,0
2019-06-20 10:30,38,13,25,0,0,0
2019-06-20 10:45,53,33,20,0,0,0
2019-06-20 11:00,50,33,17,0,0,0
2019-06-20 11:15,39,23,16,0,0,0
2019-06-20 11:30,26,9,17,0,0,0
2019-06-20 11:45,60,39,21,0,0,0
2019-06-20 12:00,69,41,28,0,0,0
2019-06-20 12:15,28,10,18,0,0,0
2019-06-20 12:30,64,41,23,0,0,0
2019-06-20 12:45,73,38,35,0,0,0
2019-06-20 13:00,81,44,37,0,0,0
2019-06-20 13:15,54,31,23,0,0,0
2019-06-20 13:30,65,38,27,0,0,0
2019-06-20 13:45,97,66,31,0,0,0
2019-06-20 14:00,83,40,43,0,0,0
2019-06-20 14:15,73,37,36,0,0,0
2019-06-20 14:30,70,40,30,0,0,0
2019-06-20 14:45,76,27,49,0,0,0
2019-06-20 15:00,73,45,28,0,0,0
2019-06-20 15:15,123,65,58,0,0,0
2019-06-20 15:30,85,50,35,0,0,0
2019-06-20 15:45,98,60,38,0,0,0
2019-06-20 16:00,107,59,48,0,0,0
2019-06-20 16:15,79,49,30,0,0,0
2019-06-20 16:30,80,37,43,0,0,0
2019-06-20 16:45,96,74,22,0,0,0
2019-06-20 17:00,84,61,23,0,0,0
2019-06-20 17:15,99,62,37,0,0,0
2019-06-20 17:30,129,81,48,0,0,0
2019-06-20 17:45,81,36,45,0,0,0
2019-06-20 18:00,94,46,48,0,0,0
2019-06-20 18:15,84,43,41,0,0,0
2019-06-20 18:30,65,37,28,0,0,0
2019-06-20 18:45,96,62,34,0,0,0
2019-06-20 19:00,54,26,28,0,0,0
2019-06-20 19:15,63,32,31,0,0,0
2019-06-20 19:30,60,40,20,0,0,0
2019-06-20 19:45,63,33,30,0,0,0
2019-06-20 20:00,76,49,27,0,0,0
2019-06-20 20:15,58,27,31,0,0,0
2019-06-20 20:30,66,25,41,0,0,0
2019-06-20 20:45,82,35,47,0,0,0
2019-06-20 21:00,61,32,29,0,0,0
2019-06-20 21:15,38,11,27,0,0,0
2019-06-20 21:30,50,15,35,0,0,0
2019-06-20 21:45,32,17,15,0,0,0
2019-06-20 22:00,47,19,28,0,0,0
2019-06-20 22:15,33,16,17,0,0,0
2019-06-20 22:30,35,10,25,0,0,0
2019-06-20 22:45,33,10,23,0,0,0
2019-06-20 23:00,29,18,11,0,0,0
2019-06-20 23:15,32,15,17,0,0,0
2019-06-20 23:30,19,15,4,0,0,0
2019-06-20 23:45,29,17,12,0,0,0
2019-06-21 00:00,15,3,12,0,0,0
2019-06-21 00:15,18,10,8,0,0,0
2019-06-21 00:30,11,5,6,0,0,0
2019-06-21 00:45,5,2,3,0,0,0
2019-06-21 01:00,10,1,9,0,0,0
2019-06-21 01:15,4,1,3,0,0,0
2019-06-21 01:30,4,1,3,0,0,0
2019-06-21 01:45,12,4,8,0,0,0
2019-06-21 02:00,2,0,2,0,0,0
2019-06-21 02:15,6,1,5,0,0,0
2019-06-21 02:30,1,0,1,0,0,0
2019-06-21 02:45,3,3,0,0,0,0
2019-06-21 03:00,1,0,1,0,0,0
2019-06-21 03:15,0,0,0,0,0,0
2019-06-21 03:30,3,1,2,0,0,0
2019-06-21 03:45,0,0,0,0,0,0
2019-06-21 04:00,0,0,0,0,0,0
2019-06-21 04:15,4,2,2,0,0,0
2019-06-21 04:30,3,1,2,0,0,0
2019-06-21 04:45,2,1,1,0,0,0
2019-06-21 05:00,1,1,0,0,0,0
2019-06-21 05:15,4,4,0,0,0,0
2019-06-21 05:30,15,9,6,0,0,0
2019-06-21 05:45,20,7,13,0,0,0
2019-06-21 06:00,15,6,9,0,0,0
2019-06-21 06:15,24,16,8,0,0,0
2019-06-21 06:30,36,26,10,0,0,0
2019-06-21 06:45,48,32,16,0,0,0
2019-06-21 07:00,52,33,19,0,0,0
2019-06-21 07:15,89,59,30,0,0,0
2019-06-21 07:30,169,132,37,0,0,0
2019-06-21 07:45,149,121,28,0,0,0
2019-06-21 08:00,117,93,24,0,0,0
2019-06-21 08:15,57,25,32,0,0,0
2019-06-21 08:30,109,74,35,0,0,0
2019-06-21 08:45,129,97,32,0,0,0
2019-06-21 09:00,98,73,25,0,0,0
2019-06-21 09:15,120,90,30,0,0,0
2019-06-21 09:30,57,29,28,0,0,0
2019-06-21 09:45,171,130,41,0,0,0
2019-06-21 10:00,180,145,35,0,0,0
2019-06-21 10:15,78,49,29,0,0,0
2019-06-21 10:30,121,81,40,0,0,0
2019-06-21 10:45,134,84,50,0,0,0
2019-06-21 11:00,136,83,53,0,0,0
2019-06-21 11:15,61,16,45,0,0,0
2019-06-21 11:30,141,84,57,0,0,0
2019-06-21 11:45,170,98,72,0,0,0
2019-06-21 12:00,158,97,61,0,0,0
2019-06-21 12:15,142,85,57,0,0,0
2019-06-21 12:30,165,95,70,0,0,0
2019-06-21 12:45,176,95,81,0,0,0
2019-06-21 13:00,180,95,85,0,0,0
2019-06-21 13:15,156,85,71,0,0,0
2019-06-21 13:30,144,65,79,0,0,0
2019-06-21 13:45,163,78,85,0,0,0
2019-06-21 14:00,194,95,99,0,0,0
2019-06-21 14:15,174,84,90,0,0,0
2019-06-21 14:30,188,99,89,0,0,0
2019-06-21 14:45,168,96,72,0,0,0
2019-06-21 15:00,197,124,73,0,0,0
2019-06-21 15:15,200,115,85,0,0,0
2019-06-21 15:30,170,100,70,0,0,0
2019-06-21 15:45,193,107,86,0,0,0
2019-06-21 16:00,184,91,93,0,0,0
2019-06-21 16:15,146,70,76,0,0,0
2019-06-21 16:30,185,92,93,0,0,0
2019-06-21 16:45,177,93,84,0,0,0
2019-06-21 17:00,137,54,83,0,0,0
2019-06-21 17:15,134,66,68,0,0,0
2019-06-21 17:30,140,65,75,0,0,0
2019-06-21 17:45,167,101,66,0,0,0
2019-06-21 18:00,186,96,90,0,0,0
2019-06-21 18:15,162,76,86,0,0,0
2019-06-21 18:30,62,0,62,0,0,0
2019-06-21 18:45,114,39,75,0,0,0
2019-06-21 19:00,172,92,80,0,0,0
2019-06-21 19:15,80,7,73,0,0,0
2019-06-21 19:30,101,53,48,0,0,0
2019-06-21 19:45,129,70,59,0,0,0
2019-06-21 20:00,49,14,35,0,0,0
2019-06-21 20:15,98,42,56,0,0,0
2019-06-21 20:30,64,15,49,0,0,0
2019-06-21 20:45,85,47,38,0,0,0
2019-06-21 21:00,64,18,46,0,0,0
2019-06-21 21:15,75,30,45,0,0,0
2019-06-21 21:30,70,24,46,0,0,0
2019-06-21 21:45,65,24,41,0,0,0
2019-06-21 22:00,71,33,38,0,0,0
2019-06-21 22:15,59,9,50,0,0,0
2019-06-21 22:30,54,20,34,0,0,0
2019-06-21 22:45,36,15,21,0,0,0
2019-06-21 23:00,40,14,26,0,0,0
2019-06-21 23:15,24,0,24,0,0,0
2019-06-21 23:30,31,7,24,0,0,0
2019-06-21 23:45,33,15,18,0,0,0
2019-06-22 00:00,24,13,11,0,0,0
2019-06-22 00:15,23,4,19,0,0,0
2019-06-22 00:30,31,6,25,0,0,0
2019-06-22 00:45,19,5,14,0,0,0
2019-06-22 01:00,10,2,8,0,0,0
2019-06-22 01:15,21,3,18,0,0,0
2019-06-22 01:30,21,8,13,0,0,0
2019-06-22 01:45,26,8,18,0,0,0
2019-06-22 02:00,10,2,8,0,0,0
2019-06-22 02:15,21,16,5,0,0,0
2019-06-22 02:30,4,1,3,0,0,0
2019-06-22 02:45,9,0,9,0,0,0
2019-06-22 03:00,10,2,8,0,0,0
2019-06-22 03:15,9,2,7,0,0,0
2019-06-22 03:30,5,0,5,0,0,0
2019-06-22 03:45,3,2,1,0,0,0
2019-06-22 04:00,3,1,2,0,0,0
2019-06-22 04:15,5,2,3,0,0,0
2019-06-22 04:30,2,0,2,0,0,0
2019-06-22 04:45,1,0,1,0,0,0
2019-06-22 05:00,2,1,1,0,0,0
2019-06-22 05:15,3,2,1,0,0,0
2019-06-22 05:30,10,6,4,0,0,0
2019-06-22 05:45,12,4,8,0,0,0
2019-06-22 06:00,9,8,1,0,0,0
2019-06-22 06:15,5,2,3,0,0,0
2019-06-22 06:30,13,7,6,0,0,0
2019-06-22 06:45,20,13,7,0,0,0
2019-06-22 07:00,9,4,5,0,0,0
2019-06-22 07:15,11,4,7,0,0,0
2019-06-22 07:30,40,23,17,0,0,0
2019-06-22 07:45,35,26,9,0,0,0
2019-06-22 08:00,10,0,10,0,0,0
2019-06-22 08:15,23,13,10,0,0,0
2019-06-22 08:30,11,0,11,0,0,0
2019-06-22 08:45,23,4,19,0,0,0
2019-06-22 09:00,32,15,17,0,0,0
2019-06-22 09:15,25,13,12,0,0,0
2019-06-22 09:30,38,3,35,0,0,0
2019-06-22 09:45,53,20,33,0,0,0
2019-06-22 10:00,37,2,35,0,0,0
2019-06-22 10:15,51,28,23,0,0,0
2019-06-22 10:30,44,11,33,0,0,0
2019-06-22 10:45,72,10,62,0,0,0
2019-06-22 11:00,40,0,40,0,0,0
2019-06-22 11:15,48,4,44,0,0,0
2019-06-22 11:30,73,14,59,0,0,0
2019-06-22 11:45,63,5,58,0,0,0
2019-06-22 12:00,53,6,47,0,0,0
2019-06-22 12:15,69,10,59,0,0,0
2019-06-22 12:30,71,2,69,0,0,0
2019-06-22 12:45,106,23,83,0,0,0
2019-06-22 13:00,144,62,82,0,0,0
2019-06-22 13:15,88,2,86,0,0,0
2019-06-22 13:30,113,29,84,0,0,0
2019-06-22 13:45,73,1,72,0,0,0
2019-06-22 14:00,67,1,66,0,0,0
2019-06-22 14:15,83,0,83,0,0,0
2019-06-22 14:30,73,4,69,0,0,0
2019-06-22 14:45,94,44,50,0,0,0
2019-06-22 15:00,84,5,79,0,0,0
2019-06-22 15:15,42,6,36,0,0,0
2019-06-22 15:30,57,0,57,0,0,0
2019-06-22 15:45,89,31,58,0,0,0
2019-06-22 16:00,72,0,72,0,0,0
2019-06-22 16:15,69,0,69,0,0,0
2019-06-22 16:30,70,8,62,0,0,0
2019-06-22 16:45,108,31,77,0,0,0
2019-06-22 17:00,73,,73,0,,0
2019-06-22 17:15,47,,47,0,,0
2019-06-22 17:30,99,,99,0,,0
2019-06-22 17:45,81,,81,0,,0
2019-06-22 18:00,104,2,102,0,0,0
2019-06-22 18:15,148,53,95,0,0,0
2019-06-22 18:30,89,1,88,0,0,0
2019-06-22 18:45,57,1,56,0,0,0
2019-06-22 19:00,72,6,66,0,0,0
2019-06-22 19:15,69,20,49,0,0,0
2019-06-22 19:30,82,26,56,0,0,0
2019-06-22 19:45,58,3,55,0,0,0
2019-06-22 20:00,64,4,60,0,0,0
2019-06-22 20:15,68,31,37,0,0,0
2019-06-22 20:30,45,0,45,0,0,0
2019-06-22 20:45,37,3,34,0,0,0
2019-06-22 21:00,37,0,37,0,0,0
2019-06-22 21:15,46,0,46,0,0,0
2019-06-22 21:30,42,14,28,0,0,0
2019-06-22 21:45,28,11,17,0,0,0
2019-06-22 22:00,69,6,63,0,0,0
2019-06-22 22:15,28,2,26,0,0,0
2019-06-22 22:30,32,21,11,0,0,0
2019-06-22 22:45,40,4,36,0,0,0
2019-06-22 23:00,31,10,21,0,0,0
2019-06-22 23:15,13,0,13,0,0,0
2019-06-22 23:30,73,9,64,0,0,0
2019-06-22 23:45,66,3,63,0,0,0
2019-06-23 00:00,47,13,34,0,0,0
2019-06-23 00:15,19,1,18,0,0,0
2019-06-23 00:30,32,7,25,0,0,0
2019-06-23 00:45,35,10,25,0,0,0
2019-06-23 01:00,17,1,16,0,0,0
2019-06-23 01:15,15,2,13,0,0,0
2019-06-23 01:30,18,1,17,0,0,0
2019-06-23 01:45,9,0,9,0,0,0
2019-06-23 02:00,8,2,6,0,0,0
2019-06-23 02:15,9,0,9,0,0,0
2019-06-23 02:30,7,0,7,0,0,0
2019-06-23 02:45,7,0,7,0,0,0
2019-06-23 03:00,8,0,8,0,0,0
2019-06-23 03:15,12,0,12,0,0,0
2019-06-23 03:30,6,0,6,0,0,0
2019-06-23 03:45,4,0,4,0,0,0
2019-06-23 04:00,5,,5,0,,0
2019-06-23 04:15,4,,4,0,,0
2019-06-23 04:30,4,,4,0,,0
2019-06-23 04:45,4,,4,0,,0
2019-06-23 05:00,1,0,1,0,0,0
2019-06-23 05:15,0,0,0,0,0,0
2019-06-23 05:30,4,0,4,0,0,0
2019-06-23 05:45,10,5,5,0,0,0
2019-06-23 06:00,4,2,2,0,0,0
2019-06-23 06:15,4,0,4,0,0,0
2019-06-23 06:30,3,0,3,0,0,0
2019-06-23 06:45,5,0,5,0,0,0
2019-06-23 07:00,3,1,2,0,0,0
2019-06-23 07:15,6,1,5,0,0,0
2019-06-23 07:30,5,0,5,0,0,0
2019-06-23 07:45,7,0,7,0,0,0
2019-06-23 08:00,12,10,2,0,0,0
2019-06-23 08:15,11,0,11,0,0,0
2019-06-23 08:30,6,0,6,0,0,0
2019-06-23 08:45,10,2,8,0,0,0
2019-06-23 09:00,5,0,5,0,0,0
2019-06-23 09:15,31,16,15,0,0,0
2019-06-23 09:30,31,12,19,0,0,0
2019-06-23 09:45,21,6,15,0,0,0
2019-06-23 10:00,15,1,14,0,0,0
2019-06-23 10:15,14,4,10,0,0,0
2019-06-23 10:30,24,3,21,0,0,0
2019-06-23 10:45,54,41,13,0,0,0
2019-06-23 11:00,25,1,24,0,0,0
2019-06-23 11:15,36,13,23,0,0,0
2019-06-23 11:30,29,5,24,0,0,0
2019-06-23 11:45,35,5,30,0,0,0
2019-06-23 12:00,31,1,30,0,0,0
2019-06-23 12:15,23,2,21,0,0,0
2019-06-23 12:30,51,15,36,0,0,0
2019-06-23 12:45,45,0,45,0,0,0
2019-06-23 13:00,46,1,45,0,0,0
2019-06-23 13:15,53,5,48,0,0,0
2019-06-23 13:30,43,0,43,0,0,0
2019-06-23 13:45,30,1,29,0,0,0
2019-06-23 14:00,60,0,60,0,0,0
2019-06-23 14:15,41,0,41,0,0,0
2019-06-23 14:30,52,0,52,0,0,0
2019-06-23 14:45,33,0,33,0,0,0
2019-06-23 15:00,61,0,61,0,0,0
2019-06-23 15:15,39,2,37,0,0,0
2019-06-23 15:30,51,8,43,0,0,0
2019-06-23 15:45,66,6,60,0,0,0
2019-06-23 16:00,61,0,61,0,0,0
2019-06-23 16:15,48,4,44,0,0,0
2019-06-23 16:30,40,0,40,0,0,0
2019-06-23 16:45,48,0,48,0,0,0
2019-06-23 17:00,46,2,44,0,0,0
2019-06-23 17:15,44,1,43,0,0,0
2019-06-23 17:30,36,0,36,0,0,0
2019-06-23 17:45,49,3,46,0,0,0
2019-06-23 18:00,50,0,50,0,0,0
2019-06-23 18:15,63,4,59,0,0,0
2019-06-23 18:30,56,0,56,0,0,0
2019-06-23 18:45,52,0,52,0,0,0
2019-06-23 19:00,33,0,33,0,0,0
2019-06-23 19:15,53,16,37,0,0,0
2019-06-23 19:30,45,15,30,0,0,0
2019-06-23 19:45,33,4,29,0,0,0
2019-06-23 20:00,34,13,21,0,0,0
2019-06-23 20:15,48,0,48,0,0,0
2019-06-23 20:30,26,5,21,0,0,0
2019-06-23 20:45,34,6,28,0,0,0
2019-06-23 21:00,45,15,30,0,0,0
2019-06-23 21:15,35,2,33,0,0,0
2019-06-23 21:30,44,24,20,0,0,0
2019-06-23 21:45,31,9,22,0,0,0
2019-06-23 22:00,31,3,28,0,0,0
2019-06-23 22:15,32,16,16,0,0,0
2019-06-23 22:30,19,9,10,0,0,0
2019-06-23 22:45,16,6,10,0,0,0
2019-06-23 23:00,13,0,13,0,0,0
2019-06-23 23:15,15,5,10,0,0,0
2019-06-23 23:30,4,2,2,0,0,0
2019-06-23 23:45,7,1,6,0,0,0
2019-06-24 00:00,10,3,7,0,0,0
2019-06-24 00:15,7,0,7,0,0,0
2019-06-24 00:30,2,0,2,0,0,0
2019-06-24 00:45,3,1,2,0,0,0
2019-06-24 01:00,5,3,2,0,0,0
2019-06-24 01:15,3,1,2,0,0,0
2019-06-24 01:30,4,0,4,0,0,0
2019-06-24 01:45,3,1,2,0,0,0
2019-06-24 02:00,0,0,0,0,0,0
2019-06-24 02:15,1,0,1,0,0,0
2019-06-24 02:30,1,0,1,0,0,0
2019-06-24 02:45,0,0,0,0,0,0
2019-06-24 03:00,1,0,1,0,0,0
2019-06-24 03:15,2,2,0,0,0,0
2019-06-24 03:30,1,1,0,0,0,0
2019-06-24 03:45,0,0,0,0,0,0
2019-06-24 04:00,2,0,2,0,0,0
2019-06-24 04:15,0,0,0,0,0,0
2019-06-24 04:30,1,0,1,0,0,0
2019-06-24 04:45,0,0,0,0,0,0
2019-06-24 05:00,0,0,0,0,0,0
2019-06-24 05:15,6,3,3,0,0,0
2019-06-24 05:30,17,14,3,0,0,0
2019-06-24 05:45,22,9,13,0,0,0
2019-06-24 06:00,17,13,4,0,0,0
2019-06-24 06:15,38,26,12,0,0,0
2019-06-24 06:30,70,40,30,0,0,0
2019-06-24 06:45,98,65,33,0,0,0
2019-06-24 07:00,37,3,34,0,0,0
2019-06-24 07:15,46,1,45,0,0,0
2019-06-24 07:30,121,64,57,0,0,0
2019-06-24 07:45,261,193,68,0,0,0
2019-06-24 08:00,65,37,28,0,0,0
2019-06-24 08:15,162,126,36,0,0,0
2019-06-24 08:30,172,132,40,0,0,0
2019-06-24 08:45,105,64,41,0,0,0
2019-06-24 09:00,133,98,35,0,0,0
2019-06-24 09:15,115,84,31,0,0,0
2019-06-24 09:30,56,28,28,0,0,0
2019-06-24 09:45,35,4,31,0,0,0
2019-06-24 10:00,40,0,40,0,0,0
2019-06-24 10:15,24,0,24,0,0,0
2019-06-24 10:30,55,18,37,0,0,0
2019-06-24 10:45,47,4,43,0,0,0
2019-06-24 11:00,41,5,36,0,0,0
2019-06-24 11:15,43,1,42,0,0,0
2019-06-24 11:30,68,7,61,0,0,0
2019-06-24 11:45,54,5,49,0,0,0
2019-06-24 12:00,66,8,58,0,0,0
2019-06-24 12:15,82,0,82,0,0,0
2019-06-24 12:30,110,0,110,0,0,0
2019-06-24 12:45,64,0,64,0,0,0
2019-06-24 13:00,118,0,118,0,0,0
2019-06-24 13:15,72,4,68,0,0,0
2019-06-24 13:30,81,4,77,0,0,0
2019-06-24 13:45,86,0,86,0,0,0
2019-06-24 14:00,87,0,87,0,0,0
2019-06-24 14:15,112,16,96,0,0,0
2019-06-24 14:30,77,0,77,0,0,0
2019-06-24 14:45,116,27,89,0,0,0
2019-06-24 15:00,87,4,83,0,0,0
2019-06-24 15:15,134,23,111,0,0,0
2019-06-24 15:30,73,0,73,0,0,0
2019-06-24 15:45,122,21,101,0,0,0
2019-06-24 16:00,100,4,96,0,0,0
2019-06-24 16:15,174,73,101,0,0,0
2019-06-24 16:30,122,23,99,0,0,0
2019-06-24 16:45,122,15,107,0,0,0
2019-06-24 17:00,114,1,113,0,0,0
2019-06-24 17:15,103,0,103,0,0,0
2019-06-24 17:30,123,1,122,0,0,0
2019-06-24 17:45,112,0,112,0,0,0
2019-06-24 18:00,93,0,93,0,0,0
2019-06-24 18:15,102,7,95,0,0,0
2019-06-24 18:30,102,0,102,0,0,0
2019-06-24 18:45,97,8,89,0,0,0
2019-06-24 19:00,100,0,100,0,0,0
2019-06-24 19:15,82,0,82,0,0,0
2019-06-24 19:30,68,14,54,0,0,0
2019-06-24 19:45,58,4,54,0,0,0
2019-06-24 20:00,81,12,69,0,0,0
2019-06-24 20:15,41,8,33,0,0,0
2019-06-24 20:30,37,4,33,0,0,0
2019-06-24 20:45,60,24,36,0,0,0
2019-06-24 21:00,73,54,19,0,0,0
2019-06-24 21:15,32,3,29,0,0,0
2019-06-24 21:30,43,4,39,0,0,0
2019-06-24 21:45,25,0,25,0,0,0
2019-06-24 22:00,36,14,22,0,0,0
2019-06-24 22:15,26,5,21,0,0,0
2019-06-24 22:30,27,4,23,0,0,0
2019-06-24 22:45,25,7,18,0,0,0
2019-06-24 23:00,48,28,20,0,0,0
2019-06-24 23:15,33,17,16,0,0,0
2019-06-24 23:30,11,6,5,0,0,0
2019-06-24 23:45,11,2,9,0,0,0
2019-06-25 00:00,16,6,10,0,0,0
2019-06-25 00:15,10,0,10,0,0,0
2019-06-25 00:30,15,9,6,0,0,0
2019-06-25 00:45,3,0,3,0,0,0
2019-06-25 01:00,1,0,1,0,0,0
2019-06-25 01:15,2,1,1,0,0,0
2019-06-25 01:30,3,2,1,0,0,0
2019-06-25 01:45,2,0,2,0,0,0
2019-06-25 02:00,2,0,2,0,0,0
2019-06-25 02:15,4,0,4,0,0,0
2019-06-25 02:30,0,0,0,0,0,0
2019-06-25 02:45,1,0,1,0,0,0
2019-06-25 03:00,2,0,2,0,0,0
2019-06-25 03:15,0,0,0,0,0,0
2019-06-25 03:30,0,0,0,0,0,0
2019-06-25 03:45,0,0,0,0,0,0
2019-06-25 04:00,1,0,1,0,0,0
2019-06-25 04:15,1,0,1,0,0,0
2019-06-25 04:30,2,0,2,0,0,0
2019-06-25 04:45,1,0,1,0,0,0
2019-06-25 05:00,2,1,1,0,0,0
2019-06-25 05:15,5,3,2,0,0,0
2019-06-25 05:30,8,3,5,0,0,0
2019-06-25 05:45,12,0,12,0,0,0
2019-06-25 06:00,11,0,11,0,0,0
2019-06-25 06:15,33,20,13,0,0,0
2019-06-25 06:30,30,1,29,0,0,0
2019-06-25 06:45,34,5,29,0,0,0
2019-06-25 07:00,47,14,33,0,0,0
2019-06-25 07:15,76,29,47,0,0,0
2019-06-25 07:30,82,18,64,0,0,0
2019-06-25 07:45,73,17,56,0,0,0
2019-06-25 08:00,41,7,34,0,0,0
2019-06-25 08:15,50,0,50,0,0,0
2019-06-25 08:30,29,7,22,0,0,0
2019-06-25 08:45,54,14,40,0,0,0
2019-06-25 09:00,42,11,31,0,0,0
2019-06-25 09:15,38,6,32,0,0,0
2019-06-25 09:30,28,3,25,0,0,0
2019-06-25 09:45,42,1,41,0,0,0
2019-06-25 10:00,33,3,30,0,0,0
2019-06-25 10:15,30,0,30,0,0,0
2019-06-25 10:30,43,4,39,0,0,0
2019-06-25 10:45,35,0,35,0,0,0
2019-06-25 11:00,41,0,41,0,0,0
2019-06-25 11:15,59,14,45,0,0,0
2019-06-25 11:30,54,0,54,0,0,0
2019-06-25 11:45,71,9,62,0,0,0
2019-06-25 12:00,63,8,55,0,0,0
2019-06-25 12:15,89,7,82,0,0,0
2019-06-25 12:30,132,25,107,0,0,0
2019-06-25 12:45,86,7,79,0,0,0
2019-06-25 13:00,73,0,73,0,0,0
2019-06-25 13:15,75,12,63,0,0,0
2019-06-25 13:30,60,10,50,0,0,0
2019-06-25 13:45,56,0,56,0,0,0
2019-06-25 14:00,73,0,73,0,0,0
2019-06-25 14:15,78,1,77,0,0,0
2019-06-25 14:30,54,5,49,0,0,0
2019-06-25 14:45,82,10,72,0,0,0
2019-06-25 15:00,51,0,51,0,0,0
2019-06-25 15:15,69,2,67,0,0,0
2019-06-25 15:30,70,7,63,0,0,0
2019-06-25 15:45,78,6,72,0,0,0
2019-06-25 16:00,79,,79,0,,0
2019-06-25 16:15,85,,85,0,,0
2019-06-25 16:30,99,,99,0,,0
2019-06-25 16:45,75,,75,0,,0
2019-06-25 17:00,86,3,83,0,0,0
2019-06-25 17:15,96,1,95,0,0,0
2019-06-25 17:30,93,0,93,0,0,0
2019-06-25 17:45,108,0,108,0,0,0
2019-06-25 18:00,102,4,98,0,0,0
2019-06-25 18:15,109,2,107,0,0,0
2019-06-25 18:30,81,7,74,0,0,0
2019-06-25 18:45,83,0,83,0,0,0
2019-06-25 19:00,72,0,72,0,0,0
2019-06-25 19:15,61,0,61,0,0,0
2019-06-25 19:30,52,0,52,0,0,0
2019-06-25 19:45,86,0,86,0,0,0
2019-06-25 20:00,68,0,68,0,0,0
2019-06-25 20:15,47,3,44,0,0,0
2019-06-25 20:30,37,0,37,0,0,0
2019-06-25 20:45,40,0,40,0,0,0
2019-06-25 21:00,24,0,24,0,0,0
2019-06-25 21:15,36,0,36,0,0,0
2019-06-25 21:30,41,3,38,0,0,0
2019-06-25 21:45,37,1,36,0,0,0
2019-06-25 22:00,32,,32,0,,0
2019-06-25 22:15,43,,43,0,,0
2019-06-25 22:30,22,,22,0,,0
2019-06-25 22:45,18,,18,0,,0
2019-06-25 23:00,23,4,19,0,0,0
2019-06-25 23:15,20,0,20,0,0,0
2019-06-25 23:30,26,8,18,0,0,0
2019-06-25 23:45,12,3,9,0,0,0
2019-06-26 00:00,13,0,13,0,0,0
2019-06-26 00:15,8,0,8,0,0,0
2019-06-26 00:30,6,0,6,0,0,0
2019-06-26 00:45,3,1,2,0,0,0
2019-06-26 01:00,5,1,4,0,0,0
2019-06-26 01:15,11,11,0,0,0,0
2019-06-26 01:30,0,0,0,0,0,0
2019-06-26 01:45,3,1,2,0,0,0
2019-06-26 02:00,2,1,1,0,0,0
2019-06-26 02:15,0,0,0,0,0,0
2019-06-26 02:30,4,0,4,0,0,0
2019-06-26 02:45,0,0,0,0,0,0
2019-06-26 03:00,1,0,1,0,0,0
2019-06-26 03:15,1,0,1,0,0,0
2019-06-26 03:30,2,0,2,0,0,0
2019-06-26 03:45,1,0,1,0,0,0
2019-06-26 04:00,1,0,1,0,0,0
2019-06-26 04:15,0,0,0,0,0,0
2019-06-26 04:30,3,2,1,0,0,0
2019-06-26 04:45,1,0,1,0,0,0
2019-06-26 05:00,1,1,0,0,0,0
2019-06-26 05:15,11,9,2,0,0,0
2019-06-26 05:30,8,4,4,0,0,0
2019-06-26 05:45,19,5,14,0,0,0
2019-06-26 06:00,11,1,10,0,0,0
2019-06-26 06:15,24,2,22,0,0,0
2019-06-26 06:30,44,8,36,0,0,0
2019-06-26 06:45,21,0,21,0,0,0
2019-06-26 07:00,30,,30,0,,0
2019-06-26 07:15,54,,54,0,,0
2019-06-26 07:30,60,,60,0,,0
2019-06-26 07:45,76,,76,0,,0
2019-06-26 08:00,54,18,36,0,0,0
2019-06-26 08:15,47,1,46,0,0,0
2019-06-26 08:30,41,4,37,0,0,0
2019-06-26 08:45,55,0,55,0,0,0
2019-06-26 09:00,37,2,35,0,0,0
2019-06-26 09:15,45,6,39,0,0,0
2019-06-26 09:30,41,6,35,0,0,0
2019-06-26 09:45,44,3,41,0,0,0
2019-06-26 10:00,35,1,34,0,0,0
2019-06-26 10:15,54,13,41,0,0,0
2019-06-26 10:30,71,25,46,0,0,0
2019-06-26 10:45,45,3,42,0,0,0
2019-06-26 11:00,51,,51,0,,0
2019-06-26 11:15,62,,62,0,,0
2019-06-26 11:30,53,,53,0,,0
2019-06-26 11:45,77,,77,0,,0
2019-06-26 12:00,72,1,71,0,0,0
2019-06-26 12:15,74,0,74,0,0,0
2019-06-26 12:30,82,19,63,0,0,0
2019-06-26 12:45,71,0,71,0,0,0
2019-06-26 13:00,58,,58,0,,0
2019-06-26 13:15,66,,66,0,,0
2019-06-26 13:30,55,,55,0,,0
2019-06-26 13:45,93,,93,0,,0
2019-06-26 14:00,69,,69,0,,0
2019-06-26 14:15,79,,79,0,,0
2019-06-26 14:30,91,,91,0,,0
2019-06-26 14:45,73,,73,0,,0
2019-06-26 15:00,72,1,71,0,0,0
2019-06-26 15:15,69,0,69,0,0,0
2019-06-26 15:30,86,5,81,0,0,0
2019-06-26 15:45,122,13,109,0,0,0
2019-06-26 16:00,97,0,97,0,0,0
2019-06-26 16:15,106,3,103,0,0,0
2019-06-26 16:30,71,1,70,0,0,0
2019-06-26 16:45,82,1,81,0,0,0
2019-06-26 17:00,83,0,83,0,0,0
2019-06-26 17:15,91,8,83,0,0,0
2019-06-26 17:30,79,11,68,0,0,0
2019-06-26 17:45,85,0,85,0,0,0
2019-06-26 18:00,88,5,83,0,0,0
2019-06-26 18:15,88,6,82,0,0,0
2019-06-26 18:30,93,1,92,0,0,0
2019-06-26 18:45,84,0,84,0,0,0
2019-06-26 19:00,58,0,58,0,0,0
2019-06-26 19:15,77,0,77,0,0,0
2019-06-26 19:30,78,3,75,0,0,0
2019-06-26 19:45,57,1,56,0,0,0
2019-06-26 20:00,64,0,64,0,0,0
2019-06-26 20:15,47,0,47,0,0,0
2019-06-26 20:30,79,23,56,0,0,0
2019-06-26 20:45,32,1,31,0,0,0
2019-06-26 21:00,48,6,42,0,0,0
2019-06-26 21:15,40,0,40,0,0,0
2019-06-26 21:30,27,0,27,0,0,0
2019-06-26 21:45,57,21,36,0,0,0
2019-06-26 22:00,66,10,56,0,0,0
2019-06-26 22:15,31,5,26,0,0,0
2019-06-26 22:30,34,0,34,0,0,0
2019-06-26 22:45,54,22,32,0,0,0
2019-06-26 23:00,22,2,20,0,0,0
2019-06-26 23:15,18,5,13,0,0,0
2019-06-26 23:30,12,0,12,0,0,0
2019-06-26 23:45,13,6,7,0,0,0
2019-06-27 00:00,14,4,10,0,0,0
2019-06-27 00:15,15,9,6,0,0,0
2019-06-27 00:30,24,17,7,0,0,0
2019-06-27 00:45,1,0,1,0,0,0
2019-06-27 01:00,8,2,6,0,0,0
2019-06-27 01:15,7,0,7,0,0,0
2019-06-27 01:30,10,1,9,0,0,0
2019-06-27 01:45,6,0,6,0,0,0
2019-06-27 02:00,1,0,1,0,0,0
2019-06-27 02:15,4,1,3,0,0,0
2019-06-27 02:30,4,3,1,0,0,0
2019-06-27 02:45,4,1,3,0,0,0
2019-06-27 03:00,7,4,3,0,0,0
2019-06-27 03:15,9,5,4,0,0,0
2019-06-27 03:30,2,0,2,0,0,0
2019-06-27 03:45,4,1,3,0,0,0
2019-06-27 04:00,1,1,0,0,0,0
2019-06-27 04:15,1,1,0,0,0,0
2019-06-27 04:30,5,3,2,0,0,0
2019-06-27 04:45,1,0,1,0,0,0
2019-06-27 05:00,2,2,0,0,0,0
2019-06-27 05:15,6,4,2,0,0,0
2019-06-27 05:30,7,2,5,0,0,0
2019-06-27 05:45,11,1,10,0,0,0
2019-06-27 06:00,18,11,7,0,0,0
2019-06-27 06:15,26,19,7,0,0,0
2019-06-27 06:30,53,31,22,0,0,0
2019-06-27 06:45,24,0,24,0,0,0
2019-06-27 07:00,56,30,26,0,0,0
2019-06-27 07:15,56,14,42,0,0,0
2019-06-27 07:30,74,28,46,0,0,0
2019-06-27 07:45,125,62,63,0,0,0
2019-06-27 08:00,188,162,26,0,0,0
2019-06-27 08:15,51,8,43,0,0,0
2019-06-27 08:30,154,116,38,0,0,0
2019-06-27 08:45,70,37,33,0,0,0
2019-06-27 09:00,74,38,36,0,0,0
2019-06-27 09:15,91,57,34,0,0,0
2019-06-27 09:30,56,29,27,0,0,0
2019-06-27 09:45,39,0,39,0,0,0
2019-06-27 10:00,78,44,34,0,0,0
2019-06-27 10:15,114,82,32,0,0,0
2019-06-27 10:30,38,7,31,0,0,0
2019-06-27 10:45,72,19,53,0,0,0
2019-06-27 11:00,37,6,31,0,0,0
2019-06-27 11:15,70,35,35,0,0,0
2019-06-27 11:30,46,3,43,0,0,0
2019-06-27 11:45,67,2,65,0,0,0
2019-06-27 12:00,56,,56,0,,0
2019-06-27 12:15,67,,67,0,,0
2019-06-27 12:30,77,,77,0,,0
2019-06-27 12:45,79,,79,0,,0
2019-06-27 13:00,78,,78,0,,0
2019-06-27 13:15,73,,73,0,,0
2019-06-27 13:30,88,,88,0,,0
2019-06-27 13:45,91,,91,0,,0
2019-06-27 14:00,97,0,97,0,0,0
2019-06-27 14:15,87,5,82,0,0,0
2019-06-27 14:30,90,0,90,0,0,0
2019-06-27 14:45,94,0,94,0,0,0
2019-06-27 15:00,90,0,90,0,0,0
2019-06-27 15:15,83,0,83,0,0,0
2019-06-27 15:30,79,0,79,0,0,0
2019-06-27 15:45,115,12,103,0,0,0
2019-06-27 16:00,109,0,109,0,0,0
2019-06-27 16:15,111,0,111,0,0,0
2019-06-27 16:30,96,2,94,0,0,0
2019-06-27 16:45,99,3,96,0,0,0
2019-06-27 17:00,114,0,114,0,0,0
2019-06-27 17:15,87,2,85,0,0,0
2019-06-27 17:30,117,1,116,0,0,0
2019-06-27 17:45,126,0,126,0,0,0
2019-06-27 18:00,104,0,104,0,0,0
2019-06-27 18:15,105,0,105,0,0,0
2019-06-27 18:30,111,0,111,0,0,0
2019-06-27 18:45,103,7,96,0,0,0
2019-06-27 19:00,83,,83,0,,0
2019-06-27 19:15,72,,72,0,,0
2019-06-27 19:30,80,,80,0,,0
2019-06-27 19:45,83,,83,0,,0
2019-06-27 20:00,89,11,78,0,0,0
2019-06-27 20:15,73,7,66,0,0,0
2019-06-27 20:30,64,15,49,0,0,0
2019-06-27 20:45,40,0,40,0,0,0
2019-06-27 21:00,51,3,48,0,0,0
2019-06-27 21:15,43,0,43,0,0,0
2019-06-27 21:30,45,8,37,0,0,0
2019-06-27 21:45,72,12,60,0,0,0
2019-06-27 22:00,49,0,49,0,0,0
2019-06-27 22:15,47,6,41,0,0,0
2019-06-27 22:30,35,14,21,0,0,0
2019-06-27 22:45,50,28,22,0,0,0
2019-06-27 23:00,45,24,21,0,0,0
2019-06-27 23:15,35,13,22,0,0,0
2019-06-27 23:30,45,22,23,0,0,0
2019-06-27 23:45,20,8,12,0,0,0
2019-06-28 00:00,22,9,13,0,0,0
2019-06-28 00:15,16,4,12,0,0,0
2019-06-28 00:30,20,14,6,0,0,0
2019-06-28 00:45,16,10,6,0,0,0
2019-06-28 01:00,6,1,5,0,0,0
2019-06-28 01:15,3,2,1,0,0,0
2019-06-28 01:30,8,1,7,0,0,0
2019-06-28 01:45,9,2,7,0,0,0
2019-06-28 02:00,4,4,0,0,0,0
2019-06-28 02:15,1,0,1,0,0,0
2019-06-28 02:30,0,0,0,0,0,0
2019-06-28 02:45,4,0,4,0,0,0
2019-06-28 03:00,5,2,3,0,0,0
2019-06-28 03:15,4,0,4,0,0,0
2019-06-28 03:30,1,1,0,0,0,0
2019-06-28 03:45,1,1,0,0,0,0
2019-06-28 04:00,3,0,3,0,0,0
2019-06-28 04:15,1,0,1,0,0,0
2019-06-28 04:30,2,2,0,0,0,0
2019-06-28 04:45,2,1,1,0,0,0
2019-06-28 05:00,0,0,0,0,0,0
2019-06-28 05:15,6,4,2,0,0,0
2019-06-28 05:30,17,14,3,0,0,0
2019-06-28 05:45,20,8,12,0,0,0
2019-06-28 06:00,14,7,7,0,0,0
2019-06-28 06:15,40,23,17,0,0,0
2019-06-28 06:30,48,31,17,0,0,0
2019-06-28 06:45,77,48,29,0,0,0
2019-06-28 07:00,109,79,30,0,0,0
2019-06-28 07:15,168,131,37,0,0,0
2019-06-28 07:30,315,255,60,0,0,0
2019-06-28 07:45,220,164,56,0,0,0
2019-06-28 08:00,55,26,29,0,0,0
2019-06-28 08:15,87,44,43,0,0,0
2019-06-28 08:30,81,33,48,0,0,0
2019-06-28 08:45,184,132,52,0,0,0
2019-06-28 09:00,113,89,24,0,0,0
2019-06-28 09:15,128,97,31,0,0,0
2019-06-28 09:30,140,100,40,0,0,0
2019-06-28 09:45,63,24,39,0,0,0
2019-06-28 10:00,134,99,35,0,0,0
2019-06-28 10:15,114,74,40,0,0,0
2019-06-28 10:30,95,66,29,0,0,0
2019-06-28 10:45,137,83,54,0,0,0
2019-06-28 11:00,90,55,35,0,0,0
2019-06-28 11:15,133,83,50,0,0,0
2019-06-28 11:30,145,78,67,0,0,0
2019-06-28 11:45,198,118,80,0,0,0
2019-06-28 12:00,152,79,73,0,0,0
2019-06-28 12:15,150,75,75,0,0,0
2019-06-28 12:30,145,71,74,0,0,0
2019-06-28 12:45,179,84,95,0,0,0
2019-06-28 13:00,184,81,103,0,0,0
2019-06-28 13:15,169,73,96,0,0,0
2019-06-28 13:30,164,72,92,0,0,0
2019-06-28 13:45,179,85,94,0,0,0
2019-06-28 14:00,182,87,95,0,0,0
2019-06-28 14:15,174,80,94,0,0,0
2019-06-28 14:30,162,80,82,0,0,0
2019-06-28 14:45,170,86,84,0,0,0
2019-06-28 15:00,174,91,83,0,0,0
2019-06-28 15:15,170,82,88,0,0,0
2019-06-28 15:30,183,90,93,0,0,0
2019-06-28 15:45,171,88,83,0,0,0
2019-06-28 16:00,187,98,89,0,0,0
2019-06-28 16:15,167,87,80,0,0,0
2019-06-28 16:30,154,78,76,0,0,0
2019-06-28 16:45,142,66,76,0,0,0
2019-06-28 17:00,121,49,72,0,0,0
2019-06-28 17:15,190,117,73,0,0,0
2019-06-28 17:30,140,77,63,0,0,0
2019-06-28 17:45,179,92,87,0,0,0
2019-06-28 18:00,159,82,77,0,0,0
2019-06-28 18:15,161,97,64,0,0,0
2019-06-28 18:30,165,83,82,0,0,0
2019-06-28 18:45,173,77,96,0,0,0
2019-06-28 19:00,150,67,83,0,0,0
2019-06-28 19:15,140,85,55,0,0,0
2019-06-28 19:30,107,48,59,0,0,0
2019-06-28 19:45,134,82,52,0,0,0
2019-06-28 20:00,108,49,59,0,0,0
2019-06-28 20:15,97,46,51,0,0,0
2019-06-28 20:30,88,42,46,0,0,0
2019-06-28 20:45,86,37,49,0,0,0
2019-06-28 21:00,85,48,37,0,0,0
2019-06-28 21:15,44,16,28,0,0,0
2019-06-28 21:30,70,33,37,0,0,0
2019-06-28 21:45,75,34,41,0,0,0
2019-06-28 22:00,66,37,29,0,0,0
2019-06-28 22:15,82,40,42,0,0,0
2019-06-28 22:30,39,12,27,0,0,0
2019-06-28 22:45,71,32,39,0,0,0
2019-06-28 23:00,63,31,32,0,0,0
2019-06-28 23:15,47,15,32,0,0,0
2019-06-28 23:30,49,15,34,0,0,0
2019-06-28 23:45,58,30,28,0,0,0
2019-06-29 00:00,44,22,22,0,0,0
2019-06-29 00:15,31,17,14,0,0,0
2019-06-29 00:30,31,22,9,0,0,0
2019-06-29 00:45,37,17,20,0,0,0
2019-06-29 01:00,29,19,10,0,0,0
2019-06-29 01:15,33,15,18,0,0,0
2019-06-29 01:30,15,4,11,0,0,0
2019-06-29 01:45,10,5,5,0,0,0
2019-06-29 02:00,18,7,11,0,0,0
2019-06-29 02:15,18,6,12,0,0,0
2019-06-29 02:30,23,9,14,0,0,0
2019-06-29 02:45,11,4,7,0,0,0
2019-06-29 03:00,17,9,8,0,0,0
2019-06-29 03:15,18,2,16,0,0,0
2019-06-29 03:30,10,4,6,0,0,0
2019-06-29 03:45,7,3,4,0,0,0
2019-06-29 04:00,4,0,4,0,0,0
2019-06-29 04:15,8,3,5,0,0,0
2019-06-29 04:30,3,0,3,0,0,0
2019-06-29 04:45,3,0,3,0,0,0
2019-06-29 05:00,3,0,3,0,0,0
2019-06-29 05:15,2,2,0,0,0,0
2019-06-29 05:30,16,7,9,0,0,0
2019-06-29 05:45,10,6,4,0,0,0
2019-06-29 06:00,7,3,4,0,0,0
2019-06-29 06:15,9,6,3,0,0,0
2019-06-29 06:30,8,6,2,0,0,0
2019-06-29 06:45,13,7,6,0,0,0
2019-06-29 07:00,14,8,6,0,0,0
2019-06-29 07:15,28,19,9,0,0,0
2019-06-29 07:30,29,21,8,0,0,0
2019-06-29 07:45,64,51,13,0,0,0
2019-06-29 08:00,50,38,12,0,0,0
2019-06-29 08:15,54,39,15,0,0,0
2019-06-29 08:30,86,59,27,0,0,0
2019-06-29 08:45,79,62,17,0,0,0
2019-06-29 09:00,106,84,22,0,0,0
2019-06-29 09:15,129,97,32,0,0,0
2019-06-29 09:30,128,98,30,0,0,0
2019-06-29 09:45,175,121,54,0,0,0
2019-06-29 10:00,187,140,47,0,0,0
2019-06-29 10:15,147,95,52,0,0,0
2019-06-29 10:30,157,100,57,0,0,0
2019-06-29 10:45,162,108,54,0,0,0
2019-06-29 11:00,161,98,63,0,0,0
2019-06-29 11:15,165,91,74,0,0,0
2019-06-29 11:30,165,103,62,0,0,0
2019-06-29 11:45,185,96,89,0,0,0
2019-06-29 12:00,232,125,107,0,0,0
2019-06-29 12:15,175,82,93,0,0,0
2019-06-29 12:30,181,77,104,0,0,0
2019-06-29 12:45,199,101,98,0,0,0
2019-06-29 13:00,178,82,96,0,0,0
2019-06-29 13:15,216,106,110,0,0,0
2019-06-29 13:30,157,69,88,0,0,0
2019-06-29 13:45,215,104,111,0,0,0
2019-06-29 14:00,210,103,107,0,0,0
2019-06-29 14:15,189,89,100,0,0,0
2019-06-29 14:30,198,86,112,0,0,0
2019-06-29 14:45,208,73,135,0,0,0
2019-06-29 15:00,216,100,116,0,0,0
2019-06-29 15:15,156,70,86,0,0,0
2019-06-29 15:30,183,94,89,0,0,0
2019-06-29 15:45,187,91,96,0,0,0
2019-06-29 16:00,91,17,74,0,0,0
2019-06-29 16:15,143,53,90,0,0,0
2019-06-29 16:30,83,3,80,0,0,0
2019-06-29 16:45,104,40,64,0,0,0
2019-06-29 17:00,76,,76,0,,0
2019-06-29 17:15,71,,71,0,,0
2019-06-29 17:30,49,,49,0,,0
2019-06-29 17:45,61,,61,0,,0
2019-06-29 18:00,54,0,54,0,0,0
2019-06-29 18:15,74,0,74,0,0,0
2019-06-29 18:30,71,14,57,0,0,0
2019-06-29 18:45,80,18,62,0,0,0
2019-06-29 19:00,95,33,62,0,0,0
2019-06-29 19:15,51,0,51,0,0,0
2019-06-29 19:30,43,1,42,0,0,0
2019-06-29 19:45,52,3,49,0,0,0
2019-06-29 20:00,60,1,59,0,0,0
2019-06-29 20:15,42,7,35,0,0,0
2019-06-29 20:30,46,3,43,0,0,0
2019-06-29 20:45,33,0,33,0,0,0
2019-06-29 21:00,34,,34,0,,0
2019-06-29 21:15,29,,29,0,,0
2019-06-29 21:30,27,,27,0,,0
2019-06-29 21:45,33,,33,0,,0
2019-06-29 22:00,24,,24,0,,0
2019-06-29 22:15,21,,21,0,,0
2019-06-29 22:30,21,,21,0,,0
2019-06-29 22:45,24,,24,0,,0
2019-06-29 23:00,18,,18,0,,0
2019-06-29 23:15,18,,18,0,,0
2019-06-29 23:30,21,,21,0,,0
2019-06-29 23:45,21,,21,0,,0
2019-06-30 00:00,22,0,22,0,0,0
2019-06-30 00:15,42,20,22,0,0,0
2019-06-30 00:30,17,0,17,0,0,0
2019-06-30 00:45,17,0,17,0,0,0
2019-06-30 01:00,16,5,11,0,0,0
2019-06-30 01:15,20,7,13,0,0,0
2019-06-30 01:30,14,0,14,0,0,0
2019-06-30 01:45,16,1,15,0,0,0
2019-06-30 02:00,11,1,10,0,0,0
2019-06-30 02:15,9,2,7,0,0,0
2019-06-30 02:30,9,0,9,0,0,0
2019-06-30 02:45,28,9,19,0,0,0
2019-06-30 03:00,9,0,9,0,0,0
2019-06-30 03:15,9,0,9,0,0,0
2019-06-30 03:30,7,1,6,0,0,0
2019-06-30 03:45,7,3,4,0,0,0
2019-06-30 04:00,7,2,5,0,0,0
2019-06-30 04:15,4,1,3,0,0,0
2019-06-30 04:30,3,0,3,0,0,0
2019-06-30 04:45,3,0,3,0,0,0
2019-06-30 05:00,2,2,0,0,0,0
2019-06-30 05:15,0,0,0,0,0,0
2019-06-30 05:30,3,0,3,0,0,0
2019-06-30 05:45,1,0,1,0,0,0
2019-06-30 06:00,9,3,6,0,0,0
2019-06-30 06:15,6,1,5,0,0,0
2019-06-30 06:30,7,4,3,0,0,0
2019-06-30 06:45,5,0,5,0,0,0
2019-06-30 07:00,7,4,3,0,0,0
2019-06-30 07:15,4,1,3,0,0,0
2019-06-30 07:30,10,7,3,0,0,0
2019-06-30 07:45,27,19,8,0,0,0
2019-06-30 08:00,21,16,5,0,0,0
2019-06-30 08:15,23,15,8,0,0,0
2019-06-30 08:30,29,18,11,0,0,0
2019-06-30 08:45,31,22,9,0,0,0
2019-06-30 09:00,24,19,5,0,0,0
2019-06-30 09:15,43,28,15,0,0,0
2019-06-30 09:30,35,19,16,0,0,0
2019-06-30 09:45,60,42,18,0,0,0
2019-06-30 10:00,49,28,21,0,0,0
2019-06-30 10:15,43,30,13,0,0,0
2019-06-30 10:30,55,42,13,0,0,0
2019-06-30 10:45,60,38,22,0,0,0
2019-06-30 11:00,37,3,34,0,0,0
2019-06-30 11:15,32,11,21,0,0,0
2019-06-30 11:30,58,33,25,0,0,0
2019-06-30 11:45,54,28,26,0,0,0
2019-06-30 12:00,57,24,33,0,0,0
2019-06-30 12:15,53,29,24,0,0,0
2019-06-30 12:30,57,31,26,0,0,0
2019-06-30 12:45,60,31,29,0,0,0
2019-06-30 13:00,81,41,40,0,0,0
2019-06-30 13:15,65,34,31,0,0,0
2019-06-30 13:30,44,17,27,0,0,0
2019-06-30 13:45,85,37,48,0,0,0
2019-06-30 14:00,56,24,32,0,0,0
2019-06-30 14:15,43,3,40,0,0,0
2019-06-30 14:30,99,61,38,0,0,0
2019-06-30 14:45,99,55,44,0,0,0
2019-06-30 15:00,94,36,58,0,0,0
2019-06-30 15:15,96,50,46,0,0,0
2019-06-30 15:30,101,50,51,0,0,0
2019-06-30 15:45,116,66,50,0,0,0
2019-06-30 16:00,57,28,29,0,0,0
2019-06-30 16:15,31,1,30,0,0,0
2019-06-30 16:30,60,18,42,0,0,0
2019-06-30 16:45,36,3,33,0,0,0
2019-06-30 17:00,52,0,52,0,0,0
2019-06-30 17:15,52,8,44,0,0,0
2019-06-30 17:30,96,53,43,0,0,0
2019-06-30 17:45,65,23,42,0,0,0
2019-06-30 18:00,98,65,33,0,0,0
2019-06-30 18:15,99,53,46,0,0,0
2019-06-30 18:30,44,13,31,0,0,0
2019-06-30 18:45,117,80,37,0,0,0
2019-06-30 19:00,82,51,31,0,0,0
2019-06-30 19:15,79,38,41,0,0,0
2019-06-30 19:30,83,47,36,0,0,0
2019-06-30 19:45,85,48,37,0,0,0
2019-06-30 20:00,80,45,35,0,0,0
2019-06-30 20:15,49,17,32,0,0,0
2019-06-30 20:30,36,12,24,0,0,0
2019-06-30 20:45,33,5,28,0,0,0
2019-06-30 21:00,60,40,20,0,0,0
2019-06-30 21:15,50,30,20,0,0,0
2019-06-30 21:30,32,12,20,0,0,0
2019-06-30 21:45,37,17,20,0,0,0
2019-06-30 22:00,12,,12,0,,0
2019-06-30 22:15,15,,15,0,,0
2019-06-30 22:30,8,,8,0,,0
2019-06-30 22:45,11,,11,0,,0
2019-06-30 23:00,17,0,17,0,0,0
2019-06-30 23:15,8,0,8,0,0,0
2019-06-30 23:30,5,0,5,0,0,0
2019-06-30 23:45,7,1,6,0,0,0
