Datetime,100034983 (Warendorfer Straße),101034983 (Warendorfer Straße stadteinwärts),102034983 (Warendorfer Straße stadtauswärts),100034983-status,101034983-status,102034983-status
2019-05-01 00:00,49,24,25,0,0,0
2019-05-01 00:15,44,12,32,0,0,0
2019-05-01 00:30,54,29,25,0,0,0
2019-05-01 00:45,44,18,26,0,0,0
2019-05-01 01:00,38,13,25,0,0,0
2019-05-01 01:15,34,14,20,0,0,0
2019-05-01 01:30,46,19,27,0,0,0
2019-05-01 01:45,25,15,10,0,0,0
2019-05-01 02:00,22,8,14,0,0,0
2019-05-01 02:15,23,8,15,0,0,0
2019-05-01 02:30,23,9,14,0,0,0
2019-05-01 02:45,15,5,10,0,0,0
2019-05-01 03:00,25,3,22,0,0,0
2019-05-01 03:15,14,4,10,0,0,0
2019-05-01 03:30,7,3,4,0,0,0
2019-05-01 03:45,13,2,11,0,0,0
2019-05-01 04:00,10,2,8,0,0,0
2019-05-01 04:15,6,2,4,0,0,0
2019-05-01 04:30,2,2,0,0,0,0
2019-05-01 04:45,3,1,2,0,0,0
2019-05-01 05:00,3,1,2,0,0,0
2019-05-01 05:15,6,4,2,0,0,0
2019-05-01 05:30,8,7,1,0,0,0
2019-05-01 05:45,12,9,3,0,0,0
2019-05-01 06:00,12,9,3,0,0,0
2019-05-01 06:15,3,2,1,0,0,0
2019-05-01 06:30,3,1,2,0,0,0
2019-05-01 06:45,7,6,1,0,0,0
2019-05-01 07:00,4,2,2,0,0,0
2019-05-01 07:15,7,3,4,0,0,0
2019-05-01 07:30,11,3,8,0,0,0
2019-05-01 07:45,12,10,2,0,0,0
2019-05-01 08:00,16,14,2,0,0,0
2019-05-01 08:15,9,7,2,0,0,0
2019-05-01 08:30,16,12,4,0,0,0
2019-05-01 08:45,14,7,7,0,0,0
2019-05-01 09:00,13,6,7,0,0,0
2019-05-01 09:15,30,19,11,0,0,0
2019-05-01 09:30,24,18,6,0,0,0
2019-05-01 09:45,46,30,16,0,0,0
2019-05-01 10:00,58,40,18,0,0,0
2019-05-01 10:15,42,28,14,0,0,0
2019-05-01 10:30,44,24,20,0,0,0
2019-05-01 10:45,74,49,25,0,0,0
2019-05-01 11:00,59,34,25,0,0,0
2019-05-01 11:15,66,37,29,0,0,0
2019-05-01 11:30,82,44,38,0,0,0
2019-05-01 11:45,87,49,38,0,0,0
2019-05-01 12:00,103,64,39,0,0,0
2019-05-01 12:15,71,44,27,0,0,0
2019-05-01 12:30,75,46,29,0,0,0
2019-05-01 12:45,105,72,33,0,0,0
2019-05-01 13:00,89,37,52,0,0,0
2019-05-01 13:15,89,52,37,0,0,0
2019-05-01 13:30,134,80,54,0,0,0
2019-05-01 13:45,126,74,52,0,0,0
2019-05-01 14:00,99,61,38,0,0,0
2019-05-01 14:15,107,58,49,0,0,0
2019-05-01 14:30,154,83,71,0,0,0
2019-05-01 14:45,136,81,55,0,0,0
2019-05-01 15:00,113,73,40,0,0,0
2019-05-01 15:15,115,74,41,0,0,0
2019-05-01 15:30,128,83,45,0,0,0
2019-05-01 15:45,106,72,34,0,0,0
2019-05-01 16:00,120,80,40,0,0,0
2019-05-01 16:15,53,18,35,0,0,0
2019-05-01 16:30,117,89,28,0,0,0
2019-05-01 16:45,93,31,62,0,0,0
2019-05-01 17:00,61,28,33,0,0,0
2019-05-01 17:15,83,42,41,0,0,0
2019-05-01 17:30,146,118,28,0,0,0
2019-05-01 17:45,157,95,62,0,0,0
2019-05-01 18:00,130,63,67,0,0,0
2019-05-01 18:15,137,61,76,0,0,0
2019-05-01 18:30,131,74,57,0,0,0
2019-05-01 18:45,113,62,51,0,0,0
2019-05-01 19:00,100,55,45,0,0,0
2019-05-01 19:15,73,43,30,0,0,0
2019-05-01 19:30,97,54,43,0,0,0
2019-05-01 19:45,66,14,52,0,0,0
2019-05-01 20:00,39,0,39,0,0,0
2019-05-01 20:15,73,34,39,0,0,0
2019-05-01 20:30,81,36,45,0,0,0
2019-05-01 20:45,52,20,32,0,0,0
2019-05-01 21:00,72,40,32,0,0,0
2019-05-01 21:15,46,26,20,0,0,0
2019-05-01 21:30,44,21,23,0,0,0
2019-05-01 21:45,38,17,21,0,0,0
2019-05-01 22:00,35,27,8,0,0,0
2019-05-01 22:15,36,20,16,0,0,0
2019-05-01 22:30,28,11,17,0,0,0
2019-05-01 22:45,21,8,13,0,0,0
2019-05-01 23:00,43,19,24,0,0,0
2019-05-01 23:15,22,8,14,0,0,0
2019-05-01 23:30,18,9,9,0,0,0
2019-05-01 23:45,10,6,4,0,0,0
2019-05-02 00:00,12,3,9,0,0,0
2019-05-02 00:15,9,5,4,0,0,0
2019-05-02 00:30,5,2,3,0,0,0
2019-05-02 00:45,4,0,4,0,0,0
2019-05-02 01:00,5,2,3,0,0,0
2019-05-02 01:15,5,2,3,0,0,0
2019-05-02 01:30,2,0,2,0,0,0
2019-05-02 01:45,1,1,0,0,0,0
2019-05-02 02:00,1,1,0,0,0,0
2019-05-02 02:15,3,0,3,0,0,0
2019-05-02 02:30,0,0,0,0,0,0
2019-05-02 02:45,0,0,0,0,0,0
2019-05-02 03:00,1,1,0,0,0,0
2019-05-02 03:15,0,0,0,0,0,0
2019-05-02 03:30,1,0,1,0,0,0
2019-05-02 03:45,1,0,1,0,0,0
2019-05-02 04:00,0,0,0,0,0,0
2019-05-02 04:15,2,0,2,0,0,0
2019-05-02 04:30,0,0,0,0,0,0
2019-05-02 04:45,2,0,2,0,0,0
2019-05-02 05:00,1,0,1,0,0,0
2019-05-02 05:15,7,4,3,0,0,0
2019-05-02 05:30,8,4,4,0,0,0
2019-05-02 05:45,14,7,7,0,0,0
2019-05-02 06:00,11,7,4,0,0,0
2019-05-02 06:15,19,11,8,0,0,0
2019-05-02 06:30,47,28,19,0,0,0
2019-05-02 06:45,61,41,20,0,0,0
2019-05-02 07:00,78,56,22,0,0,0
2019-05-02 07:15,178,143,35,0,0,0
2019-05-02 07:30,282,241,41,0,0,0
2019-05-02 07:45,214,149,65,0,0,0
2019-05-02 08:00,164,144,20,0,0,0
2019-05-02 08:15,159,121,38,0,0,0
2019-05-02 08:30,131,106,25,0,0,0
2019-05-02 08:45,164,132,32,0,0,0
2019-05-02 09:00,103,82,21,0,0,0
2019-05-02 09:15,105,87,18,0,0,0
2019-05-02 09:30,103,77,26,0,0,0
2019-05-02 09:45,183,151,32,0,0,0
2019-05-02 10:00,138,118,20,0,0,0
2019-05-02 10:15,105,71,34,0,0,0
2019-05-02 10:30,80,60,20,0,0,0
2019-05-02 10:45,119,88,31,0,0,0
2019-05-02 11:00,105,63,42,0,0,0
2019-05-02 11:15,107,78,29,0,0,0
2019-05-02 11:30,129,87,42,0,0,0
2019-05-02 11:45,186,136,50,0,0,0
2019-05-02 12:00,116,61,55,0,0,0
2019-05-02 12:15,141,78,63,0,0,0
2019-05-02 12:30,128,62,66,0,0,0
2019-05-02 12:45,128,63,65,0,0,0
2019-05-02 13:00,140,68,72,0,0,0
2019-05-02 13:15,148,64,84,0,0,0
2019-05-02 13:30,116,61,55,0,0,0
2019-05-02 13:45,159,83,76,0,0,0
2019-05-02 14:00,159,52,107,0,0,0
2019-05-02 14:15,100,48,52,0,0,0
2019-05-02 14:30,118,57,61,0,0,0
2019-05-02 14:45,151,96,55,0,0,0
2019-05-02 15:00,122,63,59,0,0,0
2019-05-02 15:15,171,87,84,0,0,0
2019-05-02 15:30,170,79,91,0,0,0
2019-05-02 15:45,126,40,86,0,0,0
2019-05-02 16:00,137,25,112,0,0,0
2019-05-02 16:15,142,67,75,0,0,0
2019-05-02 16:30,137,65,72,0,0,0
2019-05-02 16:45,135,71,64,0,0,0
2019-05-02 17:00,128,51,77,0,0,0
2019-05-02 17:15,133,65,68,0,0,0
2019-05-02 17:30,136,63,73,0,0,0
2019-05-02 17:45,165,77,88,0,0,0
2019-05-02 18:00,208,76,132,0,0,0
2019-05-02 18:15,97,24,73,0,0,0
2019-05-02 18:30,77,20,57,0,0,0
2019-05-02 18:45,87,41,46,0,0,0
2019-05-02 19:00,85,40,45,0,0,0
2019-05-02 19:15,111,60,51,0,0,0
2019-05-02 19:30,79,32,47,0,0,0
2019-05-02 19:45,129,65,64,0,0,0
2019-05-02 20:00,90,35,55,0,0,0
2019-05-02 20:15,55,16,39,0,0,0
2019-05-02 20:30,51,20,31,0,0,0
2019-05-02 20:45,46,20,26,0,0,0
2019-05-02 21:00,61,38,23,0,0,0
2019-05-02 21:15,36,14,22,0,0,0
2019-05-02 21:30,47,15,32,0,0,0
2019-05-02 21:45,40,3,37,0,0,0
2019-05-02 22:00,40,20,20,0,0,0
2019-05-02 22:15,21,7,14,0,0,0
2019-05-02 22:30,32,18,14,0,0,0
2019-05-02 22:45,33,17,16,0,0,0
2019-05-02 23:00,30,13,17,0,0,0
2019-05-02 23:15,28,18,10,0,0,0
2019-05-02 23:30,23,13,10,0,0,0
2019-05-02 23:45,16,12,4,0,0,0
2019-05-03 00:00,16,7,9,0,0,0
2019-05-03 00:15,8,3,5,0,0,0
2019-05-03 00:30,8,2,6,0,0,0
2019-05-03 00:45,6,1,5,0,0,0
2019-05-03 01:00,4,1,3,0,0,0
2019-05-03 01:15,2,1,1,0,0,0
2019-05-03 01:30,2,0,2,0,0,0
2019-05-03 01:45,2,1,1,0,0,0
2019-05-03 02:00,1,0,1,0,0,0
2019-05-03 02:15,0,0,0,0,0,0
2019-05-03 02:30,0,0,0,0,0,0
2019-05-03 02:45,4,3,1,0,0,0
2019-05-03 03:00,0,0,0,0,0,0
2019-05-03 03:15,0,0,0,0,0,0
2019-05-03 03:30,0,0,0,0,0,0
2019-05-03 03:45,0,0,0,0,0,0
2019-05-03 04:00,0,0,0,0,0,0
2019-05-03 04:15,2,1,1,0,0,0
2019-05-03 04:30,1,1,0,0,0,0
2019-05-03 04:45,4,3,1,0,0,0
2019-05-03 05:00,2,2,0,0,0,0
2019-05-03 05:15,3,2,1,0,0,0
2019-05-03 05:30,9,8,1,0,0,0
2019-05-03 05:45,7,4,3,0,0,0
2019-05-03 06:00,9,9,0,0,0,0
2019-05-03 06:15,19,12,7,0,0,0
2019-05-03 06:30,35,27,8,0,0,0
2019-05-03 06:45,64,48,16,0,0,0
2019-05-03 07:00,77,54,23,0,0,0
2019-05-03 07:15,173,142,31,0,0,0
2019-05-03 07:30,293,257,36,0,0,0
2019-05-03 07:45,213,168,45,0,0,0
2019-05-03 08:00,174,151,23,0,0,0
2019-05-03 08:15,162,124,38,0,0,0
2019-05-03 08:30,121,87,34,0,0,0
2019-05-03 08:45,133,108,25,0,0,0
2019-05-03 09:00,105,91,14,0,0,0
2019-05-03 09:15,114,87,27,0,0,0
2019-05-03 09:30,110,84,26,0,0,0
2019-05-03 09:45,144,116,28,0,0,0
2019-05-03 10:00,128,110,18,0,0,0
2019-05-03 10:15,98,76,22,0,0,0
2019-05-03 10:30,81,46,35,0,0,0
2019-05-03 10:45,119,84,35,0,0,0
2019-05-03 11:00,125,81,44,0,0,0
2019-05-03 11:15,93,53,40,0,0,0
2019-05-03 11:30,110,67,43,0,0,0
2019-05-03 11:45,120,77,43,0,0,0
2019-05-03 12:00,107,65,42,0,0,0
2019-05-03 12:15,130,62,68,0,0,0
2019-05-03 12:30,132,53,79,0,0,0
2019-05-03 12:45,137,84,53,0,0,0
2019-05-03 13:00,155,77,78,0,0,0
2019-05-03 13:15,177,73,104,0,0,0
2019-05-03 13:30,113,49,64,0,0,0
2019-05-03 13:45,183,82,101,0,0,0
2019-05-03 14:00,144,60,84,0,0,0
2019-05-03 14:15,126,61,65,0,0,0
2019-05-03 14:30,123,56,67,0,0,0
2019-05-03 14:45,131,67,64,0,0,0
2019-05-03 15:00,159,79,80,0,0,0
2019-05-03 15:15,127,73,54,0,0,0
2019-05-03 15:30,163,87,76,0,0,0
2019-05-03 15:45,157,86,71,0,0,0
2019-05-03 16:00,142,75,67,0,0,0
2019-05-03 16:15,139,70,69,0,0,0
2019-05-03 16:30,148,75,73,0,0,0
2019-05-03 16:45,142,60,82,0,0,0
2019-05-03 17:00,127,59,68,0,0,0
2019-05-03 17:15,140,78,62,0,0,0
2019-05-03 17:30,157,94,63,0,0,0
2019-05-03 17:45,122,58,64,0,0,0
2019-05-03 18:00,128,58,70,0,0,0
2019-05-03 18:15,120,55,65,0,0,0
2019-05-03 18:30,113,56,57,0,0,0
2019-05-03 18:45,112,51,61,0,0,0
2019-05-03 19:00,119,59,60,0,0,0
2019-05-03 19:15,127,76,51,0,0,0
2019-05-03 19:30,94,43,51,0,0,0
2019-05-03 19:45,103,55,48,0,0,0
2019-05-03 20:00,86,38,48,0,0,0
2019-05-03 20:15,60,33,27,0,0,0
2019-05-03 20:30,59,31,28,0,0,0
2019-05-03 20:45,66,32,34,0,0,0
2019-05-03 21:00,60,28,32,0,0,0
2019-05-03 21:15,50,18,32,0,0,0
2019-05-03 21:30,48,29,19,0,0,0
2019-05-03 21:45,49,20,29,0,0,0
2019-05-03 22:00,49,29,20,0,0,0
2019-05-03 22:15,37,9,28,0,0,0
2019-05-03 22:30,36,24,12,0,0,0
2019-05-03 22:45,31,9,22,0,0,0
2019-05-03 23:00,41,12,29,0,0,0
2019-05-03 23:15,29,12,17,0,0,0
2019-05-03 23:30,46,22,24,0,0,0
2019-05-03 23:45,28,13,15,0,0,0
2019-05-04 00:00,34,17,17,0,0,0
2019-05-04 00:15,24,12,12,0,0,0
2019-05-04 00:30,23,10,13,0,0,0
2019-05-04 00:45,26,11,15,0,0,0
2019-05-04 01:00,19,5,14,0,0,0
2019-05-04 01:15,22,9,13,0,0,0
2019-05-04 01:30,7,4,3,0,0,0
2019-05-04 01:45,15,5,10,0,0,0
2019-05-04 02:00,12,0,12,0,0,0
2019-05-04 02:15,15,0,15,0,0,0
2019-05-04 02:30,10,5,5,0,0,0
2019-05-04 02:45,6,4,2,0,0,0
2019-05-04 03:00,6,2,4,0,0,0
2019-05-04 03:15,6,0,6,0,0,0
2019-05-04 03:30,1,1,0,0,0,0
2019-05-04 03:45,4,2,2,0,0,0
2019-05-04 04:00,0,0,0,0,0,0
2019-05-04 04:15,4,1,3,0,0,0
2019-05-04 04:30,7,1,6,0,0,0
2019-05-04 04:45,1,0,1,0,0,0
2019-05-04 05:00,2,2,0,0,0,0
2019-05-04 05:15,2,1,1,0,0,0
2019-05-04 05:30,10,7,3,0,0,0
2019-05-04 05:45,9,5,4,0,0,0
2019-05-04 06:00,5,4,1,0,0,0
2019-05-04 06:15,6,4,2,0,0,0
2019-05-04 06:30,6,5,1,0,0,0
2019-05-04 06:45,5,5,0,0,0,0
2019-05-04 07:00,13,7,6,0,0,0
2019-05-04 07:15,20,13,7,0,0,0
2019-05-04 07:30,20,12,8,0,0,0
2019-05-04 07:45,31,24,7,0,0,0
2019-05-04 08:00,26,19,7,0,0,0
2019-05-04 08:15,44,34,10,0,0,0
2019-05-04 08:30,48,40,8,0,0,0
2019-05-04 08:45,69,56,13,0,0,0
2019-05-04 09:00,59,51,8,0,0,0
2019-05-04 09:15,56,48,8,0,0,0
2019-05-04 09:30,94,76,18,0,0,0
2019-05-04 09:45,141,115,26,0,0,0
2019-05-04 10:00,146,128,18,0,0,0
2019-05-04 10:15,106,83,23,0,0,0
2019-05-04 10:30,136,100,36,0,0,0
2019-05-04 10:45,132,91,41,0,0,0
2019-05-04 11:00,141,102,39,0,0,0
2019-05-04 11:15,139,103,36,0,0,0
2019-05-04 11:30,140,95,45,0,0,0
2019-05-04 11:45,145,92,53,0,0,0
2019-05-04 12:00,136,105,31,0,0,0
2019-05-04 12:15,133,97,36,0,0,0
2019-05-04 12:30,149,98,51,0,0,0
2019-05-04 12:45,155,101,54,0,0,0
2019-05-04 13:00,142,80,62,0,0,0
2019-05-04 13:15,130,68,62,0,0,0
2019-05-04 13:30,134,78,56,0,0,0
2019-05-04 13:45,122,70,52,0,0,0
2019-05-04 14:00,129,63,66,0,0,0
2019-05-04 14:15,105,65,40,0,0,0
2019-05-04 14:30,107,43,64,0,0,0
2019-05-04 14:45,104,53,51,0,0,0
2019-05-04 15:00,101,58,43,0,0,0
2019-05-04 15:15,75,37,38,0,0,0
2019-05-04 15:30,85,24,61,0,0,0
2019-05-04 15:45,51,5,46,0,0,0
2019-05-04 16:00,97,55,42,0,0,0
2019-05-04 16:15,102,63,39,0,0,0
2019-05-04 16:30,82,49,33,0,0,0
2019-05-04 16:45,55,16,39,0,0,0
2019-05-04 17:00,97,53,44,0,0,0
2019-05-04 17:15,51,17,34,0,0,0
2019-05-04 17:30,100,39,61,0,0,0
2019-05-04 17:45,83,27,56,0,0,0
2019-05-04 18:00,70,32,38,0,0,0
2019-05-04 18:15,75,43,32,0,0,0
2019-05-04 18:30,67,16,51,0,0,0
2019-05-04 18:45,45,12,33,0,0,0
2019-05-04 19:00,79,39,40,0,0,0
2019-05-04 19:15,42,2,40,0,0,0
2019-05-04 19:30,40,22,18,0,0,0
2019-05-04 19:45,42,18,24,0,0,0
2019-05-04 20:00,77,33,44,0,0,0
2019-05-04 20:15,24,1,23,0,0,0
2019-05-04 20:30,50,23,27,0,0,0
2019-05-04 20:45,27,5,22,0,0,0
2019-05-04 21:00,35,9,26,0,0,0
2019-05-04 21:15,42,28,14,0,0,0
2019-05-04 21:30,35,9,26,0,0,0
2019-05-04 21:45,33,13,20,0,0,0
2019-05-04 22:00,45,31,14,0,0,0
2019-05-04 22:15,21,9,12,0,0,0
2019-05-04 22:30,22,15,7,0,0,0
2019-05-04 22:45,35,20,15,0,0,0
2019-05-04 23:00,28,15,13,0,0,0
2019-05-04 23:15,39,22,17,0,0,0
2019-05-04 23:30,41,33,8,0,0,0
2019-05-04 23:45,22,12,10,0,0,0
2019-05-05 00:00,24,9,15,0,0,0
2019-05-05 00:15,19,5,14,0,0,0
2019-05-05 00:30,22,10,12,0,0,0
2019-05-05 00:45,20,12,8,0,0,0
2019-05-05 01:00,22,8,14,0,0,0
2019-05-05 01:15,31,20,11,0,0,0
2019-05-05 01:30,8,4,4,0,0,0
2019-05-05 01:45,22,9,13,0,0,0
2019-05-05 02:00,11,4,7,0,0,0
2019-05-05 02:15,15,6,9,0,0,0
2019-05-05 02:30,11,2,9,0,0,0
2019-05-05 02:45,6,2,4,0,0,0
2019-05-05 03:00,13,8,5,0,0,0
2019-05-05 03:15,13,2,11,0,0,0
2019-05-05 03:30,7,4,3,0,0,0
2019-05-05 03:45,7,2,5,0,0,0
2019-05-05 04:00,8,4,4,0,0,0
2019-05-05 04:15,1,0,1,0,0,0
2019-05-05 04:30,4,0,4,0,0,0
2019-05-05 04:45,2,1,1,0,0,0
2019-05-05 05:00,2,0,2,0,0,0
2019-05-05 05:15,1,0,1,0,0,0
2019-05-05 05:30,4,1,3,0,0,0
2019-05-05 05:45,12,2,10,0,0,0
2019-05-05 06:00,3,2,1,0,0,0
2019-05-05 06:15,1,1,0,0,0,0
2019-05-05 06:30,8,3,5,0,0,0
2019-05-05 06:45,4,4,0,0,0,0
2019-05-05 07:00,2,0,2,0,0,0
2019-05-05 07:15,4,1,3,0,0,0
2019-05-05 07:30,9,5,4,0,0,0
2019-05-05 07:45,5,1,4,0,0,0
2019-05-05 08:00,7,3,4,0,0,0
2019-05-05 08:15,10,7,3,0,0,0
2019-05-05 08:30,15,13,2,0,0,0
2019-05-05 08:45,16,13,3,0,0,0
2019-05-05 09:00,11,8,3,0,0,0
2019-05-05 09:15,17,11,6,0,0,0
2019-05-05 09:30,20,16,4,0,0,0
2019-05-05 09:45,45,37,8,0,0,0
2019-05-05 10:00,40,31,9,0,0,0
2019-05-05 10:15,43,37,6,0,0,0
2019-05-05 10:30,36,22,14,0,0,0
2019-05-05 10:45,37,32,5,0,0,0
2019-05-05 11:00,43,32,11,0,0,0
2019-05-05 11:15,41,25,16,0,0,0
2019-05-05 11:30,41,28,13,0,0,0
2019-05-05 11:45,37,24,13,0,0,0
2019-05-05 12:00,26,17,9,0,0,0
2019-05-05 12:15,68,18,50,0,0,0
2019-05-05 12:30,45,28,17,0,0,0
2019-05-05 12:45,58,28,30,0,0,0
2019-05-05 13:00,35,17,18,0,0,0
2019-05-05 13:15,57,29,28,0,0,0
2019-05-05 13:30,39,24,15,0,0,0
2019-05-05 13:45,30,12,18,0,0,0
2019-05-05 14:00,54,32,22,0,0,0
2019-05-05 14:15,50,35,15,0,0,0
2019-05-05 14:30,45,22,23,0,0,0
2019-05-05 14:45,56,35,21,0,0,0
2019-05-05 15:00,47,18,29,0,0,0
2019-05-05 15:15,64,43,21,0,0,0
2019-05-05 15:30,62,30,32,0,0,0
2019-05-05 15:45,68,35,33,0,0,0
2019-05-05 16:00,56,26,30,0,0,0
2019-05-05 16:15,26,8,18,0,0,0
2019-05-05 16:30,23,0,23,0,0,0
2019-05-05 16:45,75,41,34,0,0,0
2019-05-05 17:00,59,32,27,0,0,0
2019-05-05 17:15,70,46,24,0,0,0
2019-05-05 17:30,76,53,23,0,0,0
2019-05-05 17:45,76,47,29,0,0,0
2019-05-05 18:00,41,19,22,0,0,0
2019-05-05 18:15,51,30,21,0,0,0
2019-05-05 18:30,55,36,19,0,0,0
2019-05-05 18:45,67,40,27,0,0,0
2019-05-05 19:00,43,23,20,0,0,0
2019-05-05 19:15,43,20,23,0,0,0
2019-05-05 19:30,41,19,22,0,0,0
2019-05-05 19:45,47,25,22,0,0,0
2019-05-05 20:00,38,16,22,0,0,0
2019-05-05 20:15,33,12,21,0,0,0
2019-05-05 20:30,33,10,23,0,0,0
2019-05-05 20:45,45,22,23,0,0,0
2019-05-05 21:00,28,14,14,0,0,0
2019-05-05 21:15,21,8,13,0,0,0
2019-05-05 21:30,29,17,12,0,0,0
2019-05-05 21:45,31,23,8,0,0,0
2019-05-05 22:00,22,11,11,0,0,0
2019-05-05 22:15,20,15,5,0,0,0
2019-05-05 22:30,13,2,11,0,0,0
2019-05-05 22:45,19,8,11,0,0,0
2019-05-05 23:00,12,4,8,0,0,0
2019-05-05 23:15,12,10,2,0,0,0
2019-05-05 23:30,5,2,3,0,0,0
2019-05-05 23:45,6,4,2,0,0,0
2019-05-06 00:00,9,5,4,0,0,0
2019-05-06 00:15,7,4,3,0,0,0
2019-05-06 00:30,6,3,3,0,0,0
2019-05-06 00:45,1,0,1,0,0,0
2019-05-06 01:00,3,0,3,0,0,0
2019-05-06 01:15,0,0,0,0,0,0
2019-05-06 01:30,2,2,0,0,0,0
2019-05-06 01:45,1,0,1,0,0,0
2019-05-06 02:00,0,0,0,0,0,0
2019-05-06 02:15,0,0,0,0,0,0
2019-05-06 02:30,0,0,0,0,0,0
2019-05-06 02:45,1,0,1,0,0,0
2019-05-06 03:00,1,1,0,0,0,0
2019-05-06 03:15,0,0,0,0,0,0
2019-05-06 03:30,0,0,0,0,0,0
2019-05-06 03:45,3,3,0,0,0,0
2019-05-06 04:00,0,0,0,0,0,0
2019-05-06 04:15,0,0,0,0,0,0
2019-05-06 04:30,0,0,0,0,0,0
2019-05-06 04:45,1,0,1,0,0,0
2019-05-06 05:00,2,1,1,0,0,0
2019-05-06 05:15,4,3,1,0,0,0
2019-05-06 05:30,10,6,4,0,0,0
2019-05-06 05:45,22,12,10,0,0,0
2019-05-06 06:00,10,9,1,0,0,0
2019-05-06 06:15,35,19,16,0,0,0
2019-05-06 06:30,46,25,21,0,0,0
2019-05-06 06:45,71,48,23,0,0,0
2019-05-06 07:00,84,61,23,0,0,0
2019-05-06 07:15,163,131,32,0,0,0
2019-05-06 07:30,318,271,47,0,0,0
2019-05-06 07:45,198,148,50,0,0,0
2019-05-06 08:00,177,145,32,0,0,0
2019-05-06 08:15,153,123,30,0,0,0
2019-05-06 08:30,148,111,37,0,0,0
2019-05-06 08:45,155,122,33,0,0,0
2019-05-06 09:00,140,118,22,0,0,0
2019-05-06 09:15,126,99,27,0,0,0
2019-05-06 09:30,104,88,16,0,0,0
2019-05-06 09:45,153,126,27,0,0,0
2019-05-06 10:00,128,104,24,0,0,0
2019-05-06 10:15,100,73,27,0,0,0
2019-05-06 10:30,85,56,29,0,0,0
2019-05-06 10:45,96,69,27,0,0,0
2019-05-06 11:00,99,61,38,0,0,0
2019-05-06 11:15,80,42,38,0,0,0
2019-05-06 11:30,93,53,40,0,0,0
2019-05-06 11:45,147,99,48,0,0,0
2019-05-06 12:00,119,74,45,0,0,0
2019-05-06 12:15,99,48,51,0,0,0
2019-05-06 12:30,122,59,63,0,0,0
2019-05-06 12:45,134,75,59,0,0,0
2019-05-06 13:00,108,57,51,0,0,0
2019-05-06 13:15,112,58,54,0,0,0
2019-05-06 13:30,112,58,54,0,0,0
2019-05-06 13:45,82,8,74,0,0,0
2019-05-06 14:00,167,79,88,0,0,0
2019-05-06 14:15,124,76,48,0,0,0
2019-05-06 14:30,120,72,48,0,0,0
2019-05-06 14:45,147,79,68,0,0,0
2019-05-06 15:00,115,55,60,0,0,0
2019-05-06 15:15,140,82,58,0,0,0
2019-05-06 15:30,180,99,81,0,0,0
2019-05-06 15:45,185,95,90,0,0,0
2019-05-06 16:00,187,92,95,0,0,0
2019-05-06 16:15,158,80,78,0,0,0
2019-05-06 16:30,161,80,81,0,0,0
2019-05-06 16:45,166,83,83,0,0,0
2019-05-06 17:00,166,69,97,0,0,0
2019-05-06 17:15,169,70,99,0,0,0
2019-05-06 17:30,170,84,86,0,0,0
2019-05-06 17:45,215,100,115,0,0,0
2019-05-06 18:00,161,47,114,0,0,0
2019-05-06 18:15,170,79,91,0,0,0
2019-05-06 18:30,122,61,61,0,0,0
2019-05-06 18:45,155,79,76,0,0,0
2019-05-06 19:00,113,57,56,0,0,0
2019-05-06 19:15,106,58,48,0,0,0
2019-05-06 19:30,131,71,60,0,0,0
2019-05-06 19:45,117,54,63,0,0,0
2019-05-06 20:00,83,34,49,0,0,0
2019-05-06 20:15,84,35,49,0,0,0
2019-05-06 20:30,53,23,30,0,0,0
2019-05-06 20:45,49,17,32,0,0,0
2019-05-06 21:00,45,25,20,0,0,0
2019-05-06 21:15,44,15,29,0,0,0
2019-05-06 21:30,45,20,25,0,0,0
2019-05-06 21:45,54,23,31,0,0,0
2019-05-06 22:00,45,20,25,0,0,0
2019-05-06 22:15,47,10,37,0,0,0
2019-05-06 22:30,42,18,24,0,0,0
2019-05-06 22:45,27,12,15,0,0,0
2019-05-06 23:00,27,13,14,0,0,0
2019-05-06 23:15,18,7,11,0,0,0
2019-05-06 23:30,15,7,8,0,0,0
2019-05-06 23:45,20,7,13,0,0,0
2019-05-07 00:00,20,11,9,0,0,0
2019-05-07 00:15,16,7,9,0,0,0
2019-05-07 00:30,9,1,8,0,0,0
2019-05-07 00:45,6,2,4,0,0,0
2019-05-07 01:00,8,0,8,0,0,0
2019-05-07 01:15,8,0,8,0,0,0
2019-05-07 01:30,2,0,2,0,0,0
2019-05-07 01:45,10,0,10,0,0,0
2019-05-07 02:00,6,1,5,0,0,0
2019-05-07 02:15,5,1,4,0,0,0
2019-05-07 02:30,1,0,1,0,0,0
2019-05-07 02:45,4,0,4,0,0,0
2019-05-07 03:00,5,1,4,0,0,0
2019-05-07 03:15,2,0,2,0,0,0
2019-05-07 03:30,6,1,5,0,0,0
2019-05-07 03:45,2,0,2,0,0,0
2019-05-07 04:00,0,0,0,0,0,0
2019-05-07 04:15,2,0,2,0,0,0
2019-05-07 04:30,0,0,0,0,0,0
2019-05-07 04:45,0,0,0,0,0,0
2019-05-07 05:00,3,2,1,0,0,0
2019-05-07 05:15,8,6,2,0,0,0
2019-05-07 05:30,13,8,5,0,0,0
2019-05-07 05:45,20,11,9,0,0,0
2019-05-07 06:00,20,12,8,0,0,0
2019-05-07 06:15,32,19,13,0,0,0
2019-05-07 06:30,53,37,16,0,0,0
2019-05-07 06:45,54,39,15,0,0,0
2019-05-07 07:00,75,57,18,0,0,0
2019-05-07 07:15,199,147,52,0,0,0
2019-05-07 07:30,328,283,45,0,0,0
2019-05-07 07:45,246,181,65,0,0,0
2019-05-07 08:00,200,160,40,0,0,0
2019-05-07 08:15,171,131,40,0,0,0
2019-05-07 08:30,158,123,35,0,0,0
2019-05-07 08:45,165,132,33,0,0,0
2019-05-07 09:00,105,85,20,0,0,0
2019-05-07 09:15,109,80,29,0,0,0
2019-05-07 09:30,72,54,18,0,0,0
2019-05-07 09:45,180,149,31,0,0,0
2019-05-07 10:00,135,109,26,0,0,0
2019-05-07 10:15,101,70,31,0,0,0
2019-05-07 10:30,93,63,30,0,0,0
2019-05-07 10:45,107,73,34,0,0,0
2019-05-07 11:00,84,53,31,0,0,0
2019-05-07 11:15,91,54,37,0,0,0
2019-05-07 11:30,87,48,39,0,0,0
2019-05-07 11:45,80,30,50,0,0,0
2019-05-07 12:00,129,82,47,0,0,0
2019-05-07 12:15,130,60,70,0,0,0
2019-05-07 12:30,83,30,53,0,0,0
2019-05-07 12:45,111,64,47,0,0,0
2019-05-07 13:00,148,74,74,0,0,0
2019-05-07 13:15,85,5,80,0,0,0
2019-05-07 13:30,124,62,62,0,0,0
2019-05-07 13:45,180,110,70,0,0,0
2019-05-07 14:00,132,58,74,0,0,0
2019-05-07 14:15,120,55,65,0,0,0
2019-05-07 14:30,110,49,61,0,0,0
2019-05-07 14:45,65,4,61,0,0,0
2019-05-07 15:00,123,73,50,0,0,0
2019-05-07 15:15,144,82,62,0,0,0
2019-05-07 15:30,165,74,91,0,0,0
2019-05-07 15:45,191,96,95,0,0,0
2019-05-07 16:00,199,105,94,0,0,0
2019-05-07 16:15,132,49,83,0,0,0
2019-05-07 16:30,182,92,90,0,0,0
2019-05-07 16:45,64,20,44,0,0,0
2019-05-07 17:00,191,74,117,0,0,0
2019-05-07 17:15,169,73,96,0,0,0
2019-05-07 17:30,179,83,96,0,0,0
2019-05-07 17:45,208,96,112,0,0,0
2019-05-07 18:00,176,87,89,0,0,0
2019-05-07 18:15,145,58,87,0,0,0
2019-05-07 18:30,137,60,77,0,0,0
2019-05-07 18:45,142,72,70,0,0,0
2019-05-07 19:00,109,52,57,0,0,0
2019-05-07 19:15,126,64,62,0,0,0
2019-05-07 19:30,104,41,63,0,0,0
2019-05-07 19:45,127,47,80,0,0,0
2019-05-07 20:00,93,43,50,0,0,0
2019-05-07 20:15,93,35,58,0,0,0
2019-05-07 20:30,74,33,41,0,0,0
2019-05-07 20:45,67,35,32,0,0,0
2019-05-07 21:00,48,24,24,0,0,0
2019-05-07 21:15,49,22,27,0,0,0
2019-05-07 21:30,48,23,25,0,0,0
2019-05-07 21:45,50,23,27,0,0,0
2019-05-07 22:00,65,37,28,0,0,0
2019-05-07 22:15,49,28,21,0,0,0
2019-05-07 22:30,48,24,24,0,0,0
2019-05-07 22:45,29,11,18,0,0,0
2019-05-07 23:00,42,11,31,0,0,0
2019-05-07 23:15,35,16,19,0,0,0
2019-05-07 23:30,27,6,21,0,0,0
2019-05-07 23:45,13,5,8,0,0,0
2019-05-08 00:00,13,5,8,0,0,0
2019-05-08 00:15,8,1,7,0,0,0
2019-05-08 00:30,7,6,1,0,0,0
2019-05-08 00:45,4,2,2,0,0,0
2019-05-08 01:00,10,3,7,0,0,0
2019-05-08 01:15,7,3,4,0,0,0
2019-05-08 01:30,3,1,2,0,0,0
2019-05-08 01:45,1,0,1,0,0,0
2019-05-08 02:00,3,2,1,0,0,0
2019-05-08 02:15,1,0,1,0,0,0
2019-05-08 02:30,2,1,1,0,0,0
2019-05-08 02:45,1,0,1,0,0,0
2019-05-08 03:00,1,1,0,0,0,0
2019-05-08 03:15,2,1,1,0,0,0
2019-05-08 03:30,2,1,1,0,0,0
2019-05-08 03:45,2,0,2,0,0,0
2019-05-08 04:00,3,1,2,0,0,0
2019-05-08 04:15,0,0,0,0,0,0
2019-05-08 04:30,1,0,1,0,0,0
2019-05-08 04:45,1,0,1,0,0,0
2019-05-08 05:00,2,1,1,0,0,0
2019-05-08 05:15,6,4,2,0,0,0
2019-05-08 05:30,12,9,3,0,0,0
2019-05-08 05:45,16,9,7,0,0,0
2019-05-08 06:00,13,10,3,0,0,0
2019-05-08 06:15,17,9,8,0,0,0
2019-05-08 06:30,59,33,26,0,0,0
2019-05-08 06:45,71,50,21,0,0,0
2019-05-08 07:00,90,63,27,0,0,0
2019-05-08 07:15,177,138,39,0,0,0
2019-05-08 07:30,329,283,46,0,0,0
2019-05-08 07:45,237,190,47,0,0,0
2019-05-08 08:00,211,180,31,0,0,0
2019-05-08 08:15,175,141,34,0,0,0
2019-05-08 08:30,174,131,43,0,0,0
2019-05-08 08:45,170,129,41,0,0,0
2019-05-08 09:00,123,106,17,0,0,0
2019-05-08 09:15,114,91,23,0,0,0
2019-05-08 09:30,126,101,25,0,0,0
2019-05-08 09:45,187,154,33,0,0,0
2019-05-08 10:00,135,105,30,0,0,0
2019-05-08 10:15,121,92,29,0,0,0
2019-05-08 10:30,97,71,26,0,0,0
2019-05-08 10:45,119,76,43,0,0,0
2019-05-08 11:00,98,64,34,0,0,0
2019-05-08 11:15,91,58,33,0,0,0
2019-05-08 11:30,118,74,44,0,0,0
2019-05-08 11:45,160,93,67,0,0,0
2019-05-08 12:00,143,81,62,0,0,0
2019-05-08 12:15,116,62,54,0,0,0
2019-05-08 12:30,125,50,75,0,0,0
2019-05-08 12:45,140,77,63,0,0,0
2019-05-08 13:00,147,70,77,0,0,0
2019-05-08 13:15,131,56,75,0,0,0
2019-05-08 13:30,129,62,67,0,0,0
2019-05-08 13:45,156,72,84,0,0,0
2019-05-08 14:00,148,59,89,0,0,0
2019-05-08 14:15,125,55,70,0,0,0
2019-05-08 14:30,152,65,87,0,0,0
2019-05-08 14:45,148,82,66,0,0,0
2019-05-08 15:00,103,45,58,0,0,0
2019-05-08 15:15,111,53,58,0,0,0
2019-05-08 15:30,139,69,70,0,0,0
2019-05-08 15:45,153,74,79,0,0,0
2019-05-08 16:00,190,83,107,0,0,0
2019-05-08 16:15,167,90,77,0,0,0
2019-05-08 16:30,165,78,87,0,0,0
2019-05-08 16:45,170,83,87,0,0,0
2019-05-08 17:00,144,74,70,0,0,0
2019-05-08 17:15,118,44,74,0,0,0
2019-05-08 17:30,136,58,78,0,0,0
2019-05-08 17:45,176,94,82,0,0,0
2019-05-08 18:00,151,61,90,0,0,0
2019-05-08 18:15,151,52,99,0,0,0
2019-05-08 18:30,142,66,76,0,0,0
2019-05-08 18:45,138,73,65,0,0,0
2019-05-08 19:00,105,38,67,0,0,0
2019-05-08 19:15,110,49,61,0,0,0
2019-05-08 19:30,86,39,47,0,0,0
2019-05-08 19:45,90,40,50,0,0,0
2019-05-08 20:00,85,36,49,0,0,0
2019-05-08 20:15,60,35,25,0,0,0
2019-05-08 20:30,43,20,23,0,0,0
2019-05-08 20:45,46,26,20,0,0,0
2019-05-08 21:00,54,30,24,0,0,0
2019-05-08 21:15,44,19,25,0,0,0
2019-05-08 21:30,51,18,33,0,0,0
2019-05-08 21:45,36,14,22,0,0,0
2019-05-08 22:00,37,12,25,0,0,0
2019-05-08 22:15,27,13,14,0,0,0
2019-05-08 22:30,37,11,26,0,0,0
2019-05-08 22:45,22,9,13,0,0,0
2019-05-08 23:00,23,7,16,0,0,0
2019-05-08 23:15,23,4,19,0,0,0
2019-05-08 23:30,23,11,12,0,0,0
2019-05-08 23:45,13,7,6,0,0,0
2019-05-09 00:00,17,9,8,0,0,0
2019-05-09 00:15,11,7,4,0,0,0
2019-05-09 00:30,13,6,7,0,0,0
2019-05-09 00:45,5,1,4,0,0,0
2019-05-09 01:00,4,2,2,0,0,0
2019-05-09 01:15,5,1,4,0,0,0
2019-05-09 01:30,6,2,4,0,0,0
2019-05-09 01:45,9,3,6,0,0,0
2019-05-09 02:00,3,1,2,0,0,0
2019-05-09 02:15,6,0,6,0,0,0
2019-05-09 02:30,4,1,3,0,0,0
2019-05-09 02:45,4,3,1,0,0,0
2019-05-09 03:00,1,0,1,0,0,0
2019-05-09 03:15,6,0,6,0,0,0
2019-05-09 03:30,4,3,1,0,0,0
2019-05-09 03:45,1,0,1,0,0,0
2019-05-09 04:00,0,0,0,0,0,0
2019-05-09 04:15,5,1,4,0,0,0
2019-05-09 04:30,1,0,1,0,0,0
2019-05-09 04:45,1,0,1,0,0,0
2019-05-09 05:00,2,2,0,0,0,0
2019-05-09 05:15,5,4,1,0,0,0
2019-05-09 05:30,9,7,2,0,0,0
2019-05-09 05:45,14,5,9,0,0,0
2019-05-09 06:00,14,9,5,0,0,0
2019-05-09 06:15,22,13,9,0,0,0
2019-05-09 06:30,52,31,21,0,0,0
2019-05-09 06:45,63,50,13,0,0,0
2019-05-09 07:00,96,69,27,0,0,0
2019-05-09 07:15,173,146,27,0,0,0
2019-05-09 07:30,328,268,60,0,0,0
2019-05-09 07:45,224,176,48,0,0,0
2019-05-09 08:00,201,164,37,0,0,0
2019-05-09 08:15,169,129,40,0,0,0
2019-05-09 08:30,153,118,35,0,0,0
2019-05-09 08:45,171,135,36,0,0,0
2019-05-09 09:00,102,85,17,0,0,0
2019-05-09 09:15,108,74,34,0,0,0
2019-05-09 09:30,132,105,27,0,0,0
2019-05-09 09:45,206,176,30,0,0,0
2019-05-09 10:00,138,98,40,0,0,0
2019-05-09 10:15,91,67,24,0,0,0
2019-05-09 10:30,79,53,26,0,0,0
2019-05-09 10:45,99,66,33,0,0,0
2019-05-09 11:00,92,58,34,0,0,0
2019-05-09 11:15,101,73,28,0,0,0
2019-05-09 11:30,118,74,44,0,0,0
2019-05-09 11:45,135,82,53,0,0,0
2019-05-09 12:00,122,62,60,0,0,0
2019-05-09 12:15,111,58,53,0,0,0
2019-05-09 12:30,137,71,66,0,0,0
2019-05-09 12:45,134,71,63,0,0,0
2019-05-09 13:00,128,66,62,0,0,0
2019-05-09 13:15,130,52,78,0,0,0
2019-05-09 13:30,127,74,53,0,0,0
2019-05-09 13:45,149,59,90,0,0,0
2019-05-09 14:00,149,57,92,0,0,0
2019-05-09 14:15,128,64,64,0,0,0
2019-05-09 14:30,155,71,84,0,0,0
2019-05-09 14:45,129,71,58,0,0,0
2019-05-09 15:00,135,72,63,0,0,0
2019-05-09 15:15,155,87,68,0,0,0
2019-05-09 15:30,185,94,91,0,0,0
2019-05-09 15:45,224,120,104,0,0,0
2019-05-09 16:00,219,101,118,0,0,0
2019-05-09 16:15,189,78,111,0,0,0
2019-05-09 16:30,182,88,94,0,0,0
2019-05-09 16:45,197,101,96,0,0,0
2019-05-09 17:00,175,91,84,0,0,0
2019-05-09 17:15,156,74,82,0,0,0
2019-05-09 17:30,182,82,100,0,0,0
2019-05-09 17:45,213,104,109,0,0,0
2019-05-09 18:00,205,91,114,0,0,0
2019-05-09 18:15,152,58,94,0,0,0
2019-05-09 18:30,156,74,82,0,0,0
2019-05-09 18:45,177,84,93,0,0,0
2019-05-09 19:00,126,49,77,0,0,0
2019-05-09 19:15,119,51,68,0,0,0
2019-05-09 19:30,99,38,61,0,0,0
2019-05-09 19:45,131,62,69,0,0,0
2019-05-09 20:00,132,63,69,0,0,0
2019-05-09 20:15,86,27,59,0,0,0
2019-05-09 20:30,88,33,55,0,0,0
2019-05-09 20:45,62,29,33,0,0,0
2019-05-09 21:00,67,33,34,0,0,0
2019-05-09 21:15,73,38,35,0,0,0
2019-05-09 21:30,60,24,36,0,0,0
2019-05-09 21:45,71,39,32,0,0,0
2019-05-09 22:00,70,31,39,0,0,0
2019-05-09 22:15,56,28,28,0,0,0
2019-05-09 22:30,34,11,23,0,0,0
2019-05-09 22:45,54,28,26,0,0,0
2019-05-09 23:00,51,16,35,0,0,0
2019-05-09 23:15,46,18,28,0,0,0
2019-05-09 23:30,27,11,16,0,0,0
2019-05-09 23:45,28,9,19,0,0,0
2019-05-10 00:00,26,10,16,0,0,0
2019-05-10 00:15,14,1,13,0,0,0
2019-05-10 00:30,11,6,5,0,0,0
2019-05-10 00:45,8,3,5,0,0,0
2019-05-10 01:00,5,0,5,0,0,0
2019-05-10 01:15,7,1,6,0,0,0
2019-05-10 01:30,8,1,7,0,0,0
2019-05-10 01:45,5,3,2,0,0,0
2019-05-10 02:00,3,0,3,0,0,0
2019-05-10 02:15,3,2,1,0,0,0
2019-05-10 02:30,0,0,0,0,0,0
2019-05-10 02:45,3,1,2,0,0,0
2019-05-10 03:00,3,1,2,0,0,0
2019-05-10 03:15,0,0,0,0,0,0
2019-05-10 03:30,2,2,0,0,0,0
2019-05-10 03:45,1,0,1,0,0,0
2019-05-10 04:00,0,0,0,0,0,0
2019-05-10 04:15,1,0,1,0,0,0
2019-05-10 04:30,0,0,0,0,0,0
2019-05-10 04:45,1,1,0,0,0,0
2019-05-10 05:00,1,1,0,0,0,0
2019-05-10 05:15,3,2,1,0,0,0
2019-05-10 05:30,13,10,3,0,0,0
2019-05-10 05:45,10,6,4,0,0,0
2019-05-10 06:00,10,6,4,0,0,0
2019-05-10 06:15,22,16,6,0,0,0
2019-05-10 06:30,51,33,18,0,0,0
2019-05-10 06:45,62,41,21,0,0,0
2019-05-10 07:00,66,45,21,0,0,0
2019-05-10 07:15,155,120,35,0,0,0
2019-05-10 07:30,281,248,33,0,0,0
2019-05-10 07:45,193,142,51,0,0,0
2019-05-10 08:00,140,117,23,0,0,0
2019-05-10 08:15,144,102,42,0,0,0
2019-05-10 08:30,135,102,33,0,0,0
2019-05-10 08:45,154,115,39,0,0,0
2019-05-10 09:00,103,74,29,0,0,0
2019-05-10 09:15,111,81,30,0,0,0
2019-05-10 09:30,95,71,24,0,0,0
2019-05-10 09:45,140,115,25,0,0,0
2019-05-10 10:00,89,64,25,0,0,0
2019-05-10 10:15,93,66,27,0,0,0
2019-05-10 10:30,87,60,27,0,0,0
2019-05-10 10:45,106,77,29,0,0,0
2019-05-10 11:00,95,65,30,0,0,0
2019-05-10 11:15,101,67,34,0,0,0
2019-05-10 11:30,119,73,46,0,0,0
2019-05-10 11:45,116,69,47,0,0,0
2019-05-10 12:00,110,61,49,0,0,0
2019-05-10 12:15,101,54,47,0,0,0
2019-05-10 12:30,131,71,60,0,0,0
2019-05-10 12:45,160,77,83,0,0,0
2019-05-10 13:00,143,75,68,0,0,0
2019-05-10 13:15,156,48,108,0,0,0
2019-05-10 13:30,126,57,69,0,0,0
2019-05-10 13:45,146,65,81,0,0,0
2019-05-10 14:00,136,61,75,0,0,0
2019-05-10 14:15,134,75,59,0,0,0
2019-05-10 14:30,128,61,67,0,0,0
2019-05-10 14:45,173,99,74,0,0,0
2019-05-10 15:00,174,95,79,0,0,0
2019-05-10 15:15,145,85,60,0,0,0
2019-05-10 15:30,185,107,78,0,0,0
2019-05-10 15:45,155,87,68,0,0,0
2019-05-10 16:00,142,81,61,0,0,0
2019-05-10 16:15,153,71,82,0,0,0
2019-05-10 16:30,141,84,57,0,0,0
2019-05-10 16:45,139,63,76,0,0,0
2019-05-10 17:00,142,78,64,0,0,0
2019-05-10 17:15,144,69,75,0,0,0
2019-05-10 17:30,178,93,85,0,0,0
2019-05-10 17:45,151,89,62,0,0,0
2019-05-10 18:00,134,59,75,0,0,0
2019-05-10 18:15,140,64,76,0,0,0
2019-05-10 18:30,107,50,57,0,0,0
2019-05-10 18:45,119,60,59,0,0,0
2019-05-10 19:00,131,71,60,0,0,0
2019-05-10 19:15,97,53,44,0,0,0
2019-05-10 19:30,101,55,46,0,0,0
2019-05-10 19:45,93,44,49,0,0,0
2019-05-10 20:00,81,36,45,0,0,0
2019-05-10 20:15,65,32,33,0,0,0
2019-05-10 20:30,59,31,28,0,0,0
2019-05-10 20:45,69,31,38,0,0,0
2019-05-10 21:00,46,19,27,0,0,0
2019-05-10 21:15,56,24,32,0,0,0
2019-05-10 21:30,63,33,30,0,0,0
2019-05-10 21:45,53,15,38,0,0,0
2019-05-10 22:00,50,23,27,0,0,0
2019-05-10 22:15,58,28,30,0,0,0
2019-05-10 22:30,61,31,30,0,0,0
2019-05-10 22:45,39,21,18,0,0,0
2019-05-10 23:00,38,18,20,0,0,0
2019-05-10 23:15,46,18,28,0,0,0
2019-05-10 23:30,57,33,24,0,0,0
2019-05-10 23:45,31,19,12,0,0,0
2019-05-11 00:00,41,15,26,0,0,0
2019-05-11 00:15,37,17,20,0,0,0
2019-05-11 00:30,26,9,17,0,0,0
2019-05-11 00:45,26,16,10,0,0,0
2019-05-11 01:00,20,5,15,0,0,0
2019-05-11 01:15,16,3,13,0,0,0
2019-05-11 01:30,11,7,4,0,0,0
2019-05-11 01:45,17,7,10,0,0,0
2019-05-11 02:00,13,1,12,0,0,0
2019-05-11 02:15,17,3,14,0,0,0
2019-05-11 02:30,12,5,7,0,0,0
2019-05-11 02:45,14,5,9,0,0,0
2019-05-11 03:00,7,3,4,0,0,0
2019-05-11 03:15,9,2,7,0,0,0
2019-05-11 03:30,6,1,5,0,0,0
2019-05-11 03:45,6,3,3,0,0,0
2019-05-11 04:00,4,0,4,0,0,0
2019-05-11 04:15,5,3,2,0,0,0
2019-05-11 04:30,4,0,4,0,0,0
2019-05-11 04:45,3,1,2,0,0,0
2019-05-11 05:00,5,2,3,0,0,0
2019-05-11 05:15,3,3,0,0,0,0
2019-05-11 05:30,7,3,4,0,0,0
2019-05-11 05:45,9,6,3,0,0,0
2019-05-11 06:00,11,11,0,0,0,0
2019-05-11 06:15,10,4,6,0,0,0
2019-05-11 06:30,6,6,0,0,0,0
2019-05-11 06:45,6,4,2,0,0,0
2019-05-11 07:00,11,11,0,0,0,0
2019-05-11 07:15,17,10,7,0,0,0
2019-05-11 07:30,22,13,9,0,0,0
2019-05-11 07:45,41,33,8,0,0,0
2019-05-11 08:00,39,32,7,0,0,0
2019-05-11 08:15,31,21,10,0,0,0
2019-05-11 08:30,49,30,19,0,0,0
2019-05-11 08:45,104,82,22,0,0,0
2019-05-11 09:00,61,46,15,0,0,0
2019-05-11 09:15,83,71,12,0,0,0
2019-05-11 09:30,107,81,26,0,0,0
2019-05-11 09:45,136,104,32,0,0,0
2019-05-11 10:00,120,105,15,0,0,0
2019-05-11 10:15,136,94,42,0,0,0
2019-05-11 10:30,125,90,35,0,0,0
2019-05-11 10:45,154,111,43,0,0,0
2019-05-11 11:00,188,132,56,0,0,0
2019-05-11 11:15,152,112,40,0,0,0
2019-05-11 11:30,142,107,35,0,0,0
2019-05-11 11:45,145,100,45,0,0,0
2019-05-11 12:00,132,87,45,0,0,0
2019-05-11 12:15,168,103,65,0,0,0
2019-05-11 12:30,172,115,57,0,0,0
2019-05-11 12:45,172,96,76,0,0,0
2019-05-11 13:00,160,96,64,0,0,0
2019-05-11 13:15,143,75,68,0,0,0
2019-05-11 13:30,134,62,72,0,0,0
2019-05-11 13:45,125,68,57,0,0,0
2019-05-11 14:00,157,81,76,0,0,0
2019-05-11 14:15,120,71,49,0,0,0
2019-05-11 14:30,131,58,73,0,0,0
2019-05-11 14:45,145,77,68,0,0,0
2019-05-11 15:00,116,56,60,0,0,0
2019-05-11 15:15,113,62,51,0,0,0
2019-05-11 15:30,133,58,75,0,0,0
2019-05-11 15:45,161,82,79,0,0,0
2019-05-11 16:00,96,42,54,0,0,0
2019-05-11 16:15,102,55,47,0,0,0
2019-05-11 16:30,125,63,62,0,0,0
2019-05-11 16:45,94,57,37,0,0,0
2019-05-11 17:00,91,39,52,0,0,0
2019-05-11 17:15,110,62,48,0,0,0
2019-05-11 17:30,93,48,45,0,0,0
2019-05-11 17:45,132,80,52,0,0,0
2019-05-11 18:00,101,44,57,0,0,0
2019-05-11 18:15,113,52,61,0,0,0
2019-05-11 18:30,99,38,61,0,0,0
2019-05-11 18:45,84,55,29,0,0,0
2019-05-11 19:00,96,45,51,0,0,0
2019-05-11 19:15,118,64,54,0,0,0
2019-05-11 19:30,81,36,45,0,0,0
2019-05-11 19:45,81,43,38,0,0,0
2019-05-11 20:00,77,34,43,0,0,0
2019-05-11 20:15,70,31,39,0,0,0
2019-05-11 20:30,60,37,23,0,0,0
2019-05-11 20:45,61,35,26,0,0,0
2019-05-11 21:00,55,28,27,0,0,0
2019-05-11 21:15,54,19,35,0,0,0
2019-05-11 21:30,46,22,24,0,0,0
2019-05-11 21:45,42,19,23,0,0,0
2019-05-11 22:00,32,13,19,0,0,0
2019-05-11 22:15,44,21,23,0,0,0
2019-05-11 22:30,32,19,13,0,0,0
2019-05-11 22:45,29,17,12,0,0,0
2019-05-11 23:00,29,13,16,0,0,0
2019-05-11 23:15,45,25,20,0,0,0
2019-05-11 23:30,39,22,17,0,0,0
2019-05-11 23:45,36,27,9,0,0,0
2019-05-12 00:00,23,10,13,0,0,0
2019-05-12 00:15,20,14,6,0,0,0
2019-05-12 00:30,21,8,13,0,0,0
2019-05-12 00:45,29,7,22,0,0,0
2019-05-12 01:00,38,21,17,0,0,0
2019-05-12 01:15,26,17,9,0,0,0
2019-05-12 01:30,29,9,20,0,0,0
2019-05-12 01:45,15,5,10,0,0,0
2019-05-12 02:00,19,8,11,0,0,0
2019-05-12 02:15,18,7,11,0,0,0
2019-05-12 02:30,11,5,6,0,0,0
2019-05-12 02:45,4,2,2,0,0,0
2019-05-12 03:00,16,4,12,0,0,0
2019-05-12 03:15,9,1,8,0,0,0
2019-05-12 03:30,7,1,6,0,0,0
2019-05-12 03:45,6,4,2,0,0,0
2019-05-12 04:00,8,3,5,0,0,0
2019-05-12 04:15,3,0,3,0,0,0
2019-05-12 04:30,9,4,5,0,0,0
2019-05-12 04:45,6,3,3,0,0,0
2019-05-12 05:00,3,2,1,0,0,0
2019-05-12 05:15,5,3,2,0,0,0
2019-05-12 05:30,4,2,2,0,0,0
2019-05-12 05:45,11,4,7,0,0,0
2019-05-12 06:00,7,4,3,0,0,0
2019-05-12 06:15,6,5,1,0,0,0
2019-05-12 06:30,3,3,0,0,0,0
2019-05-12 06:45,4,3,1,0,0,0
2019-05-12 07:00,10,7,3,0,0,0
2019-05-12 07:15,4,3,1,0,0,0
2019-05-12 07:30,11,7,4,0,0,0
2019-05-12 07:45,6,3,3,0,0,0
2019-05-12 08:00,10,8,2,0,0,0
2019-05-12 08:15,5,4,1,0,0,0
2019-05-12 08:30,17,14,3,0,0,0
2019-05-12 08:45,15,12,3,0,0,0
2019-05-12 09:00,27,14,13,0,0,0
2019-05-12 09:15,22,12,10,0,0,0
2019-05-12 09:30,35,31,4,0,0,0
2019-05-12 09:45,59,43,16,0,0,0
2019-05-12 10:00,33,25,8,0,0,0
2019-05-12 10:15,52,46,6,0,0,0
2019-05-12 10:30,67,51,16,0,0,0
2019-05-12 10:45,81,68,13,0,0,0
2019-05-12 11:00,66,48,18,0,0,0
2019-05-12 11:15,45,37,8,0,0,0
2019-05-12 11:30,46,22,24,0,0,0
2019-05-12 11:45,39,11,28,0,0,0
2019-05-12 12:00,69,44,25,0,0,0
2019-05-12 12:15,65,36,29,0,0,0
2019-05-12 12:30,65,45,20,0,0,0
2019-05-12 12:45,94,52,42,0,0,0
2019-05-12 13:00,55,31,24,0,0,0
2019-05-12 13:15,55,25,30,0,0,0
2019-05-12 13:30,60,29,31,0,0,0
2019-05-12 13:45,85,49,36,0,0,0
2019-05-12 14:00,64,36,28,0,0,0
2019-05-12 14:15,81,54,27,0,0,0
2019-05-12 14:30,76,45,31,0,0,0
2019-05-12 14:45,71,56,15,0,0,0
2019-05-12 15:00,72,39,33,0,0,0
2019-05-12 15:15,65,42,23,0,0,0
2019-05-12 15:30,69,39,30,0,0,0
2019-05-12 15:45,62,38,24,0,0,0
2019-05-12 16:00,49,23,26,0,0,0
2019-05-12 16:15,44,19,25,0,0,0
2019-05-12 16:30,56,41,15,0,0,0
2019-05-12 16:45,59,34,25,0,0,0
2019-05-12 17:00,70,45,25,0,0,0
2019-05-12 17:15,67,38,29,0,0,0
2019-05-12 17:30,108,68,40,0,0,0
2019-05-12 17:45,61,39,22,0,0,0
2019-05-12 18:00,63,40,23,0,0,0
2019-05-12 18:15,50,22,28,0,0,0
2019-05-12 18:30,67,29,38,0,0,0
2019-05-12 18:45,60,30,30,0,0,0
2019-05-12 19:00,51,26,25,0,0,0
2019-05-12 19:15,58,27,31,0,0,0
2019-05-12 19:30,55,29,26,0,0,0
2019-05-12 19:45,49,21,28,0,0,0
2019-05-12 20:00,49,20,29,0,0,0
2019-05-12 20:15,36,16,20,0,0,0
2019-05-12 20:30,34,13,21,0,0,0
2019-05-12 20:45,26,13,13,0,0,0
2019-05-12 21:00,40,21,19,0,0,0
2019-05-12 21:15,18,10,8,0,0,0
2019-05-12 21:30,19,7,12,0,0,0
2019-05-12 21:45,30,13,17,0,0,0
2019-05-12 22:00,20,9,11,0,0,0
2019-05-12 22:15,23,9,14,0,0,0
2019-05-12 22:30,20,10,10,0,0,0
2019-05-12 22:45,16,9,7,0,0,0
2019-05-12 23:00,21,17,4,0,0,0
2019-05-12 23:15,6,0,6,0,0,0
2019-05-12 23:30,10,2,8,0,0,0
2019-05-12 23:45,9,4,5,0,0,0
2019-05-13 00:00,8,4,4,0,0,0
2019-05-13 00:15,8,3,5,0,0,0
2019-05-13 00:30,3,2,1,0,0,0
2019-05-13 00:45,3,2,1,0,0,0
2019-05-13 01:00,2,1,1,0,0,0
2019-05-13 01:15,1,1,0,0,0,0
2019-05-13 01:30,2,0,2,0,0,0
2019-05-13 01:45,3,3,0,0,0,0
2019-05-13 02:00,0,0,0,0,0,0
2019-05-13 02:15,0,0,0,0,0,0
2019-05-13 02:30,4,0,4,0,0,0
2019-05-13 02:45,0,0,0,0,0,0
2019-05-13 03:00,3,2,1,0,0,0
2019-05-13 03:15,0,0,0,0,0,0
2019-05-13 03:30,2,1,1,0,0,0
2019-05-13 03:45,1,1,0,0,0,0
2019-05-13 04:00,0,0,0,0,0,0
2019-05-13 04:15,2,0,2,0,0,0
2019-05-13 04:30,0,0,0,0,0,0
2019-05-13 04:45,2,0,2,0,0,0
2019-05-13 05:00,1,0,1,0,0,0
2019-05-13 05:15,4,2,2,0,0,0
2019-05-13 05:30,12,6,6,0,0,0
2019-05-13 05:45,15,8,7,0,0,0
2019-05-13 06:00,20,12,8,0,0,0
2019-05-13 06:15,34,22,12,0,0,0
2019-05-13 06:30,58,27,31,0,0,0
2019-05-13 06:45,89,57,32,0,0,0
2019-05-13 07:00,91,73,18,0,0,0
2019-05-13 07:15,169,130,39,0,0,0
2019-05-13 07:30,343,289,54,0,0,0
2019-05-13 07:45,244,183,61,0,0,0
2019-05-13 08:00,190,149,41,0,0,0
2019-05-13 08:15,167,125,42,0,0,0
2019-05-13 08:30,165,129,36,0,0,0
2019-05-13 08:45,158,132,26,0,0,0
2019-05-13 09:00,123,100,23,0,0,0
2019-05-13 09:15,113,91,22,0,0,0
2019-05-13 09:30,117,93,24,0,0,0
2019-05-13 09:45,144,107,37,0,0,0
2019-05-13 10:00,147,111,36,0,0,0
2019-05-13 10:15,107,74,33,0,0,0
2019-05-13 10:30,97,66,31,0,0,0
2019-05-13 10:45,104,74,30,0,0,0
2019-05-13 11:00,90,62,28,0,0,0
2019-05-13 11:15,106,57,49,0,0,0
2019-05-13 11:30,104,69,35,0,0,0
2019-05-13 11:45,138,87,51,0,0,0
2019-05-13 12:00,140,85,55,0,0,0
2019-05-13 12:15,106,54,52,0,0,0
2019-05-13 12:30,132,62,70,0,0,0
2019-05-13 12:45,118,67,51,0,0,0
2019-05-13 13:00,99,42,57,0,0,0
2019-05-13 13:15,149,84,65,0,0,0
2019-05-13 13:30,112,65,47,0,0,0
2019-05-13 13:45,154,88,66,0,0,0
2019-05-13 14:00,174,71,103,0,0,0
2019-05-13 14:15,121,66,55,0,0,0
2019-05-13 14:30,117,57,60,0,0,0
2019-05-13 14:45,149,84,65,0,0,0
2019-05-13 15:00,137,75,62,0,0,0
2019-05-13 15:15,141,77,64,0,0,0
2019-05-13 15:30,185,91,94,0,0,0
2019-05-13 15:45,229,124,105,0,0,0
2019-05-13 16:00,213,129,84,0,0,0
2019-05-13 16:15,178,83,95,0,0,0
2019-05-13 16:30,161,82,79,0,0,0
2019-05-13 16:45,192,98,94,0,0,0
2019-05-13 17:00,200,89,111,0,0,0
2019-05-13 17:15,174,90,84,0,0,0
2019-05-13 17:30,205,90,115,0,0,0
2019-05-13 17:45,136,24,112,0,0,0
2019-05-13 18:00,128,22,106,0,0,0
2019-05-13 18:15,137,43,94,0,0,0
2019-05-13 18:30,113,23,90,0,0,0
2019-05-13 18:45,133,78,55,0,0,0
2019-05-13 19:00,78,15,63,0,0,0
2019-05-13 19:15,90,39,51,0,0,0
2019-05-13 19:30,117,50,67,0,0,0
2019-05-13 19:45,81,4,77,0,0,0
2019-05-13 20:00,80,31,49,0,0,0
2019-05-13 20:15,86,30,56,0,0,0
2019-05-13 20:30,58,23,35,0,0,0
2019-05-13 20:45,61,19,42,0,0,0
2019-05-13 21:00,40,4,36,0,0,0
2019-05-13 21:15,48,9,39,0,0,0
2019-05-13 21:30,48,24,24,0,0,0
2019-05-13 21:45,44,17,27,0,0,0
2019-05-13 22:00,50,23,27,0,0,0
2019-05-13 22:15,46,20,26,0,0,0
2019-05-13 22:30,43,19,24,0,0,0
2019-05-13 22:45,48,26,22,0,0,0
2019-05-13 23:00,39,18,21,0,0,0
2019-05-13 23:15,14,6,8,0,0,0
2019-05-13 23:30,19,8,11,0,0,0
2019-05-13 23:45,15,6,9,0,0,0
2019-05-14 00:00,13,5,8,0,0,0
2019-05-14 00:15,7,4,3,0,0,0
2019-05-14 00:30,8,2,6,0,0,0
2019-05-14 00:45,6,1,5,0,0,0
2019-05-14 01:00,4,2,2,0,0,0
2019-05-14 01:15,1,1,0,0,0,0
2019-05-14 01:30,3,3,0,0,0,0
2019-05-14 01:45,2,1,1,0,0,0
2019-05-14 02:00,2,0,2,0,0,0
2019-05-14 02:15,7,2,5,0,0,0
2019-05-14 02:30,0,0,0,0,0,0
2019-05-14 02:45,0,0,0,0,0,0
2019-05-14 03:00,1,0,1,0,0,0
2019-05-14 03:15,1,1,0,0,0,0
2019-05-14 03:30,2,2,0,0,0,0
2019-05-14 03:45,2,1,1,0,0,0
2019-05-14 04:00,0,0,0,0,0,0
2019-05-14 04:15,3,0,3,0,0,0
2019-05-14 04:30,0,0,0,0,0,0
2019-05-14 04:45,0,0,0,0,0,0
2019-05-14 05:00,4,2,2,0,0,0
2019-05-14 05:15,5,4,1,0,0,0
2019-05-14 05:30,8,8,0,0,0,0
2019-05-14 05:45,16,5,11,0,0,0
2019-05-14 06:00,24,13,11,0,0,0
2019-05-14 06:15,13,7,6,0,0,0
2019-05-14 06:30,56,36,20,0,0,0
2019-05-14 06:45,78,54,24,0,0,0
2019-05-14 07:00,96,69,27,0,0,0
2019-05-14 07:15,161,132,29,0,0,0
2019-05-14 07:30,312,244,68,0,0,0
2019-05-14 07:45,254,194,60,0,0,0
2019-05-14 08:00,122,80,42,0,0,0
2019-05-14 08:15,162,113,49,0,0,0
2019-05-14 08:30,162,135,27,0,0,0
2019-05-14 08:45,178,135,43,0,0,0
2019-05-14 09:00,115,88,27,0,0,0
2019-05-14 09:15,119,93,26,0,0,0
2019-05-14 09:30,124,103,21,0,0,0
2019-05-14 09:45,170,140,30,0,0,0
2019-05-14 10:00,141,114,27,0,0,0
2019-05-14 10:15,115,72,43,0,0,0
2019-05-14 10:30,113,85,28,0,0,0
2019-05-14 10:45,115,69,46,0,0,0
2019-05-14 11:00,91,57,34,0,0,0
2019-05-14 11:15,95,63,32,0,0,0
2019-05-14 11:30,127,79,48,0,0,0
2019-05-14 11:45,125,95,30,0,0,0
2019-05-14 12:00,131,80,51,0,0,0
2019-05-14 12:15,121,76,45,0,0,0
2019-05-14 12:30,130,61,69,0,0,0
2019-05-14 12:45,97,33,64,0,0,0
2019-05-14 13:00,62,6,56,0,0,0
2019-05-14 13:15,130,57,73,0,0,0
2019-05-14 13:30,123,66,57,0,0,0
2019-05-14 13:45,138,82,56,0,0,0
2019-05-14 14:00,101,9,92,0,0,0
2019-05-14 14:15,98,54,44,0,0,0
2019-05-14 14:30,143,76,67,0,0,0
2019-05-14 14:45,160,75,85,0,0,0
2019-05-14 15:00,131,71,60,0,0,0
2019-05-14 15:15,158,85,73,0,0,0
2019-05-14 15:30,101,13,88,0,0,0
2019-05-14 15:45,240,129,111,0,0,0
2019-05-14 16:00,182,74,108,0,0,0
2019-05-14 16:15,195,105,90,0,0,0
2019-05-14 16:30,186,100,86,0,0,0
2019-05-14 16:45,186,105,81,0,0,0
2019-05-14 17:00,100,11,89,0,0,0
2019-05-14 17:15,163,66,97,0,0,0
2019-05-14 17:30,170,89,81,0,0,0
2019-05-14 17:45,163,43,120,0,0,0
2019-05-14 18:00,140,17,123,0,0,0
2019-05-14 18:15,199,88,111,0,0,0
2019-05-14 18:30,131,37,94,0,0,0
2019-05-14 18:45,84,10,74,0,0,0
2019-05-14 19:00,93,36,57,0,0,0
2019-05-14 19:15,84,20,64,0,0,0
2019-05-14 19:30,79,2,77,0,0,0
2019-05-14 19:45,94,3,91,0,0,0
2019-05-14 20:00,72,4,68,0,0,0
2019-05-14 20:15,80,40,40,0,0,0
2019-05-14 20:30,74,24,50,0,0,0
2019-05-14 20:45,39,0,39,0,0,0
2019-05-14 21:00,58,25,33,0,0,0
2019-05-14 21:15,78,39,39,0,0,0
2019-05-14 21:30,58,22,36,0,0,0
2019-05-14 21:45,45,7,38,0,0,0
2019-05-14 22:00,30,2,28,0,0,0
2019-05-14 22:15,51,21,30,0,0,0
2019-05-14 22:30,50,18,32,0,0,0
2019-05-14 22:45,29,2,27,0,0,0
2019-05-14 23:00,27,10,17,0,0,0
2019-05-14 23:15,21,5,16,0,0,0
2019-05-14 23:30,17,4,13,0,0,0
2019-05-14 23:45,11,4,7,0,0,0
2019-05-15 00:00,8,1,7,0,0,0
2019-05-15 00:15,11,6,5,0,0,0
2019-05-15 00:30,11,6,5,0,0,0
2019-05-15 00:45,6,3,3,0,0,0
2019-05-15 01:00,5,3,2,0,0,0
2019-05-15 01:15,3,2,1,0,0,0
2019-05-15 01:30,0,0,0,0,0,0
2019-05-15 01:45,2,1,1,0,0,0
2019-05-15 02:00,2,0,2,0,0,0
2019-05-15 02:15,3,3,0,0,0,0
2019-05-15 02:30,2,2,0,0,0,0
2019-05-15 02:45,0,0,0,0,0,0
2019-05-15 03:00,0,0,0,0,0,0
2019-05-15 03:15,2,2,0,0,0,0
2019-05-15 03:30,1,1,0,0,0,0
2019-05-15 03:45,1,0,1,0,0,0
2019-05-15 04:00,1,1,0,0,0,0
2019-05-15 04:15,4,3,1,0,0,0
2019-05-15 04:30,4,3,1,0,0,0
2019-05-15 04:45,0,0,0,0,0,0
2019-05-15 05:00,1,1,0,0,0,0
2019-05-15 05:15,5,3,2,0,0,0
2019-05-15 05:30,11,8,3,0,0,0
2019-05-15 05:45,20,10,10,0,0,0
2019-05-15 06:00,6,1,5,0,0,0
2019-05-15 06:15,20,7,13,0,0,0
2019-05-15 06:30,49,24,25,0,0,0
2019-05-15 06:45,92,60,32,0,0,0
2019-05-15 07:00,78,42,36,0,0,0
2019-05-15 07:15,71,33,38,0,0,0
2019-05-15 07:30,113,67,46,0,0,0
2019-05-15 07:45,147,83,64,0,0,0
2019-05-15 08:00,111,72,39,0,0,0
2019-05-15 08:15,216,176,40,0,0,0
2019-05-15 08:30,77,39,38,0,0,0
2019-05-15 08:45,187,138,49,0,0,0
2019-05-15 09:00,136,107,29,0,0,0
2019-05-15 09:15,56,24,32,0,0,0
2019-05-15 09:30,156,129,27,0,0,0
2019-05-15 09:45,166,123,43,0,0,0
2019-05-15 10:00,191,152,39,0,0,0
2019-05-15 10:15,114,87,27,0,0,0
2019-05-15 10:30,111,85,26,0,0,0
2019-05-15 10:45,138,93,45,0,0,0
2019-05-15 11:00,58,21,37,0,0,0
2019-05-15 11:15,129,84,45,0,0,0
2019-05-15 11:30,59,7,52,0,0,0
2019-05-15 11:45,134,84,50,0,0,0
2019-05-15 12:00,177,90,87,0,0,0
2019-05-15 12:15,142,64,78,0,0,0
2019-05-15 12:30,158,68,90,0,0,0
2019-05-15 12:45,178,88,90,0,0,0
2019-05-15 13:00,89,16,73,0,0,0
2019-05-15 13:15,167,82,85,0,0,0
2019-05-15 13:30,93,36,57,0,0,0
2019-05-15 13:45,183,86,97,0,0,0
2019-05-15 14:00,102,11,91,0,0,0
2019-05-15 14:15,83,6,77,0,0,0
2019-05-15 14:30,144,66,78,0,0,0
2019-05-15 14:45,164,71,93,0,0,0
2019-05-15 15:00,137,68,69,0,0,0
2019-05-15 15:15,142,68,74,0,0,0
2019-05-15 15:30,193,80,113,0,0,0
2019-05-15 15:45,107,11,96,0,0,0
2019-05-15 16:00,128,8,120,0,0,0
2019-05-15 16:15,134,31,103,0,0,0
2019-05-15 16:30,162,74,88,0,0,0
2019-05-15 16:45,112,16,96,0,0,0
2019-05-15 17:00,99,2,97,0,0,0
2019-05-15 17:15,192,97,95,0,0,0
2019-05-15 17:30,112,20,92,0,0,0
2019-05-15 17:45,177,48,129,0,0,0
2019-05-15 18:00,140,17,123,0,0,0
2019-05-15 18:15,145,55,90,0,0,0
2019-05-15 18:30,105,21,84,0,0,0
2019-05-15 18:45,145,55,90,0,0,0
2019-05-15 19:00,144,69,75,0,0,0
2019-05-15 19:15,90,13,77,0,0,0
2019-05-15 19:30,72,15,57,0,0,0
2019-05-15 19:45,76,0,76,0,0,0
2019-05-15 20:00,98,39,59,0,0,0
2019-05-15 20:15,66,25,41,0,0,0
2019-05-15 20:30,46,11,35,0,0,0
2019-05-15 20:45,44,1,43,0,0,0
2019-05-15 21:00,63,16,47,0,0,0
2019-05-15 21:15,66,24,42,0,0,0
2019-05-15 21:30,64,25,39,0,0,0
2019-05-15 21:45,78,39,39,0,0,0
2019-05-15 22:00,49,17,32,0,0,0
2019-05-15 22:15,55,28,27,0,0,0
2019-05-15 22:30,61,24,37,0,0,0
2019-05-15 22:45,55,18,37,0,0,0
2019-05-15 23:00,46,19,27,0,0,0
2019-05-15 23:15,34,18,16,0,0,0
2019-05-15 23:30,30,20,10,0,0,0
2019-05-15 23:45,25,10,15,0,0,0
2019-05-16 00:00,13,5,8,0,0,0
2019-05-16 00:15,20,9,11,0,0,0
2019-05-16 00:30,39,33,6,0,0,0
2019-05-16 00:45,9,6,3,0,0,0
2019-05-16 01:00,7,3,4,0,0,0
2019-05-16 01:15,16,9,7,0,0,0
2019-05-16 01:30,5,2,3,0,0,0
2019-05-16 01:45,13,10,3,0,0,0
2019-05-16 02:00,9,3,6,0,0,0
2019-05-16 02:15,6,1,5,0,0,0
2019-05-16 02:30,8,3,5,0,0,0
2019-05-16 02:45,9,1,8,0,0,0
2019-05-16 03:00,5,0,5,0,0,0
2019-05-16 03:15,2,0,2,0,0,0
2019-05-16 03:30,5,2,3,0,0,0
2019-05-16 03:45,4,1,3,0,0,0
2019-05-16 04:00,1,1,0,0,0,0
2019-05-16 04:15,2,0,2,0,0,0
2019-05-16 04:30,1,0,1,0,0,0
2019-05-16 04:45,1,0,1,0,0,0
2019-05-16 05:00,2,0,2,0,0,0
2019-05-16 05:15,3,2,1,0,0,0
2019-05-16 05:30,13,10,3,0,0,0
2019-05-16 05:45,13,5,8,0,0,0
2019-05-16 06:00,16,11,5,0,0,0
2019-05-16 06:15,12,4,8,0,0,0
2019-05-16 06:30,48,26,22,0,0,0
2019-05-16 06:45,73,54,19,0,0,0
2019-05-16 07:00,94,73,21,0,0,0
2019-05-16 07:15,151,115,36,0,0,0
2019-05-16 07:30,306,263,43,0,0,0
2019-05-16 07:45,239,173,66,0,0,0
2019-05-16 08:00,203,166,37,0,0,0
2019-05-16 08:15,141,109,32,0,0,0
2019-05-16 08:30,35,9,26,0,0,0
2019-05-16 08:45,161,112,49,0,0,0
2019-05-16 09:00,75,50,25,0,0,0
2019-05-16 09:15,118,87,31,0,0,0
2019-05-16 09:30,112,93,19,0,0,0
2019-05-16 09:45,161,124,37,0,0,0
2019-05-16 10:00,131,109,22,0,0,0
2019-05-16 10:15,80,53,27,0,0,0
2019-05-16 10:30,45,22,23,0,0,0
2019-05-16 10:45,90,64,26,0,0,0
2019-05-16 11:00,81,53,28,0,0,0
2019-05-16 11:15,69,37,32,0,0,0
2019-05-16 11:30,98,57,41,0,0,0
2019-05-16 11:45,140,101,39,0,0,0
2019-05-16 12:00,118,60,58,0,0,0
2019-05-16 12:15,105,57,48,0,0,0
2019-05-16 12:30,111,50,61,0,0,0
2019-05-16 12:45,77,34,43,0,0,0
2019-05-16 13:00,133,56,77,0,0,0
2019-05-16 13:15,112,63,49,0,0,0
2019-05-16 13:30,121,59,62,0,0,0
2019-05-16 13:45,158,80,78,0,0,0
2019-05-16 14:00,138,56,82,0,0,0
2019-05-16 14:15,108,53,55,0,0,0
2019-05-16 14:30,135,72,63,0,0,0
2019-05-16 14:45,156,78,78,0,0,0
2019-05-16 15:00,148,79,69,0,0,0
2019-05-16 15:15,100,49,51,0,0,0
2019-05-16 15:30,77,7,70,0,0,0
2019-05-16 15:45,212,106,106,0,0,0
2019-05-16 16:00,179,86,93,0,0,0
2019-05-16 16:15,83,0,83,0,0,0
2019-05-16 16:30,130,45,85,0,0,0
2019-05-16 16:45,180,106,74,0,0,0
2019-05-16 17:00,147,66,81,0,0,0
2019-05-16 17:15,161,68,93,0,0,0
2019-05-16 17:30,179,83,96,0,0,0
2019-05-16 17:45,105,0,105,0,0,0
2019-05-16 18:00,156,63,93,0,0,0
2019-05-16 18:15,171,86,85,0,0,0
2019-05-16 18:30,130,58,72,0,0,0
2019-05-16 18:45,110,37,73,0,0,0
2019-05-16 19:00,121,49,72,0,0,0
2019-05-16 19:15,55,10,45,0,0,0
2019-05-16 19:30,96,53,43,0,0,0
2019-05-16 19:45,124,52,72,0,0,0
2019-05-16 20:00,109,49,60,0,0,0
2019-05-16 20:15,59,20,39,0,0,0
2019-05-16 20:30,65,29,36,0,0,0
2019-05-16 20:45,57,32,25,0,0,0
2019-05-16 21:00,49,20,29,0,0,0
2019-05-16 21:15,45,19,26,0,0,0
2019-05-16 21:30,50,15,35,0,0,0
2019-05-16 21:45,46,18,28,0,0,0
2019-05-16 22:00,56,28,28,0,0,0
2019-05-16 22:15,31,2,29,0,0,0
2019-05-16 22:30,25,7,18,0,0,0
2019-05-16 22:45,35,10,25,0,0,0
2019-05-16 23:00,31,6,25,0,0,0
2019-05-16 23:15,19,8,11,0,0,0
2019-05-16 23:30,27,8,19,0,0,0
2019-05-16 23:45,15,9,6,0,0,0
2019-05-17 00:00,11,6,5,0,0,0
2019-05-17 00:15,6,3,3,0,0,0
2019-05-17 00:30,9,1,8,0,0,0
2019-05-17 00:45,4,2,2,0,0,0
2019-05-17 01:00,10,8,2,0,0,0
2019-05-17 01:15,2,0,2,0,0,0
2019-05-17 01:30,3,2,1,0,0,0
2019-05-17 01:45,3,2,1,0,0,0
2019-05-17 02:00,0,0,0,0,0,0
2019-05-17 02:15,4,0,4,0,0,0
2019-05-17 02:30,1,0,1,0,0,0
2019-05-17 02:45,1,1,0,0,0,0
2019-05-17 03:00,0,0,0,0,0,0
2019-05-17 03:15,2,1,1,0,0,0
2019-05-17 03:30,0,0,0,0,0,0
2019-05-17 03:45,1,0,1,0,0,0
2019-05-17 04:00,1,1,0,0,0,0
2019-05-17 04:15,1,1,0,0,0,0
2019-05-17 04:30,0,0,0,0,0,0
2019-05-17 04:45,0,0,0,0,0,0
2019-05-17 05:00,2,2,0,0,0,0
2019-05-17 05:15,4,2,2,0,0,0
2019-05-17 05:30,12,7,5,0,0,0
2019-05-17 05:45,11,6,5,0,0,0
2019-05-17 06:00,13,6,7,0,0,0
2019-05-17 06:15,31,20,11,0,0,0
2019-05-17 06:30,51,38,13,0,0,0
2019-05-17 06:45,65,46,19,0,0,0
2019-05-17 07:00,87,67,20,0,0,0
2019-05-17 07:15,106,69,37,0,0,0
2019-05-17 07:30,317,273,44,0,0,0
2019-05-17 07:45,207,159,48,0,0,0
2019-05-17 08:00,146,105,41,0,0,0
2019-05-17 08:15,113,94,19,0,0,0
2019-05-17 08:30,132,96,36,0,0,0
2019-05-17 08:45,158,131,27,0,0,0
2019-05-17 09:00,89,70,19,0,0,0
2019-05-17 09:15,114,91,23,0,0,0
2019-05-17 09:30,99,81,18,0,0,0
2019-05-17 09:45,156,121,35,0,0,0
2019-05-17 10:00,67,48,19,0,0,0
2019-05-17 10:15,101,77,24,0,0,0
2019-05-17 10:30,93,59,34,0,0,0
2019-05-17 10:45,57,19,38,0,0,0
2019-05-17 11:00,98,70,28,0,0,0
2019-05-17 11:15,104,65,39,0,0,0
2019-05-17 11:30,92,41,51,0,0,0
2019-05-17 11:45,113,62,51,0,0,0
2019-05-17 12:00,112,53,59,0,0,0
2019-05-17 12:15,111,57,54,0,0,0
2019-05-17 12:30,120,60,60,0,0,0
2019-05-17 12:45,70,8,62,0,0,0
2019-05-17 13:00,164,76,88,0,0,0
2019-05-17 13:15,152,60,92,0,0,0
2019-05-17 13:30,133,61,72,0,0,0
2019-05-17 13:45,149,62,87,0,0,0
2019-05-17 14:00,148,53,95,0,0,0
2019-05-17 14:15,107,50,57,0,0,0
2019-05-17 14:30,119,54,65,0,0,0
2019-05-17 14:45,146,80,66,0,0,0
2019-05-17 15:00,75,12,63,0,0,0
2019-05-17 15:15,124,69,55,0,0,0
2019-05-17 15:30,70,1,69,0,0,0
2019-05-17 15:45,123,57,66,0,0,0
2019-05-17 16:00,146,74,72,0,0,0
2019-05-17 16:15,165,98,67,0,0,0
2019-05-17 16:30,117,63,54,0,0,0
2019-05-17 16:45,138,73,65,0,0,0
2019-05-17 17:00,132,72,60,0,0,0
2019-05-17 17:15,131,62,69,0,0,0
2019-05-17 17:30,123,73,50,0,0,0
2019-05-17 17:45,139,66,73,0,0,0
2019-05-17 18:00,146,80,66,0,0,0
2019-05-17 18:15,127,53,74,0,0,0
2019-05-17 18:30,104,52,52,0,0,0
2019-05-17 18:45,85,8,77,0,0,0
2019-05-17 19:00,102,37,65,0,0,0
2019-05-17 19:15,112,57,55,0,0,0
2019-05-17 19:30,100,70,30,0,0,0
2019-05-17 19:45,113,71,42,0,0,0
2019-05-17 20:00,80,39,41,0,0,0
2019-05-17 20:15,83,40,43,0,0,0
2019-05-17 20:30,74,27,47,0,0,0
2019-05-17 20:45,48,26,22,0,0,0
2019-05-17 21:00,70,39,31,0,0,0
2019-05-17 21:15,61,33,28,0,0,0
2019-05-17 21:30,50,21,29,0,0,0
2019-05-17 21:45,54,27,27,0,0,0
2019-05-17 22:00,58,29,29,0,0,0
2019-05-17 22:15,63,39,24,0,0,0
2019-05-17 22:30,46,30,16,0,0,0
2019-05-17 22:45,43,25,18,0,0,0
2019-05-17 23:00,46,24,22,0,0,0
2019-05-17 23:15,17,7,10,0,0,0
2019-05-17 23:30,13,2,11,0,0,0
2019-05-17 23:45,22,7,15,0,0,0
2019-05-18 00:00,39,18,21,0,0,0
2019-05-18 00:15,31,12,19,0,0,0
2019-05-18 00:30,33,14,19,0,0,0
2019-05-18 00:45,28,11,17,0,0,0
2019-05-18 01:00,21,10,11,0,0,0
2019-05-18 01:15,26,10,16,0,0,0
2019-05-18 01:30,15,3,12,0,0,0
2019-05-18 01:45,33,16,17,0,0,0
2019-05-18 02:00,4,1,3,0,0,0
2019-05-18 02:15,11,2,9,0,0,0
2019-05-18 02:30,4,0,4,0,0,0
2019-05-18 02:45,4,0,4,0,0,0
2019-05-18 03:00,13,4,9,0,0,0
2019-05-18 03:15,12,8,4,0,0,0
2019-05-18 03:30,8,4,4,0,0,0
2019-05-18 03:45,2,2,0,0,0,0
2019-05-18 04:00,5,0,5,0,0,0
2019-05-18 04:15,6,0,6,0,0,0
2019-05-18 04:30,5,1,4,0,0,0
2019-05-18 04:45,6,4,2,0,0,0
2019-05-18 05:00,5,2,3,0,0,0
2019-05-18 05:15,5,3,2,0,0,0
2019-05-18 05:30,10,8,2,0,0,0
2019-05-18 05:45,8,7,1,0,0,0
2019-05-18 06:00,19,15,4,0,0,0
2019-05-18 06:15,11,8,3,0,0,0
2019-05-18 06:30,6,6,0,0,0,0
2019-05-18 06:45,15,13,2,0,0,0
2019-05-18 07:00,13,9,4,0,0,0
2019-05-18 07:15,34,27,7,0,0,0
2019-05-18 07:30,23,15,8,0,0,0
2019-05-18 07:45,64,53,11,0,0,0
2019-05-18 08:00,57,48,9,0,0,0
2019-05-18 08:15,56,38,18,0,0,0
2019-05-18 08:30,33,13,20,0,0,0
2019-05-18 08:45,84,52,32,0,0,0
2019-05-18 09:00,101,81,20,0,0,0
2019-05-18 09:15,101,77,24,0,0,0
2019-05-18 09:30,141,116,25,0,0,0
2019-05-18 09:45,148,111,37,0,0,0
2019-05-18 10:00,146,111,35,0,0,0
2019-05-18 10:15,123,85,38,0,0,0
2019-05-18 10:30,161,114,47,0,0,0
2019-05-18 10:45,205,151,54,0,0,0
2019-05-18 11:00,170,118,52,0,0,0
2019-05-18 11:15,171,117,54,0,0,0
2019-05-18 11:30,185,121,64,0,0,0
2019-05-18 11:45,186,130,56,0,0,0
2019-05-18 12:00,175,110,65,0,0,0
2019-05-18 12:15,209,140,69,0,0,0
2019-05-18 12:30,179,115,64,0,0,0
2019-05-18 12:45,198,104,94,0,0,0
2019-05-18 13:00,186,116,70,0,0,0
2019-05-18 13:15,195,107,88,0,0,0
2019-05-18 13:30,182,85,97,0,0,0
2019-05-18 13:45,167,54,113,0,0,0
2019-05-18 14:00,151,60,91,0,0,0
2019-05-18 14:15,128,28,100,0,0,0
2019-05-18 14:30,160,73,87,0,0,0
2019-05-18 14:45,122,43,79,0,0,0
2019-05-18 15:00,163,75,88,0,0,0
2019-05-18 15:15,171,70,101,0,0,0
2019-05-18 15:30,136,52,84,0,0,0
2019-05-18 15:45,118,57,61,0,0,0
2019-05-18 16:00,149,71,78,0,0,0
2019-05-18 16:15,80,3,77,0,0,0
2019-05-18 16:30,72,26,46,0,0,0
2019-05-18 16:45,106,31,75,0,0,0
2019-05-18 17:00,80,16,64,0,0,0
2019-05-18 17:15,100,31,69,0,0,0
2019-05-18 17:30,107,36,71,0,0,0
2019-05-18 17:45,132,67,65,0,0,0
2019-05-18 18:00,137,61,76,0,0,0
2019-05-18 18:15,103,52,51,0,0,0
2019-05-18 18:30,66,18,48,0,0,0
2019-05-18 18:45,79,29,50,0,0,0
2019-05-18 19:00,79,32,47,0,0,0
2019-05-18 19:15,96,47,49,0,0,0
2019-05-18 19:30,46,6,40,0,0,0
2019-05-18 19:45,87,44,43,0,0,0
2019-05-18 20:00,45,5,40,0,0,0
2019-05-18 20:15,23,2,21,0,0,0
2019-05-18 20:30,51,24,27,0,0,0
2019-05-18 20:45,64,36,28,0,0,0
2019-05-18 21:00,57,31,26,0,0,0
2019-05-18 21:15,69,40,29,0,0,0
2019-05-18 21:30,38,23,15,0,0,0
2019-05-18 21:45,19,4,15,0,0,0
2019-05-18 22:00,50,23,27,0,0,0
2019-05-18 22:15,49,27,22,0,0,0
2019-05-18 22:30,51,18,33,0,0,0
2019-05-18 22:45,31,21,10,0,0,0
2019-05-18 23:00,29,13,16,0,0,0
2019-05-18 23:15,23,4,19,0,0,0
2019-05-18 23:30,20,4,16,0,0,0
2019-05-18 23:45,23,12,11,0,0,0
2019-05-19 00:00,16,1,15,0,0,0
2019-05-19 00:15,34,12,22,0,0,0
2019-05-19 00:30,25,10,15,0,0,0
2019-05-19 00:45,28,10,18,0,0,0
2019-05-19 01:00,20,4,16,0,0,0
2019-05-19 01:15,37,18,19,0,0,0
2019-05-19 01:30,24,8,16,0,0,0
2019-05-19 01:45,19,10,9,0,0,0
2019-05-19 02:00,18,3,15,0,0,0
2019-05-19 02:15,6,3,3,0,0,0
2019-05-19 02:30,3,0,3,0,0,0
2019-05-19 02:45,12,4,8,0,0,0
2019-05-19 03:00,19,9,10,0,0,0
2019-05-19 03:15,19,5,14,0,0,0
2019-05-19 03:30,14,0,14,0,0,0
2019-05-19 03:45,7,0,7,0,0,0
2019-05-19 04:00,3,1,2,0,0,0
2019-05-19 04:15,3,0,3,0,0,0
2019-05-19 04:30,8,0,8,0,0,0
2019-05-19 04:45,4,1,3,0,0,0
2019-05-19 05:00,1,1,0,0,0,0
2019-05-19 05:15,6,2,4,0,0,0
2019-05-19 05:30,11,5,6,0,0,0
2019-05-19 05:45,5,0,5,0,0,0
2019-05-19 06:00,1,1,0,0,0,0
2019-05-19 06:15,9,3,6,0,0,0
2019-05-19 06:30,9,4,5,0,0,0
2019-05-19 06:45,7,5,2,0,0,0
2019-05-19 07:00,4,4,0,0,0,0
2019-05-19 07:15,10,4,6,0,0,0
2019-05-19 07:30,5,0,5,0,0,0
2019-05-19 07:45,4,4,0,0,0,0
2019-05-19 08:00,17,7,10,0,0,0
2019-05-19 08:15,23,18,5,0,0,0
2019-05-19 08:30,14,12,2,0,0,0
2019-05-19 08:45,14,11,3,0,0,0
2019-05-19 09:00,22,14,8,0,0,0
2019-05-19 09:15,27,17,10,0,0,0
2019-05-19 09:30,35,24,11,0,0,0
2019-05-19 09:45,64,51,13,0,0,0
2019-05-19 10:00,58,37,21,0,0,0
2019-05-19 10:15,26,6,20,0,0,0
2019-05-19 10:30,34,23,11,0,0,0
2019-05-19 10:45,58,42,16,0,0,0
2019-05-19 11:00,57,31,26,0,0,0
2019-05-19 11:15,61,43,18,0,0,0
2019-05-19 11:30,59,37,22,0,0,0
2019-05-19 11:45,62,40,22,0,0,0
2019-05-19 12:00,64,38,26,0,0,0
2019-05-19 12:15,70,36,34,0,0,0
2019-05-19 12:30,95,57,38,0,0,0
2019-05-19 12:45,72,33,39,0,0,0
2019-05-19 13:00,27,0,27,0,0,0
2019-05-19 13:15,74,39,35,0,0,0
2019-05-19 13:30,79,55,24,0,0,0
2019-05-19 13:45,76,24,52,0,0,0
2019-05-19 14:00,56,20,36,0,0,0
2019-05-19 14:15,29,6,23,0,0,0
2019-05-19 14:30,33,0,33,0,0,0
2019-05-19 14:45,46,6,40,0,0,0
2019-05-19 15:00,43,15,28,0,0,0
2019-05-19 15:15,35,4,31,0,0,0
2019-05-19 15:30,97,42,55,0,0,0
2019-05-19 15:45,67,38,29,0,0,0
2019-05-19 16:00,73,50,23,0,0,0
2019-05-19 16:15,47,12,35,0,0,0
2019-05-19 16:30,42,2,40,0,0,0
2019-05-19 16:45,33,10,23,0,0,0
2019-05-19 17:00,33,4,29,0,0,0
2019-05-19 17:15,59,36,23,0,0,0
2019-05-19 17:30,73,45,28,0,0,0
2019-05-19 17:45,67,39,28,0,0,0
2019-05-19 18:00,99,62,37,0,0,0
2019-05-19 18:15,25,1,24,0,0,0
2019-05-19 18:30,43,29,14,0,0,0
2019-05-19 18:45,56,25,31,0,0,0
2019-05-19 19:00,25,4,21,0,0,0
2019-05-19 19:15,35,19,16,0,0,0
2019-05-19 19:30,37,13,24,0,0,0
2019-05-19 19:45,47,22,25,0,0,0
2019-05-19 20:00,39,15,24,0,0,0
2019-05-19 20:15,31,13,18,0,0,0
2019-05-19 20:30,33,17,16,0,0,0
2019-05-19 20:45,23,9,14,0,0,0
2019-05-19 21:00,40,20,20,0,0,0
2019-05-19 21:15,24,8,16,0,0,0
2019-05-19 21:30,24,14,10,0,0,0
2019-05-19 21:45,24,3,21,0,0,0
2019-05-19 22:00,25,8,17,0,0,0
2019-05-19 22:15,16,6,10,0,0,0
2019-05-19 22:30,22,7,15,0,0,0
2019-05-19 22:45,28,14,14,0,0,0
2019-05-19 23:00,18,5,13,0,0,0
2019-05-19 23:15,9,7,2,0,0,0
2019-05-19 23:30,7,2,5,0,0,0
2019-05-19 23:45,4,4,0,0,0,0
2019-05-20 00:00,3,1,2,0,0,0
2019-05-20 00:15,3,1,2,0,0,0
2019-05-20 00:30,3,2,1,0,0,0
2019-05-20 00:45,3,2,1,0,0,0
2019-05-20 01:00,1,0,1,0,0,0
2019-05-20 01:15,2,0,2,0,0,0
2019-05-20 01:30,4,2,2,0,0,0
2019-05-20 01:45,4,4,0,0,0,0
2019-05-20 02:00,0,0,0,0,0,0
2019-05-20 02:15,2,1,1,0,0,0
2019-05-20 02:30,1,1,0,0,0,0
2019-05-20 02:45,0,0,0,0,0,0
2019-05-20 03:00,0,0,0,0,0,0
2019-05-20 03:15,2,2,0,0,0,0
2019-05-20 03:30,1,1,0,0,0,0
2019-05-20 03:45,3,3,0,0,0,0
2019-05-20 04:00,0,0,0,0,0,0
2019-05-20 04:15,2,1,1,0,0,0
2019-05-20 04:30,2,2,0,0,0,0
2019-05-20 04:45,1,0,1,0,0,0
2019-05-20 05:00,3,2,1,0,0,0
2019-05-20 05:15,5,4,1,0,0,0
2019-05-20 05:30,14,7,7,0,0,0
2019-05-20 05:45,11,4,7,0,0,0
2019-05-20 06:00,16,11,5,0,0,0
2019-05-20 06:15,37,18,19,0,0,0
2019-05-20 06:30,56,29,27,0,0,0
2019-05-20 06:45,71,53,18,0,0,0
2019-05-20 07:00,100,77,23,0,0,0
2019-05-20 07:15,173,137,36,0,0,0
2019-05-20 07:30,306,261,45,0,0,0
2019-05-20 07:45,217,150,67,0,0,0
2019-05-20 08:00,195,154,41,0,0,0
2019-05-20 08:15,46,10,36,0,0,0
2019-05-20 08:30,151,115,36,0,0,0
2019-05-20 08:45,149,103,46,0,0,0
2019-05-20 09:00,113,87,26,0,0,0
2019-05-20 09:15,19,1,18,0,0,0
2019-05-20 09:30,29,0,29,0,0,0
2019-05-20 09:45,25,1,24,0,0,0
2019-05-20 10:00,32,2,30,0,0,0
2019-05-20 10:15,65,41,24,0,0,0
2019-05-20 10:30,58,27,31,0,0,0
2019-05-20 10:45,50,14,36,0,0,0
2019-05-20 11:00,46,11,35,0,0,0
2019-05-20 11:15,103,63,40,0,0,0
2019-05-20 11:30,41,14,27,0,0,0
2019-05-20 11:45,111,84,27,0,0,0
2019-05-20 12:00,139,76,63,0,0,0
2019-05-20 12:15,103,61,42,0,0,0
2019-05-20 12:30,101,23,78,0,0,0
2019-05-20 12:45,72,32,40,0,0,0
2019-05-20 13:00,129,66,63,0,0,0
2019-05-20 13:15,114,49,65,0,0,0
2019-05-20 13:30,55,1,54,0,0,0
2019-05-20 13:45,84,28,56,0,0,0
2019-05-20 14:00,122,25,97,0,0,0
2019-05-20 14:15,68,8,60,0,0,0
2019-05-20 14:30,50,0,50,0,0,0
2019-05-20 14:45,58,2,56,0,0,0
2019-05-20 15:00,129,72,57,0,0,0
2019-05-20 15:15,82,20,62,0,0,0
2019-05-20 15:30,103,10,93,0,0,0
2019-05-20 15:45,89,4,85,0,0,0
2019-05-20 16:00,66,0,66,0,0,0
2019-05-20 16:15,83,5,78,0,0,0
2019-05-20 16:30,93,35,58,0,0,0
2019-05-20 16:45,127,48,79,0,0,0
2019-05-20 17:00,86,4,82,0,0,0
2019-05-20 17:15,158,60,98,0,0,0
2019-05-20 17:30,84,5,79,0,0,0
2019-05-20 17:45,168,45,123,0,0,0
2019-05-20 18:00,131,22,109,0,0,0
2019-05-20 18:15,148,52,96,0,0,0
2019-05-20 18:30,98,26,72,0,0,0
2019-05-20 18:45,60,0,60,0,0,0
2019-05-20 19:00,79,10,69,0,0,0
2019-05-20 19:15,106,41,65,0,0,0
2019-05-20 19:30,101,38,63,0,0,0
2019-05-20 19:45,90,15,75,0,0,0
2019-05-20 20:00,58,0,58,0,0,0
2019-05-20 20:15,58,15,43,0,0,0
2019-05-20 20:30,55,23,32,0,0,0
2019-05-20 20:45,47,22,25,0,0,0
2019-05-20 21:00,46,17,29,0,0,0
2019-05-20 21:15,60,18,42,0,0,0
2019-05-20 21:30,52,16,36,0,0,0
2019-05-20 21:45,41,8,33,0,0,0
2019-05-20 22:00,48,26,22,0,0,0
2019-05-20 22:15,44,17,27,0,0,0
2019-05-20 22:30,35,16,19,0,0,0
2019-05-20 22:45,32,18,14,0,0,0
2019-05-20 23:00,15,4,11,0,0,0
2019-05-20 23:15,17,7,10,0,0,0
2019-05-20 23:30,16,0,16,0,0,0
2019-05-20 23:45,7,1,6,0,0,0
2019-05-21 00:00,18,3,15,0,0,0
2019-05-21 00:15,14,7,7,0,0,0
2019-05-21 00:30,7,1,6,0,0,0
2019-05-21 00:45,6,1,5,0,0,0
2019-05-21 01:00,6,0,6,0,0,0
2019-05-21 01:15,3,0,3,0,0,0
2019-05-21 01:30,2,0,2,0,0,0
2019-05-21 01:45,4,2,2,0,0,0
2019-05-21 02:00,3,1,2,0,0,0
2019-05-21 02:15,1,0,1,0,0,0
2019-05-21 02:30,1,0,1,0,0,0
2019-05-21 02:45,3,1,2,0,0,0
2019-05-21 03:00,0,0,0,0,0,0
2019-05-21 03:15,0,0,0,0,0,0
2019-05-21 03:30,1,1,0,0,0,0
2019-05-21 03:45,0,0,0,0,0,0
2019-05-21 04:00,0,0,0,0,0,0
2019-05-21 04:15,3,2,1,0,0,0
2019-05-21 04:30,0,0,0,0,0,0
2019-05-21 04:45,0,0,0,0,0,0
2019-05-21 05:00,1,0,1,0,0,0
2019-05-21 05:15,3,3,0,0,0,0
2019-05-21 05:30,14,5,9,0,0,0
2019-05-21 05:45,14,9,5,0,0,0
2019-05-21 06:00,18,11,7,0,0,0
2019-05-21 06:15,24,14,10,0,0,0
2019-05-21 06:30,36,22,14,0,0,0
2019-05-21 06:45,33,18,15,0,0,0
2019-05-21 07:00,81,66,15,0,0,0
2019-05-21 07:15,70,35,35,0,0,0
2019-05-21 07:30,187,134,53,0,0,0
2019-05-21 07:45,74,13,61,0,0,0
2019-05-21 08:00,93,53,40,0,0,0
2019-05-21 08:15,60,26,34,0,0,0
2019-05-21 08:30,102,66,36,0,0,0
2019-05-21 08:45,134,95,39,0,0,0
2019-05-21 09:00,106,82,24,0,0,0
2019-05-21 09:15,97,71,26,0,0,0
2019-05-21 09:30,77,58,19,0,0,0
2019-05-21 09:45,128,103,25,0,0,0
2019-05-21 10:00,115,89,26,0,0,0
2019-05-21 10:15,83,55,28,0,0,0
2019-05-21 10:30,73,47,26,0,0,0
2019-05-21 10:45,93,61,32,0,0,0
2019-05-21 11:00,31,8,23,0,0,0
2019-05-21 11:15,29,4,25,0,0,0
2019-05-21 11:30,90,54,36,0,0,0
2019-05-21 11:45,69,32,37,0,0,0
2019-05-21 12:00,116,56,60,0,0,0
2019-05-21 12:15,90,46,44,0,0,0
2019-05-21 12:30,99,46,53,0,0,0
2019-05-21 12:45,52,8,44,0,0,0
2019-05-21 13:00,116,43,73,0,0,0
2019-05-21 13:15,91,33,58,0,0,0
2019-05-21 13:30,92,45,47,0,0,0
2019-05-21 13:45,127,74,53,0,0,0
2019-05-21 14:00,89,18,71,0,0,0
2019-05-21 14:15,60,2,58,0,0,0
2019-05-21 14:30,64,28,36,0,0,0
2019-05-21 14:45,62,17,45,0,0,0
2019-05-21 15:00,126,61,65,0,0,0
2019-05-21 15:15,96,36,60,0,0,0
2019-05-21 15:30,165,78,87,0,0,0
2019-05-21 15:45,179,90,89,0,0,0
2019-05-21 16:00,184,99,85,0,0,0
2019-05-21 16:15,81,7,74,0,0,0
2019-05-21 16:30,86,5,81,0,0,0
2019-05-21 16:45,66,7,59,0,0,0
2019-05-21 17:00,172,73,99,0,0,0
2019-05-21 17:15,154,77,77,0,0,0
2019-05-21 17:30,165,82,83,0,0,0
2019-05-21 17:45,191,101,90,0,0,0
2019-05-21 18:00,190,93,97,0,0,0
2019-05-21 18:15,169,89,80,0,0,0
2019-05-21 18:30,132,53,79,0,0,0
2019-05-21 18:45,139,74,65,0,0,0
2019-05-21 19:00,137,64,73,0,0,0
2019-05-21 19:15,144,48,96,0,0,0
2019-05-21 19:30,112,45,67,0,0,0
2019-05-21 19:45,121,53,68,0,0,0
2019-05-21 20:00,99,44,55,0,0,0
2019-05-21 20:15,82,32,50,0,0,0
2019-05-21 20:30,56,14,42,0,0,0
2019-05-21 20:45,63,33,30,0,0,0
2019-05-21 21:00,49,20,29,0,0,0
2019-05-21 21:15,70,34,36,0,0,0
2019-05-21 21:30,67,24,43,0,0,0
2019-05-21 21:45,45,18,27,0,0,0
2019-05-21 22:00,53,23,30,0,0,0
2019-05-21 22:15,45,20,25,0,0,0
2019-05-21 22:30,59,20,39,0,0,0
2019-05-21 22:45,40,19,21,0,0,0
2019-05-21 23:00,19,11,8,0,0,0
2019-05-21 23:15,17,9,8,0,0,0
2019-05-21 23:30,6,2,4,0,0,0
2019-05-21 23:45,11,4,7,0,0,0
2019-05-22 00:00,21,11,10,0,0,0
2019-05-22 00:15,14,9,5,0,0,0
2019-05-22 00:30,5,2,3,0,0,0
2019-05-22 00:45,9,6,3,0,0,0
2019-05-22 01:00,3,0,3,0,0,0
2019-05-22 01:15,1,0,1,0,0,0
2019-05-22 01:30,5,3,2,0,0,0
2019-05-22 01:45,2,1,1,0,0,0
2019-05-22 02:00,1,1,0,0,0,0
2019-05-22 02:15,4,2,2,0,0,0
2019-05-22 02:30,2,2,0,0,0,0
2019-05-22 02:45,4,0,4,0,0,0
2019-05-22 03:00,2,2,0,0,0,0
2019-05-22 03:15,0,0,0,0,0,0
2019-05-22 03:30,2,2,0,0,0,0
2019-05-22 03:45,1,0,1,0,0,0
2019-05-22 04:00,1,1,0,0,0,0
2019-05-22 04:15,1,0,1,0,0,0
2019-05-22 04:30,1,1,0,0,0,0
2019-05-22 04:45,1,1,0,0,0,0
2019-05-22 05:00,1,0,1,0,0,0
2019-05-22 05:15,7,5,2,0,0,0
2019-05-22 05:30,18,7,11,0,0,0
2019-05-22 05:45,20,9,11,0,0,0
2019-05-22 06:00,14,7,7,0,0,0
2019-05-22 06:15,26,11,15,0,0,0
2019-05-22 06:30,54,31,23,0,0,0
2019-05-22 06:45,67,48,19,0,0,0
2019-05-22 07:00,91,62,29,0,0,0
2019-05-22 07:15,166,133,33,0,0,0
2019-05-22 07:30,282,234,48,0,0,0
2019-05-22 07:45,281,196,85,0,0,0
2019-05-22 08:00,195,156,39,0,0,0
2019-05-22 08:15,184,148,36,0,0,0
2019-05-22 08:30,156,118,38,0,0,0
2019-05-22 08:45,158,124,34,0,0,0
2019-05-22 09:00,124,93,31,0,0,0
2019-05-22 09:15,131,98,33,0,0,0
2019-05-22 09:30,114,87,27,0,0,0
2019-05-22 09:45,191,159,32,0,0,0
2019-05-22 10:00,170,127,43,0,0,0
2019-05-22 10:15,108,80,28,0,0,0
2019-05-22 10:30,126,90,36,0,0,0
2019-05-22 10:45,115,81,34,0,0,0
2019-05-22 11:00,143,100,43,0,0,0
2019-05-22 11:15,126,90,36,0,0,0
2019-05-22 11:30,105,74,31,0,0,0
2019-05-22 11:45,160,106,54,0,0,0
2019-05-22 12:00,159,101,58,0,0,0
2019-05-22 12:15,152,71,81,0,0,0
2019-05-22 12:30,147,79,68,0,0,0
2019-05-22 12:45,140,60,80,0,0,0
2019-05-22 13:00,150,84,66,0,0,0
2019-05-22 13:15,146,66,80,0,0,0
2019-05-22 13:30,140,70,70,0,0,0
2019-05-22 13:45,145,67,78,0,0,0
2019-05-22 14:00,153,72,81,0,0,0
2019-05-22 14:15,152,70,82,0,0,0
2019-05-22 14:30,87,14,73,0,0,0
2019-05-22 14:45,148,83,65,0,0,0
2019-05-22 15:00,155,81,74,0,0,0
2019-05-22 15:15,157,78,79,0,0,0
2019-05-22 15:30,164,91,73,0,0,0
2019-05-22 15:45,120,9,111,0,0,0
2019-05-22 16:00,113,1,112,0,0,0
2019-05-22 16:15,116,13,103,0,0,0
2019-05-22 16:30,198,117,81,0,0,0
2019-05-22 16:45,192,96,96,0,0,0
2019-05-22 17:00,183,98,85,0,0,0
2019-05-22 17:15,187,92,95,0,0,0
2019-05-22 17:30,105,15,90,0,0,0
2019-05-22 17:45,152,24,128,0,0,0
2019-05-22 18:00,197,89,108,0,0,0
2019-05-22 18:15,196,97,99,0,0,0
2019-05-22 18:30,152,83,69,0,0,0
2019-05-22 18:45,170,75,95,0,0,0
2019-05-22 19:00,137,55,82,0,0,0
2019-05-22 19:15,126,62,64,0,0,0
2019-05-22 19:30,75,16,59,0,0,0
2019-05-22 19:45,125,72,53,0,0,0
2019-05-22 20:00,85,14,71,0,0,0
2019-05-22 20:15,83,37,46,0,0,0
2019-05-22 20:30,83,33,50,0,0,0
2019-05-22 20:45,77,34,43,0,0,0
2019-05-22 21:00,83,40,43,0,0,0
2019-05-22 21:15,99,37,62,0,0,0
2019-05-22 21:30,91,47,44,0,0,0
2019-05-22 21:45,59,28,31,0,0,0
2019-05-22 22:00,70,43,27,0,0,0
2019-05-22 22:15,72,25,47,0,0,0
2019-05-22 22:30,52,16,36,0,0,0
2019-05-22 22:45,40,12,28,0,0,0
2019-05-22 23:00,44,20,24,0,0,0
2019-05-22 23:15,29,11,18,0,0,0
2019-05-22 23:30,39,13,26,0,0,0
2019-05-22 23:45,30,20,10,0,0,0
2019-05-23 00:00,29,15,14,0,0,0
2019-05-23 00:15,19,12,7,0,0,0
2019-05-23 00:30,13,1,12,0,0,0
2019-05-23 00:45,8,2,6,0,0,0
2019-05-23 01:00,5,1,4,0,0,0
2019-05-23 01:15,11,1,10,0,0,0
2019-05-23 01:30,9,3,6,0,0,0
2019-05-23 01:45,4,2,2,0,0,0
2019-05-23 02:00,7,0,7,0,0,0
2019-05-23 02:15,6,1,5,0,0,0
2019-05-23 02:30,0,0,0,0,0,0
2019-05-23 02:45,9,2,7,0,0,0
2019-05-23 03:00,9,3,6,0,0,0
2019-05-23 03:15,9,1,8,0,0,0
2019-05-23 03:30,8,3,5,0,0,0
2019-05-23 03:45,5,0,5,0,0,0
2019-05-23 04:00,3,3,0,0,0,0
2019-05-23 04:15,1,0,1,0,0,0
2019-05-23 04:30,0,0,0,0,0,0
2019-05-23 04:45,4,0,4,0,0,0
2019-05-23 05:00,1,1,0,0,0,0
2019-05-23 05:15,6,3,3,0,0,0
2019-05-23 05:30,11,4,7,0,0,0
2019-05-23 05:45,19,6,13,0,0,0
2019-05-23 06:00,16,11,5,0,0,0
2019-05-23 06:15,32,20,12,0,0,0
2019-05-23 06:30,51,33,18,0,0,0
2019-05-23 06:45,75,56,19,0,0,0
2019-05-23 07:00,96,72,24,0,0,0
2019-05-23 07:15,198,163,35,0,0,0
2019-05-23 07:30,305,252,53,0,0,0
2019-05-23 07:45,235,169,66,0,0,0
2019-05-23 08:00,195,160,35,0,0,0
2019-05-23 08:15,186,145,41,0,0,0
2019-05-23 08:30,163,128,35,0,0,0
2019-05-23 08:45,185,142,43,0,0,0
2019-05-23 09:00,53,19,34,0,0,0
2019-05-23 09:15,115,88,27,0,0,0
2019-05-23 09:30,108,80,28,0,0,0
2019-05-23 09:45,57,28,29,0,0,0
2019-05-23 10:00,42,4,38,0,0,0
2019-05-23 10:15,24,0,24,0,0,0
2019-05-23 10:30,83,56,27,0,0,0
2019-05-23 10:45,41,12,29,0,0,0
2019-05-23 11:00,74,43,31,0,0,0
2019-05-23 11:15,40,4,36,0,0,0
2019-05-23 11:30,66,10,56,0,0,0
2019-05-23 11:45,69,21,48,0,0,0
2019-05-23 12:00,117,50,67,0,0,0
2019-05-23 12:15,93,39,54,0,0,0
2019-05-23 12:30,59,2,57,0,0,0
2019-05-23 12:45,68,14,54,0,0,0
2019-05-23 13:00,83,14,69,0,0,0
2019-05-23 13:15,136,69,67,0,0,0
2019-05-23 13:30,101,43,58,0,0,0
2019-05-23 13:45,179,95,84,0,0,0
2019-05-23 14:00,202,88,114,0,0,0
2019-05-23 14:15,100,17,83,0,0,0
2019-05-23 14:30,118,48,70,0,0,0
2019-05-23 14:45,88,4,84,0,0,0
2019-05-23 15:00,95,33,62,0,0,0
2019-05-23 15:15,86,6,80,0,0,0
2019-05-23 15:30,159,73,86,0,0,0
2019-05-23 15:45,121,10,111,0,0,0
2019-05-23 16:00,233,123,110,0,0,0
2019-05-23 16:15,130,15,115,0,0,0
2019-05-23 16:30,210,109,101,0,0,0
2019-05-23 16:45,195,94,101,0,0,0
2019-05-23 17:00,225,124,101,0,0,0
2019-05-23 17:15,191,102,89,0,0,0
2019-05-23 17:30,205,112,93,0,0,0
2019-05-23 17:45,223,121,102,0,0,0
2019-05-23 18:00,182,90,92,0,0,0
2019-05-23 18:15,108,5,103,0,0,0
2019-05-23 18:30,126,36,90,0,0,0
2019-05-23 18:45,184,98,86,0,0,0
2019-05-23 19:00,160,85,75,0,0,0
2019-05-23 19:15,55,2,53,0,0,0
2019-05-23 19:30,121,66,55,0,0,0
2019-05-23 19:45,142,66,76,0,0,0
2019-05-23 20:00,133,69,64,0,0,0
2019-05-23 20:15,104,49,55,0,0,0
2019-05-23 20:30,60,23,37,0,0,0
2019-05-23 20:45,80,27,53,0,0,0
2019-05-23 21:00,68,29,39,0,0,0
2019-05-23 21:15,70,27,43,0,0,0
2019-05-23 21:30,78,36,42,0,0,0
2019-05-23 21:45,54,22,32,0,0,0
2019-05-23 22:00,63,29,34,0,0,0
2019-05-23 22:15,72,34,38,0,0,0
2019-05-23 22:30,77,37,40,0,0,0
2019-05-23 22:45,44,13,31,0,0,0
2019-05-23 23:00,47,18,29,0,0,0
2019-05-23 23:15,40,14,26,0,0,0
2019-05-23 23:30,41,12,29,0,0,0
2019-05-23 23:45,28,11,17,0,0,0
2019-05-24 00:00,18,4,14,0,0,0
2019-05-24 00:15,20,8,12,0,0,0
2019-05-24 00:30,10,1,9,0,0,0
2019-05-24 00:45,14,0,14,0,0,0
2019-05-24 01:00,8,3,5,0,0,0
2019-05-24 01:15,14,3,11,0,0,0
2019-05-24 01:30,7,1,6,0,0,0
2019-05-24 01:45,4,3,1,0,0,0
2019-05-24 02:00,3,1,2,0,0,0
2019-05-24 02:15,3,1,2,0,0,0
2019-05-24 02:30,7,2,5,0,0,0
2019-05-24 02:45,1,0,1,0,0,0
2019-05-24 03:00,2,2,0,0,0,0
2019-05-24 03:15,0,0,0,0,0,0
2019-05-24 03:30,9,7,2,0,0,0
2019-05-24 03:45,2,2,0,0,0,0
2019-05-24 04:00,1,1,0,0,0,0
2019-05-24 04:15,4,0,4,0,0,0
2019-05-24 04:30,1,0,1,0,0,0
2019-05-24 04:45,1,0,1,0,0,0
2019-05-24 05:00,3,1,2,0,0,0
2019-05-24 05:15,7,4,3,0,0,0
2019-05-24 05:30,8,5,3,0,0,0
2019-05-24 05:45,11,2,9,0,0,0
2019-05-24 06:00,18,12,6,0,0,0
2019-05-24 06:15,36,30,6,0,0,0
2019-05-24 06:30,31,9,22,0,0,0
2019-05-24 06:45,26,9,17,0,0,0
2019-05-24 07:00,24,5,19,0,0,0
2019-05-24 07:15,137,99,38,0,0,0
2019-05-24 07:30,316,268,48,0,0,0
2019-05-24 07:45,202,161,41,0,0,0
2019-05-24 08:00,176,140,36,0,0,0
2019-05-24 08:15,45,8,37,0,0,0
2019-05-24 08:30,132,92,40,0,0,0
2019-05-24 08:45,43,0,43,0,0,0
2019-05-24 09:00,115,95,20,0,0,0
2019-05-24 09:15,93,68,25,0,0,0
2019-05-24 09:30,134,97,37,0,0,0
2019-05-24 09:45,100,67,33,0,0,0
2019-05-24 10:00,66,34,32,0,0,0
2019-05-24 10:15,136,96,40,0,0,0
2019-05-24 10:30,106,69,37,0,0,0
2019-05-24 10:45,121,71,50,0,0,0
2019-05-24 11:00,126,76,50,0,0,0
2019-05-24 11:15,109,68,41,0,0,0
2019-05-24 11:30,61,5,56,0,0,0
2019-05-24 11:45,105,48,57,0,0,0
2019-05-24 12:00,109,55,54,0,0,0
2019-05-24 12:15,116,60,56,0,0,0
2019-05-24 12:30,124,34,90,0,0,0
2019-05-24 12:45,165,67,98,0,0,0
2019-05-24 13:00,136,34,102,0,0,0
2019-05-24 13:15,188,75,113,0,0,0
2019-05-24 13:30,120,45,75,0,0,0
2019-05-24 13:45,189,81,108,0,0,0
2019-05-24 14:00,161,76,85,0,0,0
2019-05-24 14:15,130,40,90,0,0,0
2019-05-24 14:30,165,68,97,0,0,0
2019-05-24 14:45,105,24,81,0,0,0
2019-05-24 15:00,88,5,83,0,0,0
2019-05-24 15:15,73,2,71,0,0,0
2019-05-24 15:30,108,30,78,0,0,0
2019-05-24 15:45,88,2,86,0,0,0
2019-05-24 16:00,98,16,82,0,0,0
2019-05-24 16:15,107,23,84,0,0,0
2019-05-24 16:30,124,49,75,0,0,0
2019-05-24 16:45,93,2,91,0,0,0
2019-05-24 17:00,165,90,75,0,0,0
2019-05-24 17:15,133,58,75,0,0,0
2019-05-24 17:30,137,78,59,0,0,0
2019-05-24 17:45,95,19,76,0,0,0
2019-05-24 18:00,85,8,77,0,0,0
2019-05-24 18:15,160,82,78,0,0,0
2019-05-24 18:30,79,7,72,0,0,0
2019-05-24 18:45,68,6,62,0,0,0
2019-05-24 19:00,148,61,87,0,0,0
2019-05-24 19:15,101,40,61,0,0,0
2019-05-24 19:30,116,66,50,0,0,0
2019-05-24 19:45,120,58,62,0,0,0
2019-05-24 20:00,71,19,52,0,0,0
2019-05-24 20:15,108,47,61,0,0,0
2019-05-24 20:30,67,40,27,0,0,0
2019-05-24 20:45,43,20,23,0,0,0
2019-05-24 21:00,59,32,27,0,0,0
2019-05-24 21:15,89,43,46,0,0,0
2019-05-24 21:30,57,26,31,0,0,0
2019-05-24 21:45,78,32,46,0,0,0
2019-05-24 22:00,78,26,52,0,0,0
2019-05-24 22:15,54,27,27,0,0,0
2019-05-24 22:30,63,35,28,0,0,0
2019-05-24 22:45,57,27,30,0,0,0
2019-05-24 23:00,67,32,35,0,0,0
2019-05-24 23:15,55,25,30,0,0,0
2019-05-24 23:30,37,10,27,0,0,0
2019-05-24 23:45,44,20,24,0,0,0
2019-05-25 00:00,55,28,27,0,0,0
2019-05-25 00:15,42,20,22,0,0,0
2019-05-25 00:30,38,15,23,0,0,0
2019-05-25 00:45,23,6,17,0,0,0
2019-05-25 01:00,12,7,5,0,0,0
2019-05-25 01:15,24,8,16,0,0,0
2019-05-25 01:30,16,11,5,0,0,0
2019-05-25 01:45,14,4,10,0,0,0
2019-05-25 02:00,17,3,14,0,0,0
2019-05-25 02:15,12,4,8,0,0,0
2019-05-25 02:30,15,4,11,0,0,0
2019-05-25 02:45,11,1,10,0,0,0
2019-05-25 03:00,13,1,12,0,0,0
2019-05-25 03:15,12,3,9,0,0,0
2019-05-25 03:30,6,2,4,0,0,0
2019-05-25 03:45,5,2,3,0,0,0
2019-05-25 04:00,4,0,4,0,0,0
2019-05-25 04:15,6,0,6,0,0,0
2019-05-25 04:30,2,0,2,0,0,0
2019-05-25 04:45,3,2,1,0,0,0
2019-05-25 05:00,4,3,1,0,0,0
2019-05-25 05:15,4,2,2,0,0,0
2019-05-25 05:30,7,3,4,0,0,0
2019-05-25 05:45,10,5,5,0,0,0
2019-05-25 06:00,11,7,4,0,0,0
2019-05-25 06:15,11,8,3,0,0,0
2019-05-25 06:30,8,4,4,0,0,0
2019-05-25 06:45,16,9,7,0,0,0
2019-05-25 07:00,15,9,6,0,0,0
2019-05-25 07:15,23,14,9,0,0,0
2019-05-25 07:30,25,16,9,0,0,0
2019-05-25 07:45,44,32,12,0,0,0
2019-05-25 08:00,33,23,10,0,0,0
2019-05-25 08:15,39,28,11,0,0,0
2019-05-25 08:30,20,6,14,0,0,0
2019-05-25 08:45,70,49,21,0,0,0
2019-05-25 09:00,54,40,14,0,0,0
2019-05-25 09:15,89,56,33,0,0,0
2019-05-25 09:30,82,70,12,0,0,0
2019-05-25 09:45,25,2,23,0,0,0
2019-05-25 10:00,44,19,25,0,0,0
2019-05-25 10:15,51,16,35,0,0,0
2019-05-25 10:30,109,82,27,0,0,0
2019-05-25 10:45,67,30,37,0,0,0
2019-05-25 11:00,182,135,47,0,0,0
2019-05-25 11:15,119,63,56,0,0,0
2019-05-25 11:30,158,107,51,0,0,0
2019-05-25 11:45,181,118,63,0,0,0
2019-05-25 12:00,155,99,56,0,0,0
2019-05-25 12:15,80,28,52,0,0,0
2019-05-25 12:30,150,94,56,0,0,0
2019-05-25 12:45,145,91,54,0,0,0
2019-05-25 13:00,87,20,67,0,0,0
2019-05-25 13:15,180,103,77,0,0,0
2019-05-25 13:30,153,81,72,0,0,0
2019-05-25 13:45,186,106,80,0,0,0
2019-05-25 14:00,190,101,89,0,0,0
2019-05-25 14:15,146,63,83,0,0,0
2019-05-25 14:30,151,59,92,0,0,0
2019-05-25 14:45,180,84,96,0,0,0
2019-05-25 15:00,151,64,87,0,0,0
2019-05-25 15:15,159,77,82,0,0,0
2019-05-25 15:30,119,60,59,0,0,0
2019-05-25 15:45,114,56,58,0,0,0
2019-05-25 16:00,140,78,62,0,0,0
2019-05-25 16:15,144,78,66,0,0,0
2019-05-25 16:30,53,2,51,0,0,0
2019-05-25 16:45,57,0,57,0,0,0
2019-05-25 17:00,105,53,52,0,0,0
2019-05-25 17:15,118,73,45,0,0,0
2019-05-25 17:30,126,77,49,0,0,0
2019-05-25 17:45,58,1,57,0,0,0
2019-05-25 18:00,126,46,80,0,0,0
2019-05-25 18:15,129,63,66,0,0,0
2019-05-25 18:30,87,45,42,0,0,0
2019-05-25 18:45,132,75,57,0,0,0
2019-05-25 19:00,58,5,53,0,0,0
2019-05-25 19:15,137,92,45,0,0,0
2019-05-25 19:30,58,20,38,0,0,0
2019-05-25 19:45,79,35,44,0,0,0
2019-05-25 20:00,45,2,43,0,0,0
2019-05-25 20:15,105,65,40,0,0,0
2019-05-25 20:30,73,45,28,0,0,0
2019-05-25 20:45,68,45,23,0,0,0
2019-05-25 21:00,76,57,19,0,0,0
2019-05-25 21:15,28,10,18,0,0,0
2019-05-25 21:30,50,22,28,0,0,0
2019-05-25 21:45,37,17,20,0,0,0
2019-05-25 22:00,43,17,26,0,0,0
2019-05-25 22:15,44,30,14,0,0,0
2019-05-25 22:30,75,36,39,0,0,0
2019-05-25 22:45,60,19,41,0,0,0
2019-05-25 23:00,76,28,48,0,0,0
2019-05-25 23:15,46,23,23,0,0,0
2019-05-25 23:30,45,16,29,0,0,0
2019-05-25 23:45,39,8,31,0,0,0
2019-05-26 00:00,65,16,49,0,0,0
2019-05-26 00:15,72,17,55,0,0,0
2019-05-26 00:30,55,12,43,0,0,0
2019-05-26 00:45,39,14,25,0,0,0
2019-05-26 01:00,47,11,36,0,0,0
2019-05-26 01:15,44,13,31,0,0,0
2019-05-26 01:30,42,8,34,0,0,0
2019-05-26 01:45,29,4,25,0,0,0
2019-05-26 02:00,25,5,20,0,0,0
2019-05-26 02:15,23,4,19,0,0,0
2019-05-26 02:30,29,4,25,0,0,0
2019-05-26 02:45,14,0,14,0,0,0
2019-05-26 03:00,26,2,24,0,0,0
2019-05-26 03:15,22,1,21,0,0,0
2019-05-26 03:30,23,7,16,0,0,0
2019-05-26 03:45,6,3,3,0,0,0
2019-05-26 04:00,14,1,13,0,0,0
2019-05-26 04:15,12,4,8,0,0,0
2019-05-26 04:30,5,0,5,0,0,0
2019-05-26 04:45,4,0,4,0,0,0
2019-05-26 05:00,3,1,2,0,0,0
2019-05-26 05:15,3,2,1,0,0,0
2019-05-26 05:30,3,1,2,0,0,0
2019-05-26 05:45,7,3,4,0,0,0
2019-05-26 06:00,6,5,1,0,0,0
2019-05-26 06:15,5,2,3,0,0,0
2019-05-26 06:30,5,3,2,0,0,0
2019-05-26 06:45,8,5,3,0,0,0
2019-05-26 07:00,7,4,3,0,0,0
2019-05-26 07:15,6,2,4,0,0,0
2019-05-26 07:30,8,5,3,0,0,0
2019-05-26 07:45,11,5,6,0,0,0
2019-05-26 08:00,7,5,2,0,0,0
2019-05-26 08:15,14,13,1,0,0,0
2019-05-26 08:30,11,10,1,0,0,0
2019-05-26 08:45,22,13,9,0,0,0
2019-05-26 09:00,24,16,8,0,0,0
2019-05-26 09:15,35,23,12,0,0,0
2019-05-26 09:30,37,26,11,0,0,0
2019-05-26 09:45,53,43,10,0,0,0
2019-05-26 10:00,46,32,14,0,0,0
2019-05-26 10:15,50,33,17,0,0,0
2019-05-26 10:30,52,31,21,0,0,0
2019-05-26 10:45,49,29,20,0,0,0
2019-05-26 11:00,37,15,22,0,0,0
2019-05-26 11:15,60,37,23,0,0,0
2019-05-26 11:30,37,23,14,0,0,0
2019-05-26 11:45,68,42,26,0,0,0
2019-05-26 12:00,56,43,13,0,0,0
2019-05-26 12:15,44,33,11,0,0,0
2019-05-26 12:30,65,24,41,0,0,0
2019-05-26 12:45,78,41,37,0,0,0
2019-05-26 13:00,53,23,30,0,0,0
2019-05-26 13:15,66,34,32,0,0,0
2019-05-26 13:30,60,23,37,0,0,0
2019-05-26 13:45,90,60,30,0,0,0
2019-05-26 14:00,41,14,27,0,0,0
2019-05-26 14:15,71,47,24,0,0,0
2019-05-26 14:30,101,64,37,0,0,0
2019-05-26 14:45,89,45,44,0,0,0
2019-05-26 15:00,83,58,25,0,0,0
2019-05-26 15:15,82,57,25,0,0,0
2019-05-26 15:30,84,42,42,0,0,0
2019-05-26 15:45,99,63,36,0,0,0
2019-05-26 16:00,83,35,48,0,0,0
2019-05-26 16:15,86,60,26,0,0,0
2019-05-26 16:30,78,44,34,0,0,0
2019-05-26 16:45,31,6,25,0,0,0
2019-05-26 17:00,38,1,37,0,0,0
2019-05-26 17:15,35,1,34,0,0,0
2019-05-26 17:30,72,44,28,0,0,0
2019-05-26 17:45,93,38,55,0,0,0
2019-05-26 18:00,76,36,40,0,0,0
2019-05-26 18:15,92,53,39,0,0,0
2019-05-26 18:30,32,3,29,0,0,0
2019-05-26 18:45,38,0,38,0,0,0
2019-05-26 19:00,18,0,18,0,0,0
2019-05-26 19:15,36,4,32,0,0,0
2019-05-26 19:30,33,3,30,0,0,0
2019-05-26 19:45,65,28,37,0,0,0
2019-05-26 20:00,61,32,29,0,0,0
2019-05-26 20:15,19,0,19,0,0,0
2019-05-26 20:30,29,0,29,0,0,0
2019-05-26 20:45,42,23,19,0,0,0
2019-05-26 21:00,28,9,19,0,0,0
2019-05-26 21:15,24,9,15,0,0,0
2019-05-26 21:30,18,10,8,0,0,0
2019-05-26 21:45,17,13,4,0,0,0
2019-05-26 22:00,19,11,8,0,0,0
2019-05-26 22:15,38,21,17,0,0,0
2019-05-26 22:30,27,10,17,0,0,0
2019-05-26 22:45,14,6,8,0,0,0
2019-05-26 23:00,17,9,8,0,0,0
2019-05-26 23:15,13,7,6,0,0,0
2019-05-26 23:30,18,10,8,0,0,0
2019-05-26 23:45,8,3,5,0,0,0
2019-05-27 00:00,13,8,5,0,0,0
2019-05-27 00:15,5,0,5,0,0,0
2019-05-27 00:30,11,7,4,0,0,0
2019-05-27 00:45,5,2,3,0,0,0
2019-05-27 01:00,5,0,5,0,0,0
2019-05-27 01:15,4,1,3,0,0,0
2019-05-27 01:30,5,2,3,0,0,0
2019-05-27 01:45,4,1,3,0,0,0
2019-05-27 02:00,2,1,1,0,0,0
2019-05-27 02:15,2,1,1,0,0,0
2019-05-27 02:30,0,0,0,0,0,0
2019-05-27 02:45,2,0,2,0,0,0
2019-05-27 03:00,0,0,0,0,0,0
2019-05-27 03:15,0,0,0,0,0,0
2019-05-27 03:30,1,0,1,0,0,0
2019-05-27 03:45,1,0,1,0,0,0
2019-05-27 04:00,0,0,0,0,0,0
2019-05-27 04:15,2,2,0,0,0,0
2019-05-27 04:30,0,0,0,0,0,0
2019-05-27 04:45,0,0,0,0,0,0
2019-05-27 05:00,2,1,1,0,0,0
2019-05-27 05:15,8,6,2,0,0,0
2019-05-27 05:30,14,11,3,0,0,0
2019-05-27 05:45,16,10,6,0,0,0
2019-05-27 06:00,19,11,8,0,0,0
2019-05-27 06:15,28,19,9,0,0,0
2019-05-27 06:30,52,22,30,0,0,0
2019-05-27 06:45,76,51,25,0,0,0
2019-05-27 07:00,76,54,22,0,0,0
2019-05-27 07:15,110,70,40,0,0,0
2019-05-27 07:30,294,236,58,0,0,0
2019-05-27 07:45,253,179,74,0,0,0
2019-05-27 08:00,90,49,41,0,0,0
2019-05-27 08:15,165,129,36,0,0,0
2019-05-27 08:30,145,105,40,0,0,0
2019-05-27 08:45,170,135,35,0,0,0
2019-05-27 09:00,127,93,34,0,0,0
2019-05-27 09:15,126,93,33,0,0,0
2019-05-27 09:30,112,91,21,0,0,0
2019-05-27 09:45,167,137,30,0,0,0
2019-05-27 10:00,128,96,32,0,0,0
2019-05-27 10:15,104,74,30,0,0,0
2019-05-27 10:30,72,54,18,0,0,0
2019-05-27 10:45,97,65,32,0,0,0
2019-05-27 11:00,110,70,40,0,0,0
2019-05-27 11:15,113,66,47,0,0,0
2019-05-27 11:30,96,66,30,0,0,0
2019-05-27 11:45,118,71,47,0,0,0
2019-05-27 12:00,127,82,45,0,0,0
2019-05-27 12:15,110,65,45,0,0,0
2019-05-27 12:30,107,54,53,0,0,0
2019-05-27 12:45,112,66,46,0,0,0
2019-05-27 13:00,119,66,53,0,0,0
2019-05-27 13:15,114,46,68,0,0,0
2019-05-27 13:30,122,65,57,0,0,0
2019-05-27 13:45,83,1,82,0,0,0
2019-05-27 14:00,84,12,72,0,0,0
2019-05-27 14:15,105,51,54,0,0,0
2019-05-27 14:30,55,0,55,0,0,0
2019-05-27 14:45,84,17,67,0,0,0
2019-05-27 15:00,109,43,66,0,0,0
2019-05-27 15:15,132,62,70,0,0,0
2019-05-27 15:30,107,7,100,0,0,0
2019-05-27 15:45,107,29,78,0,0,0
2019-05-27 16:00,94,0,94,0,0,0
2019-05-27 16:15,117,19,98,0,0,0
2019-05-27 16:30,112,27,85,0,0,0
2019-05-27 16:45,148,52,96,0,0,0
2019-05-27 17:00,101,4,97,0,0,0
2019-05-27 17:15,187,82,105,0,0,0
2019-05-27 17:30,191,109,82,0,0,0
2019-05-27 17:45,122,3,119,0,0,0
2019-05-27 18:00,153,79,74,0,0,0
2019-05-27 18:15,119,40,79,0,0,0
2019-05-27 18:30,156,70,86,0,0,0
2019-05-27 18:45,93,5,88,0,0,0
2019-05-27 19:00,107,36,71,0,0,0
2019-05-27 19:15,151,66,85,0,0,0
2019-05-27 19:30,98,49,49,0,0,0
2019-05-27 19:45,129,61,68,0,0,0
2019-05-27 20:00,93,37,56,0,0,0
2019-05-27 20:15,76,38,38,0,0,0
2019-05-27 20:30,52,24,28,0,0,0
2019-05-27 20:45,54,17,37,0,0,0
2019-05-27 21:00,58,22,36,0,0,0
2019-05-27 21:15,59,32,27,0,0,0
2019-05-27 21:30,62,27,35,0,0,0
2019-05-27 21:45,63,22,41,0,0,0
2019-05-27 22:00,45,16,29,0,0,0
2019-05-27 22:15,42,19,23,0,0,0
2019-05-27 22:30,30,15,15,0,0,0
2019-05-27 22:45,30,6,24,0,0,0
2019-05-27 23:00,30,12,18,0,0,0
2019-05-27 23:15,29,6,23,0,0,0
2019-05-27 23:30,13,0,13,0,0,0
2019-05-27 23:45,13,4,9,0,0,0
2019-05-28 00:00,6,1,5,0,0,0
2019-05-28 00:15,9,0,9,0,0,0
2019-05-28 00:30,7,0,7,0,0,0
2019-05-28 00:45,3,0,3,0,0,0
2019-05-28 01:00,14,2,12,0,0,0
2019-05-28 01:15,2,1,1,0,0,0
2019-05-28 01:30,1,0,1,0,0,0
2019-05-28 01:45,4,1,3,0,0,0
2019-05-28 02:00,3,1,2,0,0,0
2019-05-28 02:15,1,1,0,0,0,0
2019-05-28 02:30,1,0,1,0,0,0
2019-05-28 02:45,7,5,2,0,0,0
2019-05-28 03:00,1,0,1,0,0,0
2019-05-28 03:15,2,0,2,0,0,0
2019-05-28 03:30,1,1,0,0,0,0
2019-05-28 03:45,0,0,0,0,0,0
2019-05-28 04:00,1,0,1,0,0,0
2019-05-28 04:15,0,0,0,0,0,0
2019-05-28 04:30,1,0,1,0,0,0
2019-05-28 04:45,1,0,1,0,0,0
2019-05-28 05:00,1,1,0,0,0,0
2019-05-28 05:15,5,4,1,0,0,0
2019-05-28 05:30,13,9,4,0,0,0
2019-05-28 05:45,9,0,9,0,0,0
2019-05-28 06:00,24,17,7,0,0,0
2019-05-28 06:15,30,21,9,0,0,0
2019-05-28 06:30,49,34,15,0,0,0
2019-05-28 06:45,65,46,19,0,0,0
2019-05-28 07:00,20,2,18,0,0,0
2019-05-28 07:15,38,3,35,0,0,0
2019-05-28 07:30,74,32,42,0,0,0
2019-05-28 07:45,56,8,48,0,0,0
2019-05-28 08:00,45,17,28,0,0,0
2019-05-28 08:15,130,96,34,0,0,0
2019-05-28 08:30,57,29,28,0,0,0
2019-05-28 08:45,53,26,27,0,0,0
2019-05-28 09:00,35,16,19,0,0,0
2019-05-28 09:15,87,56,31,0,0,0
2019-05-28 09:30,59,37,22,0,0,0
2019-05-28 09:45,32,6,26,0,0,0
2019-05-28 10:00,135,105,30,0,0,0
2019-05-28 10:15,78,56,22,0,0,0
2019-05-28 10:30,81,53,28,0,0,0
2019-05-28 10:45,56,34,22,0,0,0
2019-05-28 11:00,32,2,30,0,0,0
2019-05-28 11:15,47,16,31,0,0,0
2019-05-28 11:30,59,31,28,0,0,0
2019-05-28 11:45,82,53,29,0,0,0
2019-05-28 12:00,53,8,45,0,0,0
2019-05-28 12:15,75,39,36,0,0,0
2019-05-28 12:30,98,43,55,0,0,0
2019-05-28 12:45,51,11,40,0,0,0
2019-05-28 13:00,109,51,58,0,0,0
2019-05-28 13:15,111,46,65,0,0,0
2019-05-28 13:30,108,61,47,0,0,0
2019-05-28 13:45,139,85,54,0,0,0
2019-05-28 14:00,136,63,73,0,0,0
2019-05-28 14:15,94,48,46,0,0,0
2019-05-28 14:30,92,52,40,0,0,0
2019-05-28 14:45,135,71,64,0,0,0
2019-05-28 15:00,125,64,61,0,0,0
2019-05-28 15:15,97,52,45,0,0,0
2019-05-28 15:30,115,61,54,0,0,0
2019-05-28 15:45,160,100,60,0,0,0
2019-05-28 16:00,141,74,67,0,0,0
2019-05-28 16:15,126,61,65,0,0,0
2019-05-28 16:30,134,65,69,0,0,0
2019-05-28 16:45,80,14,66,0,0,0
2019-05-28 17:00,135,68,67,0,0,0
2019-05-28 17:15,158,74,84,0,0,0
2019-05-28 17:30,159,78,81,0,0,0
2019-05-28 17:45,171,84,87,0,0,0
2019-05-28 18:00,164,84,80,0,0,0
2019-05-28 18:15,153,74,79,0,0,0
2019-05-28 18:30,111,45,66,0,0,0
2019-05-28 18:45,128,71,57,0,0,0
2019-05-28 19:00,110,57,53,0,0,0
2019-05-28 19:15,85,39,46,0,0,0
2019-05-28 19:30,107,60,47,0,0,0
2019-05-28 19:45,73,0,73,0,0,0
2019-05-28 20:00,92,33,59,0,0,0
2019-05-28 20:15,68,31,37,0,0,0
2019-05-28 20:30,41,17,24,0,0,0
2019-05-28 20:45,53,20,33,0,0,0
2019-05-28 21:00,47,22,25,0,0,0
2019-05-28 21:15,38,13,25,0,0,0
2019-05-28 21:30,43,15,28,0,0,0
2019-05-28 21:45,45,19,26,0,0,0
2019-05-28 22:00,49,16,33,0,0,0
2019-05-28 22:15,33,11,22,0,0,0
2019-05-28 22:30,41,18,23,0,0,0
2019-05-28 22:45,34,12,22,0,0,0
2019-05-28 23:00,36,12,24,0,0,0
2019-05-28 23:15,20,14,6,0,0,0
2019-05-28 23:30,28,17,11,0,0,0
2019-05-28 23:45,20,9,11,0,0,0
2019-05-29 00:00,14,7,7,0,0,0
2019-05-29 00:15,8,5,3,0,0,0
2019-05-29 00:30,9,5,4,0,0,0
2019-05-29 00:45,11,6,5,0,0,0
2019-05-29 01:00,3,2,1,0,0,0
2019-05-29 01:15,6,1,5,0,0,0
2019-05-29 01:30,2,2,0,0,0,0
2019-05-29 01:45,7,5,2,0,0,0
2019-05-29 02:00,1,0,1,0,0,0
2019-05-29 02:15,2,0,2,0,0,0
2019-05-29 02:30,1,0,1,0,0,0
2019-05-29 02:45,2,0,2,0,0,0
2019-05-29 03:00,3,2,1,0,0,0
2019-05-29 03:15,2,0,2,0,0,0
2019-05-29 03:30,1,1,0,0,0,0
2019-05-29 03:45,0,0,0,0,0,0
2019-05-29 04:00,2,2,0,0,0,0
2019-05-29 04:15,1,0,1,0,0,0
2019-05-29 04:30,0,0,0,0,0,0
2019-05-29 04:45,1,0,1,0,0,0
2019-05-29 05:00,5,4,1,0,0,0
2019-05-29 05:15,3,3,0,0,0,0
2019-05-29 05:30,14,10,4,0,0,0
2019-05-29 05:45,13,5,8,0,0,0
2019-05-29 06:00,25,18,7,0,0,0
2019-05-29 06:15,27,14,13,0,0,0
2019-05-29 06:30,52,35,17,0,0,0
2019-05-29 06:45,54,28,26,0,0,0
2019-05-29 07:00,91,60,31,0,0,0
2019-05-29 07:15,184,147,37,0,0,0
2019-05-29 07:30,79,12,67,0,0,0
2019-05-29 07:45,84,5,79,0,0,0
2019-05-29 08:00,59,14,45,0,0,0
2019-05-29 08:15,41,6,35,0,0,0
2019-05-29 08:30,155,106,49,0,0,0
2019-05-29 08:45,73,31,42,0,0,0
2019-05-29 09:00,87,51,36,0,0,0
2019-05-29 09:15,82,58,24,0,0,0
2019-05-29 09:30,99,69,30,0,0,0
2019-05-29 09:45,39,7,32,0,0,0
2019-05-29 10:00,52,9,43,0,0,0
2019-05-29 10:15,89,48,41,0,0,0
2019-05-29 10:30,77,35,42,0,0,0
2019-05-29 10:45,59,11,48,0,0,0
2019-05-29 11:00,54,19,35,0,0,0
2019-05-29 11:15,59,4,55,0,0,0
2019-05-29 11:30,52,5,47,0,0,0
2019-05-29 11:45,180,96,84,0,0,0
2019-05-29 12:00,142,75,67,0,0,0
2019-05-29 12:15,76,17,59,0,0,0
2019-05-29 12:30,129,48,81,0,0,0
2019-05-29 12:45,125,41,84,0,0,0
2019-05-29 13:00,110,3,107,0,0,0
2019-05-29 13:15,142,43,99,0,0,0
2019-05-29 13:30,62,0,62,0,0,0
2019-05-29 13:45,91,0,91,0,0,0
2019-05-29 14:00,114,1,113,0,0,0
2019-05-29 14:15,76,3,73,0,0,0
2019-05-29 14:30,99,0,99,0,0,0
2019-05-29 14:45,153,69,84,0,0,0
2019-05-29 15:00,72,0,72,0,0,0
2019-05-29 15:15,76,0,76,0,0,0
2019-05-29 15:30,105,0,105,0,0,0
2019-05-29 15:45,166,67,99,0,0,0
2019-05-29 16:00,138,12,126,0,0,0
2019-05-29 16:15,108,21,87,0,0,0
2019-05-29 16:30,111,14,97,0,0,0
2019-05-29 16:45,100,15,85,0,0,0
2019-05-29 17:00,94,0,94,0,0,0
2019-05-29 17:15,118,1,117,0,0,0
2019-05-29 17:30,132,30,102,0,0,0
2019-05-29 17:45,119,7,112,0,0,0
2019-05-29 18:00,99,1,98,0,0,0
2019-05-29 18:15,132,23,109,0,0,0
2019-05-29 18:30,87,12,75,0,0,0
2019-05-29 18:45,85,0,85,0,0,0
2019-05-29 19:00,82,2,80,0,0,0
2019-05-29 19:15,74,7,67,0,0,0
2019-05-29 19:30,77,15,62,0,0,0
2019-05-29 19:45,67,1,66,0,0,0
2019-05-29 20:00,70,4,66,0,0,0
2019-05-29 20:15,86,37,49,0,0,0
2019-05-29 20:30,44,1,43,0,0,0
2019-05-29 20:45,54,6,48,0,0,0
2019-05-29 21:00,49,20,29,0,0,0
2019-05-29 21:15,75,46,29,0,0,0
2019-05-29 21:30,45,0,45,0,0,0
2019-05-29 21:45,57,24,33,0,0,0
2019-05-29 22:00,30,2,28,0,0,0
2019-05-29 22:15,47,13,34,0,0,0
2019-05-29 22:30,42,1,41,0,0,0
2019-05-29 22:45,30,0,30,0,0,0
2019-05-29 23:00,30,4,26,0,0,0
2019-05-29 23:15,25,3,22,0,0,0
2019-05-29 23:30,33,7,26,0,0,0
2019-05-29 23:45,22,1,21,0,0,0
2019-05-30 00:00,53,25,28,0,0,0
2019-05-30 00:15,40,15,25,0,0,0
2019-05-30 00:30,28,10,18,0,0,0
2019-05-30 00:45,42,19,23,0,0,0
2019-05-30 01:00,35,13,22,0,0,0
2019-05-30 01:15,21,7,14,0,0,0
2019-05-30 01:30,16,5,11,0,0,0
2019-05-30 01:45,26,10,16,0,0,0
2019-05-30 02:00,25,7,18,0,0,0
2019-05-30 02:15,21,10,11,0,0,0
2019-05-30 02:30,20,7,13,0,0,0
2019-05-30 02:45,9,1,8,0,0,0
2019-05-30 03:00,22,4,18,0,0,0
2019-05-30 03:15,14,0,14,0,0,0
2019-05-30 03:30,10,3,7,0,0,0
2019-05-30 03:45,6,1,5,0,0,0
2019-05-30 04:00,9,5,4,0,0,0
2019-05-30 04:15,4,1,3,0,0,0
2019-05-30 04:30,4,2,2,0,0,0
2019-05-30 04:45,6,1,5,0,0,0
2019-05-30 05:00,0,0,0,0,0,0
2019-05-30 05:15,7,3,4,0,0,0
2019-05-30 05:30,14,8,6,0,0,0
2019-05-30 05:45,13,3,10,0,0,0
2019-05-30 06:00,1,0,1,0,0,0
2019-05-30 06:15,7,4,3,0,0,0
2019-05-30 06:30,6,3,3,0,0,0
2019-05-30 06:45,8,6,2,0,0,0
2019-05-30 07:00,5,2,3,0,0,0
2019-05-30 07:15,4,2,2,0,0,0
2019-05-30 07:30,6,4,2,0,0,0
2019-05-30 07:45,6,0,6,0,0,0
2019-05-30 08:00,12,7,5,0,0,0
2019-05-30 08:15,16,9,7,0,0,0
2019-05-30 08:30,6,0,6,0,0,0
2019-05-30 08:45,32,21,11,0,0,0
2019-05-30 09:00,28,17,11,0,0,0
2019-05-30 09:15,33,23,10,0,0,0
2019-05-30 09:30,35,22,13,0,0,0
2019-05-30 09:45,21,12,9,0,0,0
2019-05-30 10:00,20,9,11,0,0,0
2019-05-30 10:15,35,23,12,0,0,0
2019-05-30 10:30,45,29,16,0,0,0
2019-05-30 10:45,54,36,18,0,0,0
2019-05-30 11:00,30,11,19,0,0,0
2019-05-30 11:15,10,0,10,0,0,0
2019-05-30 11:30,46,28,18,0,0,0
2019-05-30 11:45,44,17,27,0,0,0
2019-05-30 12:00,46,26,20,0,0,0
2019-05-30 12:15,21,2,19,0,0,0
2019-05-30 12:30,36,1,35,0,0,0
2019-05-30 12:45,29,6,23,0,0,0
2019-05-30 13:00,38,26,12,0,0,0
2019-05-30 13:15,70,47,23,0,0,0
2019-05-30 13:30,45,22,23,0,0,0
2019-05-30 13:45,55,29,26,0,0,0
2019-05-30 14:00,82,49,33,0,0,0
2019-05-30 14:15,44,19,25,0,0,0
2019-05-30 14:30,33,0,33,0,0,0
2019-05-30 14:45,36,0,36,0,0,0
2019-05-30 15:00,55,28,27,0,0,0
2019-05-30 15:15,23,2,21,0,0,0
2019-05-30 15:30,30,1,29,0,0,0
2019-05-30 15:45,31,2,29,0,0,0
2019-05-30 16:00,42,16,26,0,0,0
2019-05-30 16:15,40,4,36,0,0,0
2019-05-30 16:30,72,44,28,0,0,0
2019-05-30 16:45,53,11,42,0,0,0
2019-05-30 17:00,29,6,23,0,0,0
2019-05-30 17:15,49,14,35,0,0,0
2019-05-30 17:30,74,43,31,0,0,0
2019-05-30 17:45,79,45,34,0,0,0
2019-05-30 18:00,27,9,18,0,0,0
2019-05-30 18:15,42,14,28,0,0,0
2019-05-30 18:30,32,8,24,0,0,0
2019-05-30 18:45,42,7,35,0,0,0
2019-05-30 19:00,70,53,17,0,0,0
2019-05-30 19:15,72,45,27,0,0,0
2019-05-30 19:30,37,0,37,0,0,0
2019-05-30 19:45,53,33,20,0,0,0
2019-05-30 20:00,28,6,22,0,0,0
2019-05-30 20:15,50,21,29,0,0,0
2019-05-30 20:30,49,23,26,0,0,0
2019-05-30 20:45,45,27,18,0,0,0
2019-05-30 21:00,39,20,19,0,0,0
2019-05-30 21:15,17,8,9,0,0,0
2019-05-30 21:30,30,15,15,0,0,0
2019-05-30 21:45,31,17,14,0,0,0
2019-05-30 22:00,24,13,11,0,0,0
2019-05-30 22:15,30,7,23,0,0,0
2019-05-30 22:30,24,6,18,0,0,0
2019-05-30 22:45,11,2,9,0,0,0
2019-05-30 23:00,20,4,16,0,0,0
2019-05-30 23:15,19,6,13,0,0,0
2019-05-30 23:30,26,12,14,0,0,0
2019-05-30 23:45,14,9,5,0,0,0
2019-05-31 00:00,20,5,15,0,0,0
2019-05-31 00:15,21,10,11,0,0,0
2019-05-31 00:30,12,4,8,0,0,0
2019-05-31 00:45,11,1,10,0,0,0
2019-05-31 01:00,6,3,3,0,0,0
2019-05-31 01:15,7,2,5,0,0,0
2019-05-31 01:30,11,6,5,0,0,0
2019-05-31 01:45,5,2,3,0,0,0
2019-05-31 02:00,5,1,4,0,0,0
2019-05-31 02:15,2,0,2,0,0,0
2019-05-31 02:30,7,4,3,0,0,0
2019-05-31 02:45,0,0,0,0,0,0
2019-05-31 03:00,3,3,0,0,0,0
2019-05-31 03:15,0,0,0,0,0,0
2019-05-31 03:30,4,1,3,0,0,0
2019-05-31 03:45,1,0,1,0,0,0
2019-05-31 04:00,2,0,2,0,0,0
2019-05-31 04:15,2,2,0,0,0,0
2019-05-31 04:30,1,1,0,0,0,0
2019-05-31 04:45,0,0,0,0,0,0
2019-05-31 05:00,1,1,0,0,0,0
2019-05-31 05:15,6,4,2,0,0,0
2019-05-31 05:30,14,9,5,0,0,0
2019-05-31 05:45,10,5,5,0,0,0
2019-05-31 06:00,13,11,2,0,0,0
2019-05-31 06:15,16,11,5,0,0,0
2019-05-31 06:30,26,14,12,0,0,0
2019-05-31 06:45,36,24,12,0,0,0
2019-05-31 07:00,56,40,16,0,0,0
2019-05-31 07:15,51,34,17,0,0,0
2019-05-31 07:30,74,49,25,0,0,0
2019-05-31 07:45,47,11,36,0,0,0
2019-05-31 08:00,84,69,15,0,0,0
2019-05-31 08:15,60,41,19,0,0,0
2019-05-31 08:30,83,60,23,0,0,0
2019-05-31 08:45,106,79,27,0,0,0
2019-05-31 09:00,88,76,12,0,0,0
2019-05-31 09:15,78,61,17,0,0,0
2019-05-31 09:30,85,66,19,0,0,0
2019-05-31 09:45,154,123,31,0,0,0
2019-05-31 10:00,134,113,21,0,0,0
2019-05-31 10:15,117,92,25,0,0,0
2019-05-31 10:30,87,59,28,0,0,0
2019-05-31 10:45,50,19,31,0,0,0
2019-05-31 11:00,78,30,48,0,0,0
2019-05-31 11:15,108,72,36,0,0,0
2019-05-31 11:30,138,92,46,0,0,0
2019-05-31 11:45,52,7,45,0,0,0
2019-05-31 12:00,59,4,55,0,0,0
2019-05-31 12:15,73,20,53,0,0,0
2019-05-31 12:30,187,118,69,0,0,0
2019-05-31 12:45,136,71,65,0,0,0
2019-05-31 13:00,146,73,73,0,0,0
2019-05-31 13:15,65,0,65,0,0,0
2019-05-31 13:30,80,1,79,0,0,0
2019-05-31 13:45,70,4,66,0,0,0
2019-05-31 14:00,97,33,64,0,0,0
2019-05-31 14:15,107,29,78,0,0,0
2019-05-31 14:30,61,0,61,0,0,0
2019-05-31 14:45,68,15,53,0,0,0
2019-05-31 15:00,112,47,65,0,0,0
2019-05-31 15:15,98,27,71,0,0,0
2019-05-31 15:30,90,7,83,0,0,0
2019-05-31 15:45,152,83,69,0,0,0
2019-05-31 16:00,88,20,68,0,0,0
2019-05-31 16:15,68,0,68,0,0,0
2019-05-31 16:30,112,41,71,0,0,0
2019-05-31 16:45,108,25,83,0,0,0
2019-05-31 17:00,108,32,76,0,0,0
2019-05-31 17:15,188,96,92,0,0,0
2019-05-31 17:30,133,57,76,0,0,0
2019-05-31 17:45,112,33,79,0,0,0
2019-05-31 18:00,117,53,64,0,0,0
2019-05-31 18:15,135,65,70,0,0,0
2019-05-31 18:30,133,73,60,0,0,0
2019-05-31 18:45,166,104,62,0,0,0
2019-05-31 19:00,155,79,76,0,0,0
2019-05-31 19:15,51,0,51,0,0,0
2019-05-31 19:30,57,0,57,0,0,0
2019-05-31 19:45,77,27,50,0,0,0
2019-05-31 20:00,68,9,59,0,0,0
2019-05-31 20:15,52,11,41,0,0,0
2019-05-31 20:30,47,10,37,0,0,0
2019-05-31 20:45,61,17,44,0,0,0
2019-05-31 21:00,54,17,37,0,0,0
2019-05-31 21:15,38,16,22,0,0,0
2019-05-31 21:30,48,25,23,0,0,0
2019-05-31 21:45,54,27,27,0,0,0
2019-05-31 22:00,44,23,21,0,0,0
2019-05-31 22:15,41,10,31,0,0,0
2019-05-31 22:30,30,18,12,0,0,0
2019-05-31 22:45,30,9,21,0,0,0
2019-05-31 23:00,34,17,17,0,0,0
2019-05-31 23:15,20,1,19,0,0,0
2019-05-31 23:30,29,2,27,0,0,0
2019-05-31 23:45,37,16,21,0,0,0
