Datetime,100034983 (Warendorfer Straße),101034983 (Warendorfer Straße stadteinwärts),102034983 (Warendorfer Straße stadtauswärts),100034983-status,101034983-status,102034983-status
2022-07-01 00:00,13,3,10,0,0,0
2022-07-01 00:15,7,1,6,0,0,0
2022-07-01 00:30,11,3,8,0,0,0
2022-07-01 00:45,11,6,5,0,0,0
2022-07-01 01:00,13,8,5,0,0,0
2022-07-01 01:15,7,6,1,0,0,0
2022-07-01 01:30,2,0,2,0,0,0
2022-07-01 01:45,2,1,1,0,0,0
2022-07-01 02:00,4,1,3,0,0,0
2022-07-01 02:15,1,1,0,0,0,0
2022-07-01 02:30,4,2,2,0,0,0
2022-07-01 02:45,0,0,0,0,0,0
2022-07-01 03:00,3,2,1,0,0,0
2022-07-01 03:15,2,0,2,0,0,0
2022-07-01 03:30,0,0,0,0,0,0
2022-07-01 03:45,1,0,1,0,0,0
2022-07-01 04:00,0,0,0,0,0,0
2022-07-01 04:15,2,1,1,0,0,0
2022-07-01 04:30,0,0,0,0,0,0
2022-07-01 04:45,1,1,0,0,0,0
2022-07-01 05:00,1,1,0,0,0,0
2022-07-01 05:15,4,1,3,0,0,0
2022-07-01 05:30,11,9,2,0,0,0
2022-07-01 05:45,18,6,12,0,0,0
2022-07-01 06:00,12,6,6,0,0,0
2022-07-01 06:15,27,20,7,0,0,0
2022-07-01 06:30,29,20,9,0,0,0
2022-07-01 06:45,44,40,4,0,0,0
2022-07-01 07:00,61,43,18,0,0,0
2022-07-01 07:15,84,57,27,0,0,0
2022-07-01 07:30,103,73,30,0,0,0
2022-07-01 07:45,146,113,33,0,0,0
2022-07-01 08:00,120,97,23,0,0,0
2022-07-01 08:15,111,92,19,0,0,0
2022-07-01 08:30,105,79,26,0,0,0
2022-07-01 08:45,138,118,20,0,0,0
2022-07-01 09:00,99,76,23,0,0,0
2022-07-01 09:15,82,68,14,0,0,0
2022-07-01 09:30,119,90,29,0,0,0
2022-07-01 09:45,135,104,31,0,0,0
2022-07-01 10:00,92,71,21,0,0,0
2022-07-01 10:15,94,65,29,0,0,0
2022-07-01 10:30,99,63,36,0,0,0
2022-07-01 10:45,120,84,36,0,0,0
2022-07-01 11:00,96,61,35,0,0,0
2022-07-01 11:15,110,74,36,0,0,0
2022-07-01 11:30,120,89,31,0,0,0
2022-07-01 11:45,143,90,53,0,0,0
2022-07-01 12:00,136,79,57,0,0,0
2022-07-01 12:15,113,68,45,0,0,0
2022-07-01 12:30,121,76,45,0,0,0
2022-07-01 12:45,124,85,39,0,0,0
2022-07-01 13:00,132,84,48,0,0,0
2022-07-01 13:15,125,76,49,0,0,0
2022-07-01 13:30,119,79,40,0,0,0
2022-07-01 13:45,150,90,60,0,0,0
2022-07-01 14:00,152,93,59,0,0,0
2022-07-01 14:15,109,62,47,0,0,0
2022-07-01 14:30,134,83,51,0,0,0
2022-07-01 14:45,156,79,77,0,0,0
2022-07-01 15:00,152,80,72,0,0,0
2022-07-01 15:15,118,74,44,0,0,0
2022-07-01 15:30,150,94,56,0,0,0
2022-07-01 15:45,144,89,55,0,0,0
2022-07-01 16:00,155,76,79,0,0,0
2022-07-01 16:15,155,78,77,0,0,0
2022-07-01 16:30,118,61,57,0,0,0
2022-07-01 16:45,140,79,61,0,0,0
2022-07-01 17:00,159,89,70,0,0,0
2022-07-01 17:15,123,69,54,0,0,0
2022-07-01 17:30,117,66,51,0,0,0
2022-07-01 17:45,123,65,58,0,0,0
2022-07-01 18:00,104,55,49,0,0,0
2022-07-01 18:15,125,67,58,0,0,0
2022-07-01 18:30,122,72,50,0,0,0
2022-07-01 18:45,142,86,56,0,0,0
2022-07-01 19:00,80,46,34,0,0,0
2022-07-01 19:15,109,70,39,0,0,0
2022-07-01 19:30,82,54,28,0,0,0
2022-07-01 19:45,63,28,35,0,0,0
2022-07-01 20:00,80,34,46,0,0,0
2022-07-01 20:15,71,37,34,0,0,0
2022-07-01 20:30,65,37,28,0,0,0
2022-07-01 20:45,66,33,33,0,0,0
2022-07-01 21:00,46,27,19,0,0,0
2022-07-01 21:15,51,19,32,0,0,0
2022-07-01 21:30,49,17,32,0,0,0
2022-07-01 21:45,46,20,26,0,0,0
2022-07-01 22:00,53,17,36,0,0,0
2022-07-01 22:15,55,30,25,0,0,0
2022-07-01 22:30,40,16,24,0,0,0
2022-07-01 22:45,33,21,12,0,0,0
2022-07-01 23:00,37,16,21,0,0,0
2022-07-01 23:15,42,23,19,0,0,0
2022-07-01 23:30,37,16,21,0,0,0
2022-07-01 23:45,17,6,11,0,0,0
2022-07-02 00:00,22,5,17,0,0,0
2022-07-02 00:15,27,16,11,0,0,0
2022-07-02 00:30,27,8,19,0,0,0
2022-07-02 00:45,24,12,12,0,0,0
2022-07-02 01:00,16,4,12,0,0,0
2022-07-02 01:15,19,11,8,0,0,0
2022-07-02 01:30,13,2,11,0,0,0
2022-07-02 01:45,14,3,11,0,0,0
2022-07-02 02:00,5,1,4,0,0,0
2022-07-02 02:15,14,2,12,0,0,0
2022-07-02 02:30,16,6,10,0,0,0
2022-07-02 02:45,11,3,8,0,0,0
2022-07-02 03:00,14,4,10,0,0,0
2022-07-02 03:15,10,6,4,0,0,0
2022-07-02 03:30,7,3,4,0,0,0
2022-07-02 03:45,4,3,1,0,0,0
2022-07-02 04:00,8,3,5,0,0,0
2022-07-02 04:15,4,0,4,0,0,0
2022-07-02 04:30,5,1,4,0,0,0
2022-07-02 04:45,0,0,0,0,0,0
2022-07-02 05:00,1,0,1,0,0,0
2022-07-02 05:15,4,2,2,0,0,0
2022-07-02 05:30,12,8,4,0,0,0
2022-07-02 05:45,10,9,1,0,0,0
2022-07-02 06:00,15,10,5,0,0,0
2022-07-02 06:15,6,3,3,0,0,0
2022-07-02 06:30,9,5,4,0,0,0
2022-07-02 06:45,18,14,4,0,0,0
2022-07-02 07:00,13,10,3,0,0,0
2022-07-02 07:15,36,29,7,0,0,0
2022-07-02 07:30,31,20,11,0,0,0
2022-07-02 07:45,39,31,8,0,0,0
2022-07-02 08:00,39,27,12,0,0,0
2022-07-02 08:15,43,35,8,0,0,0
2022-07-02 08:30,49,39,10,0,0,0
2022-07-02 08:45,68,49,19,0,0,0
2022-07-02 09:00,75,64,11,0,0,0
2022-07-02 09:15,76,58,18,0,0,0
2022-07-02 09:30,99,78,21,0,0,0
2022-07-02 09:45,131,102,29,0,0,0
2022-07-02 10:00,125,100,25,0,0,0
2022-07-02 10:15,136,100,36,0,0,0
2022-07-02 10:30,135,94,41,0,0,0
2022-07-02 10:45,152,114,38,0,0,0
2022-07-02 11:00,117,83,34,0,0,0
2022-07-02 11:15,154,119,35,0,0,0
2022-07-02 11:30,148,96,52,0,0,0
2022-07-02 11:45,158,109,49,0,0,0
2022-07-02 12:00,165,106,59,0,0,0
2022-07-02 12:15,152,101,51,0,0,0
2022-07-02 12:30,144,75,69,0,0,0
2022-07-02 12:45,138,85,53,0,0,0
2022-07-02 13:00,152,84,68,0,0,0
2022-07-02 13:15,134,86,48,0,0,0
2022-07-02 13:30,136,78,58,0,0,0
2022-07-02 13:45,138,69,69,0,0,0
2022-07-02 14:00,153,95,58,0,0,0
2022-07-02 14:15,135,74,61,0,0,0
2022-07-02 14:30,102,51,51,0,0,0
2022-07-02 14:45,127,62,65,0,0,0
2022-07-02 15:00,158,83,75,0,0,0
2022-07-02 15:15,140,73,67,0,0,0
2022-07-02 15:30,116,62,54,0,0,0
2022-07-02 15:45,110,66,44,0,0,0
2022-07-02 16:00,123,61,62,0,0,0
2022-07-02 16:15,101,47,54,0,0,0
2022-07-02 16:30,108,55,53,0,0,0
2022-07-02 16:45,85,48,37,0,0,0
2022-07-02 17:00,115,54,61,0,0,0
2022-07-02 17:15,123,79,44,0,0,0
2022-07-02 17:30,117,59,58,0,0,0
2022-07-02 17:45,111,67,44,0,0,0
2022-07-02 18:00,112,60,52,0,0,0
2022-07-02 18:15,115,50,65,0,0,0
2022-07-02 18:30,72,48,24,0,0,0
2022-07-02 18:45,118,66,52,0,0,0
2022-07-02 19:00,87,48,39,0,0,0
2022-07-02 19:15,82,39,43,0,0,0
2022-07-02 19:30,77,48,29,0,0,0
2022-07-02 19:45,88,49,39,0,0,0
2022-07-02 20:00,96,53,43,0,0,0
2022-07-02 20:15,69,41,28,0,0,0
2022-07-02 20:30,69,34,35,0,0,0
2022-07-02 20:45,66,39,27,0,0,0
2022-07-02 21:00,61,42,19,0,0,0
2022-07-02 21:15,47,27,20,0,0,0
2022-07-02 21:30,35,22,13,0,0,0
2022-07-02 21:45,43,30,13,0,0,0
2022-07-02 22:00,41,22,19,0,0,0
2022-07-02 22:15,49,31,18,0,0,0
2022-07-02 22:30,24,14,10,0,0,0
2022-07-02 22:45,39,26,13,0,0,0
2022-07-02 23:00,49,21,28,0,0,0
2022-07-02 23:15,52,36,16,0,0,0
2022-07-02 23:30,37,19,18,0,0,0
2022-07-02 23:45,33,18,15,0,0,0
2022-07-03 00:00,40,19,21,0,0,0
2022-07-03 00:15,25,15,10,0,0,0
2022-07-03 00:30,36,14,22,0,0,0
2022-07-03 00:45,22,12,10,0,0,0
2022-07-03 01:00,21,9,12,0,0,0
2022-07-03 01:15,35,16,19,0,0,0
2022-07-03 01:30,10,6,4,0,0,0
2022-07-03 01:45,19,6,13,0,0,0
2022-07-03 02:00,8,2,6,0,0,0
2022-07-03 02:15,8,3,5,0,0,0
2022-07-03 02:30,13,6,7,0,0,0
2022-07-03 02:45,10,2,8,0,0,0
2022-07-03 03:00,9,3,6,0,0,0
2022-07-03 03:15,7,2,5,0,0,0
2022-07-03 03:30,9,2,7,0,0,0
2022-07-03 03:45,8,2,6,0,0,0
2022-07-03 04:00,5,1,4,0,0,0
2022-07-03 04:15,5,0,5,0,0,0
2022-07-03 04:30,5,2,3,0,0,0
2022-07-03 04:45,1,0,1,0,0,0
2022-07-03 05:00,2,0,2,0,0,0
2022-07-03 05:15,2,1,1,0,0,0
2022-07-03 05:30,7,3,4,0,0,0
2022-07-03 05:45,3,1,2,0,0,0
2022-07-03 06:00,6,2,4,0,0,0
2022-07-03 06:15,11,3,8,0,0,0
2022-07-03 06:30,9,5,4,0,0,0
2022-07-03 06:45,6,5,1,0,0,0
2022-07-03 07:00,0,0,0,0,0,0
2022-07-03 07:15,2,1,1,0,0,0
2022-07-03 07:30,10,7,3,0,0,0
2022-07-03 07:45,9,8,1,0,0,0
2022-07-03 08:00,10,8,2,0,0,0
2022-07-03 08:15,16,13,3,0,0,0
2022-07-03 08:30,25,19,6,0,0,0
2022-07-03 08:45,18,11,7,0,0,0
2022-07-03 09:00,22,18,4,0,0,0
2022-07-03 09:15,33,20,13,0,0,0
2022-07-03 09:30,25,20,5,0,0,0
2022-07-03 09:45,55,37,18,0,0,0
2022-07-03 10:00,53,40,13,0,0,0
2022-07-03 10:15,32,21,11,0,0,0
2022-07-03 10:30,56,42,14,0,0,0
2022-07-03 10:45,75,53,22,0,0,0
2022-07-03 11:00,57,28,29,0,0,0
2022-07-03 11:15,58,39,19,0,0,0
2022-07-03 11:30,52,35,17,0,0,0
2022-07-03 11:45,72,38,34,0,0,0
2022-07-03 12:00,62,41,21,0,0,0
2022-07-03 12:15,78,50,28,0,0,0
2022-07-03 12:30,62,35,27,0,0,0
2022-07-03 12:45,53,31,22,0,0,0
2022-07-03 13:00,85,49,36,0,0,0
2022-07-03 13:15,66,33,33,0,0,0
2022-07-03 13:30,63,33,30,0,0,0
2022-07-03 13:45,80,48,32,0,0,0
2022-07-03 14:00,90,46,44,0,0,0
2022-07-03 14:15,88,51,37,0,0,0
2022-07-03 14:30,83,45,38,0,0,0
2022-07-03 14:45,88,40,48,0,0,0
2022-07-03 15:00,99,76,23,0,0,0
2022-07-03 15:15,92,53,39,0,0,0
2022-07-03 15:30,92,55,37,0,0,0
2022-07-03 15:45,79,51,28,0,0,0
2022-07-03 16:00,87,52,35,0,0,0
2022-07-03 16:15,69,45,24,0,0,0
2022-07-03 16:30,79,55,24,0,0,0
2022-07-03 16:45,125,80,45,0,0,0
2022-07-03 17:00,101,59,42,0,0,0
2022-07-03 17:15,101,67,34,0,0,0
2022-07-03 17:30,96,61,35,0,0,0
2022-07-03 17:45,108,72,36,0,0,0
2022-07-03 18:00,80,45,35,0,0,0
2022-07-03 18:15,83,52,31,0,0,0
2022-07-03 18:30,98,64,34,0,0,0
2022-07-03 18:45,69,51,18,0,0,0
2022-07-03 19:00,80,53,27,0,0,0
2022-07-03 19:15,74,40,34,0,0,0
2022-07-03 19:30,77,41,36,0,0,0
2022-07-03 19:45,54,28,26,0,0,0
2022-07-03 20:00,59,35,24,0,0,0
2022-07-03 20:15,54,36,18,0,0,0
2022-07-03 20:30,31,20,11,0,0,0
2022-07-03 20:45,35,18,17,0,0,0
2022-07-03 21:00,46,32,14,0,0,0
2022-07-03 21:15,34,17,17,0,0,0
2022-07-03 21:30,38,17,21,0,0,0
2022-07-03 21:45,28,11,17,0,0,0
2022-07-03 22:00,40,26,14,0,0,0
2022-07-03 22:15,27,18,9,0,0,0
2022-07-03 22:30,22,10,12,0,0,0
2022-07-03 22:45,17,8,9,0,0,0
2022-07-03 23:00,19,12,7,0,0,0
2022-07-03 23:15,9,3,6,0,0,0
2022-07-03 23:30,11,5,6,0,0,0
2022-07-03 23:45,6,2,4,0,0,0
2022-07-04 00:00,8,0,8,0,0,0
2022-07-04 00:15,7,2,5,0,0,0
2022-07-04 00:30,5,1,4,0,0,0
2022-07-04 00:45,3,0,3,0,0,0
2022-07-04 01:00,3,1,2,0,0,0
2022-07-04 01:15,7,6,1,0,0,0
2022-07-04 01:30,2,1,1,0,0,0
2022-07-04 01:45,2,1,1,0,0,0
2022-07-04 02:00,1,1,0,0,0,0
2022-07-04 02:15,0,0,0,0,0,0
2022-07-04 02:30,2,1,1,0,0,0
2022-07-04 02:45,1,0,1,0,0,0
2022-07-04 03:00,1,1,0,0,0,0
2022-07-04 03:15,2,1,1,0,0,0
2022-07-04 03:30,1,1,0,0,0,0
2022-07-04 03:45,0,0,0,0,0,0
2022-07-04 04:00,1,1,0,0,0,0
2022-07-04 04:15,5,2,3,0,0,0
2022-07-04 04:30,2,2,0,0,0,0
2022-07-04 04:45,0,0,0,0,0,0
2022-07-04 05:00,1,1,0,0,0,0
2022-07-04 05:15,3,2,1,0,0,0
2022-07-04 05:30,13,8,5,0,0,0
2022-07-04 05:45,16,11,5,0,0,0
2022-07-04 06:00,24,17,7,0,0,0
2022-07-04 06:15,34,22,12,0,0,0
2022-07-04 06:30,53,30,23,0,0,0
2022-07-04 06:45,79,57,22,0,0,0
2022-07-04 07:00,85,62,23,0,0,0
2022-07-04 07:15,121,85,36,0,0,0
2022-07-04 07:30,145,105,40,0,0,0
2022-07-04 07:45,186,143,43,0,0,0
2022-07-04 08:00,138,105,33,0,0,0
2022-07-04 08:15,161,122,39,0,0,0
2022-07-04 08:30,130,110,20,0,0,0
2022-07-04 08:45,142,109,33,0,0,0
2022-07-04 09:00,106,79,27,0,0,0
2022-07-04 09:15,105,80,25,0,0,0
2022-07-04 09:30,121,98,23,0,0,0
2022-07-04 09:45,141,118,23,0,0,0
2022-07-04 10:00,112,88,24,0,0,0
2022-07-04 10:15,120,93,27,0,0,0
2022-07-04 10:30,80,60,20,0,0,0
2022-07-04 10:45,113,87,26,0,0,0
2022-07-04 11:00,94,61,33,0,0,0
2022-07-04 11:15,97,67,30,0,0,0
2022-07-04 11:30,108,65,43,0,0,0
2022-07-04 11:45,122,79,43,0,0,0
2022-07-04 12:00,107,69,38,0,0,0
2022-07-04 12:15,110,71,39,0,0,0
2022-07-04 12:30,115,76,39,0,0,0
2022-07-04 12:45,121,81,40,0,0,0
2022-07-04 13:00,101,57,44,0,0,0
2022-07-04 13:15,103,49,54,0,0,0
2022-07-04 13:30,111,66,45,0,0,0
2022-07-04 13:45,145,82,63,0,0,0
2022-07-04 14:00,116,75,41,0,0,0
2022-07-04 14:15,128,71,57,0,0,0
2022-07-04 14:30,143,75,68,0,0,0
2022-07-04 14:45,149,92,57,0,0,0
2022-07-04 15:00,114,71,43,0,0,0
2022-07-04 15:15,134,77,57,0,0,0
2022-07-04 15:30,161,92,69,0,0,0
2022-07-04 15:45,197,124,73,0,0,0
2022-07-04 16:00,193,104,89,0,0,0
2022-07-04 16:15,167,98,69,0,0,0
2022-07-04 16:30,185,99,86,0,0,0
2022-07-04 16:45,165,87,78,0,0,0
2022-07-04 17:00,162,77,85,0,0,0
2022-07-04 17:15,164,78,86,0,0,0
2022-07-04 17:30,216,124,92,0,0,0
2022-07-04 17:45,178,94,84,0,0,0
2022-07-04 18:00,173,95,78,0,0,0
2022-07-04 18:15,157,68,89,0,0,0
2022-07-04 18:30,134,68,66,0,0,0
2022-07-04 18:45,133,62,71,0,0,0
2022-07-04 19:00,115,59,56,0,0,0
2022-07-04 19:15,89,48,41,0,0,0
2022-07-04 19:30,101,59,42,0,0,0
2022-07-04 19:45,80,41,39,0,0,0
2022-07-04 20:00,72,31,41,0,0,0
2022-07-04 20:15,72,34,38,0,0,0
2022-07-04 20:30,51,20,31,0,0,0
2022-07-04 20:45,52,21,31,0,0,0
2022-07-04 21:00,58,31,27,0,0,0
2022-07-04 21:15,49,25,24,0,0,0
2022-07-04 21:30,39,23,16,0,0,0
2022-07-04 21:45,39,22,17,0,0,0
2022-07-04 22:00,42,16,26,0,0,0
2022-07-04 22:15,32,18,14,0,0,0
2022-07-04 22:30,32,11,21,0,0,0
2022-07-04 22:45,34,10,24,0,0,0
2022-07-04 23:00,28,10,18,0,0,0
2022-07-04 23:15,21,8,13,0,0,0
2022-07-04 23:30,17,12,5,0,0,0
2022-07-04 23:45,17,8,9,0,0,0
2022-07-05 00:00,13,4,9,0,0,0
2022-07-05 00:15,9,7,2,0,0,0
2022-07-05 00:30,11,4,7,0,0,0
2022-07-05 00:45,4,1,3,0,0,0
2022-07-05 01:00,6,2,4,0,0,0
2022-07-05 01:15,6,1,5,0,0,0
2022-07-05 01:30,2,0,2,0,0,0
2022-07-05 01:45,5,2,3,0,0,0
2022-07-05 02:00,3,0,3,0,0,0
2022-07-05 02:15,3,1,2,0,0,0
2022-07-05 02:30,3,2,1,0,0,0
2022-07-05 02:45,1,0,1,0,0,0
2022-07-05 03:00,3,0,3,0,0,0
2022-07-05 03:15,2,0,2,0,0,0
2022-07-05 03:30,1,0,1,0,0,0
2022-07-05 03:45,0,0,0,0,0,0
2022-07-05 04:00,0,0,0,0,0,0
2022-07-05 04:15,3,1,2,0,0,0
2022-07-05 04:30,2,1,1,0,0,0
2022-07-05 04:45,0,0,0,0,0,0
2022-07-05 05:00,3,1,2,0,0,0
2022-07-05 05:15,5,3,2,0,0,0
2022-07-05 05:30,14,11,3,0,0,0
2022-07-05 05:45,23,13,10,0,0,0
2022-07-05 06:00,23,18,5,0,0,0
2022-07-05 06:15,41,21,20,0,0,0
2022-07-05 06:30,71,53,18,0,0,0
2022-07-05 06:45,80,58,22,0,0,0
2022-07-05 07:00,87,58,29,0,0,0
2022-07-05 07:15,120,78,42,0,0,0
2022-07-05 07:30,152,104,48,0,0,0
2022-07-05 07:45,193,154,39,0,0,0
2022-07-05 08:00,148,116,32,0,0,0
2022-07-05 08:15,163,123,40,0,0,0
2022-07-05 08:30,151,120,31,0,0,0
2022-07-05 08:45,169,140,29,0,0,0
2022-07-05 09:00,84,54,30,0,0,0
2022-07-05 09:15,124,82,42,0,0,0
2022-07-05 09:30,152,123,29,0,0,0
2022-07-05 09:45,180,148,32,0,0,0
2022-07-05 10:00,125,101,24,0,0,0
2022-07-05 10:15,85,57,28,0,0,0
2022-07-05 10:30,88,67,21,0,0,0
2022-07-05 10:45,103,82,21,0,0,0
2022-07-05 11:00,110,76,34,0,0,0
2022-07-05 11:15,96,54,42,0,0,0
2022-07-05 11:30,106,73,33,0,0,0
2022-07-05 11:45,150,91,59,0,0,0
2022-07-05 12:00,120,79,41,0,0,0
2022-07-05 12:15,129,88,41,0,0,0
2022-07-05 12:30,118,69,49,0,0,0
2022-07-05 12:45,115,72,43,0,0,0
2022-07-05 13:00,122,82,40,0,0,0
2022-07-05 13:15,125,76,49,0,0,0
2022-07-05 13:30,126,73,53,0,0,0
2022-07-05 13:45,119,77,42,0,0,0
2022-07-05 14:00,155,83,72,0,0,0
2022-07-05 14:15,129,73,56,0,0,0
2022-07-05 14:30,127,73,54,0,0,0
2022-07-05 14:45,135,83,52,0,0,0
2022-07-05 15:00,139,66,73,0,0,0
2022-07-05 15:15,142,81,61,0,0,0
2022-07-05 15:30,183,88,95,0,0,0
2022-07-05 15:45,202,103,99,0,0,0
2022-07-05 16:00,182,84,98,0,0,0
2022-07-05 16:15,188,109,79,0,0,0
2022-07-05 16:30,200,116,84,0,0,0
2022-07-05 16:45,171,100,71,0,0,0
2022-07-05 17:00,189,93,96,0,0,0
2022-07-05 17:15,162,85,77,0,0,0
2022-07-05 17:30,194,115,79,0,0,0
2022-07-05 17:45,204,106,98,0,0,0
2022-07-05 18:00,151,56,95,0,0,0
2022-07-05 18:15,163,80,83,0,0,0
2022-07-05 18:30,140,81,59,0,0,0
2022-07-05 18:45,155,88,67,0,0,0
2022-07-05 19:00,127,73,54,0,0,0
2022-07-05 19:15,102,50,52,0,0,0
2022-07-05 19:30,74,37,37,0,0,0
2022-07-05 19:45,104,43,61,0,0,0
2022-07-05 20:00,66,32,34,0,0,0
2022-07-05 20:15,65,31,34,0,0,0
2022-07-05 20:30,53,33,20,0,0,0
2022-07-05 20:45,63,32,31,0,0,0
2022-07-05 21:00,59,25,34,0,0,0
2022-07-05 21:15,65,31,34,0,0,0
2022-07-05 21:30,42,14,28,0,0,0
2022-07-05 21:45,44,24,20,0,0,0
2022-07-05 22:00,51,16,35,0,0,0
2022-07-05 22:15,48,20,28,0,0,0
2022-07-05 22:30,26,14,12,0,0,0
2022-07-05 22:45,27,16,11,0,0,0
2022-07-05 23:00,31,16,15,0,0,0
2022-07-05 23:15,23,8,15,0,0,0
2022-07-05 23:30,21,13,8,0,0,0
2022-07-05 23:45,9,2,7,0,0,0
2022-07-06 00:00,12,6,6,0,0,0
2022-07-06 00:15,10,3,7,0,0,0
2022-07-06 00:30,6,0,6,0,0,0
2022-07-06 00:45,6,2,4,0,0,0
2022-07-06 01:00,5,0,5,0,0,0
2022-07-06 01:15,9,2,7,0,0,0
2022-07-06 01:30,2,1,1,0,0,0
2022-07-06 01:45,1,1,0,0,0,0
2022-07-06 02:00,1,1,0,0,0,0
2022-07-06 02:15,1,0,1,0,0,0
2022-07-06 02:30,4,3,1,0,0,0
2022-07-06 02:45,0,0,0,0,0,0
2022-07-06 03:00,1,0,1,0,0,0
2022-07-06 03:15,1,1,0,0,0,0
2022-07-06 03:30,0,0,0,0,0,0
2022-07-06 03:45,0,0,0,0,0,0
2022-07-06 04:00,2,0,2,0,0,0
2022-07-06 04:15,2,1,1,0,0,0
2022-07-06 04:30,0,0,0,0,0,0
2022-07-06 04:45,1,1,0,0,0,0
2022-07-06 05:00,1,1,0,0,0,0
2022-07-06 05:15,5,4,1,0,0,0
2022-07-06 05:30,9,6,3,0,0,0
2022-07-06 05:45,18,11,7,0,0,0
2022-07-06 06:00,22,15,7,0,0,0
2022-07-06 06:15,36,22,14,0,0,0
2022-07-06 06:30,58,37,21,0,0,0
2022-07-06 06:45,83,63,20,0,0,0
2022-07-06 07:00,105,72,33,0,0,0
2022-07-06 07:15,130,82,48,0,0,0
2022-07-06 07:30,126,94,32,0,0,0
2022-07-06 07:45,194,144,50,0,0,0
2022-07-06 08:00,140,107,33,0,0,0
2022-07-06 08:15,156,122,34,0,0,0
2022-07-06 08:30,166,136,30,0,0,0
2022-07-06 08:45,168,135,33,0,0,0
2022-07-06 09:00,131,108,23,0,0,0
2022-07-06 09:15,121,88,33,0,0,0
2022-07-06 09:30,153,122,31,0,0,0
2022-07-06 09:45,199,165,34,0,0,0
2022-07-06 10:00,151,111,40,0,0,0
2022-07-06 10:15,102,79,23,0,0,0
2022-07-06 10:30,126,96,30,0,0,0
2022-07-06 10:45,122,94,28,0,0,0
2022-07-06 11:00,119,88,31,0,0,0
2022-07-06 11:15,94,64,30,0,0,0
2022-07-06 11:30,125,81,44,0,0,0
2022-07-06 11:45,153,108,45,0,0,0
2022-07-06 12:00,153,99,54,0,0,0
2022-07-06 12:15,116,65,51,0,0,0
2022-07-06 12:30,147,88,59,0,0,0
2022-07-06 12:45,135,74,61,0,0,0
2022-07-06 13:00,138,88,50,0,0,0
2022-07-06 13:15,165,100,65,0,0,0
2022-07-06 13:30,109,61,48,0,0,0
2022-07-06 13:45,132,80,52,0,0,0
2022-07-06 14:00,122,72,50,0,0,0
2022-07-06 14:15,132,67,65,0,0,0
2022-07-06 14:30,155,79,76,0,0,0
2022-07-06 14:45,141,62,79,0,0,0
2022-07-06 15:00,121,74,47,0,0,0
2022-07-06 15:15,138,75,63,0,0,0
2022-07-06 15:30,133,73,60,0,0,0
2022-07-06 15:45,149,88,61,0,0,0
2022-07-06 16:00,180,97,83,0,0,0
2022-07-06 16:15,162,85,77,0,0,0
2022-07-06 16:30,152,98,54,0,0,0
2022-07-06 16:45,169,99,70,0,0,0
2022-07-06 17:00,165,86,79,0,0,0
2022-07-06 17:15,154,89,65,0,0,0
2022-07-06 17:30,172,100,72,0,0,0
2022-07-06 17:45,177,101,76,0,0,0
2022-07-06 18:00,186,89,97,0,0,0
2022-07-06 18:15,146,68,78,0,0,0
2022-07-06 18:30,128,76,52,0,0,0
2022-07-06 18:45,164,78,86,0,0,0
2022-07-06 19:00,117,54,63,0,0,0
2022-07-06 19:15,128,73,55,0,0,0
2022-07-06 19:30,86,51,35,0,0,0
2022-07-06 19:45,84,48,36,0,0,0
2022-07-06 20:00,88,35,53,0,0,0
2022-07-06 20:15,79,42,37,0,0,0
2022-07-06 20:30,57,32,25,0,0,0
2022-07-06 20:45,56,33,23,0,0,0
2022-07-06 21:00,57,27,30,0,0,0
2022-07-06 21:15,44,22,22,0,0,0
2022-07-06 21:30,42,17,25,0,0,0
2022-07-06 21:45,64,36,28,0,0,0
2022-07-06 22:00,55,19,36,0,0,0
2022-07-06 22:15,47,26,21,0,0,0
2022-07-06 22:30,47,16,31,0,0,0
2022-07-06 22:45,39,23,16,0,0,0
2022-07-06 23:00,57,43,14,0,0,0
2022-07-06 23:15,33,18,15,0,0,0
2022-07-06 23:30,18,7,11,0,0,0
2022-07-06 23:45,27,9,18,0,0,0
2022-07-07 00:00,22,15,7,0,0,0
2022-07-07 00:15,28,18,10,0,0,0
2022-07-07 00:30,16,10,6,0,0,0
2022-07-07 00:45,9,3,6,0,0,0
2022-07-07 01:00,12,2,10,0,0,0
2022-07-07 01:15,10,3,7,0,0,0
2022-07-07 01:30,4,1,3,0,0,0
2022-07-07 01:45,3,0,3,0,0,0
2022-07-07 02:00,9,1,8,0,0,0
2022-07-07 02:15,10,3,7,0,0,0
2022-07-07 02:30,4,1,3,0,0,0
2022-07-07 02:45,5,0,5,0,0,0
2022-07-07 03:00,8,1,7,0,0,0
2022-07-07 03:15,2,0,2,0,0,0
2022-07-07 03:30,3,1,2,0,0,0
2022-07-07 03:45,5,0,5,0,0,0
2022-07-07 04:00,0,0,0,0,0,0
2022-07-07 04:15,1,1,0,0,0,0
2022-07-07 04:30,3,3,0,0,0,0
2022-07-07 04:45,2,0,2,0,0,0
2022-07-07 05:00,0,0,0,0,0,0
2022-07-07 05:15,4,2,2,0,0,0
2022-07-07 05:30,17,11,6,0,0,0
2022-07-07 05:45,19,7,12,0,0,0
2022-07-07 06:00,16,13,3,0,0,0
2022-07-07 06:15,26,14,12,0,0,0
2022-07-07 06:30,34,22,12,0,0,0
2022-07-07 06:45,51,35,16,0,0,0
2022-07-07 07:00,68,49,19,0,0,0
2022-07-07 07:15,67,43,24,0,0,0
2022-07-07 07:30,126,90,36,0,0,0
2022-07-07 07:45,144,111,33,0,0,0
2022-07-07 08:00,118,89,29,0,0,0
2022-07-07 08:15,103,89,14,0,0,0
2022-07-07 08:30,94,72,22,0,0,0
2022-07-07 08:45,113,86,27,0,0,0
2022-07-07 09:00,76,63,13,0,0,0
2022-07-07 09:15,74,60,14,0,0,0
2022-07-07 09:30,93,74,19,0,0,0
2022-07-07 09:45,109,94,15,0,0,0
2022-07-07 10:00,116,91,25,0,0,0
2022-07-07 10:15,81,63,18,0,0,0
2022-07-07 10:30,80,65,15,0,0,0
2022-07-07 10:45,94,69,25,0,0,0
2022-07-07 11:00,78,51,27,0,0,0
2022-07-07 11:15,82,60,22,0,0,0
2022-07-07 11:30,86,57,29,0,0,0
2022-07-07 11:45,116,85,31,0,0,0
2022-07-07 12:00,109,75,34,0,0,0
2022-07-07 12:15,99,59,40,0,0,0
2022-07-07 12:30,85,54,31,0,0,0
2022-07-07 12:45,97,55,42,0,0,0
2022-07-07 13:00,91,55,36,0,0,0
2022-07-07 13:15,102,62,40,0,0,0
2022-07-07 13:30,86,50,36,0,0,0
2022-07-07 13:45,112,72,40,0,0,0
2022-07-07 14:00,89,45,44,0,0,0
2022-07-07 14:15,102,57,45,0,0,0
2022-07-07 14:30,103,66,37,0,0,0
2022-07-07 14:45,96,60,36,0,0,0
2022-07-07 15:00,124,68,56,0,0,0
2022-07-07 15:15,106,55,51,0,0,0
2022-07-07 15:30,104,51,53,0,0,0
2022-07-07 15:45,146,84,62,0,0,0
2022-07-07 16:00,141,77,64,0,0,0
2022-07-07 16:15,144,83,61,0,0,0
2022-07-07 16:30,149,76,73,0,0,0
2022-07-07 16:45,159,101,58,0,0,0
2022-07-07 17:00,135,66,69,0,0,0
2022-07-07 17:15,134,77,57,0,0,0
2022-07-07 17:30,146,69,77,0,0,0
2022-07-07 17:45,146,78,68,0,0,0
2022-07-07 18:00,144,74,70,0,0,0
2022-07-07 18:15,133,61,72,0,0,0
2022-07-07 18:30,90,49,41,0,0,0
2022-07-07 18:45,123,72,51,0,0,0
2022-07-07 19:00,99,56,43,0,0,0
2022-07-07 19:15,106,54,52,0,0,0
2022-07-07 19:30,72,36,36,0,0,0
2022-07-07 19:45,90,32,58,0,0,0
2022-07-07 20:00,61,27,34,0,0,0
2022-07-07 20:15,55,31,24,0,0,0
2022-07-07 20:30,42,21,21,0,0,0
2022-07-07 20:45,46,21,25,0,0,0
2022-07-07 21:00,46,21,25,0,0,0
2022-07-07 21:15,47,29,18,0,0,0
2022-07-07 21:30,35,19,16,0,0,0
2022-07-07 21:45,26,12,14,0,0,0
2022-07-07 22:00,45,22,23,0,0,0
2022-07-07 22:15,41,14,27,0,0,0
2022-07-07 22:30,43,16,27,0,0,0
2022-07-07 22:45,43,23,20,0,0,0
2022-07-07 23:00,93,72,21,0,0,0
2022-07-07 23:15,75,59,16,0,0,0
2022-07-07 23:30,27,7,20,0,0,0
2022-07-07 23:45,18,7,11,0,0,0
2022-07-08 00:00,12,7,5,0,0,0
2022-07-08 00:15,13,1,12,0,0,0
2022-07-08 00:30,14,4,10,0,0,0
2022-07-08 00:45,19,13,6,0,0,0
2022-07-08 01:00,4,2,2,0,0,0
2022-07-08 01:15,9,2,7,0,0,0
2022-07-08 01:30,3,2,1,0,0,0
2022-07-08 01:45,9,7,2,0,0,0
2022-07-08 02:00,5,2,3,0,0,0
2022-07-08 02:15,5,1,4,0,0,0
2022-07-08 02:30,6,2,4,0,0,0
2022-07-08 02:45,1,1,0,0,0,0
2022-07-08 03:00,1,0,1,0,0,0
2022-07-08 03:15,1,0,1,0,0,0
2022-07-08 03:30,1,0,1,0,0,0
2022-07-08 03:45,1,0,1,0,0,0
2022-07-08 04:00,2,0,2,0,0,0
2022-07-08 04:15,0,0,0,0,0,0
2022-07-08 04:30,0,0,0,0,0,0
2022-07-08 04:45,4,4,0,0,0,0
2022-07-08 05:00,0,0,0,0,0,0
2022-07-08 05:15,6,4,2,0,0,0
2022-07-08 05:30,10,7,3,0,0,0
2022-07-08 05:45,5,4,1,0,0,0
2022-07-08 06:00,21,15,6,0,0,0
2022-07-08 06:15,23,12,11,0,0,0
2022-07-08 06:30,33,21,12,0,0,0
2022-07-08 06:45,59,45,14,0,0,0
2022-07-08 07:00,72,50,22,0,0,0
2022-07-08 07:15,71,47,24,0,0,0
2022-07-08 07:30,116,86,30,0,0,0
2022-07-08 07:45,143,108,35,0,0,0
2022-07-08 08:00,101,79,22,0,0,0
2022-07-08 08:15,129,100,29,0,0,0
2022-07-08 08:30,127,105,22,0,0,0
2022-07-08 08:45,144,105,39,0,0,0
2022-07-08 09:00,76,59,17,0,0,0
2022-07-08 09:15,77,63,14,0,0,0
2022-07-08 09:30,109,91,18,0,0,0
2022-07-08 09:45,119,99,20,0,0,0
2022-07-08 10:00,97,77,20,0,0,0
2022-07-08 10:15,103,59,44,0,0,0
2022-07-08 10:30,95,68,27,0,0,0
2022-07-08 10:45,108,80,28,0,0,0
2022-07-08 11:00,92,67,25,0,0,0
2022-07-08 11:15,114,65,49,0,0,0
2022-07-08 11:30,100,62,38,0,0,0
2022-07-08 11:45,115,80,35,0,0,0
2022-07-08 12:00,107,72,35,0,0,0
2022-07-08 12:15,100,72,28,0,0,0
2022-07-08 12:30,119,71,48,0,0,0
2022-07-08 12:45,126,83,43,0,0,0
2022-07-08 13:00,117,69,48,0,0,0
2022-07-08 13:15,130,73,57,0,0,0
2022-07-08 13:30,137,83,54,0,0,0
2022-07-08 13:45,154,102,52,0,0,0
2022-07-08 14:00,116,75,41,0,0,0
2022-07-08 14:15,123,75,48,0,0,0
2022-07-08 14:30,132,76,56,0,0,0
2022-07-08 14:45,134,68,66,0,0,0
2022-07-08 15:00,128,62,66,0,0,0
2022-07-08 15:15,135,75,60,0,0,0
2022-07-08 15:30,141,87,54,0,0,0
2022-07-08 15:45,129,77,52,0,0,0
2022-07-08 16:00,141,67,74,0,0,0
2022-07-08 16:15,151,79,72,0,0,0
2022-07-08 16:30,125,71,54,0,0,0
2022-07-08 16:45,130,70,60,0,0,0
2022-07-08 17:00,122,69,53,0,0,0
2022-07-08 17:15,113,61,52,0,0,0
2022-07-08 17:30,131,80,51,0,0,0
2022-07-08 17:45,170,96,74,0,0,0
2022-07-08 18:00,125,58,67,0,0,0
2022-07-08 18:15,125,72,53,0,0,0
2022-07-08 18:30,109,75,34,0,0,0
2022-07-08 18:45,139,80,59,0,0,0
2022-07-08 19:00,130,71,59,0,0,0
2022-07-08 19:15,110,51,59,0,0,0
2022-07-08 19:30,104,44,60,0,0,0
2022-07-08 19:45,102,45,57,0,0,0
2022-07-08 20:00,79,38,41,0,0,0
2022-07-08 20:15,61,31,30,0,0,0
2022-07-08 20:30,44,26,18,0,0,0
2022-07-08 20:45,41,24,17,0,0,0
2022-07-08 21:00,39,23,16,0,0,0
2022-07-08 21:15,50,29,21,0,0,0
2022-07-08 21:30,47,28,19,0,0,0
2022-07-08 21:45,44,16,28,0,0,0
2022-07-08 22:00,42,18,24,0,0,0
2022-07-08 22:15,28,11,17,0,0,0
2022-07-08 22:30,48,22,26,0,0,0
2022-07-08 22:45,41,18,23,0,0,0
2022-07-08 23:00,71,55,16,0,0,0
2022-07-08 23:15,68,52,16,0,0,0
2022-07-08 23:30,52,31,21,0,0,0
2022-07-08 23:45,67,47,20,0,0,0
2022-07-09 00:00,29,15,14,0,0,0
2022-07-09 00:15,37,18,19,0,0,0
2022-07-09 00:30,38,17,21,0,0,0
2022-07-09 00:45,34,17,17,0,0,0
2022-07-09 01:00,26,10,16,0,0,0
2022-07-09 01:15,13,6,7,0,0,0
2022-07-09 01:30,9,4,5,0,0,0
2022-07-09 01:45,9,4,5,0,0,0
2022-07-09 02:00,19,7,12,0,0,0
2022-07-09 02:15,10,5,5,0,0,0
2022-07-09 02:30,5,0,5,0,0,0
2022-07-09 02:45,3,2,1,0,0,0
2022-07-09 03:00,4,2,2,0,0,0
2022-07-09 03:15,15,4,11,0,0,0
2022-07-09 03:30,5,1,4,0,0,0
2022-07-09 03:45,2,0,2,0,0,0
2022-07-09 04:00,3,1,2,0,0,0
2022-07-09 04:15,3,1,2,0,0,0
2022-07-09 04:30,2,1,1,0,0,0
2022-07-09 04:45,1,1,0,0,0,0
2022-07-09 05:00,2,0,2,0,0,0
2022-07-09 05:15,2,1,1,0,0,0
2022-07-09 05:30,9,4,5,0,0,0
2022-07-09 05:45,12,7,5,0,0,0
2022-07-09 06:00,7,5,2,0,0,0
2022-07-09 06:15,12,7,5,0,0,0
2022-07-09 06:30,8,5,3,0,0,0
2022-07-09 06:45,15,13,2,0,0,0
2022-07-09 07:00,15,14,1,0,0,0
2022-07-09 07:15,19,12,7,0,0,0
2022-07-09 07:30,22,16,6,0,0,0
2022-07-09 07:45,38,23,15,0,0,0
2022-07-09 08:00,21,18,3,0,0,0
2022-07-09 08:15,49,35,14,0,0,0
2022-07-09 08:30,52,36,16,0,0,0
2022-07-09 08:45,61,47,14,0,0,0
2022-07-09 09:00,54,42,12,0,0,0
2022-07-09 09:15,96,75,21,0,0,0
2022-07-09 09:30,71,52,19,0,0,0
2022-07-09 09:45,128,105,23,0,0,0
2022-07-09 10:00,106,88,18,0,0,0
2022-07-09 10:15,104,76,28,0,0,0
2022-07-09 10:30,130,96,34,0,0,0
2022-07-09 10:45,103,79,24,0,0,0
2022-07-09 11:00,149,116,33,0,0,0
2022-07-09 11:15,119,85,34,0,0,0
2022-07-09 11:30,142,105,37,0,0,0
2022-07-09 11:45,156,112,44,0,0,0
2022-07-09 12:00,156,95,61,0,0,0
2022-07-09 12:15,128,85,43,0,0,0
2022-07-09 12:30,149,100,49,0,0,0
2022-07-09 12:45,147,86,61,0,0,0
2022-07-09 13:00,113,64,49,0,0,0
2022-07-09 13:15,150,106,44,0,0,0
2022-07-09 13:30,129,78,51,0,0,0
2022-07-09 13:45,155,91,64,0,0,0
2022-07-09 14:00,132,64,68,0,0,0
2022-07-09 14:15,118,67,51,0,0,0
2022-07-09 14:30,118,56,62,0,0,0
2022-07-09 14:45,122,69,53,0,0,0
2022-07-09 15:00,97,53,44,0,0,0
2022-07-09 15:15,122,64,58,0,0,0
2022-07-09 15:30,93,55,38,0,0,0
2022-07-09 15:45,101,51,50,0,0,0
2022-07-09 16:00,110,58,52,0,0,0
2022-07-09 16:15,92,54,38,0,0,0
2022-07-09 16:30,80,48,32,0,0,0
2022-07-09 16:45,101,60,41,0,0,0
2022-07-09 17:00,93,48,45,0,0,0
2022-07-09 17:15,113,69,44,0,0,0
2022-07-09 17:30,88,59,29,0,0,0
2022-07-09 17:45,84,53,31,0,0,0
2022-07-09 18:00,104,62,42,0,0,0
2022-07-09 18:15,100,48,52,0,0,0
2022-07-09 18:30,77,45,32,0,0,0
2022-07-09 18:45,79,47,32,0,0,0
2022-07-09 19:00,93,54,39,0,0,0
2022-07-09 19:15,70,35,35,0,0,0
2022-07-09 19:30,73,34,39,0,0,0
2022-07-09 19:45,74,49,25,0,0,0
2022-07-09 20:00,61,32,29,0,0,0
2022-07-09 20:15,58,31,27,0,0,0
2022-07-09 20:30,53,25,28,0,0,0
2022-07-09 20:45,40,22,18,0,0,0
2022-07-09 21:00,39,20,19,0,0,0
2022-07-09 21:15,37,18,19,0,0,0
2022-07-09 21:30,45,16,29,0,0,0
2022-07-09 21:45,44,24,20,0,0,0
2022-07-09 22:00,46,25,21,0,0,0
2022-07-09 22:15,24,11,13,0,0,0
2022-07-09 22:30,42,26,16,0,0,0
2022-07-09 22:45,37,16,21,0,0,0
2022-07-09 23:00,24,13,11,0,0,0
2022-07-09 23:15,24,8,16,0,0,0
2022-07-09 23:30,26,9,17,0,0,0
2022-07-09 23:45,26,12,14,0,0,0
2022-07-10 00:00,20,9,11,0,0,0
2022-07-10 00:15,17,3,14,0,0,0
2022-07-10 00:30,24,9,15,0,0,0
2022-07-10 00:45,19,9,10,0,0,0
2022-07-10 01:00,27,13,14,0,0,0
2022-07-10 01:15,24,8,16,0,0,0
2022-07-10 01:30,4,2,2,0,0,0
2022-07-10 01:45,16,4,12,0,0,0
2022-07-10 02:00,12,7,5,0,0,0
2022-07-10 02:15,15,5,10,0,0,0
2022-07-10 02:30,8,3,5,0,0,0
2022-07-10 02:45,9,7,2,0,0,0
2022-07-10 03:00,6,1,5,0,0,0
2022-07-10 03:15,9,3,6,0,0,0
2022-07-10 03:30,3,0,3,0,0,0
2022-07-10 03:45,7,0,7,0,0,0
2022-07-10 04:00,3,2,1,0,0,0
2022-07-10 04:15,10,7,3,0,0,0
2022-07-10 04:30,5,2,3,0,0,0
2022-07-10 04:45,1,1,0,0,0,0
2022-07-10 05:00,3,3,0,0,0,0
2022-07-10 05:15,3,3,0,0,0,0
2022-07-10 05:30,3,2,1,0,0,0
2022-07-10 05:45,5,2,3,0,0,0
2022-07-10 06:00,12,10,2,0,0,0
2022-07-10 06:15,9,5,4,0,0,0
2022-07-10 06:30,13,9,4,0,0,0
2022-07-10 06:45,8,5,3,0,0,0
2022-07-10 07:00,7,6,1,0,0,0
2022-07-10 07:15,5,4,1,0,0,0
2022-07-10 07:30,4,2,2,0,0,0
2022-07-10 07:45,10,6,4,0,0,0
2022-07-10 08:00,16,11,5,0,0,0
2022-07-10 08:15,13,11,2,0,0,0
2022-07-10 08:30,18,13,5,0,0,0
2022-07-10 08:45,23,18,5,0,0,0
2022-07-10 09:00,17,12,5,0,0,0
2022-07-10 09:15,19,13,6,0,0,0
2022-07-10 09:30,38,29,9,0,0,0
2022-07-10 09:45,35,25,10,0,0,0
2022-07-10 10:00,31,21,10,0,0,0
2022-07-10 10:15,53,41,12,0,0,0
2022-07-10 10:30,39,28,11,0,0,0
2022-07-10 10:45,37,26,11,0,0,0
2022-07-10 11:00,56,41,15,0,0,0
2022-07-10 11:15,41,27,14,0,0,0
2022-07-10 11:30,34,17,17,0,0,0
2022-07-10 11:45,43,31,12,0,0,0
2022-07-10 12:00,45,21,24,0,0,0
2022-07-10 12:15,53,37,16,0,0,0
2022-07-10 12:30,40,21,19,0,0,0
2022-07-10 12:45,58,28,30,0,0,0
2022-07-10 13:00,52,35,17,0,0,0
2022-07-10 13:15,44,30,14,0,0,0
2022-07-10 13:30,55,26,29,0,0,0
2022-07-10 13:45,62,38,24,0,0,0
2022-07-10 14:00,43,23,20,0,0,0
2022-07-10 14:15,50,27,23,0,0,0
2022-07-10 14:30,75,43,32,0,0,0
2022-07-10 14:45,56,37,19,0,0,0
2022-07-10 15:00,55,32,23,0,0,0
2022-07-10 15:15,46,29,17,0,0,0
2022-07-10 15:30,56,31,25,0,0,0
2022-07-10 15:45,54,29,25,0,0,0
2022-07-10 16:00,62,46,16,0,0,0
2022-07-10 16:15,63,45,18,0,0,0
2022-07-10 16:30,52,34,18,0,0,0
2022-07-10 16:45,55,38,17,0,0,0
2022-07-10 17:00,54,36,18,0,0,0
2022-07-10 17:15,57,39,18,0,0,0
2022-07-10 17:30,44,21,23,0,0,0
2022-07-10 17:45,46,32,14,0,0,0
2022-07-10 18:00,35,27,8,0,0,0
2022-07-10 18:15,48,31,17,0,0,0
2022-07-10 18:30,43,23,20,0,0,0
2022-07-10 18:45,44,22,22,0,0,0
2022-07-10 19:00,52,34,18,0,0,0
2022-07-10 19:15,46,24,22,0,0,0
2022-07-10 19:30,37,17,20,0,0,0
2022-07-10 19:45,35,19,16,0,0,0
2022-07-10 20:00,23,11,12,0,0,0
2022-07-10 20:15,30,12,18,0,0,0
2022-07-10 20:30,27,9,18,0,0,0
2022-07-10 20:45,34,21,13,0,0,0
2022-07-10 21:00,33,22,11,0,0,0
2022-07-10 21:15,32,21,11,0,0,0
2022-07-10 21:30,24,12,12,0,0,0
2022-07-10 21:45,29,12,17,0,0,0
2022-07-10 22:00,12,9,3,0,0,0
2022-07-10 22:15,20,13,7,0,0,0
2022-07-10 22:30,15,8,7,0,0,0
2022-07-10 22:45,11,4,7,0,0,0
2022-07-10 23:00,9,5,4,0,0,0
2022-07-10 23:15,10,5,5,0,0,0
2022-07-10 23:30,8,3,5,0,0,0
2022-07-10 23:45,3,3,0,0,0,0
2022-07-11 00:00,13,6,7,0,0,0
2022-07-11 00:15,3,2,1,0,0,0
2022-07-11 00:30,4,2,2,0,0,0
2022-07-11 00:45,3,1,2,0,0,0
2022-07-11 01:00,3,0,3,0,0,0
2022-07-11 01:15,3,1,2,0,0,0
2022-07-11 01:30,3,1,2,0,0,0
2022-07-11 01:45,6,5,1,0,0,0
2022-07-11 02:00,3,0,3,0,0,0
2022-07-11 02:15,0,0,0,0,0,0
2022-07-11 02:30,1,0,1,0,0,0
2022-07-11 02:45,0,0,0,0,0,0
2022-07-11 03:00,0,0,0,0,0,0
2022-07-11 03:15,0,0,0,0,0,0
2022-07-11 03:30,0,0,0,0,0,0
2022-07-11 03:45,0,0,0,0,0,0
2022-07-11 04:00,0,0,0,0,0,0
2022-07-11 04:15,2,1,1,0,0,0
2022-07-11 04:30,3,1,2,0,0,0
2022-07-11 04:45,2,0,2,0,0,0
2022-07-11 05:00,3,2,1,0,0,0
2022-07-11 05:15,6,5,1,0,0,0
2022-07-11 05:30,11,7,4,0,0,0
2022-07-11 05:45,24,12,12,0,0,0
2022-07-11 06:00,18,16,2,0,0,0
2022-07-11 06:15,22,12,10,0,0,0
2022-07-11 06:30,49,29,20,0,0,0
2022-07-11 06:45,61,46,15,0,0,0
2022-07-11 07:00,78,53,25,0,0,0
2022-07-11 07:15,98,63,35,0,0,0
2022-07-11 07:30,136,96,40,0,0,0
2022-07-11 07:45,140,103,37,0,0,0
2022-07-11 08:00,121,92,29,0,0,0
2022-07-11 08:15,128,95,33,0,0,0
2022-07-11 08:30,98,78,20,0,0,0
2022-07-11 08:45,151,115,36,0,0,0
2022-07-11 09:00,99,75,24,0,0,0
2022-07-11 09:15,73,53,20,0,0,0
2022-07-11 09:30,78,57,21,0,0,0
2022-07-11 09:45,107,82,25,0,0,0
2022-07-11 10:00,89,73,16,0,0,0
2022-07-11 10:15,110,84,26,0,0,0
2022-07-11 10:30,82,67,15,0,0,0
2022-07-11 10:45,106,77,29,0,0,0
2022-07-11 11:00,101,76,25,0,0,0
2022-07-11 11:15,87,63,24,0,0,0
2022-07-11 11:30,86,53,33,0,0,0
2022-07-11 11:45,96,55,41,0,0,0
2022-07-11 12:00,71,45,26,0,0,0
2022-07-11 12:15,114,82,32,0,0,0
2022-07-11 12:30,116,78,38,0,0,0
2022-07-11 12:45,95,55,40,0,0,0
2022-07-11 13:00,103,61,42,0,0,0
2022-07-11 13:15,99,51,48,0,0,0
2022-07-11 13:30,109,75,34,0,0,0
2022-07-11 13:45,138,87,51,0,0,0
2022-07-11 14:00,107,69,38,0,0,0
2022-07-11 14:15,104,65,39,0,0,0
2022-07-11 14:30,126,75,51,0,0,0
2022-07-11 14:45,119,78,41,0,0,0
2022-07-11 15:00,133,82,51,0,0,0
2022-07-11 15:15,124,77,47,0,0,0
2022-07-11 15:30,121,69,52,0,0,0
2022-07-11 15:45,153,98,55,0,0,0
2022-07-11 16:00,172,85,87,0,0,0
2022-07-11 16:15,146,75,71,0,0,0
2022-07-11 16:30,169,95,74,0,0,0
2022-07-11 16:45,169,84,85,0,0,0
2022-07-11 17:00,152,76,76,0,0,0
2022-07-11 17:15,165,83,82,0,0,0
2022-07-11 17:30,146,66,80,0,0,0
2022-07-11 17:45,177,81,96,0,0,0
2022-07-11 18:00,131,70,61,0,0,0
2022-07-11 18:15,120,55,65,0,0,0
2022-07-11 18:30,122,54,68,0,0,0
2022-07-11 18:45,110,64,46,0,0,0
2022-07-11 19:00,91,40,51,0,0,0
2022-07-11 19:15,87,46,41,0,0,0
2022-07-11 19:30,77,32,45,0,0,0
2022-07-11 19:45,81,39,42,0,0,0
2022-07-11 20:00,72,30,42,0,0,0
2022-07-11 20:15,53,25,28,0,0,0
2022-07-11 20:30,52,32,20,0,0,0
2022-07-11 20:45,50,21,29,0,0,0
2022-07-11 21:00,55,22,33,0,0,0
2022-07-11 21:15,57,33,24,0,0,0
2022-07-11 21:30,44,19,25,0,0,0
2022-07-11 21:45,45,13,32,0,0,0
2022-07-11 22:00,31,14,17,0,0,0
2022-07-11 22:15,36,20,16,0,0,0
2022-07-11 22:30,31,20,11,0,0,0
2022-07-11 22:45,25,10,15,0,0,0
2022-07-11 23:00,31,17,14,0,0,0
2022-07-11 23:15,19,7,12,0,0,0
2022-07-11 23:30,18,7,11,0,0,0
2022-07-11 23:45,14,6,8,0,0,0
2022-07-12 00:00,8,2,6,0,0,0
2022-07-12 00:15,6,2,4,0,0,0
2022-07-12 00:30,8,0,8,0,0,0
2022-07-12 00:45,6,3,3,0,0,0
2022-07-12 01:00,6,3,3,0,0,0
2022-07-12 01:15,3,1,2,0,0,0
2022-07-12 01:30,3,1,2,0,0,0
2022-07-12 01:45,4,3,1,0,0,0
2022-07-12 02:00,6,5,1,0,0,0
2022-07-12 02:15,0,0,0,0,0,0
2022-07-12 02:30,5,2,3,0,0,0
2022-07-12 02:45,1,1,0,0,0,0
2022-07-12 03:00,1,0,1,0,0,0
2022-07-12 03:15,0,0,0,0,0,0
2022-07-12 03:30,0,0,0,0,0,0
2022-07-12 03:45,0,0,0,0,0,0
2022-07-12 04:00,0,0,0,0,0,0
2022-07-12 04:15,3,1,2,0,0,0
2022-07-12 04:30,4,3,1,0,0,0
2022-07-12 04:45,0,0,0,0,0,0
2022-07-12 05:00,3,2,1,0,0,0
2022-07-12 05:15,5,5,0,0,0,0
2022-07-12 05:30,17,10,7,0,0,0
2022-07-12 05:45,15,11,4,0,0,0
2022-07-12 06:00,25,15,10,0,0,0
2022-07-12 06:15,31,18,13,0,0,0
2022-07-12 06:30,47,36,11,0,0,0
2022-07-12 06:45,85,63,22,0,0,0
2022-07-12 07:00,89,60,29,0,0,0
2022-07-12 07:15,116,79,37,0,0,0
2022-07-12 07:30,135,102,33,0,0,0
2022-07-12 07:45,171,129,42,0,0,0
2022-07-12 08:00,133,106,27,0,0,0
2022-07-12 08:15,143,112,31,0,0,0
2022-07-12 08:30,151,126,25,0,0,0
2022-07-12 08:45,135,100,35,0,0,0
2022-07-12 09:00,102,83,19,0,0,0
2022-07-12 09:15,105,69,36,0,0,0
2022-07-12 09:30,99,78,21,0,0,0
2022-07-12 09:45,151,129,22,0,0,0
2022-07-12 10:00,116,87,29,0,0,0
2022-07-12 10:15,102,71,31,0,0,0
2022-07-12 10:30,115,89,26,0,0,0
2022-07-12 10:45,133,98,35,0,0,0
2022-07-12 11:00,101,62,39,0,0,0
2022-07-12 11:15,137,95,42,0,0,0
2022-07-12 11:30,110,70,40,0,0,0
2022-07-12 11:45,113,83,30,0,0,0
2022-07-12 12:00,117,77,40,0,0,0
2022-07-12 12:15,126,79,47,0,0,0
2022-07-12 12:30,111,60,51,0,0,0
2022-07-12 12:45,128,84,44,0,0,0
2022-07-12 13:00,113,63,50,0,0,0
2022-07-12 13:15,119,79,40,0,0,0
2022-07-12 13:30,118,68,50,0,0,0
2022-07-12 13:45,131,76,55,0,0,0
2022-07-12 14:00,126,79,47,0,0,0
2022-07-12 14:15,126,81,45,0,0,0
2022-07-12 14:30,112,68,44,0,0,0
2022-07-12 14:45,152,90,62,0,0,0
2022-07-12 15:00,144,88,56,0,0,0
2022-07-12 15:15,147,90,57,0,0,0
2022-07-12 15:30,156,99,57,0,0,0
2022-07-12 15:45,174,93,81,0,0,0
2022-07-12 16:00,164,84,80,0,0,0
2022-07-12 16:15,128,62,66,0,0,0
2022-07-12 16:30,203,114,89,0,0,0
2022-07-12 16:45,207,113,94,0,0,0
2022-07-12 17:00,162,83,79,0,0,0
2022-07-12 17:15,174,85,89,0,0,0
2022-07-12 17:30,190,103,87,0,0,0
2022-07-12 17:45,179,106,73,0,0,0
2022-07-12 18:00,190,88,102,0,0,0
2022-07-12 18:15,157,76,81,0,0,0
2022-07-12 18:30,159,74,85,0,0,0
2022-07-12 18:45,161,83,78,0,0,0
2022-07-12 19:00,106,50,56,0,0,0
2022-07-12 19:15,104,50,54,0,0,0
2022-07-12 19:30,100,63,37,0,0,0
2022-07-12 19:45,120,66,54,0,0,0
2022-07-12 20:00,75,33,42,0,0,0
2022-07-12 20:15,67,29,38,0,0,0
2022-07-12 20:30,58,23,35,0,0,0
2022-07-12 20:45,65,27,38,0,0,0
2022-07-12 21:00,61,32,29,0,0,0
2022-07-12 21:15,66,38,28,0,0,0
2022-07-12 21:30,49,21,28,0,0,0
2022-07-12 21:45,56,28,28,0,0,0
2022-07-12 22:00,52,23,29,0,0,0
2022-07-12 22:15,52,24,28,0,0,0
2022-07-12 22:30,48,20,28,0,0,0
2022-07-12 22:45,37,19,18,0,0,0
2022-07-12 23:00,38,13,25,0,0,0
2022-07-12 23:15,40,19,21,0,0,0
2022-07-12 23:30,21,9,12,0,0,0
2022-07-12 23:45,19,12,7,0,0,0
2022-07-13 00:00,27,17,10,0,0,0
2022-07-13 00:15,12,7,5,0,0,0
2022-07-13 00:30,12,4,8,0,0,0
2022-07-13 00:45,6,1,5,0,0,0
2022-07-13 01:00,6,4,2,0,0,0
2022-07-13 01:15,8,4,4,0,0,0
2022-07-13 01:30,3,0,3,0,0,0
2022-07-13 01:45,5,3,2,0,0,0
2022-07-13 02:00,3,1,2,0,0,0
2022-07-13 02:15,2,1,1,0,0,0
2022-07-13 02:30,1,1,0,0,0,0
2022-07-13 02:45,2,2,0,0,0,0
2022-07-13 03:00,2,1,1,0,0,0
2022-07-13 03:15,0,0,0,0,0,0
2022-07-13 03:30,3,2,1,0,0,0
2022-07-13 03:45,0,0,0,0,0,0
2022-07-13 04:00,1,1,0,0,0,0
2022-07-13 04:15,2,1,1,0,0,0
2022-07-13 04:30,1,1,0,0,0,0
2022-07-13 04:45,6,1,5,0,0,0
2022-07-13 05:00,4,4,0,0,0,0
2022-07-13 05:15,5,4,1,0,0,0
2022-07-13 05:30,21,16,5,0,0,0
2022-07-13 05:45,23,12,11,0,0,0
2022-07-13 06:00,24,14,10,0,0,0
2022-07-13 06:15,34,21,13,0,0,0
2022-07-13 06:30,59,38,21,0,0,0
2022-07-13 06:45,80,54,26,0,0,0
2022-07-13 07:00,86,59,27,0,0,0
2022-07-13 07:15,141,94,47,0,0,0
2022-07-13 07:30,137,105,32,0,0,0
2022-07-13 07:45,158,116,42,0,0,0
2022-07-13 08:00,125,98,27,0,0,0
2022-07-13 08:15,174,132,42,0,0,0
2022-07-13 08:30,163,123,40,0,0,0
2022-07-13 08:45,152,118,34,0,0,0
2022-07-13 09:00,120,92,28,0,0,0
2022-07-13 09:15,121,100,21,0,0,0
2022-07-13 09:30,154,120,34,0,0,0
2022-07-13 09:45,163,132,31,0,0,0
2022-07-13 10:00,120,95,25,0,0,0
2022-07-13 10:15,135,107,28,0,0,0
2022-07-13 10:30,140,90,50,0,0,0
2022-07-13 10:45,154,103,51,0,0,0
2022-07-13 11:00,126,88,38,0,0,0
2022-07-13 11:15,123,85,38,0,0,0
2022-07-13 11:30,168,122,46,0,0,0
2022-07-13 11:45,181,128,53,0,0,0
2022-07-13 12:00,127,80,47,0,0,0
2022-07-13 12:15,143,91,52,0,0,0
2022-07-13 12:30,132,85,47,0,0,0
2022-07-13 12:45,141,74,67,0,0,0
2022-07-13 13:00,136,76,60,0,0,0
2022-07-13 13:15,93,43,50,0,0,0
2022-07-13 13:30,130,70,60,0,0,0
2022-07-13 13:45,166,88,78,0,0,0
2022-07-13 14:00,137,75,62,0,0,0
2022-07-13 14:15,129,62,67,0,0,0
2022-07-13 14:30,134,76,58,0,0,0
2022-07-13 14:45,124,58,66,0,0,0
2022-07-13 15:00,129,69,60,0,0,0
2022-07-13 15:15,123,63,60,0,0,0
2022-07-13 15:30,124,65,59,0,0,0
2022-07-13 15:45,184,104,80,0,0,0
2022-07-13 16:00,189,90,99,0,0,0
2022-07-13 16:15,147,70,77,0,0,0
2022-07-13 16:30,176,99,77,0,0,0
2022-07-13 16:45,160,89,71,0,0,0
2022-07-13 17:00,187,91,96,0,0,0
2022-07-13 17:15,176,84,92,0,0,0
2022-07-13 17:30,143,69,74,0,0,0
2022-07-13 17:45,170,105,65,0,0,0
2022-07-13 18:00,167,85,82,0,0,0
2022-07-13 18:15,140,77,63,0,0,0
2022-07-13 18:30,140,70,70,0,0,0
2022-07-13 18:45,146,82,64,0,0,0
2022-07-13 19:00,122,64,58,0,0,0
2022-07-13 19:15,125,70,55,0,0,0
2022-07-13 19:30,100,59,41,0,0,0
2022-07-13 19:45,130,73,57,0,0,0
2022-07-13 20:00,91,46,45,0,0,0
2022-07-13 20:15,93,52,41,0,0,0
2022-07-13 20:30,69,37,32,0,0,0
2022-07-13 20:45,65,30,35,0,0,0
2022-07-13 21:00,75,45,30,0,0,0
2022-07-13 21:15,70,40,30,0,0,0
2022-07-13 21:30,77,54,23,0,0,0
2022-07-13 21:45,64,29,35,0,0,0
2022-07-13 22:00,50,25,25,0,0,0
2022-07-13 22:15,46,29,17,0,0,0
2022-07-13 22:30,61,35,26,0,0,0
2022-07-13 22:45,40,18,22,0,0,0
2022-07-13 23:00,63,33,30,0,0,0
2022-07-13 23:15,31,20,11,0,0,0
2022-07-13 23:30,16,5,11,0,0,0
2022-07-13 23:45,29,17,12,0,0,0
2022-07-14 00:00,26,17,9,0,0,0
2022-07-14 00:15,15,8,7,0,0,0
2022-07-14 00:30,16,5,11,0,0,0
2022-07-14 00:45,13,7,6,0,0,0
2022-07-14 01:00,17,8,9,0,0,0
2022-07-14 01:15,8,0,8,0,0,0
2022-07-14 01:30,9,2,7,0,0,0
2022-07-14 01:45,7,1,6,0,0,0
2022-07-14 02:00,6,0,6,0,0,0
2022-07-14 02:15,5,2,3,0,0,0
2022-07-14 02:30,1,1,0,0,0,0
2022-07-14 02:45,2,1,1,0,0,0
2022-07-14 03:00,3,1,2,0,0,0
2022-07-14 03:15,2,0,2,0,0,0
2022-07-14 03:30,1,0,1,0,0,0
2022-07-14 03:45,1,0,1,0,0,0
2022-07-14 04:00,3,0,3,0,0,0
2022-07-14 04:15,4,1,3,0,0,0
2022-07-14 04:30,5,2,3,0,0,0
2022-07-14 04:45,2,1,1,0,0,0
2022-07-14 05:00,6,5,1,0,0,0
2022-07-14 05:15,7,4,3,0,0,0
2022-07-14 05:30,17,13,4,0,0,0
2022-07-14 05:45,26,13,13,0,0,0
2022-07-14 06:00,28,20,8,0,0,0
2022-07-14 06:15,31,19,12,0,0,0
2022-07-14 06:30,52,34,18,0,0,0
2022-07-14 06:45,67,49,18,0,0,0
2022-07-14 07:00,80,57,23,0,0,0
2022-07-14 07:15,118,82,36,0,0,0
2022-07-14 07:30,132,109,23,0,0,0
2022-07-14 07:45,166,126,40,0,0,0
2022-07-14 08:00,144,105,39,0,0,0
2022-07-14 08:15,141,105,36,0,0,0
2022-07-14 08:30,133,106,27,0,0,0
2022-07-14 08:45,137,103,34,0,0,0
2022-07-14 09:00,96,75,21,0,0,0
2022-07-14 09:15,107,85,22,0,0,0
2022-07-14 09:30,112,89,23,0,0,0
2022-07-14 09:45,142,105,37,0,0,0
2022-07-14 10:00,115,94,21,0,0,0
2022-07-14 10:15,99,68,31,0,0,0
2022-07-14 10:30,94,74,20,0,0,0
2022-07-14 10:45,109,75,34,0,0,0
2022-07-14 11:00,105,74,31,0,0,0
2022-07-14 11:15,97,61,36,0,0,0
2022-07-14 11:30,124,88,36,0,0,0
2022-07-14 11:45,115,69,46,0,0,0
2022-07-14 12:00,144,91,53,0,0,0
2022-07-14 12:15,126,75,51,0,0,0
2022-07-14 12:30,118,63,55,0,0,0
2022-07-14 12:45,128,75,53,0,0,0
2022-07-14 13:00,108,67,41,0,0,0
2022-07-14 13:15,123,71,52,0,0,0
2022-07-14 13:30,124,77,47,0,0,0
2022-07-14 13:45,157,90,67,0,0,0
2022-07-14 14:00,145,75,70,0,0,0
2022-07-14 14:15,149,85,64,0,0,0
2022-07-14 14:30,136,81,55,0,0,0
2022-07-14 14:45,143,94,49,0,0,0
2022-07-14 15:00,124,72,52,0,0,0
2022-07-14 15:15,158,96,62,0,0,0
2022-07-14 15:30,131,75,56,0,0,0
2022-07-14 15:45,179,115,64,0,0,0
2022-07-14 16:00,177,100,77,0,0,0
2022-07-14 16:15,210,122,88,0,0,0
2022-07-14 16:30,195,109,86,0,0,0
2022-07-14 16:45,185,109,76,0,0,0
2022-07-14 17:00,167,92,75,0,0,0
2022-07-14 17:15,180,99,81,0,0,0
2022-07-14 17:30,175,87,88,0,0,0
2022-07-14 17:45,200,107,93,0,0,0
2022-07-14 18:00,148,74,74,0,0,0
2022-07-14 18:15,148,87,61,0,0,0
2022-07-14 18:30,124,76,48,0,0,0
2022-07-14 18:45,157,93,64,0,0,0
2022-07-14 19:00,131,73,58,0,0,0
2022-07-14 19:15,101,54,47,0,0,0
2022-07-14 19:30,112,64,48,0,0,0
2022-07-14 19:45,115,63,52,0,0,0
2022-07-14 20:00,98,52,46,0,0,0
2022-07-14 20:15,68,31,37,0,0,0
2022-07-14 20:30,61,33,28,0,0,0
2022-07-14 20:45,53,18,35,0,0,0
2022-07-14 21:00,54,26,28,0,0,0
2022-07-14 21:15,74,35,39,0,0,0
2022-07-14 21:30,67,32,35,0,0,0
2022-07-14 21:45,63,30,33,0,0,0
2022-07-14 22:00,45,14,31,0,0,0
2022-07-14 22:15,60,32,28,0,0,0
2022-07-14 22:30,48,16,32,0,0,0
2022-07-14 22:45,44,26,18,0,0,0
2022-07-14 23:00,35,15,20,0,0,0
2022-07-14 23:15,39,16,23,0,0,0
2022-07-14 23:30,22,12,10,0,0,0
2022-07-14 23:45,18,2,16,0,0,0
2022-07-15 00:00,17,9,8,0,0,0
2022-07-15 00:15,19,7,12,0,0,0
2022-07-15 00:30,9,4,5,0,0,0
2022-07-15 00:45,22,3,19,0,0,0
2022-07-15 01:00,12,9,3,0,0,0
2022-07-15 01:15,14,11,3,0,0,0
2022-07-15 01:30,7,2,5,0,0,0
2022-07-15 01:45,4,2,2,0,0,0
2022-07-15 02:00,3,0,3,0,0,0
2022-07-15 02:15,2,1,1,0,0,0
2022-07-15 02:30,1,1,0,0,0,0
2022-07-15 02:45,2,0,2,0,0,0
2022-07-15 03:00,2,0,2,0,0,0
2022-07-15 03:15,1,1,0,0,0,0
2022-07-15 03:30,1,1,0,0,0,0
2022-07-15 03:45,3,2,1,0,0,0
2022-07-15 04:00,0,0,0,0,0,0
2022-07-15 04:15,2,1,1,0,0,0
2022-07-15 04:30,4,4,0,0,0,0
2022-07-15 04:45,1,0,1,0,0,0
2022-07-15 05:00,4,4,0,0,0,0
2022-07-15 05:15,10,7,3,0,0,0
2022-07-15 05:30,17,10,7,0,0,0
2022-07-15 05:45,25,9,16,0,0,0
2022-07-15 06:00,26,19,7,0,0,0
2022-07-15 06:15,32,19,13,0,0,0
2022-07-15 06:30,48,33,15,0,0,0
2022-07-15 06:45,67,47,20,0,0,0
2022-07-15 07:00,52,35,17,0,0,0
2022-07-15 07:15,94,57,37,0,0,0
2022-07-15 07:30,104,74,30,0,0,0
2022-07-15 07:45,161,122,39,0,0,0
2022-07-15 08:00,111,85,26,0,0,0
2022-07-15 08:15,122,89,33,0,0,0
2022-07-15 08:30,121,104,17,0,0,0
2022-07-15 08:45,146,115,31,0,0,0
2022-07-15 09:00,110,75,35,0,0,0
2022-07-15 09:15,99,69,30,0,0,0
2022-07-15 09:30,112,93,19,0,0,0
2022-07-15 09:45,128,101,27,0,0,0
2022-07-15 10:00,107,84,23,0,0,0
2022-07-15 10:15,80,56,24,0,0,0
2022-07-15 10:30,120,90,30,0,0,0
2022-07-15 10:45,112,81,31,0,0,0
2022-07-15 11:00,117,86,31,0,0,0
2022-07-15 11:15,108,74,34,0,0,0
2022-07-15 11:30,118,74,44,0,0,0
2022-07-15 11:45,144,87,57,0,0,0
2022-07-15 12:00,118,65,53,0,0,0
2022-07-15 12:15,145,94,51,0,0,0
2022-07-15 12:30,118,67,51,0,0,0
2022-07-15 12:45,157,86,71,0,0,0
2022-07-15 13:00,127,59,68,0,0,0
2022-07-15 13:15,152,100,52,0,0,0
2022-07-15 13:30,137,78,59,0,0,0
2022-07-15 13:45,144,71,73,0,0,0
2022-07-15 14:00,126,71,55,0,0,0
2022-07-15 14:15,137,84,53,0,0,0
2022-07-15 14:30,129,68,61,0,0,0
2022-07-15 14:45,166,100,66,0,0,0
2022-07-15 15:00,154,74,80,0,0,0
2022-07-15 15:15,152,105,47,0,0,0
2022-07-15 15:30,134,79,55,0,0,0
2022-07-15 15:45,140,78,62,0,0,0
2022-07-15 16:00,150,87,63,0,0,0
2022-07-15 16:15,134,74,60,0,0,0
2022-07-15 16:30,151,74,77,0,0,0
2022-07-15 16:45,152,83,69,0,0,0
2022-07-15 17:00,147,87,60,0,0,0
2022-07-15 17:15,130,72,58,0,0,0
2022-07-15 17:30,129,76,53,0,0,0
2022-07-15 17:45,164,87,77,0,0,0
2022-07-15 18:00,121,68,53,0,0,0
2022-07-15 18:15,115,58,57,0,0,0
2022-07-15 18:30,126,71,55,0,0,0
2022-07-15 18:45,130,81,49,0,0,0
2022-07-15 19:00,126,71,55,0,0,0
2022-07-15 19:15,94,63,31,0,0,0
2022-07-15 19:30,85,41,44,0,0,0
2022-07-15 19:45,108,67,41,0,0,0
2022-07-15 20:00,90,55,35,0,0,0
2022-07-15 20:15,91,57,34,0,0,0
2022-07-15 20:30,84,46,38,0,0,0
2022-07-15 20:45,51,36,15,0,0,0
2022-07-15 21:00,46,26,20,0,0,0
2022-07-15 21:15,60,33,27,0,0,0
2022-07-15 21:30,44,29,15,0,0,0
2022-07-15 21:45,56,25,31,0,0,0
2022-07-15 22:00,53,24,29,0,0,0
2022-07-15 22:15,64,31,33,0,0,0
2022-07-15 22:30,39,14,25,0,0,0
2022-07-15 22:45,42,16,26,0,0,0
2022-07-15 23:00,55,23,32,0,0,0
2022-07-15 23:15,36,17,19,0,0,0
2022-07-15 23:30,45,14,31,0,0,0
2022-07-15 23:45,51,24,27,0,0,0
2022-07-16 00:00,34,18,16,0,0,0
2022-07-16 00:15,30,7,23,0,0,0
2022-07-16 00:30,32,18,14,0,0,0
2022-07-16 00:45,22,12,10,0,0,0
2022-07-16 01:00,20,7,13,0,0,0
2022-07-16 01:15,17,7,10,0,0,0
2022-07-16 01:30,10,2,8,0,0,0
2022-07-16 01:45,18,7,11,0,0,0
2022-07-16 02:00,22,3,19,0,0,0
2022-07-16 02:15,15,4,11,0,0,0
2022-07-16 02:30,8,1,7,0,0,0
2022-07-16 02:45,11,7,4,0,0,0
2022-07-16 03:00,2,0,2,0,0,0
2022-07-16 03:15,7,1,6,0,0,0
2022-07-16 03:30,14,3,11,0,0,0
2022-07-16 03:45,8,2,6,0,0,0
2022-07-16 04:00,5,4,1,0,0,0
2022-07-16 04:15,6,4,2,0,0,0
2022-07-16 04:30,5,3,2,0,0,0
2022-07-16 04:45,7,2,5,0,0,0
2022-07-16 05:00,2,1,1,0,0,0
2022-07-16 05:15,5,3,2,0,0,0
2022-07-16 05:30,8,6,2,0,0,0
2022-07-16 05:45,9,5,4,0,0,0
2022-07-16 06:00,7,6,1,0,0,0
2022-07-16 06:15,7,6,1,0,0,0
2022-07-16 06:30,11,6,5,0,0,0
2022-07-16 06:45,16,11,5,0,0,0
2022-07-16 07:00,11,5,6,0,0,0
2022-07-16 07:15,15,7,8,0,0,0
2022-07-16 07:30,10,7,3,0,0,0
2022-07-16 07:45,31,22,9,0,0,0
2022-07-16 08:00,30,23,7,0,0,0
2022-07-16 08:15,38,34,4,0,0,0
2022-07-16 08:30,45,36,9,0,0,0
2022-07-16 08:45,69,56,13,0,0,0
2022-07-16 09:00,46,38,8,0,0,0
2022-07-16 09:15,62,51,11,0,0,0
2022-07-16 09:30,92,79,13,0,0,0
2022-07-16 09:45,102,78,24,0,0,0
2022-07-16 10:00,108,87,21,0,0,0
2022-07-16 10:15,109,84,25,0,0,0
2022-07-16 10:30,129,93,36,0,0,0
2022-07-16 10:45,153,117,36,0,0,0
2022-07-16 11:00,139,99,40,0,0,0
2022-07-16 11:15,101,79,22,0,0,0
2022-07-16 11:30,142,98,44,0,0,0
2022-07-16 11:45,182,124,58,0,0,0
2022-07-16 12:00,165,127,38,0,0,0
2022-07-16 12:15,131,89,42,0,0,0
2022-07-16 12:30,132,82,50,0,0,0
2022-07-16 12:45,147,94,53,0,0,0
2022-07-16 13:00,155,84,71,0,0,0
2022-07-16 13:15,118,73,45,0,0,0
2022-07-16 13:30,145,84,61,0,0,0
2022-07-16 13:45,141,77,64,0,0,0
2022-07-16 14:00,119,64,55,0,0,0
2022-07-16 14:15,126,72,54,0,0,0
2022-07-16 14:30,142,70,72,0,0,0
2022-07-16 14:45,113,54,59,0,0,0
2022-07-16 15:00,126,70,56,0,0,0
2022-07-16 15:15,97,52,45,0,0,0
2022-07-16 15:30,125,70,55,0,0,0
2022-07-16 15:45,101,50,51,0,0,0
2022-07-16 16:00,102,58,44,0,0,0
2022-07-16 16:15,100,59,41,0,0,0
2022-07-16 16:30,164,80,84,0,0,0
2022-07-16 16:45,108,74,34,0,0,0
2022-07-16 17:00,102,58,44,0,0,0
2022-07-16 17:15,80,52,28,0,0,0
2022-07-16 17:30,76,40,36,0,0,0
2022-07-16 17:45,119,73,46,0,0,0
2022-07-16 18:00,108,63,45,0,0,0
2022-07-16 18:15,136,77,59,0,0,0
2022-07-16 18:30,102,59,43,0,0,0
2022-07-16 18:45,99,60,39,0,0,0
2022-07-16 19:00,94,47,47,0,0,0
2022-07-16 19:15,93,54,39,0,0,0
2022-07-16 19:30,76,47,29,0,0,0
2022-07-16 19:45,81,37,44,0,0,0
2022-07-16 20:00,78,42,36,0,0,0
2022-07-16 20:15,68,34,34,0,0,0
2022-07-16 20:30,36,19,17,0,0,0
2022-07-16 20:45,33,19,14,0,0,0
2022-07-16 21:00,42,20,22,0,0,0
2022-07-16 21:15,47,26,21,0,0,0
2022-07-16 21:30,52,22,30,0,0,0
2022-07-16 21:45,35,24,11,0,0,0
2022-07-16 22:00,49,25,24,0,0,0
2022-07-16 22:15,42,18,24,0,0,0
2022-07-16 22:30,32,9,23,0,0,0
2022-07-16 22:45,50,34,16,0,0,0
2022-07-16 23:00,31,21,10,0,0,0
2022-07-16 23:15,28,11,17,0,0,0
2022-07-16 23:30,37,22,15,0,0,0
2022-07-16 23:45,32,11,21,0,0,0
2022-07-17 00:00,26,10,16,0,0,0
2022-07-17 00:15,24,12,12,0,0,0
2022-07-17 00:30,15,10,5,0,0,0
2022-07-17 00:45,28,23,5,0,0,0
2022-07-17 01:00,26,17,9,0,0,0
2022-07-17 01:15,23,11,12,0,0,0
2022-07-17 01:30,7,4,3,0,0,0
2022-07-17 01:45,11,2,9,0,0,0
2022-07-17 02:00,6,3,3,0,0,0
2022-07-17 02:15,11,5,6,0,0,0
2022-07-17 02:30,6,4,2,0,0,0
2022-07-17 02:45,8,2,6,0,0,0
2022-07-17 03:00,7,0,7,0,0,0
2022-07-17 03:15,7,3,4,0,0,0
2022-07-17 03:30,6,2,4,0,0,0
2022-07-17 03:45,6,0,6,0,0,0
2022-07-17 04:00,4,2,2,0,0,0
2022-07-17 04:15,2,2,0,0,0,0
2022-07-17 04:30,3,3,0,0,0,0
2022-07-17 04:45,1,0,1,0,0,0
2022-07-17 05:00,7,3,4,0,0,0
2022-07-17 05:15,5,2,3,0,0,0
2022-07-17 05:30,10,5,5,0,0,0
2022-07-17 05:45,3,1,2,0,0,0
2022-07-17 06:00,5,4,1,0,0,0
2022-07-17 06:15,6,4,2,0,0,0
2022-07-17 06:30,8,6,2,0,0,0
2022-07-17 06:45,10,9,1,0,0,0
2022-07-17 07:00,2,1,1,0,0,0
2022-07-17 07:15,2,0,2,0,0,0
2022-07-17 07:30,5,3,2,0,0,0
2022-07-17 07:45,14,10,4,0,0,0
2022-07-17 08:00,8,7,1,0,0,0
2022-07-17 08:15,22,17,5,0,0,0
2022-07-17 08:30,20,15,5,0,0,0
2022-07-17 08:45,31,24,7,0,0,0
2022-07-17 09:00,30,23,7,0,0,0
2022-07-17 09:15,27,16,11,0,0,0
2022-07-17 09:30,28,17,11,0,0,0
2022-07-17 09:45,51,32,19,0,0,0
2022-07-17 10:00,53,38,15,0,0,0
2022-07-17 10:15,59,29,30,0,0,0
2022-07-17 10:30,56,42,14,0,0,0
2022-07-17 10:45,71,48,23,0,0,0
2022-07-17 11:00,40,24,16,0,0,0
2022-07-17 11:15,79,48,31,0,0,0
2022-07-17 11:30,74,42,32,0,0,0
2022-07-17 11:45,71,48,23,0,0,0
2022-07-17 12:00,60,29,31,0,0,0
2022-07-17 12:15,63,43,20,0,0,0
2022-07-17 12:30,78,48,30,0,0,0
2022-07-17 12:45,73,42,31,0,0,0
2022-07-17 13:00,75,36,39,0,0,0
2022-07-17 13:15,72,37,35,0,0,0
2022-07-17 13:30,84,44,40,0,0,0
2022-07-17 13:45,81,51,30,0,0,0
2022-07-17 14:00,91,51,40,0,0,0
2022-07-17 14:15,70,44,26,0,0,0
2022-07-17 14:30,73,38,35,0,0,0
2022-07-17 14:45,85,44,41,0,0,0
2022-07-17 15:00,80,49,31,0,0,0
2022-07-17 15:15,83,49,34,0,0,0
2022-07-17 15:30,81,58,23,0,0,0
2022-07-17 15:45,102,55,47,0,0,0
2022-07-17 16:00,99,50,49,0,0,0
2022-07-17 16:15,109,73,36,0,0,0
2022-07-17 16:30,103,64,39,0,0,0
2022-07-17 16:45,87,52,35,0,0,0
2022-07-17 17:00,89,49,40,0,0,0
2022-07-17 17:15,87,52,35,0,0,0
2022-07-17 17:30,109,68,41,0,0,0
2022-07-17 17:45,104,77,27,0,0,0
2022-07-17 18:00,109,64,45,0,0,0
2022-07-17 18:15,87,58,29,0,0,0
2022-07-17 18:30,80,44,36,0,0,0
2022-07-17 18:45,90,60,30,0,0,0
2022-07-17 19:00,90,62,28,0,0,0
2022-07-17 19:15,70,46,24,0,0,0
2022-07-17 19:30,60,34,26,0,0,0
2022-07-17 19:45,67,38,29,0,0,0
2022-07-17 20:00,82,50,32,0,0,0
2022-07-17 20:15,64,36,28,0,0,0
2022-07-17 20:30,57,32,25,0,0,0
2022-07-17 20:45,41,23,18,0,0,0
2022-07-17 21:00,39,19,20,0,0,0
2022-07-17 21:15,35,18,17,0,0,0
2022-07-17 21:30,37,19,18,0,0,0
2022-07-17 21:45,33,15,18,0,0,0
2022-07-17 22:00,42,23,19,0,0,0
2022-07-17 22:15,23,11,12,0,0,0
2022-07-17 22:30,16,6,10,0,0,0
2022-07-17 22:45,15,4,11,0,0,0
2022-07-17 23:00,23,15,8,0,0,0
2022-07-17 23:15,18,3,15,0,0,0
2022-07-17 23:30,19,11,8,0,0,0
2022-07-17 23:45,8,5,3,0,0,0
2022-07-18 00:00,12,6,6,0,0,0
2022-07-18 00:15,9,6,3,0,0,0
2022-07-18 00:30,11,7,4,0,0,0
2022-07-18 00:45,7,5,2,0,0,0
2022-07-18 01:00,5,2,3,0,0,0
2022-07-18 01:15,2,1,1,0,0,0
2022-07-18 01:30,3,0,3,0,0,0
2022-07-18 01:45,3,1,2,0,0,0
2022-07-18 02:00,0,0,0,0,0,0
2022-07-18 02:15,2,1,1,0,0,0
2022-07-18 02:30,0,0,0,0,0,0
2022-07-18 02:45,0,0,0,0,0,0
2022-07-18 03:00,2,1,1,0,0,0
2022-07-18 03:15,0,0,0,0,0,0
2022-07-18 03:30,0,0,0,0,0,0
2022-07-18 03:45,0,0,0,0,0,0
2022-07-18 04:00,1,0,1,0,0,0
2022-07-18 04:15,3,1,2,0,0,0
2022-07-18 04:30,0,0,0,0,0,0
2022-07-18 04:45,2,1,1,0,0,0
2022-07-18 05:00,5,3,2,0,0,0
2022-07-18 05:15,3,3,0,0,0,0
2022-07-18 05:30,16,10,6,0,0,0
2022-07-18 05:45,20,10,10,0,0,0
2022-07-18 06:00,24,14,10,0,0,0
2022-07-18 06:15,28,21,7,0,0,0
2022-07-18 06:30,47,33,14,0,0,0
2022-07-18 06:45,72,54,18,0,0,0
2022-07-18 07:00,70,45,25,0,0,0
2022-07-18 07:15,96,62,34,0,0,0
2022-07-18 07:30,131,95,36,0,0,0
2022-07-18 07:45,146,115,31,0,0,0
2022-07-18 08:00,106,82,24,0,0,0
2022-07-18 08:15,138,115,23,0,0,0
2022-07-18 08:30,130,109,21,0,0,0
2022-07-18 08:45,114,85,29,0,0,0
2022-07-18 09:00,94,69,25,0,0,0
2022-07-18 09:15,116,92,24,0,0,0
2022-07-18 09:30,96,81,15,0,0,0
2022-07-18 09:45,108,79,29,0,0,0
2022-07-18 10:00,99,75,24,0,0,0
2022-07-18 10:15,90,67,23,0,0,0
2022-07-18 10:30,91,76,15,0,0,0
2022-07-18 10:45,100,72,28,0,0,0
2022-07-18 11:00,93,63,30,0,0,0
2022-07-18 11:15,101,60,41,0,0,0
2022-07-18 11:30,132,91,41,0,0,0
2022-07-18 11:45,104,58,46,0,0,0
2022-07-18 12:00,102,58,44,0,0,0
2022-07-18 12:15,113,69,44,0,0,0
2022-07-18 12:30,102,55,47,0,0,0
2022-07-18 12:45,119,65,54,0,0,0
2022-07-18 13:00,114,70,44,0,0,0
2022-07-18 13:15,103,63,40,0,0,0
2022-07-18 13:30,92,62,30,0,0,0
2022-07-18 13:45,119,74,45,0,0,0
2022-07-18 14:00,81,48,33,0,0,0
2022-07-18 14:15,108,59,49,0,0,0
2022-07-18 14:30,127,73,54,0,0,0
2022-07-18 14:45,122,60,62,0,0,0
2022-07-18 15:00,124,64,60,0,0,0
2022-07-18 15:15,123,71,52,0,0,0
2022-07-18 15:30,133,64,69,0,0,0
2022-07-18 15:45,148,78,70,0,0,0
2022-07-18 16:00,137,81,56,0,0,0
2022-07-18 16:15,174,91,83,0,0,0
2022-07-18 16:30,155,89,66,0,0,0
2022-07-18 16:45,145,78,67,0,0,0
2022-07-18 17:00,162,67,95,0,0,0
2022-07-18 17:15,149,74,75,0,0,0
2022-07-18 17:30,131,62,69,0,0,0
2022-07-18 17:45,148,70,78,0,0,0
2022-07-18 18:00,120,53,67,0,0,0
2022-07-18 18:15,124,64,60,0,0,0
2022-07-18 18:30,117,66,51,0,0,0
2022-07-18 18:45,122,59,63,0,0,0
2022-07-18 19:00,132,65,67,0,0,0
2022-07-18 19:15,114,72,42,0,0,0
2022-07-18 19:30,93,56,37,0,0,0
2022-07-18 19:45,105,71,34,0,0,0
2022-07-18 20:00,107,66,41,0,0,0
2022-07-18 20:15,73,45,28,0,0,0
2022-07-18 20:30,72,40,32,0,0,0
2022-07-18 20:45,82,48,34,0,0,0
2022-07-18 21:00,72,44,28,0,0,0
2022-07-18 21:15,71,45,26,0,0,0
2022-07-18 21:30,64,33,31,0,0,0
2022-07-18 21:45,45,28,17,0,0,0
2022-07-18 22:00,63,33,30,0,0,0
2022-07-18 22:15,45,30,15,0,0,0
2022-07-18 22:30,51,35,16,0,0,0
2022-07-18 22:45,44,26,18,0,0,0
2022-07-18 23:00,35,11,24,0,0,0
2022-07-18 23:15,31,15,16,0,0,0
2022-07-18 23:30,14,10,4,0,0,0
2022-07-18 23:45,19,15,4,0,0,0
2022-07-19 00:00,13,9,4,0,0,0
2022-07-19 00:15,10,6,4,0,0,0
2022-07-19 00:30,12,4,8,0,0,0
2022-07-19 00:45,1,0,1,0,0,0
2022-07-19 01:00,1,1,0,0,0,0
2022-07-19 01:15,6,1,5,0,0,0
2022-07-19 01:30,5,2,3,0,0,0
2022-07-19 01:45,11,6,5,0,0,0
2022-07-19 02:00,2,1,1,0,0,0
2022-07-19 02:15,6,2,4,0,0,0
2022-07-19 02:30,4,4,0,0,0,0
2022-07-19 02:45,4,1,3,0,0,0
2022-07-19 03:00,2,0,2,0,0,0
2022-07-19 03:15,0,0,0,0,0,0
2022-07-19 03:30,1,1,0,0,0,0
2022-07-19 03:45,2,1,1,0,0,0
2022-07-19 04:00,1,1,0,0,0,0
2022-07-19 04:15,1,1,0,0,0,0
2022-07-19 04:30,1,1,0,0,0,0
2022-07-19 04:45,1,1,0,0,0,0
2022-07-19 05:00,6,6,0,0,0,0
2022-07-19 05:15,6,6,0,0,0,0
2022-07-19 05:30,15,13,2,0,0,0
2022-07-19 05:45,19,9,10,0,0,0
2022-07-19 06:00,25,18,7,0,0,0
2022-07-19 06:15,30,19,11,0,0,0
2022-07-19 06:30,63,45,18,0,0,0
2022-07-19 06:45,91,70,21,0,0,0
2022-07-19 07:00,80,59,21,0,0,0
2022-07-19 07:15,108,67,41,0,0,0
2022-07-19 07:30,142,103,39,0,0,0
2022-07-19 07:45,162,122,40,0,0,0
2022-07-19 08:00,111,92,19,0,0,0
2022-07-19 08:15,121,88,33,0,0,0
2022-07-19 08:30,112,85,27,0,0,0
2022-07-19 08:45,136,99,37,0,0,0
2022-07-19 09:00,97,81,16,0,0,0
2022-07-19 09:15,89,68,21,0,0,0
2022-07-19 09:30,76,63,13,0,0,0
2022-07-19 09:45,109,87,22,0,0,0
2022-07-19 10:00,105,73,32,0,0,0
2022-07-19 10:15,96,65,31,0,0,0
2022-07-19 10:30,78,48,30,0,0,0
2022-07-19 10:45,91,52,39,0,0,0
2022-07-19 11:00,87,64,23,0,0,0
2022-07-19 11:15,98,62,36,0,0,0
2022-07-19 11:30,88,45,43,0,0,0
2022-07-19 11:45,81,47,34,0,0,0
2022-07-19 12:00,91,55,36,0,0,0
2022-07-19 12:15,102,62,40,0,0,0
2022-07-19 12:30,84,43,41,0,0,0
2022-07-19 12:45,82,48,34,0,0,0
2022-07-19 13:00,85,44,41,0,0,0
2022-07-19 13:15,92,48,44,0,0,0
2022-07-19 13:30,80,39,41,0,0,0
2022-07-19 13:45,83,42,41,0,0,0
2022-07-19 14:00,74,33,41,0,0,0
2022-07-19 14:15,84,42,42,0,0,0
2022-07-19 14:30,80,35,45,0,0,0
2022-07-19 14:45,97,48,49,0,0,0
2022-07-19 15:00,123,63,60,0,0,0
2022-07-19 15:15,115,56,59,0,0,0
2022-07-19 15:30,105,55,50,0,0,0
2022-07-19 15:45,100,53,47,0,0,0
2022-07-19 16:00,121,49,72,0,0,0
2022-07-19 16:15,119,69,50,0,0,0
2022-07-19 16:30,137,70,67,0,0,0
2022-07-19 16:45,102,43,59,0,0,0
2022-07-19 17:00,114,58,56,0,0,0
2022-07-19 17:15,107,53,54,0,0,0
2022-07-19 17:30,113,52,61,0,0,0
2022-07-19 17:45,144,76,68,0,0,0
2022-07-19 18:00,121,64,57,0,0,0
2022-07-19 18:15,109,53,56,0,0,0
2022-07-19 18:30,133,75,58,0,0,0
2022-07-19 18:45,144,80,64,0,0,0
2022-07-19 19:00,103,57,46,0,0,0
2022-07-19 19:15,82,44,38,0,0,0
2022-07-19 19:30,96,59,37,0,0,0
2022-07-19 19:45,128,83,45,0,0,0
2022-07-19 20:00,111,72,39,0,0,0
2022-07-19 20:15,78,51,27,0,0,0
2022-07-19 20:30,84,57,27,0,0,0
2022-07-19 20:45,81,50,31,0,0,0
2022-07-19 21:00,93,64,29,0,0,0
2022-07-19 21:15,90,58,32,0,0,0
2022-07-19 21:30,95,72,23,0,0,0
2022-07-19 21:45,85,64,21,0,0,0
2022-07-19 22:00,62,38,24,0,0,0
2022-07-19 22:15,66,46,20,0,0,0
2022-07-19 22:30,57,43,14,0,0,0
2022-07-19 22:45,57,42,15,0,0,0
2022-07-19 23:00,68,51,17,0,0,0
2022-07-19 23:15,50,39,11,0,0,0
2022-07-19 23:30,30,16,14,0,0,0
2022-07-19 23:45,8,5,3,0,0,0
2022-07-20 00:00,22,16,6,0,0,0
2022-07-20 00:15,15,10,5,0,0,0
2022-07-20 00:30,11,9,2,0,0,0
2022-07-20 00:45,13,6,7,0,0,0
2022-07-20 01:00,8,7,1,0,0,0
2022-07-20 01:15,9,3,6,0,0,0
2022-07-20 01:30,1,1,0,0,0,0
2022-07-20 01:45,4,2,2,0,0,0
2022-07-20 02:00,6,4,2,0,0,0
2022-07-20 02:15,4,2,2,0,0,0
2022-07-20 02:30,0,0,0,0,0,0
2022-07-20 02:45,4,2,2,0,0,0
2022-07-20 03:00,1,0,1,0,0,0
2022-07-20 03:15,0,0,0,0,0,0
2022-07-20 03:30,1,1,0,0,0,0
2022-07-20 03:45,2,0,2,0,0,0
2022-07-20 04:00,0,0,0,0,0,0
2022-07-20 04:15,4,1,3,0,0,0
2022-07-20 04:30,3,3,0,0,0,0
2022-07-20 04:45,3,2,1,0,0,0
2022-07-20 05:00,4,3,1,0,0,0
2022-07-20 05:15,10,9,1,0,0,0
2022-07-20 05:30,22,15,7,0,0,0
2022-07-20 05:45,18,8,10,0,0,0
2022-07-20 06:00,27,22,5,0,0,0
2022-07-20 06:15,43,28,15,0,0,0
2022-07-20 06:30,50,33,17,0,0,0
2022-07-20 06:45,104,80,24,0,0,0
2022-07-20 07:00,80,51,29,0,0,0
2022-07-20 07:15,105,75,30,0,0,0
2022-07-20 07:30,140,101,39,0,0,0
2022-07-20 07:45,129,97,32,0,0,0
2022-07-20 08:00,111,89,22,0,0,0
2022-07-20 08:15,136,99,37,0,0,0
2022-07-20 08:30,134,104,30,0,0,0
2022-07-20 08:45,127,94,33,0,0,0
2022-07-20 09:00,115,89,26,0,0,0
2022-07-20 09:15,122,95,27,0,0,0
2022-07-20 09:30,122,94,28,0,0,0
2022-07-20 09:45,139,111,28,0,0,0
2022-07-20 10:00,118,90,28,0,0,0
2022-07-20 10:15,130,99,31,0,0,0
2022-07-20 10:30,98,63,35,0,0,0
2022-07-20 10:45,141,104,37,0,0,0
2022-07-20 11:00,97,62,35,0,0,0
2022-07-20 11:15,101,64,37,0,0,0
2022-07-20 11:30,139,77,62,0,0,0
2022-07-20 11:45,109,58,51,0,0,0
2022-07-20 12:00,119,66,53,0,0,0
2022-07-20 12:15,110,67,43,0,0,0
2022-07-20 12:30,118,63,55,0,0,0
2022-07-20 12:45,113,52,61,0,0,0
2022-07-20 13:00,130,76,54,0,0,0
2022-07-20 13:15,107,56,51,0,0,0
2022-07-20 13:30,101,58,43,0,0,0
2022-07-20 13:45,122,67,55,0,0,0
2022-07-20 14:00,93,45,48,0,0,0
2022-07-20 14:15,91,46,45,0,0,0
2022-07-20 14:30,112,60,52,0,0,0
2022-07-20 14:45,115,70,45,0,0,0
2022-07-20 15:00,107,43,64,0,0,0
2022-07-20 15:15,95,43,52,0,0,0
2022-07-20 15:30,101,57,44,0,0,0
2022-07-20 15:45,152,87,65,0,0,0
2022-07-20 16:00,113,55,58,0,0,0
2022-07-20 16:15,146,79,67,0,0,0
2022-07-20 16:30,140,88,52,0,0,0
2022-07-20 16:45,134,68,66,0,0,0
2022-07-20 17:00,147,75,72,0,0,0
2022-07-20 17:15,131,73,58,0,0,0
2022-07-20 17:30,116,64,52,0,0,0
2022-07-20 17:45,161,92,69,0,0,0
2022-07-20 18:00,113,58,55,0,0,0
2022-07-20 18:15,149,90,59,0,0,0
2022-07-20 18:30,129,73,56,0,0,0
2022-07-20 18:45,142,70,72,0,0,0
2022-07-20 19:00,146,90,56,0,0,0
2022-07-20 19:15,121,72,49,0,0,0
2022-07-20 19:30,90,62,28,0,0,0
2022-07-20 19:45,89,60,29,0,0,0
2022-07-20 20:00,71,41,30,0,0,0
2022-07-20 20:15,50,33,17,0,0,0
2022-07-20 20:30,38,24,14,0,0,0
2022-07-20 20:45,37,15,22,0,0,0
2022-07-20 21:00,71,40,31,0,0,0
2022-07-20 21:15,53,32,21,0,0,0
2022-07-20 21:30,72,36,36,0,0,0
2022-07-20 21:45,64,25,39,0,0,0
2022-07-20 22:00,36,12,24,0,0,0
2022-07-20 22:15,30,13,17,0,0,0
2022-07-20 22:30,34,14,20,0,0,0
2022-07-20 22:45,20,9,11,0,0,0
2022-07-20 23:00,26,12,14,0,0,0
2022-07-20 23:15,19,11,8,0,0,0
2022-07-20 23:30,9,5,4,0,0,0
2022-07-20 23:45,9,3,6,0,0,0
2022-07-21 00:00,15,10,5,0,0,0
2022-07-21 00:15,19,11,8,0,0,0
2022-07-21 00:30,9,5,4,0,0,0
2022-07-21 00:45,17,14,3,0,0,0
2022-07-21 01:00,21,15,6,0,0,0
2022-07-21 01:15,9,6,3,0,0,0
2022-07-21 01:30,10,2,8,0,0,0
2022-07-21 01:45,9,1,8,0,0,0
2022-07-21 02:00,4,1,3,0,0,0
2022-07-21 02:15,2,0,2,0,0,0
2022-07-21 02:30,8,1,7,0,0,0
2022-07-21 02:45,0,0,0,0,0,0
2022-07-21 03:00,2,2,0,0,0,0
2022-07-21 03:15,4,0,4,0,0,0
2022-07-21 03:30,5,0,5,0,0,0
2022-07-21 03:45,1,0,1,0,0,0
2022-07-21 04:00,2,0,2,0,0,0
2022-07-21 04:15,2,1,1,0,0,0
2022-07-21 04:30,3,0,3,0,0,0
2022-07-21 04:45,4,3,1,0,0,0
2022-07-21 05:00,3,2,1,0,0,0
2022-07-21 05:15,2,1,1,0,0,0
2022-07-21 05:30,9,7,2,0,0,0
2022-07-21 05:45,19,10,9,0,0,0
2022-07-21 06:00,19,9,10,0,0,0
2022-07-21 06:15,16,11,5,0,0,0
2022-07-21 06:30,28,19,9,0,0,0
2022-07-21 06:45,39,28,11,0,0,0
2022-07-21 07:00,55,36,19,0,0,0
2022-07-21 07:15,79,48,31,0,0,0
2022-07-21 07:30,95,68,27,0,0,0
2022-07-21 07:45,130,94,36,0,0,0
2022-07-21 08:00,90,68,22,0,0,0
2022-07-21 08:15,110,75,35,0,0,0
2022-07-21 08:30,100,74,26,0,0,0
2022-07-21 08:45,108,70,38,0,0,0
2022-07-21 09:00,87,63,24,0,0,0
2022-07-21 09:15,94,68,26,0,0,0
2022-07-21 09:30,90,72,18,0,0,0
2022-07-21 09:45,92,70,22,0,0,0
2022-07-21 10:00,77,45,32,0,0,0
2022-07-21 10:15,81,56,25,0,0,0
2022-07-21 10:30,85,63,22,0,0,0
2022-07-21 10:45,82,51,31,0,0,0
2022-07-21 11:00,75,57,18,0,0,0
2022-07-21 11:15,74,44,30,0,0,0
2022-07-21 11:30,70,46,24,0,0,0
2022-07-21 11:45,97,64,33,0,0,0
2022-07-21 12:00,91,56,35,0,0,0
2022-07-21 12:15,77,49,28,0,0,0
2022-07-21 12:30,90,60,30,0,0,0
2022-07-21 12:45,103,67,36,0,0,0
2022-07-21 13:00,78,46,32,0,0,0
2022-07-21 13:15,66,40,26,0,0,0
2022-07-21 13:30,82,49,33,0,0,0
2022-07-21 13:45,103,68,35,0,0,0
2022-07-21 14:00,85,39,46,0,0,0
2022-07-21 14:15,49,23,26,0,0,0
2022-07-21 14:30,79,47,32,0,0,0
2022-07-21 14:45,97,57,40,0,0,0
2022-07-21 15:00,79,42,37,0,0,0
2022-07-21 15:15,92,59,33,0,0,0
2022-07-21 15:30,88,50,38,0,0,0
2022-07-21 15:45,119,73,46,0,0,0
2022-07-21 16:00,105,68,37,0,0,0
2022-07-21 16:15,110,68,42,0,0,0
2022-07-21 16:30,131,72,59,0,0,0
2022-07-21 16:45,143,91,52,0,0,0
2022-07-21 17:00,125,67,58,0,0,0
2022-07-21 17:15,136,75,61,0,0,0
2022-07-21 17:30,123,66,57,0,0,0
2022-07-21 17:45,160,89,71,0,0,0
2022-07-21 18:00,114,57,57,0,0,0
2022-07-21 18:15,105,49,56,0,0,0
2022-07-21 18:30,70,37,33,0,0,0
2022-07-21 18:45,130,62,68,0,0,0
2022-07-21 19:00,93,48,45,0,0,0
2022-07-21 19:15,88,35,53,0,0,0
2022-07-21 19:30,75,36,39,0,0,0
2022-07-21 19:45,72,35,37,0,0,0
2022-07-21 20:00,77,38,39,0,0,0
2022-07-21 20:15,50,25,25,0,0,0
2022-07-21 20:30,63,29,34,0,0,0
2022-07-21 20:45,50,26,24,0,0,0
2022-07-21 21:00,39,11,28,0,0,0
2022-07-21 21:15,39,15,24,0,0,0
2022-07-21 21:30,38,20,18,0,0,0
2022-07-21 21:45,48,14,34,0,0,0
2022-07-21 22:00,41,18,23,0,0,0
2022-07-21 22:15,47,21,26,0,0,0
2022-07-21 22:30,43,18,25,0,0,0
2022-07-21 22:45,25,12,13,0,0,0
2022-07-21 23:00,39,22,17,0,0,0
2022-07-21 23:15,25,13,12,0,0,0
2022-07-21 23:30,28,13,15,0,0,0
2022-07-21 23:45,17,7,10,0,0,0
2022-07-22 00:00,26,16,10,0,0,0
2022-07-22 00:15,7,3,4,0,0,0
2022-07-22 00:30,18,14,4,0,0,0
2022-07-22 00:45,7,2,5,0,0,0
2022-07-22 01:00,5,0,5,0,0,0
2022-07-22 01:15,8,3,5,0,0,0
2022-07-22 01:30,17,14,3,0,0,0
2022-07-22 01:45,4,1,3,0,0,0
2022-07-22 02:00,9,6,3,0,0,0
2022-07-22 02:15,4,1,3,0,0,0
2022-07-22 02:30,7,3,4,0,0,0
2022-07-22 02:45,9,4,5,0,0,0
2022-07-22 03:00,3,3,0,0,0,0
2022-07-22 03:15,0,0,0,0,0,0
2022-07-22 03:30,1,0,1,0,0,0
2022-07-22 03:45,1,1,0,0,0,0
2022-07-22 04:00,4,0,4,0,0,0
2022-07-22 04:15,2,1,1,0,0,0
2022-07-22 04:30,0,0,0,0,0,0
2022-07-22 04:45,0,0,0,0,0,0
2022-07-22 05:00,1,1,0,0,0,0
2022-07-22 05:15,5,5,0,0,0,0
2022-07-22 05:30,9,8,1,0,0,0
2022-07-22 05:45,14,7,7,0,0,0
2022-07-22 06:00,23,14,9,0,0,0
2022-07-22 06:15,23,17,6,0,0,0
2022-07-22 06:30,43,30,13,0,0,0
2022-07-22 06:45,58,40,18,0,0,0
2022-07-22 07:00,62,37,25,0,0,0
2022-07-22 07:15,73,50,23,0,0,0
2022-07-22 07:30,91,69,22,0,0,0
2022-07-22 07:45,126,95,31,0,0,0
2022-07-22 08:00,94,66,28,0,0,0
2022-07-22 08:15,104,81,23,0,0,0
2022-07-22 08:30,99,76,23,0,0,0
2022-07-22 08:45,94,58,36,0,0,0
2022-07-22 09:00,112,55,57,0,0,0
2022-07-22 09:15,88,67,21,0,0,0
2022-07-22 09:30,98,79,19,0,0,0
2022-07-22 09:45,95,74,21,0,0,0
2022-07-22 10:00,64,49,15,0,0,0
2022-07-22 10:15,89,68,21,0,0,0
2022-07-22 10:30,98,75,23,0,0,0
2022-07-22 10:45,113,78,35,0,0,0
2022-07-22 11:00,118,70,48,0,0,0
2022-07-22 11:15,109,69,40,0,0,0
2022-07-22 11:30,105,69,36,0,0,0
2022-07-22 11:45,118,70,48,0,0,0
2022-07-22 12:00,107,73,34,0,0,0
2022-07-22 12:15,116,72,44,0,0,0
2022-07-22 12:30,100,60,40,0,0,0
2022-07-22 12:45,147,90,57,0,0,0
2022-07-22 13:00,125,73,52,0,0,0
2022-07-22 13:15,117,59,58,0,0,0
2022-07-22 13:30,109,57,52,0,0,0
2022-07-22 13:45,114,59,55,0,0,0
2022-07-22 14:00,125,66,59,0,0,0
2022-07-22 14:15,121,64,57,0,0,0
2022-07-22 14:30,131,81,50,0,0,0
2022-07-22 14:45,126,72,54,0,0,0
2022-07-22 15:00,127,70,57,0,0,0
2022-07-22 15:15,155,81,74,0,0,0
2022-07-22 15:30,130,75,55,0,0,0
2022-07-22 15:45,132,75,57,0,0,0
2022-07-22 16:00,141,80,61,0,0,0
2022-07-22 16:15,112,59,53,0,0,0
2022-07-22 16:30,129,73,56,0,0,0
2022-07-22 16:45,130,77,53,0,0,0
2022-07-22 17:00,124,66,58,0,0,0
2022-07-22 17:15,120,77,43,0,0,0
2022-07-22 17:30,123,71,52,0,0,0
2022-07-22 17:45,122,68,54,0,0,0
2022-07-22 18:00,99,55,44,0,0,0
2022-07-22 18:15,118,67,51,0,0,0
2022-07-22 18:30,90,49,41,0,0,0
2022-07-22 18:45,116,74,42,0,0,0
2022-07-22 19:00,103,43,60,0,0,0
2022-07-22 19:15,110,53,57,0,0,0
2022-07-22 19:30,60,33,27,0,0,0
2022-07-22 19:45,103,68,35,0,0,0
2022-07-22 20:00,103,61,42,0,0,0
2022-07-22 20:15,68,44,24,0,0,0
2022-07-22 20:30,50,26,24,0,0,0
2022-07-22 20:45,56,33,23,0,0,0
2022-07-22 21:00,54,30,24,0,0,0
2022-07-22 21:15,43,29,14,0,0,0
2022-07-22 21:30,47,24,23,0,0,0
2022-07-22 21:45,38,24,14,0,0,0
2022-07-22 22:00,49,23,26,0,0,0
2022-07-22 22:15,49,21,28,0,0,0
2022-07-22 22:30,37,26,11,0,0,0
2022-07-22 22:45,33,14,19,0,0,0
2022-07-22 23:00,25,14,11,0,0,0
2022-07-22 23:15,26,11,15,0,0,0
2022-07-22 23:30,34,20,14,0,0,0
2022-07-22 23:45,28,11,17,0,0,0
2022-07-23 00:00,28,9,19,0,0,0
2022-07-23 00:15,25,14,11,0,0,0
2022-07-23 00:30,29,2,27,0,0,0
2022-07-23 00:45,24,9,15,0,0,0
2022-07-23 01:00,22,9,13,0,0,0
2022-07-23 01:15,14,2,12,0,0,0
2022-07-23 01:30,14,3,11,0,0,0
2022-07-23 01:45,21,6,15,0,0,0
2022-07-23 02:00,20,5,15,0,0,0
2022-07-23 02:15,10,5,5,0,0,0
2022-07-23 02:30,8,2,6,0,0,0
2022-07-23 02:45,6,0,6,0,0,0
2022-07-23 03:00,11,4,7,0,0,0
2022-07-23 03:15,4,1,3,0,0,0
2022-07-23 03:30,7,3,4,0,0,0
2022-07-23 03:45,6,3,3,0,0,0
2022-07-23 04:00,8,2,6,0,0,0
2022-07-23 04:15,7,2,5,0,0,0
2022-07-23 04:30,0,0,0,0,0,0
2022-07-23 04:45,3,2,1,0,0,0
2022-07-23 05:00,3,3,0,0,0,0
2022-07-23 05:15,4,1,3,0,0,0
2022-07-23 05:30,11,6,5,0,0,0
2022-07-23 05:45,10,5,5,0,0,0
2022-07-23 06:00,9,5,4,0,0,0
2022-07-23 06:15,9,4,5,0,0,0
2022-07-23 06:30,15,12,3,0,0,0
2022-07-23 06:45,20,16,4,0,0,0
2022-07-23 07:00,12,8,4,0,0,0
2022-07-23 07:15,20,16,4,0,0,0
2022-07-23 07:30,23,13,10,0,0,0
2022-07-23 07:45,33,26,7,0,0,0
2022-07-23 08:00,36,23,13,0,0,0
2022-07-23 08:15,41,25,16,0,0,0
2022-07-23 08:30,47,36,11,0,0,0
2022-07-23 08:45,56,48,8,0,0,0
2022-07-23 09:00,51,34,17,0,0,0
2022-07-23 09:15,70,55,15,0,0,0
2022-07-23 09:30,83,63,20,0,0,0
2022-07-23 09:45,119,93,26,0,0,0
2022-07-23 10:00,104,74,30,0,0,0
2022-07-23 10:15,111,88,23,0,0,0
2022-07-23 10:30,105,84,21,0,0,0
2022-07-23 10:45,134,97,37,0,0,0
2022-07-23 11:00,109,87,22,0,0,0
2022-07-23 11:15,129,92,37,0,0,0
2022-07-23 11:30,150,110,40,0,0,0
2022-07-23 11:45,156,102,54,0,0,0
2022-07-23 12:00,131,85,46,0,0,0
2022-07-23 12:15,148,104,44,0,0,0
2022-07-23 12:30,150,95,55,0,0,0
2022-07-23 12:45,152,95,57,0,0,0
2022-07-23 13:00,163,106,57,0,0,0
2022-07-23 13:15,126,81,45,0,0,0
2022-07-23 13:30,150,79,71,0,0,0
2022-07-23 13:45,131,73,58,0,0,0
2022-07-23 14:00,138,68,70,0,0,0
2022-07-23 14:15,146,74,72,0,0,0
2022-07-23 14:30,113,60,53,0,0,0
2022-07-23 14:45,100,55,45,0,0,0
2022-07-23 15:00,106,49,57,0,0,0
2022-07-23 15:15,124,52,72,0,0,0
2022-07-23 15:30,118,62,56,0,0,0
2022-07-23 15:45,106,62,44,0,0,0
2022-07-23 16:00,107,50,57,0,0,0
2022-07-23 16:15,103,49,54,0,0,0
2022-07-23 16:30,81,40,41,0,0,0
2022-07-23 16:45,112,73,39,0,0,0
2022-07-23 17:00,86,53,33,0,0,0
2022-07-23 17:15,86,49,37,0,0,0
2022-07-23 17:30,101,61,40,0,0,0
2022-07-23 17:45,87,47,40,0,0,0
2022-07-23 18:00,78,37,41,0,0,0
2022-07-23 18:15,89,46,43,0,0,0
2022-07-23 18:30,102,49,53,0,0,0
2022-07-23 18:45,106,62,44,0,0,0
2022-07-23 19:00,80,49,31,0,0,0
2022-07-23 19:15,91,64,27,0,0,0
2022-07-23 19:30,102,66,36,0,0,0
2022-07-23 19:45,55,39,16,0,0,0
2022-07-23 20:00,77,44,33,0,0,0
2022-07-23 20:15,54,32,22,0,0,0
2022-07-23 20:30,45,25,20,0,0,0
2022-07-23 20:45,42,28,14,0,0,0
2022-07-23 21:00,32,19,13,0,0,0
2022-07-23 21:15,52,27,25,0,0,0
2022-07-23 21:30,42,21,21,0,0,0
2022-07-23 21:45,37,16,21,0,0,0
2022-07-23 22:00,41,27,14,0,0,0
2022-07-23 22:15,32,16,16,0,0,0
2022-07-23 22:30,38,23,15,0,0,0
2022-07-23 22:45,35,18,17,0,0,0
2022-07-23 23:00,30,17,13,0,0,0
2022-07-23 23:15,43,25,18,0,0,0
2022-07-23 23:30,15,7,8,0,0,0
2022-07-23 23:45,28,9,19,0,0,0
2022-07-24 00:00,14,9,5,0,0,0
2022-07-24 00:15,21,14,7,0,0,0
2022-07-24 00:30,45,21,24,0,0,0
2022-07-24 00:45,34,6,28,0,0,0
2022-07-24 01:00,22,10,12,0,0,0
2022-07-24 01:15,22,11,11,0,0,0
2022-07-24 01:30,13,5,8,0,0,0
2022-07-24 01:45,16,8,8,0,0,0
2022-07-24 02:00,25,8,17,0,0,0
2022-07-24 02:15,8,1,7,0,0,0
2022-07-24 02:30,5,1,4,0,0,0
2022-07-24 02:45,7,2,5,0,0,0
2022-07-24 03:00,12,4,8,0,0,0
2022-07-24 03:15,8,6,2,0,0,0
2022-07-24 03:30,5,4,1,0,0,0
2022-07-24 03:45,6,2,4,0,0,0
2022-07-24 04:00,5,0,5,0,0,0
2022-07-24 04:15,2,0,2,0,0,0
2022-07-24 04:30,7,1,6,0,0,0
2022-07-24 04:45,3,1,2,0,0,0
2022-07-24 05:00,2,0,2,0,0,0
2022-07-24 05:15,5,3,2,0,0,0
2022-07-24 05:30,7,4,3,0,0,0
2022-07-24 05:45,4,2,2,0,0,0
2022-07-24 06:00,9,6,3,0,0,0
2022-07-24 06:15,9,3,6,0,0,0
2022-07-24 06:30,11,9,2,0,0,0
2022-07-24 06:45,9,5,4,0,0,0
2022-07-24 07:00,0,0,0,0,0,0
2022-07-24 07:15,6,4,2,0,0,0
2022-07-24 07:30,7,3,4,0,0,0
2022-07-24 07:45,11,8,3,0,0,0
2022-07-24 08:00,15,10,5,0,0,0
2022-07-24 08:15,26,18,8,0,0,0
2022-07-24 08:30,19,17,2,0,0,0
2022-07-24 08:45,24,18,6,0,0,0
2022-07-24 09:00,36,23,13,0,0,0
2022-07-24 09:15,25,16,9,0,0,0
2022-07-24 09:30,36,19,17,0,0,0
2022-07-24 09:45,50,33,17,0,0,0
2022-07-24 10:00,32,19,13,0,0,0
2022-07-24 10:15,54,32,22,0,0,0
2022-07-24 10:30,52,40,12,0,0,0
2022-07-24 10:45,55,36,19,0,0,0
2022-07-24 11:00,71,48,23,0,0,0
2022-07-24 11:15,54,38,16,0,0,0
2022-07-24 11:30,48,31,17,0,0,0
2022-07-24 11:45,46,25,21,0,0,0
2022-07-24 12:00,56,26,30,0,0,0
2022-07-24 12:15,64,36,28,0,0,0
2022-07-24 12:30,69,40,29,0,0,0
2022-07-24 12:45,63,41,22,0,0,0
2022-07-24 13:00,67,27,40,0,0,0
2022-07-24 13:15,61,40,21,0,0,0
2022-07-24 13:30,55,25,30,0,0,0
2022-07-24 13:45,111,75,36,0,0,0
2022-07-24 14:00,59,32,27,0,0,0
2022-07-24 14:15,78,45,33,0,0,0
2022-07-24 14:30,100,61,39,0,0,0
2022-07-24 14:45,94,54,40,0,0,0
2022-07-24 15:00,70,36,34,0,0,0
2022-07-24 15:15,70,43,27,0,0,0
2022-07-24 15:30,89,58,31,0,0,0
2022-07-24 15:45,93,49,44,0,0,0
2022-07-24 16:00,94,57,37,0,0,0
2022-07-24 16:15,85,50,35,0,0,0
2022-07-24 16:30,63,32,31,0,0,0
2022-07-24 16:45,78,55,23,0,0,0
2022-07-24 17:00,79,42,37,0,0,0
2022-07-24 17:15,94,64,30,0,0,0
2022-07-24 17:30,85,57,28,0,0,0
2022-07-24 17:45,98,69,29,0,0,0
2022-07-24 18:00,85,53,32,0,0,0
2022-07-24 18:15,98,69,29,0,0,0
2022-07-24 18:30,64,39,25,0,0,0
2022-07-24 18:45,78,58,20,0,0,0
2022-07-24 19:00,78,40,38,0,0,0
2022-07-24 19:15,79,58,21,0,0,0
2022-07-24 19:30,75,46,29,0,0,0
2022-07-24 19:45,75,41,34,0,0,0
2022-07-24 20:00,61,37,24,0,0,0
2022-07-24 20:15,93,50,43,0,0,0
2022-07-24 20:30,45,25,20,0,0,0
2022-07-24 20:45,52,29,23,0,0,0
2022-07-24 21:00,60,41,19,0,0,0
2022-07-24 21:15,47,25,22,0,0,0
2022-07-24 21:30,38,16,22,0,0,0
2022-07-24 21:45,37,20,17,0,0,0
2022-07-24 22:00,41,25,16,0,0,0
2022-07-24 22:15,23,13,10,0,0,0
2022-07-24 22:30,30,19,11,0,0,0
2022-07-24 22:45,28,16,12,0,0,0
2022-07-24 23:00,24,10,14,0,0,0
2022-07-24 23:15,8,4,4,0,0,0
2022-07-24 23:30,9,2,7,0,0,0
2022-07-24 23:45,15,11,4,0,0,0
2022-07-25 00:00,11,8,3,0,0,0
2022-07-25 00:15,7,2,5,0,0,0
2022-07-25 00:30,8,4,4,0,0,0
2022-07-25 00:45,4,3,1,0,0,0
2022-07-25 01:00,5,3,2,0,0,0
2022-07-25 01:15,4,3,1,0,0,0
2022-07-25 01:30,0,0,0,0,0,0
2022-07-25 01:45,2,1,1,0,0,0
2022-07-25 02:00,2,1,1,0,0,0
2022-07-25 02:15,0,0,0,0,0,0
2022-07-25 02:30,3,2,1,0,0,0
2022-07-25 02:45,2,0,2,0,0,0
2022-07-25 03:00,0,0,0,0,0,0
2022-07-25 03:15,0,0,0,0,0,0
2022-07-25 03:30,0,0,0,0,0,0
2022-07-25 03:45,1,1,0,0,0,0
2022-07-25 04:00,0,0,0,0,0,0
2022-07-25 04:15,3,2,1,0,0,0
2022-07-25 04:30,3,2,1,0,0,0
2022-07-25 04:45,4,1,3,0,0,0
2022-07-25 05:00,3,3,0,0,0,0
2022-07-25 05:15,8,7,1,0,0,0
2022-07-25 05:30,18,15,3,0,0,0
2022-07-25 05:45,23,12,11,0,0,0
2022-07-25 06:00,16,9,7,0,0,0
2022-07-25 06:15,34,22,12,0,0,0
2022-07-25 06:30,36,23,13,0,0,0
2022-07-25 06:45,66,45,21,0,0,0
2022-07-25 07:00,98,62,36,0,0,0
2022-07-25 07:15,101,63,38,0,0,0
2022-07-25 07:30,102,66,36,0,0,0
2022-07-25 07:45,154,113,41,0,0,0
2022-07-25 08:00,109,89,20,0,0,0
2022-07-25 08:15,132,97,35,0,0,0
2022-07-25 08:30,102,85,17,0,0,0
2022-07-25 08:45,120,87,33,0,0,0
2022-07-25 09:00,88,62,26,0,0,0
2022-07-25 09:15,98,68,30,0,0,0
2022-07-25 09:30,101,81,20,0,0,0
2022-07-25 09:45,121,101,20,0,0,0
2022-07-25 10:00,96,79,17,0,0,0
2022-07-25 10:15,87,66,21,0,0,0
2022-07-25 10:30,93,69,24,0,0,0
2022-07-25 10:45,90,59,31,0,0,0
2022-07-25 11:00,96,57,39,0,0,0
2022-07-25 11:15,98,64,34,0,0,0
2022-07-25 11:30,94,54,40,0,0,0
2022-07-25 11:45,109,73,36,0,0,0
2022-07-25 12:00,97,61,36,0,0,0
2022-07-25 12:15,102,65,37,0,0,0
2022-07-25 12:30,93,58,35,0,0,0
2022-07-25 12:45,129,68,61,0,0,0
2022-07-25 13:00,113,70,43,0,0,0
2022-07-25 13:15,96,51,45,0,0,0
2022-07-25 13:30,118,76,42,0,0,0
2022-07-25 13:45,117,69,48,0,0,0
2022-07-25 14:00,98,60,38,0,0,0
2022-07-25 14:15,100,58,42,0,0,0
2022-07-25 14:30,103,70,33,0,0,0
2022-07-25 14:45,130,74,56,0,0,0
2022-07-25 15:00,125,76,49,0,0,0
2022-07-25 15:15,133,72,61,0,0,0
2022-07-25 15:30,147,86,61,0,0,0
2022-07-25 15:45,138,73,65,0,0,0
2022-07-25 16:00,146,80,66,0,0,0
2022-07-25 16:15,138,70,68,0,0,0
2022-07-25 16:30,137,69,68,0,0,0
2022-07-25 16:45,175,89,86,0,0,0
2022-07-25 17:00,170,93,77,0,0,0
2022-07-25 17:15,150,71,79,0,0,0
2022-07-25 17:30,159,74,85,0,0,0
2022-07-25 17:45,167,83,84,0,0,0
2022-07-25 18:00,135,69,66,0,0,0
2022-07-25 18:15,134,70,64,0,0,0
2022-07-25 18:30,110,45,65,0,0,0
2022-07-25 18:45,95,48,47,0,0,0
2022-07-25 19:00,103,60,43,0,0,0
2022-07-25 19:15,74,40,34,0,0,0
2022-07-25 19:30,91,42,49,0,0,0
2022-07-25 19:45,60,28,32,0,0,0
2022-07-25 20:00,88,66,22,0,0,0
2022-07-25 20:15,47,26,21,0,0,0
2022-07-25 20:30,47,30,17,0,0,0
2022-07-25 20:45,46,29,17,0,0,0
2022-07-25 21:00,42,21,21,0,0,0
2022-07-25 21:15,55,38,17,0,0,0
2022-07-25 21:30,61,38,23,0,0,0
2022-07-25 21:45,38,20,18,0,0,0
2022-07-25 22:00,39,19,20,0,0,0
2022-07-25 22:15,32,15,17,0,0,0
2022-07-25 22:30,33,14,19,0,0,0
2022-07-25 22:45,25,11,14,0,0,0
2022-07-25 23:00,25,13,12,0,0,0
2022-07-25 23:15,14,3,11,0,0,0
2022-07-25 23:30,7,4,3,0,0,0
2022-07-25 23:45,24,3,21,0,0,0
2022-07-26 00:00,17,7,10,0,0,0
2022-07-26 00:15,10,6,4,0,0,0
2022-07-26 00:30,6,2,4,0,0,0
2022-07-26 00:45,5,2,3,0,0,0
2022-07-26 01:00,7,0,7,0,0,0
2022-07-26 01:15,6,3,3,0,0,0
2022-07-26 01:30,2,0,2,0,0,0
2022-07-26 01:45,4,2,2,0,0,0
2022-07-26 02:00,3,1,2,0,0,0
2022-07-26 02:15,3,1,2,0,0,0
2022-07-26 02:30,0,0,0,0,0,0
2022-07-26 02:45,1,0,1,0,0,0
2022-07-26 03:00,1,0,1,0,0,0
2022-07-26 03:15,1,0,1,0,0,0
2022-07-26 03:30,2,0,2,0,0,0
2022-07-26 03:45,0,0,0,0,0,0
2022-07-26 04:00,0,0,0,0,0,0
2022-07-26 04:15,3,1,2,0,0,0
2022-07-26 04:30,3,1,2,0,0,0
2022-07-26 04:45,2,1,1,0,0,0
2022-07-26 05:00,2,2,0,0,0,0
2022-07-26 05:15,6,4,2,0,0,0
2022-07-26 05:30,22,17,5,0,0,0
2022-07-26 05:45,21,13,8,0,0,0
2022-07-26 06:00,23,17,6,0,0,0
2022-07-26 06:15,35,21,14,0,0,0
2022-07-26 06:30,53,30,23,0,0,0
2022-07-26 06:45,72,48,24,0,0,0
2022-07-26 07:00,76,55,21,0,0,0
2022-07-26 07:15,102,67,35,0,0,0
2022-07-26 07:30,121,83,38,0,0,0
2022-07-26 07:45,134,99,35,0,0,0
2022-07-26 08:00,111,88,23,0,0,0
2022-07-26 08:15,130,105,25,0,0,0
2022-07-26 08:30,96,76,20,0,0,0
2022-07-26 08:45,126,99,27,0,0,0
2022-07-26 09:00,91,66,25,0,0,0
2022-07-26 09:15,74,59,15,0,0,0
2022-07-26 09:30,116,85,31,0,0,0
2022-07-26 09:45,103,85,18,0,0,0
2022-07-26 10:00,91,68,23,0,0,0
2022-07-26 10:15,100,78,22,0,0,0
2022-07-26 10:30,52,25,27,0,0,0
2022-07-26 10:45,35,23,12,0,0,0
2022-07-26 11:00,46,29,17,0,0,0
2022-07-26 11:15,57,32,25,0,0,0
2022-07-26 11:30,63,31,32,0,0,0
2022-07-26 11:45,78,52,26,0,0,0
2022-07-26 12:00,59,32,27,0,0,0
2022-07-26 12:15,42,24,18,0,0,0
2022-07-26 12:30,56,32,24,0,0,0
2022-07-26 12:45,72,38,34,0,0,0
2022-07-26 13:00,70,33,37,0,0,0
2022-07-26 13:15,79,43,36,0,0,0
2022-07-26 13:30,78,47,31,0,0,0
2022-07-26 13:45,93,61,32,0,0,0
2022-07-26 14:00,70,40,30,0,0,0
2022-07-26 14:15,116,67,49,0,0,0
2022-07-26 14:30,54,30,24,0,0,0
2022-07-26 14:45,75,41,34,0,0,0
2022-07-26 15:00,94,51,43,0,0,0
2022-07-26 15:15,114,76,38,0,0,0
2022-07-26 15:30,110,63,47,0,0,0
2022-07-26 15:45,153,92,61,0,0,0
2022-07-26 16:00,140,85,55,0,0,0
2022-07-26 16:15,173,87,86,0,0,0
2022-07-26 16:30,142,72,70,0,0,0
2022-07-26 16:45,158,83,75,0,0,0
2022-07-26 17:00,143,82,61,0,0,0
2022-07-26 17:15,154,82,72,0,0,0
2022-07-26 17:30,132,68,64,0,0,0
2022-07-26 17:45,167,89,78,0,0,0
2022-07-26 18:00,112,54,58,0,0,0
2022-07-26 18:15,122,74,48,0,0,0
2022-07-26 18:30,121,54,67,0,0,0
2022-07-26 18:45,126,64,62,0,0,0
2022-07-26 19:00,97,40,57,0,0,0
2022-07-26 19:15,101,39,62,0,0,0
2022-07-26 19:30,90,47,43,0,0,0
2022-07-26 19:45,76,30,46,0,0,0
2022-07-26 20:00,66,30,36,0,0,0
2022-07-26 20:15,60,26,34,0,0,0
2022-07-26 20:30,44,22,22,0,0,0
2022-07-26 20:45,50,28,22,0,0,0
2022-07-26 21:00,49,16,33,0,0,0
2022-07-26 21:15,59,33,26,0,0,0
2022-07-26 21:30,51,19,32,0,0,0
2022-07-26 21:45,46,22,24,0,0,0
2022-07-26 22:00,32,15,17,0,0,0
2022-07-26 22:15,36,15,21,0,0,0
2022-07-26 22:30,38,19,19,0,0,0
2022-07-26 22:45,24,11,13,0,0,0
2022-07-26 23:00,32,15,17,0,0,0
2022-07-26 23:15,18,13,5,0,0,0
2022-07-26 23:30,23,10,13,0,0,0
2022-07-26 23:45,13,12,1,0,0,0
2022-07-27 00:00,18,7,11,0,0,0
2022-07-27 00:15,14,9,5,0,0,0
2022-07-27 00:30,6,3,3,0,0,0
2022-07-27 00:45,7,4,3,0,0,0
2022-07-27 01:00,1,1,0,0,0,0
2022-07-27 01:15,3,1,2,0,0,0
2022-07-27 01:30,2,0,2,0,0,0
2022-07-27 01:45,3,2,1,0,0,0
2022-07-27 02:00,1,0,1,0,0,0
2022-07-27 02:15,1,0,1,0,0,0
2022-07-27 02:30,6,3,3,0,0,0
2022-07-27 02:45,4,3,1,0,0,0
2022-07-27 03:00,2,1,1,0,0,0
2022-07-27 03:15,3,0,3,0,0,0
2022-07-27 03:30,0,0,0,0,0,0
2022-07-27 03:45,1,0,1,0,0,0
2022-07-27 04:00,1,1,0,0,0,0
2022-07-27 04:15,4,2,2,0,0,0
2022-07-27 04:30,1,1,0,0,0,0
2022-07-27 04:45,4,1,3,0,0,0
2022-07-27 05:00,3,3,0,0,0,0
2022-07-27 05:15,7,3,4,0,0,0
2022-07-27 05:30,16,11,5,0,0,0
2022-07-27 05:45,25,14,11,0,0,0
2022-07-27 06:00,22,17,5,0,0,0
2022-07-27 06:15,26,13,13,0,0,0
2022-07-27 06:30,48,32,16,0,0,0
2022-07-27 06:45,72,51,21,0,0,0
2022-07-27 07:00,77,57,20,0,0,0
2022-07-27 07:15,94,58,36,0,0,0
2022-07-27 07:30,108,71,37,0,0,0
2022-07-27 07:45,164,118,46,0,0,0
2022-07-27 08:00,115,97,18,0,0,0
2022-07-27 08:15,141,95,46,0,0,0
2022-07-27 08:30,123,100,23,0,0,0
2022-07-27 08:45,141,105,36,0,0,0
2022-07-27 09:00,108,81,27,0,0,0
2022-07-27 09:15,112,93,19,0,0,0
2022-07-27 09:30,121,101,20,0,0,0
2022-07-27 09:45,163,133,30,0,0,0
2022-07-27 10:00,144,113,31,0,0,0
2022-07-27 10:15,122,92,30,0,0,0
2022-07-27 10:30,107,87,20,0,0,0
2022-07-27 10:45,139,101,38,0,0,0
2022-07-27 11:00,138,110,28,0,0,0
2022-07-27 11:15,123,84,39,0,0,0
2022-07-27 11:30,146,94,52,0,0,0
2022-07-27 11:45,161,104,57,0,0,0
2022-07-27 12:00,131,81,50,0,0,0
2022-07-27 12:15,168,100,68,0,0,0
2022-07-27 12:30,145,83,62,0,0,0
2022-07-27 12:45,173,106,67,0,0,0
2022-07-27 13:00,134,65,69,0,0,0
2022-07-27 13:15,149,88,61,0,0,0
2022-07-27 13:30,135,75,60,0,0,0
2022-07-27 13:45,150,77,73,0,0,0
2022-07-27 14:00,125,57,68,0,0,0
2022-07-27 14:15,134,72,62,0,0,0
2022-07-27 14:30,151,81,70,0,0,0
2022-07-27 14:45,150,75,75,0,0,0
2022-07-27 15:00,135,74,61,0,0,0
2022-07-27 15:15,141,84,57,0,0,0
2022-07-27 15:30,137,70,67,0,0,0
2022-07-27 15:45,175,100,75,0,0,0
2022-07-27 16:00,160,93,67,0,0,0
2022-07-27 16:15,169,95,74,0,0,0
2022-07-27 16:30,158,88,70,0,0,0
2022-07-27 16:45,158,90,68,0,0,0
2022-07-27 17:00,166,84,82,0,0,0
2022-07-27 17:15,163,79,84,0,0,0
2022-07-27 17:30,170,96,74,0,0,0
2022-07-27 17:45,147,73,74,0,0,0
2022-07-27 18:00,172,92,80,0,0,0
2022-07-27 18:15,158,76,82,0,0,0
2022-07-27 18:30,112,55,57,0,0,0
2022-07-27 18:45,124,66,58,0,0,0
2022-07-27 19:00,125,57,68,0,0,0
2022-07-27 19:15,105,57,48,0,0,0
2022-07-27 19:30,82,42,40,0,0,0
2022-07-27 19:45,88,46,42,0,0,0
2022-07-27 20:00,87,49,38,0,0,0
2022-07-27 20:15,65,42,23,0,0,0
2022-07-27 20:30,48,26,22,0,0,0
2022-07-27 20:45,56,28,28,0,0,0
2022-07-27 21:00,41,25,16,0,0,0
2022-07-27 21:15,58,27,31,0,0,0
2022-07-27 21:30,48,26,22,0,0,0
2022-07-27 21:45,41,18,23,0,0,0
2022-07-27 22:00,25,14,11,0,0,0
2022-07-27 22:15,39,23,16,0,0,0
2022-07-27 22:30,34,14,20,0,0,0
2022-07-27 22:45,33,16,17,0,0,0
2022-07-27 23:00,48,25,23,0,0,0
2022-07-27 23:15,42,24,18,0,0,0
2022-07-27 23:30,33,25,8,0,0,0
2022-07-27 23:45,25,21,4,0,0,0
2022-07-28 00:00,12,4,8,0,0,0
2022-07-28 00:15,34,16,18,0,0,0
2022-07-28 00:30,13,2,11,0,0,0
2022-07-28 00:45,13,9,4,0,0,0
2022-07-28 01:00,8,2,6,0,0,0
2022-07-28 01:15,10,3,7,0,0,0
2022-07-28 01:30,7,3,4,0,0,0
2022-07-28 01:45,3,0,3,0,0,0
2022-07-28 02:00,2,1,1,0,0,0
2022-07-28 02:15,5,0,5,0,0,0
2022-07-28 02:30,5,1,4,0,0,0
2022-07-28 02:45,5,3,2,0,0,0
2022-07-28 03:00,2,0,2,0,0,0
2022-07-28 03:15,4,1,3,0,0,0
2022-07-28 03:30,7,2,5,0,0,0
2022-07-28 03:45,4,1,3,0,0,0
2022-07-28 04:00,3,0,3,0,0,0
2022-07-28 04:15,2,1,1,0,0,0
2022-07-28 04:30,5,3,2,0,0,0
2022-07-28 04:45,3,1,2,0,0,0
2022-07-28 05:00,5,3,2,0,0,0
2022-07-28 05:15,5,2,3,0,0,0
2022-07-28 05:30,18,12,6,0,0,0
2022-07-28 05:45,18,9,9,0,0,0
2022-07-28 06:00,18,12,6,0,0,0
2022-07-28 06:15,23,13,10,0,0,0
2022-07-28 06:30,45,32,13,0,0,0
2022-07-28 06:45,63,38,25,0,0,0
2022-07-28 07:00,60,43,17,0,0,0
2022-07-28 07:15,95,59,36,0,0,0
2022-07-28 07:30,139,101,38,0,0,0
2022-07-28 07:45,146,115,31,0,0,0
2022-07-28 08:00,112,86,26,0,0,0
2022-07-28 08:15,126,94,32,0,0,0
2022-07-28 08:30,111,94,17,0,0,0
2022-07-28 08:45,134,116,18,0,0,0
2022-07-28 09:00,77,57,20,0,0,0
2022-07-28 09:15,100,80,20,0,0,0
2022-07-28 09:30,91,72,19,0,0,0
2022-07-28 09:45,108,82,26,0,0,0
2022-07-28 10:00,86,69,17,0,0,0
2022-07-28 10:15,107,87,20,0,0,0
2022-07-28 10:30,101,75,26,0,0,0
2022-07-28 10:45,98,66,32,0,0,0
2022-07-28 11:00,95,61,34,0,0,0
2022-07-28 11:15,114,75,39,0,0,0
2022-07-28 11:30,96,63,33,0,0,0
2022-07-28 11:45,111,67,44,0,0,0
2022-07-28 12:00,91,64,27,0,0,0
2022-07-28 12:15,117,82,35,0,0,0
2022-07-28 12:30,116,73,43,0,0,0
2022-07-28 12:45,99,58,41,0,0,0
2022-07-28 13:00,121,70,51,0,0,0
2022-07-28 13:15,101,66,35,0,0,0
2022-07-28 13:30,110,68,42,0,0,0
2022-07-28 13:45,90,58,32,0,0,0
2022-07-28 14:00,121,62,59,0,0,0
2022-07-28 14:15,137,75,62,0,0,0
2022-07-28 14:30,135,85,50,0,0,0
2022-07-28 14:45,155,105,50,0,0,0
2022-07-28 15:00,113,73,40,0,0,0
2022-07-28 15:15,118,62,56,0,0,0
2022-07-28 15:30,122,71,51,0,0,0
2022-07-28 15:45,170,105,65,0,0,0
2022-07-28 16:00,175,94,81,0,0,0
2022-07-28 16:15,149,92,57,0,0,0
2022-07-28 16:30,176,108,68,0,0,0
2022-07-28 16:45,183,113,70,0,0,0
2022-07-28 17:00,158,88,70,0,0,0
2022-07-28 17:15,164,96,68,0,0,0
2022-07-28 17:30,140,81,59,0,0,0
2022-07-28 17:45,171,94,77,0,0,0
2022-07-28 18:00,140,80,60,0,0,0
2022-07-28 18:15,146,75,71,0,0,0
2022-07-28 18:30,129,66,63,0,0,0
2022-07-28 18:45,123,69,54,0,0,0
2022-07-28 19:00,103,51,52,0,0,0
2022-07-28 19:15,99,46,53,0,0,0
2022-07-28 19:30,93,51,42,0,0,0
2022-07-28 19:45,93,47,46,0,0,0
2022-07-28 20:00,89,40,49,0,0,0
2022-07-28 20:15,58,29,29,0,0,0
2022-07-28 20:30,56,30,26,0,0,0
2022-07-28 20:45,66,33,33,0,0,0
2022-07-28 21:00,52,24,28,0,0,0
2022-07-28 21:15,57,31,26,0,0,0
2022-07-28 21:30,47,15,32,0,0,0
2022-07-28 21:45,39,20,19,0,0,0
2022-07-28 22:00,41,25,16,0,0,0
2022-07-28 22:15,44,25,19,0,0,0
2022-07-28 22:30,43,29,14,0,0,0
2022-07-28 22:45,49,28,21,0,0,0
2022-07-28 23:00,29,12,17,0,0,0
2022-07-28 23:15,19,5,14,0,0,0
2022-07-28 23:30,21,8,13,0,0,0
2022-07-28 23:45,14,8,6,0,0,0
2022-07-29 00:00,26,21,5,0,0,0
2022-07-29 00:15,36,14,22,0,0,0
2022-07-29 00:30,7,4,3,0,0,0
2022-07-29 00:45,5,4,1,0,0,0
2022-07-29 01:00,10,4,6,0,0,0
2022-07-29 01:15,6,1,5,0,0,0
2022-07-29 01:30,0,0,0,0,0,0
2022-07-29 01:45,2,1,1,0,0,0
2022-07-29 02:00,0,0,0,0,0,0
2022-07-29 02:15,4,1,3,0,0,0
2022-07-29 02:30,7,3,4,0,0,0
2022-07-29 02:45,0,0,0,0,0,0
2022-07-29 03:00,3,3,0,0,0,0
2022-07-29 03:15,2,0,2,0,0,0
2022-07-29 03:30,2,2,0,0,0,0
2022-07-29 03:45,1,0,1,0,0,0
2022-07-29 04:00,2,0,2,0,0,0
2022-07-29 04:15,1,1,0,0,0,0
2022-07-29 04:30,2,1,1,0,0,0
2022-07-29 04:45,4,3,1,0,0,0
2022-07-29 05:00,2,2,0,0,0,0
2022-07-29 05:15,5,5,0,0,0,0
2022-07-29 05:30,20,15,5,0,0,0
2022-07-29 05:45,15,7,8,0,0,0
2022-07-29 06:00,22,14,8,0,0,0
2022-07-29 06:15,30,19,11,0,0,0
2022-07-29 06:30,42,29,13,0,0,0
2022-07-29 06:45,66,43,23,0,0,0
2022-07-29 07:00,53,37,16,0,0,0
2022-07-29 07:15,82,58,24,0,0,0
2022-07-29 07:30,98,69,29,0,0,0
2022-07-29 07:45,110,81,29,0,0,0
2022-07-29 08:00,89,70,19,0,0,0
2022-07-29 08:15,116,90,26,0,0,0
2022-07-29 08:30,103,86,17,0,0,0
2022-07-29 08:45,108,85,23,0,0,0
2022-07-29 09:00,83,60,23,0,0,0
2022-07-29 09:15,84,66,18,0,0,0
2022-07-29 09:30,104,67,37,0,0,0
2022-07-29 09:45,114,87,27,0,0,0
2022-07-29 10:00,77,61,16,0,0,0
2022-07-29 10:15,86,54,32,0,0,0
2022-07-29 10:30,102,79,23,0,0,0
2022-07-29 10:45,106,74,32,0,0,0
2022-07-29 11:00,78,56,22,0,0,0
2022-07-29 11:15,90,64,26,0,0,0
2022-07-29 11:30,83,60,23,0,0,0
2022-07-29 11:45,121,80,41,0,0,0
2022-07-29 12:00,103,61,42,0,0,0
2022-07-29 12:15,101,61,40,0,0,0
2022-07-29 12:30,124,76,48,0,0,0
2022-07-29 12:45,137,90,47,0,0,0
2022-07-29 13:00,127,72,55,0,0,0
2022-07-29 13:15,99,71,28,0,0,0
2022-07-29 13:30,113,70,43,0,0,0
2022-07-29 13:45,93,55,38,0,0,0
2022-07-29 14:00,101,55,46,0,0,0
2022-07-29 14:15,118,65,53,0,0,0
2022-07-29 14:30,115,61,54,0,0,0
2022-07-29 14:45,126,81,45,0,0,0
2022-07-29 15:00,115,69,46,0,0,0
2022-07-29 15:15,127,70,57,0,0,0
2022-07-29 15:30,103,67,36,0,0,0
2022-07-29 15:45,120,79,41,0,0,0
2022-07-29 16:00,134,81,53,0,0,0
2022-07-29 16:15,117,82,35,0,0,0
2022-07-29 16:30,106,57,49,0,0,0
2022-07-29 16:45,113,64,49,0,0,0
2022-07-29 17:00,134,89,45,0,0,0
2022-07-29 17:15,112,71,41,0,0,0
2022-07-29 17:30,116,67,49,0,0,0
2022-07-29 17:45,122,80,42,0,0,0
2022-07-29 18:00,130,78,52,0,0,0
2022-07-29 18:15,135,83,52,0,0,0
2022-07-29 18:30,111,60,51,0,0,0
2022-07-29 18:45,135,93,42,0,0,0
2022-07-29 19:00,87,44,43,0,0,0
2022-07-29 19:15,120,58,62,0,0,0
2022-07-29 19:30,70,40,30,0,0,0
2022-07-29 19:45,91,50,41,0,0,0
2022-07-29 20:00,59,35,24,0,0,0
2022-07-29 20:15,78,41,37,0,0,0
2022-07-29 20:30,43,26,17,0,0,0
2022-07-29 20:45,55,28,27,0,0,0
2022-07-29 21:00,50,25,25,0,0,0
2022-07-29 21:15,53,29,24,0,0,0
2022-07-29 21:30,45,23,22,0,0,0
2022-07-29 21:45,39,14,25,0,0,0
2022-07-29 22:00,46,13,33,0,0,0
2022-07-29 22:15,53,23,30,0,0,0
2022-07-29 22:30,37,18,19,0,0,0
2022-07-29 22:45,33,14,19,0,0,0
2022-07-29 23:00,27,11,16,0,0,0
2022-07-29 23:15,45,16,29,0,0,0
2022-07-29 23:30,25,11,14,0,0,0
2022-07-29 23:45,35,18,17,0,0,0
2022-07-30 00:00,28,16,12,0,0,0
2022-07-30 00:15,37,15,22,0,0,0
2022-07-30 00:30,22,9,13,0,0,0
2022-07-30 00:45,24,10,14,0,0,0
2022-07-30 01:00,19,7,12,0,0,0
2022-07-30 01:15,17,12,5,0,0,0
2022-07-30 01:30,14,3,11,0,0,0
2022-07-30 01:45,4,1,3,0,0,0
2022-07-30 02:00,6,3,3,0,0,0
2022-07-30 02:15,12,3,9,0,0,0
2022-07-30 02:30,16,7,9,0,0,0
2022-07-30 02:45,14,6,8,0,0,0
2022-07-30 03:00,6,1,5,0,0,0
2022-07-30 03:15,3,2,1,0,0,0
2022-07-30 03:30,4,0,4,0,0,0
2022-07-30 03:45,3,0,3,0,0,0
2022-07-30 04:00,10,4,6,0,0,0
2022-07-30 04:15,8,2,6,0,0,0
2022-07-30 04:30,5,0,5,0,0,0
2022-07-30 04:45,4,1,3,0,0,0
2022-07-30 05:00,2,0,2,0,0,0
2022-07-30 05:15,6,3,3,0,0,0
2022-07-30 05:30,5,2,3,0,0,0
2022-07-30 05:45,12,7,5,0,0,0
2022-07-30 06:00,4,3,1,0,0,0
2022-07-30 06:15,12,3,9,0,0,0
2022-07-30 06:30,10,6,4,0,0,0
2022-07-30 06:45,17,13,4,0,0,0
2022-07-30 07:00,13,10,3,0,0,0
2022-07-30 07:15,17,13,4,0,0,0
2022-07-30 07:30,19,12,7,0,0,0
2022-07-30 07:45,34,23,11,0,0,0
2022-07-30 08:00,32,23,9,0,0,0
2022-07-30 08:15,43,31,12,0,0,0
2022-07-30 08:30,42,33,9,0,0,0
2022-07-30 08:45,63,50,13,0,0,0
2022-07-30 09:00,53,42,11,0,0,0
2022-07-30 09:15,76,61,15,0,0,0
2022-07-30 09:30,85,63,22,0,0,0
2022-07-30 09:45,145,123,22,0,0,0
2022-07-30 10:00,116,82,34,0,0,0
2022-07-30 10:15,101,74,27,0,0,0
2022-07-30 10:30,140,107,33,0,0,0
2022-07-30 10:45,145,106,39,0,0,0
2022-07-30 11:00,130,95,35,0,0,0
2022-07-30 11:15,145,104,41,0,0,0
2022-07-30 11:30,142,97,45,0,0,0
2022-07-30 11:45,155,111,44,0,0,0
2022-07-30 12:00,167,127,40,0,0,0
2022-07-30 12:15,168,110,58,0,0,0
2022-07-30 12:30,150,94,56,0,0,0
2022-07-30 12:45,172,108,64,0,0,0
2022-07-30 13:00,134,76,58,0,0,0
2022-07-30 13:15,157,85,72,0,0,0
2022-07-30 13:30,143,83,60,0,0,0
2022-07-30 13:45,148,89,59,0,0,0
2022-07-30 14:00,140,78,62,0,0,0
2022-07-30 14:15,162,82,80,0,0,0
2022-07-30 14:30,118,61,57,0,0,0
2022-07-30 14:45,128,81,47,0,0,0
2022-07-30 15:00,107,63,44,0,0,0
2022-07-30 15:15,109,60,49,0,0,0
2022-07-30 15:30,114,59,55,0,0,0
2022-07-30 15:45,115,61,54,0,0,0
2022-07-30 16:00,120,59,61,0,0,0
2022-07-30 16:15,89,53,36,0,0,0
2022-07-30 16:30,96,58,38,0,0,0
2022-07-30 16:45,169,97,72,0,0,0
2022-07-30 17:00,122,79,43,0,0,0
2022-07-30 17:15,114,64,50,0,0,0
2022-07-30 17:30,104,53,51,0,0,0
2022-07-30 17:45,110,84,26,0,0,0
2022-07-30 18:00,127,79,48,0,0,0
2022-07-30 18:15,107,67,40,0,0,0
2022-07-30 18:30,114,71,43,0,0,0
2022-07-30 18:45,131,93,38,0,0,0
2022-07-30 19:00,111,73,38,0,0,0
2022-07-30 19:15,104,72,32,0,0,0
2022-07-30 19:30,83,46,37,0,0,0
2022-07-30 19:45,102,70,32,0,0,0
2022-07-30 20:00,83,38,45,0,0,0
2022-07-30 20:15,71,46,25,0,0,0
2022-07-30 20:30,60,34,26,0,0,0
2022-07-30 20:45,44,19,25,0,0,0
2022-07-30 21:00,49,26,23,0,0,0
2022-07-30 21:15,55,19,36,0,0,0
2022-07-30 21:30,61,27,34,0,0,0
2022-07-30 21:45,45,28,17,0,0,0
2022-07-30 22:00,33,18,15,0,0,0
2022-07-30 22:15,44,11,33,0,0,0
2022-07-30 22:30,49,19,30,0,0,0
2022-07-30 22:45,24,5,19,0,0,0
2022-07-30 23:00,36,15,21,0,0,0
2022-07-30 23:15,34,19,15,0,0,0
2022-07-30 23:30,29,6,23,0,0,0
2022-07-30 23:45,27,10,17,0,0,0
