Datetime,100034983 (Warendorfer Straße),101034983 (Warendorfer Straße stadteinwärts),102034983 (Warendorfer Straße stadtauswärts),100034983-status,101034983-status,102034983-status
2022-05-01 00:00,37,21,16,0,0,0
2022-05-01 00:15,18,10,8,0,0,0
2022-05-01 00:30,43,18,25,0,0,0
2022-05-01 00:45,30,13,17,0,0,0
2022-05-01 01:00,28,13,15,0,0,0
2022-05-01 01:15,28,9,19,0,0,0
2022-05-01 01:30,14,4,10,0,0,0
2022-05-01 01:45,25,8,17,0,0,0
2022-05-01 02:00,11,4,7,0,0,0
2022-05-01 02:15,14,4,10,0,0,0
2022-05-01 02:30,18,3,15,0,0,0
2022-05-01 02:45,17,8,9,0,0,0
2022-05-01 03:00,22,6,16,0,0,0
2022-05-01 03:15,12,4,8,0,0,0
2022-05-01 03:30,8,6,2,0,0,0
2022-05-01 03:45,10,3,7,0,0,0
2022-05-01 04:00,9,3,6,0,0,0
2022-05-01 04:15,8,3,5,0,0,0
2022-05-01 04:30,7,4,3,0,0,0
2022-05-01 04:45,3,0,3,0,0,0
2022-05-01 05:00,5,3,2,0,0,0
2022-05-01 05:15,5,2,3,0,0,0
2022-05-01 05:30,9,2,7,0,0,0
2022-05-01 05:45,8,2,6,0,0,0
2022-05-01 06:00,7,4,3,0,0,0
2022-05-01 06:15,5,3,2,0,0,0
2022-05-01 06:30,7,4,3,0,0,0
2022-05-01 06:45,8,5,3,0,0,0
2022-05-01 07:00,2,2,0,0,0,0
2022-05-01 07:15,6,6,0,0,0,0
2022-05-01 07:30,6,3,3,0,0,0
2022-05-01 07:45,9,6,3,0,0,0
2022-05-01 08:00,9,5,4,0,0,0
2022-05-01 08:15,19,11,8,0,0,0
2022-05-01 08:30,12,7,5,0,0,0
2022-05-01 08:45,17,10,7,0,0,0
2022-05-01 09:00,19,12,7,0,0,0
2022-05-01 09:15,29,12,17,0,0,0
2022-05-01 09:30,32,25,7,0,0,0
2022-05-01 09:45,46,30,16,0,0,0
2022-05-01 10:00,34,21,13,0,0,0
2022-05-01 10:15,53,31,22,0,0,0
2022-05-01 10:30,39,30,9,0,0,0
2022-05-01 10:45,79,49,30,0,0,0
2022-05-01 11:00,70,44,26,0,0,0
2022-05-01 11:15,77,36,41,0,0,0
2022-05-01 11:30,57,31,26,0,0,0
2022-05-01 11:45,88,56,32,0,0,0
2022-05-01 12:00,78,54,24,0,0,0
2022-05-01 12:15,86,39,47,0,0,0
2022-05-01 12:30,78,36,42,0,0,0
2022-05-01 12:45,92,58,34,0,0,0
2022-05-01 13:00,80,58,22,0,0,0
2022-05-01 13:15,69,47,22,0,0,0
2022-05-01 13:30,80,49,31,0,0,0
2022-05-01 13:45,94,62,32,0,0,0
2022-05-01 14:00,115,72,43,0,0,0
2022-05-01 14:15,102,66,36,0,0,0
2022-05-01 14:30,90,52,38,0,0,0
2022-05-01 14:45,98,69,29,0,0,0
2022-05-01 15:00,99,64,35,0,0,0
2022-05-01 15:15,80,61,19,0,0,0
2022-05-01 15:30,101,56,45,0,0,0
2022-05-01 15:45,78,45,33,0,0,0
2022-05-01 16:00,77,44,33,0,0,0
2022-05-01 16:15,83,54,29,0,0,0
2022-05-01 16:30,64,41,23,0,0,0
2022-05-01 16:45,76,46,30,0,0,0
2022-05-01 17:00,102,65,37,0,0,0
2022-05-01 17:15,86,51,35,0,0,0
2022-05-01 17:30,93,53,40,0,0,0
2022-05-01 17:45,77,46,31,0,0,0
2022-05-01 18:00,77,46,31,0,0,0
2022-05-01 18:15,61,32,29,0,0,0
2022-05-01 18:30,71,36,35,0,0,0
2022-05-01 18:45,91,56,35,0,0,0
2022-05-01 19:00,68,41,27,0,0,0
2022-05-01 19:15,70,37,33,0,0,0
2022-05-01 19:30,54,21,33,0,0,0
2022-05-01 19:45,51,27,24,0,0,0
2022-05-01 20:00,27,14,13,0,0,0
2022-05-01 20:15,44,20,24,0,0,0
2022-05-01 20:30,61,27,34,0,0,0
2022-05-01 20:45,48,25,23,0,0,0
2022-05-01 21:00,44,26,18,0,0,0
2022-05-01 21:15,36,8,28,0,0,0
2022-05-01 21:30,28,12,16,0,0,0
2022-05-01 21:45,23,10,13,0,0,0
2022-05-01 22:00,35,20,15,0,0,0
2022-05-01 22:15,20,11,9,0,0,0
2022-05-01 22:30,18,13,5,0,0,0
2022-05-01 22:45,15,10,5,0,0,0
2022-05-01 23:00,11,7,4,0,0,0
2022-05-01 23:15,8,2,6,0,0,0
2022-05-01 23:30,14,5,9,0,0,0
2022-05-01 23:45,7,5,2,0,0,0
2022-05-02 00:00,9,3,6,0,0,0
2022-05-02 00:15,5,3,2,0,0,0
2022-05-02 00:30,6,2,4,0,0,0
2022-05-02 00:45,4,1,3,0,0,0
2022-05-02 01:00,9,5,4,0,0,0
2022-05-02 01:15,2,1,1,0,0,0
2022-05-02 01:30,3,0,3,0,0,0
2022-05-02 01:45,2,1,1,0,0,0
2022-05-02 02:00,0,0,0,0,0,0
2022-05-02 02:15,1,1,0,0,0,0
2022-05-02 02:30,0,0,0,0,0,0
2022-05-02 02:45,1,0,1,0,0,0
2022-05-02 03:00,0,0,0,0,0,0
2022-05-02 03:15,0,0,0,0,0,0
2022-05-02 03:30,1,1,0,0,0,0
2022-05-02 03:45,0,0,0,0,0,0
2022-05-02 04:00,0,0,0,0,0,0
2022-05-02 04:15,2,2,0,0,0,0
2022-05-02 04:30,0,0,0,0,0,0
2022-05-02 04:45,2,1,1,0,0,0
2022-05-02 05:00,1,1,0,0,0,0
2022-05-02 05:15,6,5,1,0,0,0
2022-05-02 05:30,14,11,3,0,0,0
2022-05-02 05:45,11,4,7,0,0,0
2022-05-02 06:00,26,16,10,0,0,0
2022-05-02 06:15,32,20,12,0,0,0
2022-05-02 06:30,56,25,31,0,0,0
2022-05-02 06:45,66,43,23,0,0,0
2022-05-02 07:00,101,68,33,0,0,0
2022-05-02 07:15,178,137,41,0,0,0
2022-05-02 07:30,345,283,62,0,0,0
2022-05-02 07:45,229,163,66,0,0,0
2022-05-02 08:00,178,131,47,0,0,0
2022-05-02 08:15,168,109,59,0,0,0
2022-05-02 08:30,154,109,45,0,0,0
2022-05-02 08:45,189,139,50,0,0,0
2022-05-02 09:00,125,94,31,0,0,0
2022-05-02 09:15,104,68,36,0,0,0
2022-05-02 09:30,107,85,22,0,0,0
2022-05-02 09:45,151,123,28,0,0,0
2022-05-02 10:00,134,87,47,0,0,0
2022-05-02 10:15,99,57,42,0,0,0
2022-05-02 10:30,103,75,28,0,0,0
2022-05-02 10:45,96,65,31,0,0,0
2022-05-02 11:00,84,57,27,0,0,0
2022-05-02 11:15,108,59,49,0,0,0
2022-05-02 11:30,100,54,46,0,0,0
2022-05-02 11:45,140,90,50,0,0,0
2022-05-02 12:00,142,95,47,0,0,0
2022-05-02 12:15,131,68,63,0,0,0
2022-05-02 12:30,121,62,59,0,0,0
2022-05-02 12:45,121,70,51,0,0,0
2022-05-02 13:00,146,64,82,0,0,0
2022-05-02 13:15,162,80,82,0,0,0
2022-05-02 13:30,140,72,68,0,0,0
2022-05-02 13:45,178,104,74,0,0,0
2022-05-02 14:00,172,87,85,0,0,0
2022-05-02 14:15,119,60,59,0,0,0
2022-05-02 14:30,136,69,67,0,0,0
2022-05-02 14:45,201,122,79,0,0,0
2022-05-02 15:00,162,92,70,0,0,0
2022-05-02 15:15,167,101,66,0,0,0
2022-05-02 15:30,174,93,81,0,0,0
2022-05-02 15:45,194,100,94,0,0,0
2022-05-02 16:00,193,97,96,0,0,0
2022-05-02 16:15,179,91,88,0,0,0
2022-05-02 16:30,173,89,84,0,0,0
2022-05-02 16:45,216,128,88,0,0,0
2022-05-02 17:00,138,68,70,0,0,0
2022-05-02 17:15,201,97,104,0,0,0
2022-05-02 17:30,185,98,87,0,0,0
2022-05-02 17:45,198,105,93,0,0,0
2022-05-02 18:00,200,100,100,0,0,0
2022-05-02 18:15,171,81,90,0,0,0
2022-05-02 18:30,143,46,97,0,0,0
2022-05-02 18:45,136,62,74,0,0,0
2022-05-02 19:00,114,57,57,0,0,0
2022-05-02 19:15,140,76,64,0,0,0
2022-05-02 19:30,102,54,48,0,0,0
2022-05-02 19:45,113,50,63,0,0,0
2022-05-02 20:00,85,41,44,0,0,0
2022-05-02 20:15,69,25,44,0,0,0
2022-05-02 20:30,51,21,30,0,0,0
2022-05-02 20:45,65,24,41,0,0,0
2022-05-02 21:00,51,22,29,0,0,0
2022-05-02 21:15,67,26,41,0,0,0
2022-05-02 21:30,46,15,31,0,0,0
2022-05-02 21:45,70,33,37,0,0,0
2022-05-02 22:00,48,31,17,0,0,0
2022-05-02 22:15,28,11,17,0,0,0
2022-05-02 22:30,51,17,34,0,0,0
2022-05-02 22:45,31,12,19,0,0,0
2022-05-02 23:00,19,5,14,0,0,0
2022-05-02 23:15,32,20,12,0,0,0
2022-05-02 23:30,8,1,7,0,0,0
2022-05-02 23:45,3,1,2,0,0,0
2022-05-03 00:00,6,2,4,0,0,0
2022-05-03 00:15,8,4,4,0,0,0
2022-05-03 00:30,3,0,3,0,0,0
2022-05-03 00:45,8,3,5,0,0,0
2022-05-03 01:00,3,1,2,0,0,0
2022-05-03 01:15,2,0,2,0,0,0
2022-05-03 01:30,0,0,0,0,0,0
2022-05-03 01:45,3,2,1,0,0,0
2022-05-03 02:00,2,1,1,0,0,0
2022-05-03 02:15,0,0,0,0,0,0
2022-05-03 02:30,0,0,0,0,0,0
2022-05-03 02:45,0,0,0,0,0,0
2022-05-03 03:00,1,1,0,0,0,0
2022-05-03 03:15,0,0,0,0,0,0
2022-05-03 03:30,0,0,0,0,0,0
2022-05-03 03:45,0,0,0,0,0,0
2022-05-03 04:00,0,0,0,0,0,0
2022-05-03 04:15,2,1,1,0,0,0
2022-05-03 04:30,1,1,0,0,0,0
2022-05-03 04:45,1,0,1,0,0,0
2022-05-03 05:00,1,1,0,0,0,0
2022-05-03 05:15,4,3,1,0,0,0
2022-05-03 05:30,14,12,2,0,0,0
2022-05-03 05:45,19,10,9,0,0,0
2022-05-03 06:00,23,18,5,0,0,0
2022-05-03 06:15,35,23,12,0,0,0
2022-05-03 06:30,63,43,20,0,0,0
2022-05-03 06:45,90,54,36,0,0,0
2022-05-03 07:00,119,76,43,0,0,0
2022-05-03 07:15,177,140,37,0,0,0
2022-05-03 07:30,351,299,52,0,0,0
2022-05-03 07:45,306,210,96,0,0,0
2022-05-03 08:00,189,149,40,0,0,0
2022-05-03 08:15,179,130,49,0,0,0
2022-05-03 08:30,169,123,46,0,0,0
2022-05-03 08:45,168,133,35,0,0,0
2022-05-03 09:00,145,97,48,0,0,0
2022-05-03 09:15,118,89,29,0,0,0
2022-05-03 09:30,137,96,41,0,0,0
2022-05-03 09:45,174,132,42,0,0,0
2022-05-03 10:00,141,103,38,0,0,0
2022-05-03 10:15,111,70,41,0,0,0
2022-05-03 10:30,111,68,43,0,0,0
2022-05-03 10:45,137,71,66,0,0,0
2022-05-03 11:00,87,54,33,0,0,0
2022-05-03 11:15,120,72,48,0,0,0
2022-05-03 11:30,123,78,45,0,0,0
2022-05-03 11:45,140,81,59,0,0,0
2022-05-03 12:00,133,75,58,0,0,0
2022-05-03 12:15,129,67,62,0,0,0
2022-05-03 12:30,126,64,62,0,0,0
2022-05-03 12:45,138,88,50,0,0,0
2022-05-03 13:00,162,80,82,0,0,0
2022-05-03 13:15,158,86,72,0,0,0
2022-05-03 13:30,118,55,63,0,0,0
2022-05-03 13:45,206,116,90,0,0,0
2022-05-03 14:00,172,87,85,0,0,0
2022-05-03 14:15,159,88,71,0,0,0
2022-05-03 14:30,155,89,66,0,0,0
2022-05-03 14:45,151,83,68,0,0,0
2022-05-03 15:00,149,77,72,0,0,0
2022-05-03 15:15,167,96,71,0,0,0
2022-05-03 15:30,159,95,64,0,0,0
2022-05-03 15:45,204,122,82,0,0,0
2022-05-03 16:00,232,120,112,0,0,0
2022-05-03 16:15,212,124,88,0,0,0
2022-05-03 16:30,188,101,87,0,0,0
2022-05-03 16:45,195,99,96,0,0,0
2022-05-03 17:00,195,95,100,0,0,0
2022-05-03 17:15,190,100,90,0,0,0
2022-05-03 17:30,191,91,100,0,0,0
2022-05-03 17:45,244,111,133,0,0,0
2022-05-03 18:00,237,108,129,0,0,0
2022-05-03 18:15,191,86,105,0,0,0
2022-05-03 18:30,159,85,74,0,0,0
2022-05-03 18:45,134,69,65,0,0,0
2022-05-03 19:00,113,54,59,0,0,0
2022-05-03 19:15,142,76,66,0,0,0
2022-05-03 19:30,114,47,67,0,0,0
2022-05-03 19:45,127,50,77,0,0,0
2022-05-03 20:00,108,43,65,0,0,0
2022-05-03 20:15,95,33,62,0,0,0
2022-05-03 20:30,61,25,36,0,0,0
2022-05-03 20:45,58,28,30,0,0,0
2022-05-03 21:00,56,28,28,0,0,0
2022-05-03 21:15,55,24,31,0,0,0
2022-05-03 21:30,62,29,33,0,0,0
2022-05-03 21:45,63,30,33,0,0,0
2022-05-03 22:00,53,20,33,0,0,0
2022-05-03 22:15,59,23,36,0,0,0
2022-05-03 22:30,47,18,29,0,0,0
2022-05-03 22:45,34,21,13,0,0,0
2022-05-03 23:00,33,18,15,0,0,0
2022-05-03 23:15,35,25,10,0,0,0
2022-05-03 23:30,20,7,13,0,0,0
2022-05-03 23:45,7,2,5,0,0,0
2022-05-04 00:00,8,4,4,0,0,0
2022-05-04 00:15,9,4,5,0,0,0
2022-05-04 00:30,5,2,3,0,0,0
2022-05-04 00:45,10,4,6,0,0,0
2022-05-04 01:00,4,0,4,0,0,0
2022-05-04 01:15,3,0,3,0,0,0
2022-05-04 01:30,0,0,0,0,0,0
2022-05-04 01:45,1,1,0,0,0,0
2022-05-04 02:00,2,0,2,0,0,0
2022-05-04 02:15,2,0,2,0,0,0
2022-05-04 02:30,2,0,2,0,0,0
2022-05-04 02:45,1,0,1,0,0,0
2022-05-04 03:00,2,0,2,0,0,0
2022-05-04 03:15,1,0,1,0,0,0
2022-05-04 03:30,1,0,1,0,0,0
2022-05-04 03:45,1,1,0,0,0,0
2022-05-04 04:00,0,0,0,0,0,0
2022-05-04 04:15,2,1,1,0,0,0
2022-05-04 04:30,1,1,0,0,0,0
2022-05-04 04:45,0,0,0,0,0,0
2022-05-04 05:00,3,2,1,0,0,0
2022-05-04 05:15,8,4,4,0,0,0
2022-05-04 05:30,12,7,5,0,0,0
2022-05-04 05:45,20,15,5,0,0,0
2022-05-04 06:00,26,17,9,0,0,0
2022-05-04 06:15,30,23,7,0,0,0
2022-05-04 06:30,55,27,28,0,0,0
2022-05-04 06:45,85,64,21,0,0,0
2022-05-04 07:00,117,77,40,0,0,0
2022-05-04 07:15,188,130,58,0,0,0
2022-05-04 07:30,336,281,55,0,0,0
2022-05-04 07:45,269,202,67,0,0,0
2022-05-04 08:00,199,147,52,0,0,0
2022-05-04 08:15,201,140,61,0,0,0
2022-05-04 08:30,224,178,46,0,0,0
2022-05-04 08:45,219,160,59,0,0,0
2022-05-04 09:00,133,98,35,0,0,0
2022-05-04 09:15,128,93,35,0,0,0
2022-05-04 09:30,147,116,31,0,0,0
2022-05-04 09:45,199,160,39,0,0,0
2022-05-04 10:00,185,127,58,0,0,0
2022-05-04 10:15,157,102,55,0,0,0
2022-05-04 10:30,156,110,46,0,0,0
2022-05-04 10:45,139,100,39,0,0,0
2022-05-04 11:00,126,86,40,0,0,0
2022-05-04 11:15,153,99,54,0,0,0
2022-05-04 11:30,169,107,62,0,0,0
2022-05-04 11:45,181,99,82,0,0,0
2022-05-04 12:00,188,103,85,0,0,0
2022-05-04 12:15,180,94,86,0,0,0
2022-05-04 12:30,179,94,85,0,0,0
2022-05-04 12:45,179,90,89,0,0,0
2022-05-04 13:00,163,88,75,0,0,0
2022-05-04 13:15,164,87,77,0,0,0
2022-05-04 13:30,143,81,62,0,0,0
2022-05-04 13:45,191,92,99,0,0,0
2022-05-04 14:00,173,74,99,0,0,0
2022-05-04 14:15,161,67,94,0,0,0
2022-05-04 14:30,134,54,80,0,0,0
2022-05-04 14:45,181,92,89,0,0,0
2022-05-04 15:00,164,81,83,0,0,0
2022-05-04 15:15,153,73,80,0,0,0
2022-05-04 15:30,179,88,91,0,0,0
2022-05-04 15:45,211,105,106,0,0,0
2022-05-04 16:00,211,111,100,0,0,0
2022-05-04 16:15,196,97,99,0,0,0
2022-05-04 16:30,232,123,109,0,0,0
2022-05-04 16:45,206,98,108,0,0,0
2022-05-04 17:00,204,101,103,0,0,0
2022-05-04 17:15,172,78,94,0,0,0
2022-05-04 17:30,204,95,109,0,0,0
2022-05-04 17:45,225,103,122,0,0,0
2022-05-04 18:00,195,71,124,0,0,0
2022-05-04 18:15,181,75,106,0,0,0
2022-05-04 18:30,177,88,89,0,0,0
2022-05-04 18:45,165,83,82,0,0,0
2022-05-04 19:00,133,52,81,0,0,0
2022-05-04 19:15,161,80,81,0,0,0
2022-05-04 19:30,122,71,51,0,0,0
2022-05-04 19:45,122,57,65,0,0,0
2022-05-04 20:00,103,46,57,0,0,0
2022-05-04 20:15,75,49,26,0,0,0
2022-05-04 20:30,90,47,43,0,0,0
2022-05-04 20:45,85,39,46,0,0,0
2022-05-04 21:00,87,40,47,0,0,0
2022-05-04 21:15,76,36,40,0,0,0
2022-05-04 21:30,77,41,36,0,0,0
2022-05-04 21:45,83,30,53,0,0,0
2022-05-04 22:00,80,24,56,0,0,0
2022-05-04 22:15,52,18,34,0,0,0
2022-05-04 22:30,34,11,23,0,0,0
2022-05-04 22:45,48,19,29,0,0,0
2022-05-04 23:00,29,6,23,0,0,0
2022-05-04 23:15,25,9,16,0,0,0
2022-05-04 23:30,30,13,17,0,0,0
2022-05-04 23:45,37,14,23,0,0,0
2022-05-05 00:00,11,1,10,0,0,0
2022-05-05 00:15,15,5,10,0,0,0
2022-05-05 00:30,18,12,6,0,0,0
2022-05-05 00:45,42,38,4,0,0,0
2022-05-05 01:00,16,13,3,0,0,0
2022-05-05 01:15,12,8,4,0,0,0
2022-05-05 01:30,7,4,3,0,0,0
2022-05-05 01:45,6,0,6,0,0,0
2022-05-05 02:00,6,2,4,0,0,0
2022-05-05 02:15,6,1,5,0,0,0
2022-05-05 02:30,7,1,6,0,0,0
2022-05-05 02:45,1,0,1,0,0,0
2022-05-05 03:00,4,2,2,0,0,0
2022-05-05 03:15,1,1,0,0,0,0
2022-05-05 03:30,1,0,1,0,0,0
2022-05-05 03:45,4,2,2,0,0,0
2022-05-05 04:00,4,0,4,0,0,0
2022-05-05 04:15,2,1,1,0,0,0
2022-05-05 04:30,2,1,1,0,0,0
2022-05-05 04:45,2,0,2,0,0,0
2022-05-05 05:00,2,2,0,0,0,0
2022-05-05 05:15,4,2,2,0,0,0
2022-05-05 05:30,10,9,1,0,0,0
2022-05-05 05:45,21,14,7,0,0,0
2022-05-05 06:00,26,20,6,0,0,0
2022-05-05 06:15,22,15,7,0,0,0
2022-05-05 06:30,59,38,21,0,0,0
2022-05-05 06:45,71,42,29,0,0,0
2022-05-05 07:00,124,85,39,0,0,0
2022-05-05 07:15,169,121,48,0,0,0
2022-05-05 07:30,346,279,67,0,0,0
2022-05-05 07:45,259,183,76,0,0,0
2022-05-05 08:00,183,145,38,0,0,0
2022-05-05 08:15,150,96,54,0,0,0
2022-05-05 08:30,162,128,34,0,0,0
2022-05-05 08:45,159,125,34,0,0,0
2022-05-05 09:00,109,82,27,0,0,0
2022-05-05 09:15,141,112,29,0,0,0
2022-05-05 09:30,127,93,34,0,0,0
2022-05-05 09:45,176,145,31,0,0,0
2022-05-05 10:00,127,96,31,0,0,0
2022-05-05 10:15,107,78,29,0,0,0
2022-05-05 10:30,103,69,34,0,0,0
2022-05-05 10:45,108,74,34,0,0,0
2022-05-05 11:00,102,64,38,0,0,0
2022-05-05 11:15,103,63,40,0,0,0
2022-05-05 11:30,139,84,55,0,0,0
2022-05-05 11:45,146,88,58,0,0,0
2022-05-05 12:00,139,78,61,0,0,0
2022-05-05 12:15,134,63,71,0,0,0
2022-05-05 12:30,140,83,57,0,0,0
2022-05-05 12:45,120,74,46,0,0,0
2022-05-05 13:00,155,78,77,0,0,0
2022-05-05 13:15,161,88,73,0,0,0
2022-05-05 13:30,168,73,95,0,0,0
2022-05-05 13:45,180,94,86,0,0,0
2022-05-05 14:00,165,76,89,0,0,0
2022-05-05 14:15,140,72,68,0,0,0
2022-05-05 14:30,133,63,70,0,0,0
2022-05-05 14:45,176,90,86,0,0,0
2022-05-05 15:00,154,94,60,0,0,0
2022-05-05 15:15,193,111,82,0,0,0
2022-05-05 15:30,190,102,88,0,0,0
2022-05-05 15:45,241,122,119,0,0,0
2022-05-05 16:00,238,122,116,0,0,0
2022-05-05 16:15,183,113,70,0,0,0
2022-05-05 16:30,195,112,83,0,0,0
2022-05-05 16:45,196,106,90,0,0,0
2022-05-05 17:00,212,114,98,0,0,0
2022-05-05 17:15,196,96,100,0,0,0
2022-05-05 17:30,194,86,108,0,0,0
2022-05-05 17:45,227,107,120,0,0,0
2022-05-05 18:00,201,96,105,0,0,0
2022-05-05 18:15,189,89,100,0,0,0
2022-05-05 18:30,155,77,78,0,0,0
2022-05-05 18:45,172,98,74,0,0,0
2022-05-05 19:00,133,66,67,0,0,0
2022-05-05 19:15,134,75,59,0,0,0
2022-05-05 19:30,123,76,47,0,0,0
2022-05-05 19:45,111,55,56,0,0,0
2022-05-05 20:00,114,47,67,0,0,0
2022-05-05 20:15,62,21,41,0,0,0
2022-05-05 20:30,73,33,40,0,0,0
2022-05-05 20:45,82,41,41,0,0,0
2022-05-05 21:00,66,35,31,0,0,0
2022-05-05 21:15,77,33,44,0,0,0
2022-05-05 21:30,58,24,34,0,0,0
2022-05-05 21:45,68,28,40,0,0,0
2022-05-05 22:00,59,30,29,0,0,0
2022-05-05 22:15,62,36,26,0,0,0
2022-05-05 22:30,62,26,36,0,0,0
2022-05-05 22:45,56,26,30,0,0,0
2022-05-05 23:00,45,21,24,0,0,0
2022-05-05 23:15,41,13,28,0,0,0
2022-05-05 23:30,31,9,22,0,0,0
2022-05-05 23:45,24,10,14,0,0,0
2022-05-06 00:00,20,7,13,0,0,0
2022-05-06 00:15,16,3,13,0,0,0
2022-05-06 00:30,8,3,5,0,0,0
2022-05-06 00:45,10,2,8,0,0,0
2022-05-06 01:00,8,2,6,0,0,0
2022-05-06 01:15,2,1,1,0,0,0
2022-05-06 01:30,5,0,5,0,0,0
2022-05-06 01:45,4,1,3,0,0,0
2022-05-06 02:00,0,0,0,0,0,0
2022-05-06 02:15,1,0,1,0,0,0
2022-05-06 02:30,0,0,0,0,0,0
2022-05-06 02:45,0,0,0,0,0,0
2022-05-06 03:00,3,1,2,0,0,0
2022-05-06 03:15,2,0,2,0,0,0
2022-05-06 03:30,2,1,1,0,0,0
2022-05-06 03:45,2,0,2,0,0,0
2022-05-06 04:00,0,0,0,0,0,0
2022-05-06 04:15,1,1,0,0,0,0
2022-05-06 04:30,3,1,2,0,0,0
2022-05-06 04:45,1,1,0,0,0,0
2022-05-06 05:00,2,1,1,0,0,0
2022-05-06 05:15,3,2,1,0,0,0
2022-05-06 05:30,8,7,1,0,0,0
2022-05-06 05:45,17,7,10,0,0,0
2022-05-06 06:00,22,13,9,0,0,0
2022-05-06 06:15,27,18,9,0,0,0
2022-05-06 06:30,49,30,19,0,0,0
2022-05-06 06:45,53,35,18,0,0,0
2022-05-06 07:00,100,64,36,0,0,0
2022-05-06 07:15,149,103,46,0,0,0
2022-05-06 07:30,340,286,54,0,0,0
2022-05-06 07:45,222,159,63,0,0,0
2022-05-06 08:00,179,140,39,0,0,0
2022-05-06 08:15,203,151,52,0,0,0
2022-05-06 08:30,157,121,36,0,0,0
2022-05-06 08:45,163,129,34,0,0,0
2022-05-06 09:00,123,89,34,0,0,0
2022-05-06 09:15,125,91,34,0,0,0
2022-05-06 09:30,103,72,31,0,0,0
2022-05-06 09:45,151,117,34,0,0,0
2022-05-06 10:00,125,88,37,0,0,0
2022-05-06 10:15,99,71,28,0,0,0
2022-05-06 10:30,126,78,48,0,0,0
2022-05-06 10:45,147,97,50,0,0,0
2022-05-06 11:00,105,56,49,0,0,0
2022-05-06 11:15,144,96,48,0,0,0
2022-05-06 11:30,124,67,57,0,0,0
2022-05-06 11:45,153,89,64,0,0,0
2022-05-06 12:00,127,64,63,0,0,0
2022-05-06 12:15,148,90,58,0,0,0
2022-05-06 12:30,147,74,73,0,0,0
2022-05-06 12:45,147,67,80,0,0,0
2022-05-06 13:00,183,80,103,0,0,0
2022-05-06 13:15,187,75,112,0,0,0
2022-05-06 13:30,153,69,84,0,0,0
2022-05-06 13:45,186,80,106,0,0,0
2022-05-06 14:00,204,92,112,0,0,0
2022-05-06 14:15,179,99,80,0,0,0
2022-05-06 14:30,179,96,83,0,0,0
2022-05-06 14:45,192,111,81,0,0,0
2022-05-06 15:00,154,80,74,0,0,0
2022-05-06 15:15,173,106,67,0,0,0
2022-05-06 15:30,183,104,79,0,0,0
2022-05-06 15:45,237,129,108,0,0,0
2022-05-06 16:00,166,96,70,0,0,0
2022-05-06 16:15,169,87,82,0,0,0
2022-05-06 16:30,165,80,85,0,0,0
2022-05-06 16:45,160,91,69,0,0,0
2022-05-06 17:00,119,74,45,0,0,0
2022-05-06 17:15,167,89,78,0,0,0
2022-05-06 17:30,167,93,74,0,0,0
2022-05-06 17:45,193,111,82,0,0,0
2022-05-06 18:00,158,74,84,0,0,0
2022-05-06 18:15,166,91,75,0,0,0
2022-05-06 18:30,120,53,67,0,0,0
2022-05-06 18:45,146,67,79,0,0,0
2022-05-06 19:00,123,60,63,0,0,0
2022-05-06 19:15,140,83,57,0,0,0
2022-05-06 19:30,147,86,61,0,0,0
2022-05-06 19:45,112,79,33,0,0,0
2022-05-06 20:00,101,56,45,0,0,0
2022-05-06 20:15,88,51,37,0,0,0
2022-05-06 20:30,83,50,33,0,0,0
2022-05-06 20:45,67,38,29,0,0,0
2022-05-06 21:00,65,29,36,0,0,0
2022-05-06 21:15,60,24,36,0,0,0
2022-05-06 21:30,56,27,29,0,0,0
2022-05-06 21:45,72,31,41,0,0,0
2022-05-06 22:00,95,46,49,0,0,0
2022-05-06 22:15,67,34,33,0,0,0
2022-05-06 22:30,48,12,36,0,0,0
2022-05-06 22:45,40,18,22,0,0,0
2022-05-06 23:00,54,23,31,0,0,0
2022-05-06 23:15,48,11,37,0,0,0
2022-05-06 23:30,40,11,29,0,0,0
2022-05-06 23:45,49,19,30,0,0,0
2022-05-07 00:00,39,14,25,0,0,0
2022-05-07 00:15,33,14,19,0,0,0
2022-05-07 00:30,34,21,13,0,0,0
2022-05-07 00:45,28,7,21,0,0,0
2022-05-07 01:00,18,6,12,0,0,0
2022-05-07 01:15,34,24,10,0,0,0
2022-05-07 01:30,23,6,17,0,0,0
2022-05-07 01:45,20,9,11,0,0,0
2022-05-07 02:00,21,12,9,0,0,0
2022-05-07 02:15,25,12,13,0,0,0
2022-05-07 02:30,19,7,12,0,0,0
2022-05-07 02:45,10,3,7,0,0,0
2022-05-07 03:00,11,6,5,0,0,0
2022-05-07 03:15,15,8,7,0,0,0
2022-05-07 03:30,7,1,6,0,0,0
2022-05-07 03:45,6,4,2,0,0,0
2022-05-07 04:00,5,2,3,0,0,0
2022-05-07 04:15,7,2,5,0,0,0
2022-05-07 04:30,3,3,0,0,0,0
2022-05-07 04:45,1,1,0,0,0,0
2022-05-07 05:00,3,2,1,0,0,0
2022-05-07 05:15,5,3,2,0,0,0
2022-05-07 05:30,9,5,4,0,0,0
2022-05-07 05:45,13,7,6,0,0,0
2022-05-07 06:00,9,6,3,0,0,0
2022-05-07 06:15,5,2,3,0,0,0
2022-05-07 06:30,24,17,7,0,0,0
2022-05-07 06:45,25,19,6,0,0,0
2022-05-07 07:00,15,10,5,0,0,0
2022-05-07 07:15,28,23,5,0,0,0
2022-05-07 07:30,32,25,7,0,0,0
2022-05-07 07:45,56,34,22,0,0,0
2022-05-07 08:00,48,32,16,0,0,0
2022-05-07 08:15,36,24,12,0,0,0
2022-05-07 08:30,67,44,23,0,0,0
2022-05-07 08:45,100,66,34,0,0,0
2022-05-07 09:00,74,56,18,0,0,0
2022-05-07 09:15,84,65,19,0,0,0
2022-05-07 09:30,127,98,29,0,0,0
2022-05-07 09:45,147,116,31,0,0,0
2022-05-07 10:00,126,90,36,0,0,0
2022-05-07 10:15,147,121,26,0,0,0
2022-05-07 10:30,164,110,54,0,0,0
2022-05-07 10:45,173,126,47,0,0,0
2022-05-07 11:00,180,140,40,0,0,0
2022-05-07 11:15,146,97,49,0,0,0
2022-05-07 11:30,131,83,48,0,0,0
2022-05-07 11:45,208,150,58,0,0,0
2022-05-07 12:00,211,124,87,0,0,0
2022-05-07 12:15,196,131,65,0,0,0
2022-05-07 12:30,193,123,70,0,0,0
2022-05-07 12:45,187,96,91,0,0,0
2022-05-07 13:00,194,115,79,0,0,0
2022-05-07 13:15,170,101,69,0,0,0
2022-05-07 13:30,190,116,74,0,0,0
2022-05-07 13:45,158,80,78,0,0,0
2022-05-07 14:00,155,89,66,0,0,0
2022-05-07 14:15,166,89,77,0,0,0
2022-05-07 14:30,108,55,53,0,0,0
2022-05-07 14:45,137,74,63,0,0,0
2022-05-07 15:00,125,71,54,0,0,0
2022-05-07 15:15,128,75,53,0,0,0
2022-05-07 15:30,104,52,52,0,0,0
2022-05-07 15:45,107,62,45,0,0,0
2022-05-07 16:00,102,51,51,0,0,0
2022-05-07 16:15,104,69,35,0,0,0
2022-05-07 16:30,110,74,36,0,0,0
2022-05-07 16:45,72,23,49,0,0,0
2022-05-07 17:00,90,50,40,0,0,0
2022-05-07 17:15,108,49,59,0,0,0
2022-05-07 17:30,101,70,31,0,0,0
2022-05-07 17:45,100,53,47,0,0,0
2022-05-07 18:00,101,44,57,0,0,0
2022-05-07 18:15,114,54,60,0,0,0
2022-05-07 18:30,77,41,36,0,0,0
2022-05-07 18:45,112,65,47,0,0,0
2022-05-07 19:00,92,52,40,0,0,0
2022-05-07 19:15,81,52,29,0,0,0
2022-05-07 19:30,98,53,45,0,0,0
2022-05-07 19:45,74,50,24,0,0,0
2022-05-07 20:00,76,40,36,0,0,0
2022-05-07 20:15,59,25,34,0,0,0
2022-05-07 20:30,38,22,16,0,0,0
2022-05-07 20:45,42,19,23,0,0,0
2022-05-07 21:00,42,26,16,0,0,0
2022-05-07 21:15,31,16,15,0,0,0
2022-05-07 21:30,32,16,16,0,0,0
2022-05-07 21:45,39,14,25,0,0,0
2022-05-07 22:00,60,31,29,0,0,0
2022-05-07 22:15,34,21,13,0,0,0
2022-05-07 22:30,27,9,18,0,0,0
2022-05-07 22:45,42,7,35,0,0,0
2022-05-07 23:00,37,28,9,0,0,0
2022-05-07 23:15,24,8,16,0,0,0
2022-05-07 23:30,47,13,34,0,0,0
2022-05-07 23:45,34,17,17,0,0,0
2022-05-08 00:00,31,7,24,0,0,0
2022-05-08 00:15,33,17,16,0,0,0
2022-05-08 00:30,21,10,11,0,0,0
2022-05-08 00:45,25,16,9,0,0,0
2022-05-08 01:00,57,40,17,0,0,0
2022-05-08 01:15,31,10,21,0,0,0
2022-05-08 01:30,10,5,5,0,0,0
2022-05-08 01:45,17,7,10,0,0,0
2022-05-08 02:00,16,5,11,0,0,0
2022-05-08 02:15,13,7,6,0,0,0
2022-05-08 02:30,12,10,2,0,0,0
2022-05-08 02:45,7,5,2,0,0,0
2022-05-08 03:00,8,1,7,0,0,0
2022-05-08 03:15,16,12,4,0,0,0
2022-05-08 03:30,6,2,4,0,0,0
2022-05-08 03:45,6,4,2,0,0,0
2022-05-08 04:00,16,11,5,0,0,0
2022-05-08 04:15,10,5,5,0,0,0
2022-05-08 04:30,11,3,8,0,0,0
2022-05-08 04:45,3,2,1,0,0,0
2022-05-08 05:00,5,4,1,0,0,0
2022-05-08 05:15,4,1,3,0,0,0
2022-05-08 05:30,11,6,5,0,0,0
2022-05-08 05:45,6,4,2,0,0,0
2022-05-08 06:00,6,4,2,0,0,0
2022-05-08 06:15,6,3,3,0,0,0
2022-05-08 06:30,3,2,1,0,0,0
2022-05-08 06:45,4,3,1,0,0,0
2022-05-08 07:00,4,2,2,0,0,0
2022-05-08 07:15,4,2,2,0,0,0
2022-05-08 07:30,12,7,5,0,0,0
2022-05-08 07:45,6,4,2,0,0,0
2022-05-08 08:00,15,10,5,0,0,0
2022-05-08 08:15,14,9,5,0,0,0
2022-05-08 08:30,10,7,3,0,0,0
2022-05-08 08:45,41,25,16,0,0,0
2022-05-08 09:00,24,8,16,0,0,0
2022-05-08 09:15,31,20,11,0,0,0
2022-05-08 09:30,41,27,14,0,0,0
2022-05-08 09:45,43,29,14,0,0,0
2022-05-08 10:00,41,24,17,0,0,0
2022-05-08 10:15,53,35,18,0,0,0
2022-05-08 10:30,58,41,17,0,0,0
2022-05-08 10:45,85,63,22,0,0,0
2022-05-08 11:00,68,48,20,0,0,0
2022-05-08 11:15,68,41,27,0,0,0
2022-05-08 11:30,60,36,24,0,0,0
2022-05-08 11:45,92,55,37,0,0,0
2022-05-08 12:00,58,38,20,0,0,0
2022-05-08 12:15,84,50,34,0,0,0
2022-05-08 12:30,67,36,31,0,0,0
2022-05-08 12:45,69,38,31,0,0,0
2022-05-08 13:00,70,32,38,0,0,0
2022-05-08 13:15,77,47,30,0,0,0
2022-05-08 13:30,71,41,30,0,0,0
2022-05-08 13:45,93,57,36,0,0,0
2022-05-08 14:00,87,56,31,0,0,0
2022-05-08 14:15,83,52,31,0,0,0
2022-05-08 14:30,71,42,29,0,0,0
2022-05-08 14:45,94,56,38,0,0,0
2022-05-08 15:00,109,69,40,0,0,0
2022-05-08 15:15,92,55,37,0,0,0
2022-05-08 15:30,97,57,40,0,0,0
2022-05-08 15:45,94,54,40,0,0,0
2022-05-08 16:00,106,74,32,0,0,0
2022-05-08 16:15,93,55,38,0,0,0
2022-05-08 16:30,80,55,25,0,0,0
2022-05-08 16:45,114,67,47,0,0,0
2022-05-08 17:00,116,66,50,0,0,0
2022-05-08 17:15,155,91,64,0,0,0
2022-05-08 17:30,125,75,50,0,0,0
2022-05-08 17:45,81,47,34,0,0,0
2022-05-08 18:00,82,46,36,0,0,0
2022-05-08 18:15,68,32,36,0,0,0
2022-05-08 18:30,79,53,26,0,0,0
2022-05-08 18:45,72,31,41,0,0,0
2022-05-08 19:00,93,61,32,0,0,0
2022-05-08 19:15,64,27,37,0,0,0
2022-05-08 19:30,93,43,50,0,0,0
2022-05-08 19:45,56,23,33,0,0,0
2022-05-08 20:00,74,32,42,0,0,0
2022-05-08 20:15,65,36,29,0,0,0
2022-05-08 20:30,46,20,26,0,0,0
2022-05-08 20:45,43,14,29,0,0,0
2022-05-08 21:00,43,18,25,0,0,0
2022-05-08 21:15,38,25,13,0,0,0
2022-05-08 21:30,27,10,17,0,0,0
2022-05-08 21:45,35,18,17,0,0,0
2022-05-08 22:00,28,10,18,0,0,0
2022-05-08 22:15,18,7,11,0,0,0
2022-05-08 22:30,30,20,10,0,0,0
2022-05-08 22:45,26,19,7,0,0,0
2022-05-08 23:00,11,6,5,0,0,0
2022-05-08 23:15,12,8,4,0,0,0
2022-05-08 23:30,10,4,6,0,0,0
2022-05-08 23:45,7,2,5,0,0,0
2022-05-09 00:00,3,3,0,0,0,0
2022-05-09 00:15,2,0,2,0,0,0
2022-05-09 00:30,1,0,1,0,0,0
2022-05-09 00:45,4,1,3,0,0,0
2022-05-09 01:00,1,0,1,0,0,0
2022-05-09 01:15,0,0,0,0,0,0
2022-05-09 01:30,4,2,2,0,0,0
2022-05-09 01:45,1,1,0,0,0,0
2022-05-09 02:00,0,0,0,0,0,0
2022-05-09 02:15,0,0,0,0,0,0
2022-05-09 02:30,0,0,0,0,0,0
2022-05-09 02:45,0,0,0,0,0,0
2022-05-09 03:00,0,0,0,0,0,0
2022-05-09 03:15,0,0,0,0,0,0
2022-05-09 03:30,0,0,0,0,0,0
2022-05-09 03:45,0,0,0,0,0,0
2022-05-09 04:00,0,0,0,0,0,0
2022-05-09 04:15,1,1,0,0,0,0
2022-05-09 04:30,1,1,0,0,0,0
2022-05-09 04:45,1,0,1,0,0,0
2022-05-09 05:00,2,1,1,0,0,0
2022-05-09 05:15,5,4,1,0,0,0
2022-05-09 05:30,8,7,1,0,0,0
2022-05-09 05:45,16,8,8,0,0,0
2022-05-09 06:00,19,12,7,0,0,0
2022-05-09 06:15,37,27,10,0,0,0
2022-05-09 06:30,43,30,13,0,0,0
2022-05-09 06:45,72,43,29,0,0,0
2022-05-09 07:00,106,77,29,0,0,0
2022-05-09 07:15,208,156,52,0,0,0
2022-05-09 07:30,303,251,52,0,0,0
2022-05-09 07:45,242,168,74,0,0,0
2022-05-09 08:00,190,144,46,0,0,0
2022-05-09 08:15,199,143,56,0,0,0
2022-05-09 08:30,169,132,37,0,0,0
2022-05-09 08:45,152,109,43,0,0,0
2022-05-09 09:00,125,83,42,0,0,0
2022-05-09 09:15,114,83,31,0,0,0
2022-05-09 09:30,110,85,25,0,0,0
2022-05-09 09:45,164,128,36,0,0,0
2022-05-09 10:00,104,71,33,0,0,0
2022-05-09 10:15,105,70,35,0,0,0
2022-05-09 10:30,85,57,28,0,0,0
2022-05-09 10:45,109,73,36,0,0,0
2022-05-09 11:00,109,74,35,0,0,0
2022-05-09 11:15,116,61,55,0,0,0
2022-05-09 11:30,114,74,40,0,0,0
2022-05-09 11:45,130,79,51,0,0,0
2022-05-09 12:00,136,82,54,0,0,0
2022-05-09 12:15,120,66,54,0,0,0
2022-05-09 12:30,144,74,70,0,0,0
2022-05-09 12:45,145,81,64,0,0,0
2022-05-09 13:00,129,57,72,0,0,0
2022-05-09 13:15,153,80,73,0,0,0
2022-05-09 13:30,170,102,68,0,0,0
2022-05-09 13:45,170,82,88,0,0,0
2022-05-09 14:00,165,76,89,0,0,0
2022-05-09 14:15,153,81,72,0,0,0
2022-05-09 14:30,149,74,75,0,0,0
2022-05-09 14:45,163,77,86,0,0,0
2022-05-09 15:00,156,82,74,0,0,0
2022-05-09 15:15,146,87,59,0,0,0
2022-05-09 15:30,173,88,85,0,0,0
2022-05-09 15:45,236,128,108,0,0,0
2022-05-09 16:00,225,123,102,0,0,0
2022-05-09 16:15,251,145,106,0,0,0
2022-05-09 16:30,239,126,113,0,0,0
2022-05-09 16:45,197,106,91,0,0,0
2022-05-09 17:00,198,100,98,0,0,0
2022-05-09 17:15,199,99,100,0,0,0
2022-05-09 17:30,208,104,104,0,0,0
2022-05-09 17:45,249,122,127,0,0,0
2022-05-09 18:00,205,87,118,0,0,0
2022-05-09 18:15,193,85,108,0,0,0
2022-05-09 18:30,156,69,87,0,0,0
2022-05-09 18:45,145,85,60,0,0,0
2022-05-09 19:00,112,54,58,0,0,0
2022-05-09 19:15,137,64,73,0,0,0
2022-05-09 19:30,92,52,40,0,0,0
2022-05-09 19:45,107,51,56,0,0,0
2022-05-09 20:00,108,45,63,0,0,0
2022-05-09 20:15,75,45,30,0,0,0
2022-05-09 20:30,72,40,32,0,0,0
2022-05-09 20:45,60,29,31,0,0,0
2022-05-09 21:00,66,33,33,0,0,0
2022-05-09 21:15,75,28,47,0,0,0
2022-05-09 21:30,61,23,38,0,0,0
2022-05-09 21:45,63,21,42,0,0,0
2022-05-09 22:00,61,15,46,0,0,0
2022-05-09 22:15,37,12,25,0,0,0
2022-05-09 22:30,33,9,24,0,0,0
2022-05-09 22:45,39,19,20,0,0,0
2022-05-09 23:00,24,14,10,0,0,0
2022-05-09 23:15,20,6,14,0,0,0
2022-05-09 23:30,11,3,8,0,0,0
2022-05-09 23:45,23,7,16,0,0,0
2022-05-10 00:00,11,2,9,0,0,0
2022-05-10 00:15,7,2,5,0,0,0
2022-05-10 00:30,4,1,3,0,0,0
2022-05-10 00:45,8,1,7,0,0,0
2022-05-10 01:00,8,2,6,0,0,0
2022-05-10 01:15,4,2,2,0,0,0
2022-05-10 01:30,4,0,4,0,0,0
2022-05-10 01:45,10,1,9,0,0,0
2022-05-10 02:00,10,1,9,0,0,0
2022-05-10 02:15,1,0,1,0,0,0
2022-05-10 02:30,9,2,7,0,0,0
2022-05-10 02:45,1,0,1,0,0,0
2022-05-10 03:00,2,1,1,0,0,0
2022-05-10 03:15,0,0,0,0,0,0
2022-05-10 03:30,0,0,0,0,0,0
2022-05-10 03:45,0,0,0,0,0,0
2022-05-10 04:00,0,0,0,0,0,0
2022-05-10 04:15,3,2,1,0,0,0
2022-05-10 04:30,1,1,0,0,0,0
2022-05-10 04:45,2,1,1,0,0,0
2022-05-10 05:00,1,1,0,0,0,0
2022-05-10 05:15,3,3,0,0,0,0
2022-05-10 05:30,10,6,4,0,0,0
2022-05-10 05:45,20,11,9,0,0,0
2022-05-10 06:00,24,13,11,0,0,0
2022-05-10 06:15,44,29,15,0,0,0
2022-05-10 06:30,65,41,24,0,0,0
2022-05-10 06:45,91,64,27,0,0,0
2022-05-10 07:00,113,71,42,0,0,0
2022-05-10 07:15,190,144,46,0,0,0
2022-05-10 07:30,351,293,58,0,0,0
2022-05-10 07:45,258,189,69,0,0,0
2022-05-10 08:00,194,154,40,0,0,0
2022-05-10 08:15,201,149,52,0,0,0
2022-05-10 08:30,180,127,53,0,0,0
2022-05-10 08:45,183,140,43,0,0,0
2022-05-10 09:00,144,111,33,0,0,0
2022-05-10 09:15,123,80,43,0,0,0
2022-05-10 09:30,125,88,37,0,0,0
2022-05-10 09:45,176,132,44,0,0,0
2022-05-10 10:00,137,97,40,0,0,0
2022-05-10 10:15,130,91,39,0,0,0
2022-05-10 10:30,118,75,43,0,0,0
2022-05-10 10:45,110,73,37,0,0,0
2022-05-10 11:00,113,73,40,0,0,0
2022-05-10 11:15,98,61,37,0,0,0
2022-05-10 11:30,97,63,34,0,0,0
2022-05-10 11:45,129,85,44,0,0,0
2022-05-10 12:00,135,80,55,0,0,0
2022-05-10 12:15,106,61,45,0,0,0
2022-05-10 12:30,129,75,54,0,0,0
2022-05-10 12:45,126,78,48,0,0,0
2022-05-10 13:00,144,79,65,0,0,0
2022-05-10 13:15,152,79,73,0,0,0
2022-05-10 13:30,140,79,61,0,0,0
2022-05-10 13:45,166,91,75,0,0,0
2022-05-10 14:00,154,88,66,0,0,0
2022-05-10 14:15,139,74,65,0,0,0
2022-05-10 14:30,122,68,54,0,0,0
2022-05-10 14:45,156,96,60,0,0,0
2022-05-10 15:00,155,82,73,0,0,0
2022-05-10 15:15,155,86,69,0,0,0
2022-05-10 15:30,163,94,69,0,0,0
2022-05-10 15:45,206,123,83,0,0,0
2022-05-10 16:00,212,113,99,0,0,0
2022-05-10 16:15,220,120,100,0,0,0
2022-05-10 16:30,220,142,78,0,0,0
2022-05-10 16:45,198,112,86,0,0,0
2022-05-10 17:00,150,77,73,0,0,0
2022-05-10 17:15,179,101,78,0,0,0
2022-05-10 17:30,222,123,99,0,0,0
2022-05-10 17:45,229,118,111,0,0,0
2022-05-10 18:00,172,97,75,0,0,0
2022-05-10 18:15,160,74,86,0,0,0
2022-05-10 18:30,150,90,60,0,0,0
2022-05-10 18:45,151,78,73,0,0,0
2022-05-10 19:00,134,68,66,0,0,0
2022-05-10 19:15,113,62,51,0,0,0
2022-05-10 19:30,102,62,40,0,0,0
2022-05-10 19:45,110,46,64,0,0,0
2022-05-10 20:00,109,48,61,0,0,0
2022-05-10 20:15,69,27,42,0,0,0
2022-05-10 20:30,57,24,33,0,0,0
2022-05-10 20:45,63,30,33,0,0,0
2022-05-10 21:00,64,32,32,0,0,0
2022-05-10 21:15,64,25,39,0,0,0
2022-05-10 21:30,65,30,35,0,0,0
2022-05-10 21:45,42,16,26,0,0,0
2022-05-10 22:00,57,23,34,0,0,0
2022-05-10 22:15,61,37,24,0,0,0
2022-05-10 22:30,34,10,24,0,0,0
2022-05-10 22:45,48,25,23,0,0,0
2022-05-10 23:00,25,10,15,0,0,0
2022-05-10 23:15,22,12,10,0,0,0
2022-05-10 23:30,26,18,8,0,0,0
2022-05-10 23:45,15,4,11,0,0,0
2022-05-11 00:00,7,5,2,0,0,0
2022-05-11 00:15,11,5,6,0,0,0
2022-05-11 00:30,8,1,7,0,0,0
2022-05-11 00:45,6,4,2,0,0,0
2022-05-11 01:00,2,0,2,0,0,0
2022-05-11 01:15,4,3,1,0,0,0
2022-05-11 01:30,3,1,2,0,0,0
2022-05-11 01:45,2,2,0,0,0,0
2022-05-11 02:00,1,1,0,0,0,0
2022-05-11 02:15,0,0,0,0,0,0
2022-05-11 02:30,1,1,0,0,0,0
2022-05-11 02:45,0,0,0,0,0,0
2022-05-11 03:00,2,1,1,0,0,0
2022-05-11 03:15,0,0,0,0,0,0
2022-05-11 03:30,0,0,0,0,0,0
2022-05-11 03:45,1,1,0,0,0,0
2022-05-11 04:00,0,0,0,0,0,0
2022-05-11 04:15,2,1,1,0,0,0
2022-05-11 04:30,1,1,0,0,0,0
2022-05-11 04:45,1,1,0,0,0,0
2022-05-11 05:00,3,3,0,0,0,0
2022-05-11 05:15,4,3,1,0,0,0
2022-05-11 05:30,6,3,3,0,0,0
2022-05-11 05:45,20,11,9,0,0,0
2022-05-11 06:00,18,14,4,0,0,0
2022-05-11 06:15,30,19,11,0,0,0
2022-05-11 06:30,65,39,26,0,0,0
2022-05-11 06:45,88,52,36,0,0,0
2022-05-11 07:00,97,65,32,0,0,0
2022-05-11 07:15,199,149,50,0,0,0
2022-05-11 07:30,307,248,59,0,0,0
2022-05-11 07:45,250,190,60,0,0,0
2022-05-11 08:00,209,162,47,0,0,0
2022-05-11 08:15,209,147,62,0,0,0
2022-05-11 08:30,193,145,48,0,0,0
2022-05-11 08:45,174,134,40,0,0,0
2022-05-11 09:00,183,138,45,0,0,0
2022-05-11 09:15,146,105,41,0,0,0
2022-05-11 09:30,158,117,41,0,0,0
2022-05-11 09:45,193,150,43,0,0,0
2022-05-11 10:00,145,103,42,0,0,0
2022-05-11 10:15,152,103,49,0,0,0
2022-05-11 10:30,140,96,44,0,0,0
2022-05-11 10:45,160,117,43,0,0,0
2022-05-11 11:00,170,119,51,0,0,0
2022-05-11 11:15,145,101,44,0,0,0
2022-05-11 11:30,130,88,42,0,0,0
2022-05-11 11:45,170,114,56,0,0,0
2022-05-11 12:00,160,100,60,0,0,0
2022-05-11 12:15,145,94,51,0,0,0
2022-05-11 12:30,170,90,80,0,0,0
2022-05-11 12:45,152,99,53,0,0,0
2022-05-11 13:00,144,81,63,0,0,0
2022-05-11 13:15,176,94,82,0,0,0
2022-05-11 13:30,152,83,69,0,0,0
2022-05-11 13:45,156,102,54,0,0,0
2022-05-11 14:00,188,91,97,0,0,0
2022-05-11 14:15,165,81,84,0,0,0
2022-05-11 14:30,140,78,62,0,0,0
2022-05-11 14:45,144,76,68,0,0,0
2022-05-11 15:00,148,93,55,0,0,0
2022-05-11 15:15,152,89,63,0,0,0
2022-05-11 15:30,164,96,68,0,0,0
2022-05-11 15:45,191,101,90,0,0,0
2022-05-11 16:00,203,128,75,0,0,0
2022-05-11 16:15,171,84,87,0,0,0
2022-05-11 16:30,198,122,76,0,0,0
2022-05-11 16:45,181,103,78,0,0,0
2022-05-11 17:00,200,106,94,0,0,0
2022-05-11 17:15,205,107,98,0,0,0
2022-05-11 17:30,200,117,83,0,0,0
2022-05-11 17:45,207,114,93,0,0,0
2022-05-11 18:00,184,101,83,0,0,0
2022-05-11 18:15,177,83,94,0,0,0
2022-05-11 18:30,158,70,88,0,0,0
2022-05-11 18:45,150,80,70,0,0,0
2022-05-11 19:00,145,76,69,0,0,0
2022-05-11 19:15,143,92,51,0,0,0
2022-05-11 19:30,105,51,54,0,0,0
2022-05-11 19:45,113,63,50,0,0,0
2022-05-11 20:00,114,48,66,0,0,0
2022-05-11 20:15,94,47,47,0,0,0
2022-05-11 20:30,86,54,32,0,0,0
2022-05-11 20:45,79,39,40,0,0,0
2022-05-11 21:00,70,27,43,0,0,0
2022-05-11 21:15,78,35,43,0,0,0
2022-05-11 21:30,80,39,41,0,0,0
2022-05-11 21:45,64,30,34,0,0,0
2022-05-11 22:00,86,36,50,0,0,0
2022-05-11 22:15,77,38,39,0,0,0
2022-05-11 22:30,44,13,31,0,0,0
2022-05-11 22:45,38,15,23,0,0,0
2022-05-11 23:00,29,15,14,0,0,0
2022-05-11 23:15,40,24,16,0,0,0
2022-05-11 23:30,28,15,13,0,0,0
2022-05-11 23:45,26,12,14,0,0,0
2022-05-12 00:00,19,2,17,0,0,0
2022-05-12 00:15,17,5,12,0,0,0
2022-05-12 00:30,13,7,6,0,0,0
2022-05-12 00:45,22,16,6,0,0,0
2022-05-12 01:00,16,10,6,0,0,0
2022-05-12 01:15,10,4,6,0,0,0
2022-05-12 01:30,20,9,11,0,0,0
2022-05-12 01:45,7,1,6,0,0,0
2022-05-12 02:00,8,0,8,0,0,0
2022-05-12 02:15,3,2,1,0,0,0
2022-05-12 02:30,2,1,1,0,0,0
2022-05-12 02:45,5,1,4,0,0,0
2022-05-12 03:00,2,0,2,0,0,0
2022-05-12 03:15,0,0,0,0,0,0
2022-05-12 03:30,2,0,2,0,0,0
2022-05-12 03:45,3,0,3,0,0,0
2022-05-12 04:00,2,0,2,0,0,0
2022-05-12 04:15,2,1,1,0,0,0
2022-05-12 04:30,1,0,1,0,0,0
2022-05-12 04:45,4,3,1,0,0,0
2022-05-12 05:00,1,1,0,0,0,0
2022-05-12 05:15,2,0,2,0,0,0
2022-05-12 05:30,11,8,3,0,0,0
2022-05-12 05:45,20,7,13,0,0,0
2022-05-12 06:00,18,12,6,0,0,0
2022-05-12 06:15,30,21,9,0,0,0
2022-05-12 06:30,65,45,20,0,0,0
2022-05-12 06:45,67,43,24,0,0,0
2022-05-12 07:00,117,78,39,0,0,0
2022-05-12 07:15,161,124,37,0,0,0
2022-05-12 07:30,343,277,66,0,0,0
2022-05-12 07:45,261,184,77,0,0,0
2022-05-12 08:00,189,145,44,0,0,0
2022-05-12 08:15,158,123,35,0,0,0
2022-05-12 08:30,167,126,41,0,0,0
2022-05-12 08:45,168,128,40,0,0,0
2022-05-12 09:00,151,119,32,0,0,0
2022-05-12 09:15,108,82,26,0,0,0
2022-05-12 09:30,121,91,30,0,0,0
2022-05-12 09:45,196,150,46,0,0,0
2022-05-12 10:00,125,92,33,0,0,0
2022-05-12 10:15,104,73,31,0,0,0
2022-05-12 10:30,105,75,30,0,0,0
2022-05-12 10:45,139,88,51,0,0,0
2022-05-12 11:00,100,62,38,0,0,0
2022-05-12 11:15,128,85,43,0,0,0
2022-05-12 11:30,117,67,50,0,0,0
2022-05-12 11:45,155,99,56,0,0,0
2022-05-12 12:00,147,94,53,0,0,0
2022-05-12 12:15,149,77,72,0,0,0
2022-05-12 12:30,138,72,66,0,0,0
2022-05-12 12:45,158,89,69,0,0,0
2022-05-12 13:00,159,75,84,0,0,0
2022-05-12 13:15,117,65,52,0,0,0
2022-05-12 13:30,145,84,61,0,0,0
2022-05-12 13:45,210,101,109,0,0,0
2022-05-12 14:00,178,80,98,0,0,0
2022-05-12 14:15,137,79,58,0,0,0
2022-05-12 14:30,137,81,56,0,0,0
2022-05-12 14:45,130,73,57,0,0,0
2022-05-12 15:00,119,64,55,0,0,0
2022-05-12 15:15,157,99,58,0,0,0
2022-05-12 15:30,180,97,83,0,0,0
2022-05-12 15:45,183,113,70,0,0,0
2022-05-12 16:00,218,126,92,0,0,0
2022-05-12 16:15,181,112,69,0,0,0
2022-05-12 16:30,180,115,65,0,0,0
2022-05-12 16:45,194,111,83,0,0,0
2022-05-12 17:00,195,123,72,0,0,0
2022-05-12 17:15,164,93,71,0,0,0
2022-05-12 17:30,206,114,92,0,0,0
2022-05-12 17:45,207,109,98,0,0,0
2022-05-12 18:00,187,90,97,0,0,0
2022-05-12 18:15,186,91,95,0,0,0
2022-05-12 18:30,146,62,84,0,0,0
2022-05-12 18:45,149,86,63,0,0,0
2022-05-12 19:00,127,52,75,0,0,0
2022-05-12 19:15,124,65,59,0,0,0
2022-05-12 19:30,106,62,44,0,0,0
2022-05-12 19:45,108,45,63,0,0,0
2022-05-12 20:00,102,47,55,0,0,0
2022-05-12 20:15,92,34,58,0,0,0
2022-05-12 20:30,59,29,30,0,0,0
2022-05-12 20:45,76,43,33,0,0,0
2022-05-12 21:00,62,26,36,0,0,0
2022-05-12 21:15,48,26,22,0,0,0
2022-05-12 21:30,65,35,30,0,0,0
2022-05-12 21:45,56,25,31,0,0,0
2022-05-12 22:00,57,33,24,0,0,0
2022-05-12 22:15,71,28,43,0,0,0
2022-05-12 22:30,63,32,31,0,0,0
2022-05-12 22:45,37,14,23,0,0,0
2022-05-12 23:00,34,18,16,0,0,0
2022-05-12 23:15,42,23,19,0,0,0
2022-05-12 23:30,21,10,11,0,0,0
2022-05-12 23:45,13,2,11,0,0,0
2022-05-13 00:00,21,10,11,0,0,0
2022-05-13 00:15,13,2,11,0,0,0
2022-05-13 00:30,7,3,4,0,0,0
2022-05-13 00:45,20,11,9,0,0,0
2022-05-13 01:00,15,4,11,0,0,0
2022-05-13 01:15,8,7,1,0,0,0
2022-05-13 01:30,3,0,3,0,0,0
2022-05-13 01:45,4,1,3,0,0,0
2022-05-13 02:00,4,0,4,0,0,0
2022-05-13 02:15,4,1,3,0,0,0
2022-05-13 02:30,3,2,1,0,0,0
2022-05-13 02:45,5,1,4,0,0,0
2022-05-13 03:00,0,0,0,0,0,0
2022-05-13 03:15,1,0,1,0,0,0
2022-05-13 03:30,1,0,1,0,0,0
2022-05-13 03:45,2,1,1,0,0,0
2022-05-13 04:00,0,0,0,0,0,0
2022-05-13 04:15,3,1,2,0,0,0
2022-05-13 04:30,1,1,0,0,0,0
2022-05-13 04:45,0,0,0,0,0,0
2022-05-13 05:00,2,2,0,0,0,0
2022-05-13 05:15,2,1,1,0,0,0
2022-05-13 05:30,10,6,4,0,0,0
2022-05-13 05:45,17,11,6,0,0,0
2022-05-13 06:00,20,14,6,0,0,0
2022-05-13 06:15,33,19,14,0,0,0
2022-05-13 06:30,58,37,21,0,0,0
2022-05-13 06:45,58,44,14,0,0,0
2022-05-13 07:00,81,51,30,0,0,0
2022-05-13 07:15,157,117,40,0,0,0
2022-05-13 07:30,305,255,50,0,0,0
2022-05-13 07:45,228,174,54,0,0,0
2022-05-13 08:00,122,87,35,0,0,0
2022-05-13 08:15,133,99,34,0,0,0
2022-05-13 08:30,150,116,34,0,0,0
2022-05-13 08:45,167,124,43,0,0,0
2022-05-13 09:00,130,90,40,0,0,0
2022-05-13 09:15,98,71,27,0,0,0
2022-05-13 09:30,124,99,25,0,0,0
2022-05-13 09:45,160,121,39,0,0,0
2022-05-13 10:00,126,95,31,0,0,0
2022-05-13 10:15,106,68,38,0,0,0
2022-05-13 10:30,110,72,38,0,0,0
2022-05-13 10:45,104,69,35,0,0,0
2022-05-13 11:00,120,75,45,0,0,0
2022-05-13 11:15,105,61,44,0,0,0
2022-05-13 11:30,119,78,41,0,0,0
2022-05-13 11:45,142,80,62,0,0,0
2022-05-13 12:00,125,69,56,0,0,0
2022-05-13 12:15,147,81,66,0,0,0
2022-05-13 12:30,162,88,74,0,0,0
2022-05-13 12:45,143,70,73,0,0,0
2022-05-13 13:00,194,78,116,0,0,0
2022-05-13 13:15,198,90,108,0,0,0
2022-05-13 13:30,189,88,101,0,0,0
2022-05-13 13:45,188,96,92,0,0,0
2022-05-13 14:00,207,93,114,0,0,0
2022-05-13 14:15,145,71,74,0,0,0
2022-05-13 14:30,157,88,69,0,0,0
2022-05-13 14:45,171,86,85,0,0,0
2022-05-13 15:00,152,91,61,0,0,0
2022-05-13 15:15,163,93,70,0,0,0
2022-05-13 15:30,131,82,49,0,0,0
2022-05-13 15:45,152,92,60,0,0,0
2022-05-13 16:00,166,86,80,0,0,0
2022-05-13 16:15,151,93,58,0,0,0
2022-05-13 16:30,151,88,63,0,0,0
2022-05-13 16:45,158,98,60,0,0,0
2022-05-13 17:00,137,78,59,0,0,0
2022-05-13 17:15,135,62,73,0,0,0
2022-05-13 17:30,150,88,62,0,0,0
2022-05-13 17:45,155,91,64,0,0,0
2022-05-13 18:00,132,71,61,0,0,0
2022-05-13 18:15,171,89,82,0,0,0
2022-05-13 18:30,117,77,40,0,0,0
2022-05-13 18:45,145,89,56,0,0,0
2022-05-13 19:00,147,86,61,0,0,0
2022-05-13 19:15,109,58,51,0,0,0
2022-05-13 19:30,130,82,48,0,0,0
2022-05-13 19:45,101,56,45,0,0,0
2022-05-13 20:00,111,71,40,0,0,0
2022-05-13 20:15,59,33,26,0,0,0
2022-05-13 20:30,57,22,35,0,0,0
2022-05-13 20:45,67,38,29,0,0,0
2022-05-13 21:00,53,26,27,0,0,0
2022-05-13 21:15,54,25,29,0,0,0
2022-05-13 21:30,52,35,17,0,0,0
2022-05-13 21:45,60,36,24,0,0,0
2022-05-13 22:00,45,20,25,0,0,0
2022-05-13 22:15,39,15,24,0,0,0
2022-05-13 22:30,80,45,35,0,0,0
2022-05-13 22:45,68,26,42,0,0,0
2022-05-13 23:00,63,28,35,0,0,0
2022-05-13 23:15,48,16,32,0,0,0
2022-05-13 23:30,40,16,24,0,0,0
2022-05-13 23:45,60,26,34,0,0,0
2022-05-14 00:00,44,15,29,0,0,0
2022-05-14 00:15,26,9,17,0,0,0
2022-05-14 00:30,31,13,18,0,0,0
2022-05-14 00:45,25,17,8,0,0,0
2022-05-14 01:00,45,21,24,0,0,0
2022-05-14 01:15,34,16,18,0,0,0
2022-05-14 01:30,25,9,16,0,0,0
2022-05-14 01:45,14,5,9,0,0,0
2022-05-14 02:00,14,11,3,0,0,0
2022-05-14 02:15,17,1,16,0,0,0
2022-05-14 02:30,17,5,12,0,0,0
2022-05-14 02:45,8,1,7,0,0,0
2022-05-14 03:00,15,2,13,0,0,0
2022-05-14 03:15,2,1,1,0,0,0
2022-05-14 03:30,11,1,10,0,0,0
2022-05-14 03:45,8,4,4,0,0,0
2022-05-14 04:00,5,2,3,0,0,0
2022-05-14 04:15,9,1,8,0,0,0
2022-05-14 04:30,9,3,6,0,0,0
2022-05-14 04:45,4,1,3,0,0,0
2022-05-14 05:00,4,2,2,0,0,0
2022-05-14 05:15,3,1,2,0,0,0
2022-05-14 05:30,14,11,3,0,0,0
2022-05-14 05:45,4,3,1,0,0,0
2022-05-14 06:00,9,6,3,0,0,0
2022-05-14 06:15,10,7,3,0,0,0
2022-05-14 06:30,15,10,5,0,0,0
2022-05-14 06:45,20,14,6,0,0,0
2022-05-14 07:00,17,14,3,0,0,0
2022-05-14 07:15,17,10,7,0,0,0
2022-05-14 07:30,33,22,11,0,0,0
2022-05-14 07:45,36,18,18,0,0,0
2022-05-14 08:00,35,21,14,0,0,0
2022-05-14 08:15,35,24,11,0,0,0
2022-05-14 08:30,63,46,17,0,0,0
2022-05-14 08:45,72,46,26,0,0,0
2022-05-14 09:00,91,63,28,0,0,0
2022-05-14 09:15,86,69,17,0,0,0
2022-05-14 09:30,115,86,29,0,0,0
2022-05-14 09:45,151,112,39,0,0,0
2022-05-14 10:00,128,95,33,0,0,0
2022-05-14 10:15,148,113,35,0,0,0
2022-05-14 10:30,142,110,32,0,0,0
2022-05-14 10:45,169,136,33,0,0,0
2022-05-14 11:00,163,101,62,0,0,0
2022-05-14 11:15,161,112,49,0,0,0
2022-05-14 11:30,192,137,55,0,0,0
2022-05-14 11:45,177,119,58,0,0,0
2022-05-14 12:00,180,106,74,0,0,0
2022-05-14 12:15,184,118,66,0,0,0
2022-05-14 12:30,192,120,72,0,0,0
2022-05-14 12:45,184,110,74,0,0,0
2022-05-14 13:00,215,130,85,0,0,0
2022-05-14 13:15,142,81,61,0,0,0
2022-05-14 13:30,142,83,59,0,0,0
2022-05-14 13:45,174,108,66,0,0,0
2022-05-14 14:00,157,82,75,0,0,0
2022-05-14 14:15,145,96,49,0,0,0
2022-05-14 14:30,179,107,72,0,0,0
2022-05-14 14:45,199,127,72,0,0,0
2022-05-14 15:00,157,111,46,0,0,0
2022-05-14 15:15,135,81,54,0,0,0
2022-05-14 15:30,194,122,72,0,0,0
2022-05-14 15:45,145,105,40,0,0,0
2022-05-14 16:00,141,95,46,0,0,0
2022-05-14 16:15,121,58,63,0,0,0
2022-05-14 16:30,142,84,58,0,0,0
2022-05-14 16:45,131,70,61,0,0,0
2022-05-14 17:00,142,74,68,0,0,0
2022-05-14 17:15,131,73,58,0,0,0
2022-05-14 17:30,148,73,75,0,0,0
2022-05-14 17:45,158,83,75,0,0,0
2022-05-14 18:00,162,57,105,0,0,0
2022-05-14 18:15,149,60,89,0,0,0
2022-05-14 18:30,117,57,60,0,0,0
2022-05-14 18:45,124,66,58,0,0,0
2022-05-14 19:00,97,56,41,0,0,0
2022-05-14 19:15,88,41,47,0,0,0
2022-05-14 19:30,113,64,49,0,0,0
2022-05-14 19:45,127,72,55,0,0,0
2022-05-14 20:00,95,46,49,0,0,0
2022-05-14 20:15,63,34,29,0,0,0
2022-05-14 20:30,52,32,20,0,0,0
2022-05-14 20:45,58,31,27,0,0,0
2022-05-14 21:00,69,27,42,0,0,0
2022-05-14 21:15,48,27,21,0,0,0
2022-05-14 21:30,53,27,26,0,0,0
2022-05-14 21:45,39,21,18,0,0,0
2022-05-14 22:00,24,11,13,0,0,0
2022-05-14 22:15,54,31,23,0,0,0
2022-05-14 22:30,38,16,22,0,0,0
2022-05-14 22:45,52,26,26,0,0,0
2022-05-14 23:00,45,19,26,0,0,0
2022-05-14 23:15,30,16,14,0,0,0
2022-05-14 23:30,38,18,20,0,0,0
2022-05-14 23:45,40,21,19,0,0,0
2022-05-15 00:00,31,8,23,0,0,0
2022-05-15 00:15,46,20,26,0,0,0
2022-05-15 00:30,20,4,16,0,0,0
2022-05-15 00:45,22,6,16,0,0,0
2022-05-15 01:00,27,9,18,0,0,0
2022-05-15 01:15,37,22,15,0,0,0
2022-05-15 01:30,24,10,14,0,0,0
2022-05-15 01:45,24,15,9,0,0,0
2022-05-15 02:00,19,11,8,0,0,0
2022-05-15 02:15,20,9,11,0,0,0
2022-05-15 02:30,12,4,8,0,0,0
2022-05-15 02:45,14,4,10,0,0,0
2022-05-15 03:00,6,0,6,0,0,0
2022-05-15 03:15,8,0,8,0,0,0
2022-05-15 03:30,3,2,1,0,0,0
2022-05-15 03:45,5,1,4,0,0,0
2022-05-15 04:00,8,0,8,0,0,0
2022-05-15 04:15,2,0,2,0,0,0
2022-05-15 04:30,5,0,5,0,0,0
2022-05-15 04:45,3,0,3,0,0,0
2022-05-15 05:00,1,0,1,0,0,0
2022-05-15 05:15,2,1,1,0,0,0
2022-05-15 05:30,13,10,3,0,0,0
2022-05-15 05:45,2,1,1,0,0,0
2022-05-15 06:00,6,5,1,0,0,0
2022-05-15 06:15,4,3,1,0,0,0
2022-05-15 06:30,14,12,2,0,0,0
2022-05-15 06:45,10,7,3,0,0,0
2022-05-15 07:00,7,2,5,0,0,0
2022-05-15 07:15,10,4,6,0,0,0
2022-05-15 07:30,15,8,7,0,0,0
2022-05-15 07:45,15,10,5,0,0,0
2022-05-15 08:00,16,11,5,0,0,0
2022-05-15 08:15,14,12,2,0,0,0
2022-05-15 08:30,19,12,7,0,0,0
2022-05-15 08:45,37,25,12,0,0,0
2022-05-15 09:00,33,19,14,0,0,0
2022-05-15 09:15,33,23,10,0,0,0
2022-05-15 09:30,43,31,12,0,0,0
2022-05-15 09:45,51,35,16,0,0,0
2022-05-15 10:00,55,29,26,0,0,0
2022-05-15 10:15,47,31,16,0,0,0
2022-05-15 10:30,72,47,25,0,0,0
2022-05-15 10:45,57,35,22,0,0,0
2022-05-15 11:00,68,51,17,0,0,0
2022-05-15 11:15,72,50,22,0,0,0
2022-05-15 11:30,82,46,36,0,0,0
2022-05-15 11:45,68,32,36,0,0,0
2022-05-15 12:00,76,41,35,0,0,0
2022-05-15 12:15,73,34,39,0,0,0
2022-05-15 12:30,85,47,38,0,0,0
2022-05-15 12:45,97,68,29,0,0,0
2022-05-15 13:00,71,45,26,0,0,0
2022-05-15 13:15,91,63,28,0,0,0
2022-05-15 13:30,85,45,40,0,0,0
2022-05-15 13:45,116,68,48,0,0,0
2022-05-15 14:00,90,50,40,0,0,0
2022-05-15 14:15,118,62,56,0,0,0
2022-05-15 14:30,113,64,49,0,0,0
2022-05-15 14:45,108,68,40,0,0,0
2022-05-15 15:00,92,57,35,0,0,0
2022-05-15 15:15,100,65,35,0,0,0
2022-05-15 15:30,109,76,33,0,0,0
2022-05-15 15:45,105,66,39,0,0,0
2022-05-15 16:00,97,50,47,0,0,0
2022-05-15 16:15,89,63,26,0,0,0
2022-05-15 16:30,90,54,36,0,0,0
2022-05-15 16:45,119,73,46,0,0,0
2022-05-15 17:00,102,55,47,0,0,0
2022-05-15 17:15,93,54,39,0,0,0
2022-05-15 17:30,144,101,43,0,0,0
2022-05-15 17:45,112,75,37,0,0,0
2022-05-15 18:00,80,41,39,0,0,0
2022-05-15 18:15,72,47,25,0,0,0
2022-05-15 18:30,85,58,27,0,0,0
2022-05-15 18:45,82,45,37,0,0,0
2022-05-15 19:00,69,52,17,0,0,0
2022-05-15 19:15,90,60,30,0,0,0
2022-05-15 19:30,80,51,29,0,0,0
2022-05-15 19:45,66,29,37,0,0,0
2022-05-15 20:00,65,31,34,0,0,0
2022-05-15 20:15,54,32,22,0,0,0
2022-05-15 20:30,62,31,31,0,0,0
2022-05-15 20:45,49,33,16,0,0,0
2022-05-15 21:00,48,24,24,0,0,0
2022-05-15 21:15,46,23,23,0,0,0
2022-05-15 21:30,41,14,27,0,0,0
2022-05-15 21:45,51,27,24,0,0,0
2022-05-15 22:00,33,14,19,0,0,0
2022-05-15 22:15,27,11,16,0,0,0
2022-05-15 22:30,19,9,10,0,0,0
2022-05-15 22:45,26,12,14,0,0,0
2022-05-15 23:00,20,8,12,0,0,0
2022-05-15 23:15,15,7,8,0,0,0
2022-05-15 23:30,12,5,7,0,0,0
2022-05-15 23:45,10,2,8,0,0,0
2022-05-16 00:00,7,4,3,0,0,0
2022-05-16 00:15,2,1,1,0,0,0
2022-05-16 00:30,12,5,7,0,0,0
2022-05-16 00:45,4,2,2,0,0,0
2022-05-16 01:00,3,1,2,0,0,0
2022-05-16 01:15,2,0,2,0,0,0
2022-05-16 01:30,3,1,2,0,0,0
2022-05-16 01:45,3,1,2,0,0,0
2022-05-16 02:00,1,0,1,0,0,0
2022-05-16 02:15,0,0,0,0,0,0
2022-05-16 02:30,2,1,1,0,0,0
2022-05-16 02:45,0,0,0,0,0,0
2022-05-16 03:00,0,0,0,0,0,0
2022-05-16 03:15,1,1,0,0,0,0
2022-05-16 03:30,1,0,1,0,0,0
2022-05-16 03:45,0,0,0,0,0,0
2022-05-16 04:00,1,1,0,0,0,0
2022-05-16 04:15,2,2,0,0,0,0
2022-05-16 04:30,1,1,0,0,0,0
2022-05-16 04:45,2,1,1,0,0,0
2022-05-16 05:00,4,2,2,0,0,0
2022-05-16 05:15,4,3,1,0,0,0
2022-05-16 05:30,8,5,3,0,0,0
2022-05-16 05:45,19,8,11,0,0,0
2022-05-16 06:00,12,8,4,0,0,0
2022-05-16 06:15,31,22,9,0,0,0
2022-05-16 06:30,52,34,18,0,0,0
2022-05-16 06:45,63,39,24,0,0,0
2022-05-16 07:00,95,66,29,0,0,0
2022-05-16 07:15,200,148,52,0,0,0
2022-05-16 07:30,305,253,52,0,0,0
2022-05-16 07:45,227,156,71,0,0,0
2022-05-16 08:00,172,134,38,0,0,0
2022-05-16 08:15,157,113,44,0,0,0
2022-05-16 08:30,166,131,35,0,0,0
2022-05-16 08:45,165,123,42,0,0,0
2022-05-16 09:00,145,114,31,0,0,0
2022-05-16 09:15,95,62,33,0,0,0
2022-05-16 09:30,111,76,35,0,0,0
2022-05-16 09:45,184,145,39,0,0,0
2022-05-16 10:00,142,103,39,0,0,0
2022-05-16 10:15,121,83,38,0,0,0
2022-05-16 10:30,132,91,41,0,0,0
2022-05-16 10:45,112,64,48,0,0,0
2022-05-16 11:00,100,65,35,0,0,0
2022-05-16 11:15,99,63,36,0,0,0
2022-05-16 11:30,117,64,53,0,0,0
2022-05-16 11:45,135,81,54,0,0,0
2022-05-16 12:00,125,73,52,0,0,0
2022-05-16 12:15,106,59,47,0,0,0
2022-05-16 12:30,129,71,58,0,0,0
2022-05-16 12:45,97,54,43,0,0,0
2022-05-16 13:00,126,61,65,0,0,0
2022-05-16 13:15,100,57,43,0,0,0
2022-05-16 13:30,119,68,51,0,0,0
2022-05-16 13:45,169,89,80,0,0,0
2022-05-16 14:00,137,66,71,0,0,0
2022-05-16 14:15,110,65,45,0,0,0
2022-05-16 14:30,114,64,50,0,0,0
2022-05-16 14:45,136,70,66,0,0,0
2022-05-16 15:00,119,60,59,0,0,0
2022-05-16 15:15,134,76,58,0,0,0
2022-05-16 15:30,143,78,65,0,0,0
2022-05-16 15:45,172,97,75,0,0,0
2022-05-16 16:00,194,97,97,0,0,0
2022-05-16 16:15,162,75,87,0,0,0
2022-05-16 16:30,101,60,41,0,0,0
2022-05-16 16:45,120,67,53,0,0,0
2022-05-16 17:00,124,59,65,0,0,0
2022-05-16 17:15,151,91,60,0,0,0
2022-05-16 17:30,106,57,49,0,0,0
2022-05-16 17:45,119,64,55,0,0,0
2022-05-16 18:00,131,61,70,0,0,0
2022-05-16 18:15,118,61,57,0,0,0
2022-05-16 18:30,70,30,40,0,0,0
2022-05-16 18:45,78,35,43,0,0,0
2022-05-16 19:00,69,33,36,0,0,0
2022-05-16 19:15,81,33,48,0,0,0
2022-05-16 19:30,56,26,30,0,0,0
2022-05-16 19:45,75,40,35,0,0,0
2022-05-16 20:00,56,24,32,0,0,0
2022-05-16 20:15,48,20,28,0,0,0
2022-05-16 20:30,40,20,20,0,0,0
2022-05-16 20:45,46,21,25,0,0,0
2022-05-16 21:00,41,16,25,0,0,0
2022-05-16 21:15,37,17,20,0,0,0
2022-05-16 21:30,40,20,20,0,0,0
2022-05-16 21:45,39,15,24,0,0,0
2022-05-16 22:00,31,18,13,0,0,0
2022-05-16 22:15,20,3,17,0,0,0
2022-05-16 22:30,30,15,15,0,0,0
2022-05-16 22:45,26,17,9,0,0,0
2022-05-16 23:00,15,6,9,0,0,0
2022-05-16 23:15,16,11,5,0,0,0
2022-05-16 23:30,13,4,9,0,0,0
2022-05-16 23:45,8,2,6,0,0,0
2022-05-17 00:00,5,3,2,0,0,0
2022-05-17 00:15,6,2,4,0,0,0
2022-05-17 00:30,1,1,0,0,0,0
2022-05-17 00:45,5,0,5,0,0,0
2022-05-17 01:00,4,3,1,0,0,0
2022-05-17 01:15,3,0,3,0,0,0
2022-05-17 01:30,1,0,1,0,0,0
2022-05-17 01:45,3,1,2,0,0,0
2022-05-17 02:00,1,1,0,0,0,0
2022-05-17 02:15,1,1,0,0,0,0
2022-05-17 02:30,2,2,0,0,0,0
2022-05-17 02:45,0,0,0,0,0,0
2022-05-17 03:00,0,0,0,0,0,0
2022-05-17 03:15,2,0,2,0,0,0
2022-05-17 03:30,1,0,1,0,0,0
2022-05-17 03:45,3,1,2,0,0,0
2022-05-17 04:00,0,0,0,0,0,0
2022-05-17 04:15,4,2,2,0,0,0
2022-05-17 04:30,0,0,0,0,0,0
2022-05-17 04:45,3,1,2,0,0,0
2022-05-17 05:00,2,1,1,0,0,0
2022-05-17 05:15,5,5,0,0,0,0
2022-05-17 05:30,16,12,4,0,0,0
2022-05-17 05:45,20,9,11,0,0,0
2022-05-17 06:00,23,11,12,0,0,0
2022-05-17 06:15,41,29,12,0,0,0
2022-05-17 06:30,69,43,26,0,0,0
2022-05-17 06:45,88,64,24,0,0,0
2022-05-17 07:00,84,59,25,0,0,0
2022-05-17 07:15,181,133,48,0,0,0
2022-05-17 07:30,266,208,58,0,0,0
2022-05-17 07:45,259,173,86,0,0,0
2022-05-17 08:00,205,171,34,0,0,0
2022-05-17 08:15,166,123,43,0,0,0
2022-05-17 08:30,162,123,39,0,0,0
2022-05-17 08:45,183,136,47,0,0,0
2022-05-17 09:00,129,87,42,0,0,0
2022-05-17 09:15,129,84,45,0,0,0
2022-05-17 09:30,140,104,36,0,0,0
2022-05-17 09:45,182,139,43,0,0,0
2022-05-17 10:00,152,114,38,0,0,0
2022-05-17 10:15,105,66,39,0,0,0
2022-05-17 10:30,118,83,35,0,0,0
2022-05-17 10:45,110,81,29,0,0,0
2022-05-17 11:00,106,67,39,0,0,0
2022-05-17 11:15,120,87,33,0,0,0
2022-05-17 11:30,123,82,41,0,0,0
2022-05-17 11:45,147,95,52,0,0,0
2022-05-17 12:00,156,91,65,0,0,0
2022-05-17 12:15,128,89,39,0,0,0
2022-05-17 12:30,115,68,47,0,0,0
2022-05-17 12:45,121,70,51,0,0,0
2022-05-17 13:00,124,70,54,0,0,0
2022-05-17 13:15,138,77,61,0,0,0
2022-05-17 13:30,150,79,71,0,0,0
2022-05-17 13:45,165,107,58,0,0,0
2022-05-17 14:00,128,72,56,0,0,0
2022-05-17 14:15,117,67,50,0,0,0
2022-05-17 14:30,141,85,56,0,0,0
2022-05-17 14:45,165,98,67,0,0,0
2022-05-17 15:00,138,77,61,0,0,0
2022-05-17 15:15,154,95,59,0,0,0
2022-05-17 15:30,174,104,70,0,0,0
2022-05-17 15:45,174,94,80,0,0,0
2022-05-17 16:00,193,115,78,0,0,0
2022-05-17 16:15,201,125,76,0,0,0
2022-05-17 16:30,197,115,82,0,0,0
2022-05-17 16:45,201,127,74,0,0,0
2022-05-17 17:00,166,96,70,0,0,0
2022-05-17 17:15,197,99,98,0,0,0
2022-05-17 17:30,181,90,91,0,0,0
2022-05-17 17:45,220,108,112,0,0,0
2022-05-17 18:00,220,112,108,0,0,0
2022-05-17 18:15,149,73,76,0,0,0
2022-05-17 18:30,152,68,84,0,0,0
2022-05-17 18:45,168,90,78,0,0,0
2022-05-17 19:00,118,55,63,0,0,0
2022-05-17 19:15,117,68,49,0,0,0
2022-05-17 19:30,118,57,61,0,0,0
2022-05-17 19:45,130,49,81,0,0,0
2022-05-17 20:00,80,42,38,0,0,0
2022-05-17 20:15,69,21,48,0,0,0
2022-05-17 20:30,66,27,39,0,0,0
2022-05-17 20:45,60,30,30,0,0,0
2022-05-17 21:00,72,35,37,0,0,0
2022-05-17 21:15,65,26,39,0,0,0
2022-05-17 21:30,75,41,34,0,0,0
2022-05-17 21:45,75,32,43,0,0,0
2022-05-17 22:00,62,37,25,0,0,0
2022-05-17 22:15,53,26,27,0,0,0
2022-05-17 22:30,53,26,27,0,0,0
2022-05-17 22:45,36,13,23,0,0,0
2022-05-17 23:00,38,13,25,0,0,0
2022-05-17 23:15,14,10,4,0,0,0
2022-05-17 23:30,27,13,14,0,0,0
2022-05-17 23:45,19,10,9,0,0,0
2022-05-18 00:00,12,4,8,0,0,0
2022-05-18 00:15,7,5,2,0,0,0
2022-05-18 00:30,4,1,3,0,0,0
2022-05-18 00:45,9,3,6,0,0,0
2022-05-18 01:00,2,2,0,0,0,0
2022-05-18 01:15,4,3,1,0,0,0
2022-05-18 01:30,2,0,2,0,0,0
2022-05-18 01:45,3,0,3,0,0,0
2022-05-18 02:00,1,1,0,0,0,0
2022-05-18 02:15,1,0,1,0,0,0
2022-05-18 02:30,3,3,0,0,0,0
2022-05-18 02:45,2,1,1,0,0,0
2022-05-18 03:00,0,0,0,0,0,0
2022-05-18 03:15,2,2,0,0,0,0
2022-05-18 03:30,0,0,0,0,0,0
2022-05-18 03:45,4,3,1,0,0,0
2022-05-18 04:00,1,0,1,0,0,0
2022-05-18 04:15,2,2,0,0,0,0
2022-05-18 04:30,2,0,2,0,0,0
2022-05-18 04:45,2,1,1,0,0,0
2022-05-18 05:00,4,3,1,0,0,0
2022-05-18 05:15,5,4,1,0,0,0
2022-05-18 05:30,11,9,2,0,0,0
2022-05-18 05:45,16,9,7,0,0,0
2022-05-18 06:00,22,14,8,0,0,0
2022-05-18 06:15,41,21,20,0,0,0
2022-05-18 06:30,74,41,33,0,0,0
2022-05-18 06:45,102,73,29,0,0,0
2022-05-18 07:00,109,77,32,0,0,0
2022-05-18 07:15,178,127,51,0,0,0
2022-05-18 07:30,271,209,62,0,0,0
2022-05-18 07:45,269,186,83,0,0,0
2022-05-18 08:00,213,163,50,0,0,0
2022-05-18 08:15,209,149,60,0,0,0
2022-05-18 08:30,177,121,56,0,0,0
2022-05-18 08:45,225,164,61,0,0,0
2022-05-18 09:00,157,120,37,0,0,0
2022-05-18 09:15,161,106,55,0,0,0
2022-05-18 09:30,168,125,43,0,0,0
2022-05-18 09:45,219,165,54,0,0,0
2022-05-18 10:00,198,133,65,0,0,0
2022-05-18 10:15,165,118,47,0,0,0
2022-05-18 10:30,174,120,54,0,0,0
2022-05-18 10:45,146,94,52,0,0,0
2022-05-18 11:00,135,92,43,0,0,0
2022-05-18 11:15,142,96,46,0,0,0
2022-05-18 11:30,148,90,58,0,0,0
2022-05-18 11:45,174,108,66,0,0,0
2022-05-18 12:00,161,108,53,0,0,0
2022-05-18 12:15,180,99,81,0,0,0
2022-05-18 12:30,162,95,67,0,0,0
2022-05-18 12:45,140,79,61,0,0,0
2022-05-18 13:00,169,105,64,0,0,0
2022-05-18 13:15,180,80,100,0,0,0
2022-05-18 13:30,154,86,68,0,0,0
2022-05-18 13:45,172,91,81,0,0,0
2022-05-18 14:00,169,67,102,0,0,0
2022-05-18 14:15,151,75,76,0,0,0
2022-05-18 14:30,179,93,86,0,0,0
2022-05-18 14:45,159,97,62,0,0,0
2022-05-18 15:00,171,90,81,0,0,0
2022-05-18 15:15,195,111,84,0,0,0
2022-05-18 15:30,180,92,88,0,0,0
2022-05-18 15:45,178,85,93,0,0,0
2022-05-18 16:00,219,114,105,0,0,0
2022-05-18 16:15,170,81,89,0,0,0
2022-05-18 16:30,222,107,115,0,0,0
2022-05-18 16:45,199,93,106,0,0,0
2022-05-18 17:00,208,110,98,0,0,0
2022-05-18 17:15,228,125,103,0,0,0
2022-05-18 17:30,194,114,80,0,0,0
2022-05-18 17:45,234,136,98,0,0,0
2022-05-18 18:00,195,103,92,0,0,0
2022-05-18 18:15,222,138,84,0,0,0
2022-05-18 18:30,166,93,73,0,0,0
2022-05-18 18:45,182,99,83,0,0,0
2022-05-18 19:00,152,84,68,0,0,0
2022-05-18 19:15,154,94,60,0,0,0
2022-05-18 19:30,134,84,50,0,0,0
2022-05-18 19:45,156,89,67,0,0,0
2022-05-18 20:00,133,89,44,0,0,0
2022-05-18 20:15,116,71,45,0,0,0
2022-05-18 20:30,112,58,54,0,0,0
2022-05-18 20:45,99,61,38,0,0,0
2022-05-18 21:00,94,54,40,0,0,0
2022-05-18 21:15,83,53,30,0,0,0
2022-05-18 21:30,54,25,29,0,0,0
2022-05-18 21:45,84,46,38,0,0,0
2022-05-18 22:00,82,41,41,0,0,0
2022-05-18 22:15,53,23,30,0,0,0
2022-05-18 22:30,49,26,23,0,0,0
2022-05-18 22:45,47,27,20,0,0,0
2022-05-18 23:00,60,30,30,0,0,0
2022-05-18 23:15,50,27,23,0,0,0
2022-05-18 23:30,29,15,14,0,0,0
2022-05-18 23:45,28,12,16,0,0,0
2022-05-19 00:00,50,29,21,0,0,0
2022-05-19 00:15,52,25,27,0,0,0
2022-05-19 00:30,42,31,11,0,0,0
2022-05-19 00:45,12,4,8,0,0,0
2022-05-19 01:00,11,4,7,0,0,0
2022-05-19 01:15,13,9,4,0,0,0
2022-05-19 01:30,7,0,7,0,0,0
2022-05-19 01:45,12,3,9,0,0,0
2022-05-19 02:00,1,0,1,0,0,0
2022-05-19 02:15,8,0,8,0,0,0
2022-05-19 02:30,9,2,7,0,0,0
2022-05-19 02:45,3,0,3,0,0,0
2022-05-19 03:00,5,0,5,0,0,0
2022-05-19 03:15,5,3,2,0,0,0
2022-05-19 03:30,3,0,3,0,0,0
2022-05-19 03:45,1,0,1,0,0,0
2022-05-19 04:00,2,1,1,0,0,0
2022-05-19 04:15,3,1,2,0,0,0
2022-05-19 04:30,3,0,3,0,0,0
2022-05-19 04:45,2,1,1,0,0,0
2022-05-19 05:00,1,1,0,0,0,0
2022-05-19 05:15,5,2,3,0,0,0
2022-05-19 05:30,16,10,6,0,0,0
2022-05-19 05:45,24,13,11,0,0,0
2022-05-19 06:00,21,18,3,0,0,0
2022-05-19 06:15,31,21,10,0,0,0
2022-05-19 06:30,49,34,15,0,0,0
2022-05-19 06:45,64,48,16,0,0,0
2022-05-19 07:00,78,53,25,0,0,0
2022-05-19 07:15,166,128,38,0,0,0
2022-05-19 07:30,311,263,48,0,0,0
2022-05-19 07:45,230,165,65,0,0,0
2022-05-19 08:00,194,164,30,0,0,0
2022-05-19 08:15,147,113,34,0,0,0
2022-05-19 08:30,159,123,36,0,0,0
2022-05-19 08:45,188,154,34,0,0,0
2022-05-19 09:00,112,91,21,0,0,0
2022-05-19 09:15,123,100,23,0,0,0
2022-05-19 09:30,123,84,39,0,0,0
2022-05-19 09:45,190,165,25,0,0,0
2022-05-19 10:00,128,95,33,0,0,0
2022-05-19 10:15,109,81,28,0,0,0
2022-05-19 10:30,102,72,30,0,0,0
2022-05-19 10:45,108,74,34,0,0,0
2022-05-19 11:00,109,71,38,0,0,0
2022-05-19 11:15,102,77,25,0,0,0
2022-05-19 11:30,77,49,28,0,0,0
2022-05-19 11:45,168,100,68,0,0,0
2022-05-19 12:00,127,80,47,0,0,0
2022-05-19 12:15,111,63,48,0,0,0
2022-05-19 12:30,117,63,54,0,0,0
2022-05-19 12:45,120,75,45,0,0,0
2022-05-19 13:00,148,85,63,0,0,0
2022-05-19 13:15,121,62,59,0,0,0
2022-05-19 13:30,120,61,59,0,0,0
2022-05-19 13:45,169,99,70,0,0,0
2022-05-19 14:00,137,69,68,0,0,0
2022-05-19 14:15,135,69,66,0,0,0
2022-05-19 14:30,143,80,63,0,0,0
2022-05-19 14:45,161,86,75,0,0,0
2022-05-19 15:00,145,74,71,0,0,0
2022-05-19 15:15,146,80,66,0,0,0
2022-05-19 15:30,213,108,105,0,0,0
2022-05-19 15:45,113,45,68,0,0,0
2022-05-19 16:00,89,36,53,0,0,0
2022-05-19 16:15,61,28,33,0,0,0
2022-05-19 16:30,95,48,47,0,0,0
2022-05-19 16:45,120,54,66,0,0,0
2022-05-19 17:00,98,55,43,0,0,0
2022-05-19 17:15,127,66,61,0,0,0
2022-05-19 17:30,134,73,61,0,0,0
2022-05-19 17:45,146,78,68,0,0,0
2022-05-19 18:00,134,69,65,0,0,0
2022-05-19 18:15,110,58,52,0,0,0
2022-05-19 18:30,103,53,50,0,0,0
2022-05-19 18:45,128,73,55,0,0,0
2022-05-19 19:00,90,47,43,0,0,0
2022-05-19 19:15,96,64,32,0,0,0
2022-05-19 19:30,88,38,50,0,0,0
2022-05-19 19:45,85,48,37,0,0,0
2022-05-19 20:00,74,34,40,0,0,0
2022-05-19 20:15,80,50,30,0,0,0
2022-05-19 20:30,38,20,18,0,0,0
2022-05-19 20:45,56,23,33,0,0,0
2022-05-19 21:00,33,17,16,0,0,0
2022-05-19 21:15,47,8,39,0,0,0
2022-05-19 21:30,43,20,23,0,0,0
2022-05-19 21:45,46,15,31,0,0,0
2022-05-19 22:00,53,28,25,0,0,0
2022-05-19 22:15,47,20,27,0,0,0
2022-05-19 22:30,40,20,20,0,0,0
2022-05-19 22:45,41,30,11,0,0,0
2022-05-19 23:00,46,21,25,0,0,0
2022-05-19 23:15,36,17,19,0,0,0
2022-05-19 23:30,40,16,24,0,0,0
2022-05-19 23:45,22,12,10,0,0,0
2022-05-20 00:00,13,10,3,0,0,0
2022-05-20 00:15,10,3,7,0,0,0
2022-05-20 00:30,11,2,9,0,0,0
2022-05-20 00:45,6,2,4,0,0,0
2022-05-20 01:00,22,15,7,0,0,0
2022-05-20 01:15,1,0,1,0,0,0
2022-05-20 01:30,1,0,1,0,0,0
2022-05-20 01:45,10,5,5,0,0,0
2022-05-20 02:00,2,1,1,0,0,0
2022-05-20 02:15,3,2,1,0,0,0
2022-05-20 02:30,5,0,5,0,0,0
2022-05-20 02:45,3,0,3,0,0,0
2022-05-20 03:00,3,0,3,0,0,0
2022-05-20 03:15,6,2,4,0,0,0
2022-05-20 03:30,1,0,1,0,0,0
2022-05-20 03:45,3,1,2,0,0,0
2022-05-20 04:00,0,0,0,0,0,0
2022-05-20 04:15,2,2,0,0,0,0
2022-05-20 04:30,4,2,2,0,0,0
2022-05-20 04:45,1,0,1,0,0,0
2022-05-20 05:00,2,1,1,0,0,0
2022-05-20 05:15,5,5,0,0,0,0
2022-05-20 05:30,9,8,1,0,0,0
2022-05-20 05:45,13,7,6,0,0,0
2022-05-20 06:00,21,16,5,0,0,0
2022-05-20 06:15,24,19,5,0,0,0
2022-05-20 06:30,39,23,16,0,0,0
2022-05-20 06:45,49,37,12,0,0,0
2022-05-20 07:00,68,48,20,0,0,0
2022-05-20 07:15,126,99,27,0,0,0
2022-05-20 07:30,288,254,34,0,0,0
2022-05-20 07:45,202,144,58,0,0,0
2022-05-20 08:00,126,94,32,0,0,0
2022-05-20 08:15,139,108,31,0,0,0
2022-05-20 08:30,142,115,27,0,0,0
2022-05-20 08:45,162,137,25,0,0,0
2022-05-20 09:00,117,83,34,0,0,0
2022-05-20 09:15,116,93,23,0,0,0
2022-05-20 09:30,113,87,26,0,0,0
2022-05-20 09:45,153,124,29,0,0,0
2022-05-20 10:00,121,92,29,0,0,0
2022-05-20 10:15,123,92,31,0,0,0
2022-05-20 10:30,108,78,30,0,0,0
2022-05-20 10:45,117,84,33,0,0,0
2022-05-20 11:00,113,67,46,0,0,0
2022-05-20 11:15,139,94,45,0,0,0
2022-05-20 11:30,121,80,41,0,0,0
2022-05-20 11:45,121,66,55,0,0,0
2022-05-20 12:00,134,76,58,0,0,0
2022-05-20 12:15,145,82,63,0,0,0
2022-05-20 12:30,118,54,64,0,0,0
2022-05-20 12:45,136,72,64,0,0,0
2022-05-20 13:00,180,79,101,0,0,0
2022-05-20 13:15,157,75,82,0,0,0
2022-05-20 13:30,131,74,57,0,0,0
2022-05-20 13:45,142,78,64,0,0,0
2022-05-20 14:00,171,69,102,0,0,0
2022-05-20 14:15,140,80,60,0,0,0
2022-05-20 14:30,133,52,81,0,0,0
2022-05-20 14:45,143,76,67,0,0,0
2022-05-20 15:00,143,73,70,0,0,0
2022-05-20 15:15,144,69,75,0,0,0
2022-05-20 15:30,139,66,73,0,0,0
2022-05-20 15:45,96,44,52,0,0,0
2022-05-20 16:00,61,30,31,0,0,0
2022-05-20 16:15,35,16,19,0,0,0
2022-05-20 16:30,35,15,20,0,0,0
2022-05-20 16:45,55,23,32,0,0,0
2022-05-20 17:00,81,44,37,0,0,0
2022-05-20 17:15,73,43,30,0,0,0
2022-05-20 17:30,57,29,28,0,0,0
2022-05-20 17:45,61,38,23,0,0,0
2022-05-20 18:00,73,37,36,0,0,0
2022-05-20 18:15,98,56,42,0,0,0
2022-05-20 18:30,64,34,30,0,0,0
2022-05-20 18:45,87,50,37,0,0,0
2022-05-20 19:00,70,41,29,0,0,0
2022-05-20 19:15,69,42,27,0,0,0
2022-05-20 19:30,75,39,36,0,0,0
2022-05-20 19:45,63,32,31,0,0,0
2022-05-20 20:00,64,28,36,0,0,0
2022-05-20 20:15,76,40,36,0,0,0
2022-05-20 20:30,36,9,27,0,0,0
2022-05-20 20:45,52,31,21,0,0,0
2022-05-20 21:00,49,28,21,0,0,0
2022-05-20 21:15,31,17,14,0,0,0
2022-05-20 21:30,36,23,13,0,0,0
2022-05-20 21:45,32,18,14,0,0,0
2022-05-20 22:00,47,12,35,0,0,0
2022-05-20 22:15,42,25,17,0,0,0
2022-05-20 22:30,25,13,12,0,0,0
2022-05-20 22:45,27,14,13,0,0,0
2022-05-20 23:00,36,15,21,0,0,0
2022-05-20 23:15,39,23,16,0,0,0
2022-05-20 23:30,16,6,10,0,0,0
2022-05-20 23:45,23,11,12,0,0,0
2022-05-21 00:00,21,8,13,0,0,0
2022-05-21 00:15,34,24,10,0,0,0
2022-05-21 00:30,28,20,8,0,0,0
2022-05-21 00:45,22,13,9,0,0,0
2022-05-21 01:00,28,13,15,0,0,0
2022-05-21 01:15,17,8,9,0,0,0
2022-05-21 01:30,17,2,15,0,0,0
2022-05-21 01:45,10,3,7,0,0,0
2022-05-21 02:00,20,8,12,0,0,0
2022-05-21 02:15,12,4,8,0,0,0
2022-05-21 02:30,9,2,7,0,0,0
2022-05-21 02:45,9,4,5,0,0,0
2022-05-21 03:00,3,0,3,0,0,0
2022-05-21 03:15,9,1,8,0,0,0
2022-05-21 03:30,4,1,3,0,0,0
2022-05-21 03:45,8,6,2,0,0,0
2022-05-21 04:00,8,4,4,0,0,0
2022-05-21 04:15,3,0,3,0,0,0
2022-05-21 04:30,5,1,4,0,0,0
2022-05-21 04:45,6,2,4,0,0,0
2022-05-21 05:00,0,0,0,0,0,0
2022-05-21 05:15,2,1,1,0,0,0
2022-05-21 05:30,8,6,2,0,0,0
2022-05-21 05:45,20,16,4,0,0,0
2022-05-21 06:00,5,3,2,0,0,0
2022-05-21 06:15,10,4,6,0,0,0
2022-05-21 06:30,10,6,4,0,0,0
2022-05-21 06:45,25,18,7,0,0,0
2022-05-21 07:00,26,20,6,0,0,0
2022-05-21 07:15,20,16,4,0,0,0
2022-05-21 07:30,43,25,18,0,0,0
2022-05-21 07:45,52,39,13,0,0,0
2022-05-21 08:00,34,20,14,0,0,0
2022-05-21 08:15,54,41,13,0,0,0
2022-05-21 08:30,51,43,8,0,0,0
2022-05-21 08:45,120,87,33,0,0,0
2022-05-21 09:00,83,64,19,0,0,0
2022-05-21 09:15,95,70,25,0,0,0
2022-05-21 09:30,130,103,27,0,0,0
2022-05-21 09:45,159,117,42,0,0,0
2022-05-21 10:00,147,113,34,0,0,0
2022-05-21 10:15,151,118,33,0,0,0
2022-05-21 10:30,153,115,38,0,0,0
2022-05-21 10:45,169,117,52,0,0,0
2022-05-21 11:00,137,102,35,0,0,0
2022-05-21 11:15,145,108,37,0,0,0
2022-05-21 11:30,149,90,59,0,0,0
2022-05-21 11:45,162,116,46,0,0,0
2022-05-21 12:00,143,96,47,0,0,0
2022-05-21 12:15,122,85,37,0,0,0
2022-05-21 12:30,175,119,56,0,0,0
2022-05-21 12:45,151,96,55,0,0,0
2022-05-21 13:00,141,93,48,0,0,0
2022-05-21 13:15,142,82,60,0,0,0
2022-05-21 13:30,137,83,54,0,0,0
2022-05-21 13:45,158,91,67,0,0,0
2022-05-21 14:00,174,113,61,0,0,0
2022-05-21 14:15,132,85,47,0,0,0
2022-05-21 14:30,131,60,71,0,0,0
2022-05-21 14:45,147,78,69,0,0,0
2022-05-21 15:00,115,52,63,0,0,0
2022-05-21 15:15,126,63,63,0,0,0
2022-05-21 15:30,110,75,35,0,0,0
2022-05-21 15:45,141,73,68,0,0,0
2022-05-21 16:00,122,59,63,0,0,0
2022-05-21 16:15,100,53,47,0,0,0
2022-05-21 16:30,95,59,36,0,0,0
2022-05-21 16:45,111,54,57,0,0,0
2022-05-21 17:00,99,50,49,0,0,0
2022-05-21 17:15,104,64,40,0,0,0
2022-05-21 17:30,138,89,49,0,0,0
2022-05-21 17:45,95,54,41,0,0,0
2022-05-21 18:00,111,54,57,0,0,0
2022-05-21 18:15,93,48,45,0,0,0
2022-05-21 18:30,102,50,52,0,0,0
2022-05-21 18:45,119,54,65,0,0,0
2022-05-21 19:00,127,75,52,0,0,0
2022-05-21 19:15,113,73,40,0,0,0
2022-05-21 19:30,90,48,42,0,0,0
2022-05-21 19:45,91,47,44,0,0,0
2022-05-21 20:00,90,46,44,0,0,0
2022-05-21 20:15,58,31,27,0,0,0
2022-05-21 20:30,62,34,28,0,0,0
2022-05-21 20:45,74,55,19,0,0,0
2022-05-21 21:00,48,24,24,0,0,0
2022-05-21 21:15,48,21,27,0,0,0
2022-05-21 21:30,36,17,19,0,0,0
2022-05-21 21:45,39,20,19,0,0,0
2022-05-21 22:00,38,28,10,0,0,0
2022-05-21 22:15,32,14,18,0,0,0
2022-05-21 22:30,36,14,22,0,0,0
2022-05-21 22:45,47,25,22,0,0,0
2022-05-21 23:00,49,29,20,0,0,0
2022-05-21 23:15,38,19,19,0,0,0
2022-05-21 23:30,27,12,15,0,0,0
2022-05-21 23:45,47,15,32,0,0,0
2022-05-22 00:00,36,18,18,0,0,0
2022-05-22 00:15,42,20,22,0,0,0
2022-05-22 00:30,42,27,15,0,0,0
2022-05-22 00:45,16,7,9,0,0,0
2022-05-22 01:00,22,10,12,0,0,0
2022-05-22 01:15,35,14,21,0,0,0
2022-05-22 01:30,29,17,12,0,0,0
2022-05-22 01:45,22,9,13,0,0,0
2022-05-22 02:00,16,9,7,0,0,0
2022-05-22 02:15,30,14,16,0,0,0
2022-05-22 02:30,23,6,17,0,0,0
2022-05-22 02:45,17,5,12,0,0,0
2022-05-22 03:00,13,4,9,0,0,0
2022-05-22 03:15,13,3,10,0,0,0
2022-05-22 03:30,8,1,7,0,0,0
2022-05-22 03:45,7,2,5,0,0,0
2022-05-22 04:00,6,2,4,0,0,0
2022-05-22 04:15,8,2,6,0,0,0
2022-05-22 04:30,10,6,4,0,0,0
2022-05-22 04:45,1,0,1,0,0,0
2022-05-22 05:00,4,2,2,0,0,0
2022-05-22 05:15,8,6,2,0,0,0
2022-05-22 05:30,7,1,6,0,0,0
2022-05-22 05:45,7,4,3,0,0,0
2022-05-22 06:00,8,4,4,0,0,0
2022-05-22 06:15,8,5,3,0,0,0
2022-05-22 06:30,3,1,2,0,0,0
2022-05-22 06:45,7,3,4,0,0,0
2022-05-22 07:00,1,1,0,0,0,0
2022-05-22 07:15,10,8,2,0,0,0
2022-05-22 07:30,6,5,1,0,0,0
2022-05-22 07:45,6,1,5,0,0,0
2022-05-22 08:00,10,6,4,0,0,0
2022-05-22 08:15,10,10,0,0,0,0
2022-05-22 08:30,25,15,10,0,0,0
2022-05-22 08:45,29,23,6,0,0,0
2022-05-22 09:00,26,16,10,0,0,0
2022-05-22 09:15,33,20,13,0,0,0
2022-05-22 09:30,33,22,11,0,0,0
2022-05-22 09:45,64,49,15,0,0,0
2022-05-22 10:00,47,26,21,0,0,0
2022-05-22 10:15,41,31,10,0,0,0
2022-05-22 10:30,55,32,23,0,0,0
2022-05-22 10:45,80,46,34,0,0,0
2022-05-22 11:00,69,41,28,0,0,0
2022-05-22 11:15,75,38,37,0,0,0
2022-05-22 11:30,76,46,30,0,0,0
2022-05-22 11:45,87,56,31,0,0,0
2022-05-22 12:00,63,35,28,0,0,0
2022-05-22 12:15,74,46,28,0,0,0
2022-05-22 12:30,84,44,40,0,0,0
2022-05-22 12:45,79,47,32,0,0,0
2022-05-22 13:00,76,49,27,0,0,0
2022-05-22 13:15,51,31,20,0,0,0
2022-05-22 13:30,85,39,46,0,0,0
2022-05-22 13:45,95,58,37,0,0,0
2022-05-22 14:00,78,44,34,0,0,0
2022-05-22 14:15,103,59,44,0,0,0
2022-05-22 14:30,127,91,36,0,0,0
2022-05-22 14:45,106,78,28,0,0,0
2022-05-22 15:00,97,63,34,0,0,0
2022-05-22 15:15,144,107,37,0,0,0
2022-05-22 15:30,107,65,42,0,0,0
2022-05-22 15:45,96,74,22,0,0,0
2022-05-22 16:00,120,79,41,0,0,0
2022-05-22 16:15,82,54,28,0,0,0
2022-05-22 16:30,116,76,40,0,0,0
2022-05-22 16:45,103,75,28,0,0,0
2022-05-22 17:00,101,55,46,0,0,0
2022-05-22 17:15,76,41,35,0,0,0
2022-05-22 17:30,89,52,37,0,0,0
2022-05-22 17:45,111,63,48,0,0,0
2022-05-22 18:00,95,54,41,0,0,0
2022-05-22 18:15,89,58,31,0,0,0
2022-05-22 18:30,82,51,31,0,0,0
2022-05-22 18:45,71,42,29,0,0,0
2022-05-22 19:00,91,53,38,0,0,0
2022-05-22 19:15,50,31,19,0,0,0
2022-05-22 19:30,60,37,23,0,0,0
2022-05-22 19:45,67,28,39,0,0,0
2022-05-22 20:00,60,28,32,0,0,0
2022-05-22 20:15,62,40,22,0,0,0
2022-05-22 20:30,38,22,16,0,0,0
2022-05-22 20:45,36,20,16,0,0,0
2022-05-22 21:00,71,32,39,0,0,0
2022-05-22 21:15,36,14,22,0,0,0
2022-05-22 21:30,34,11,23,0,0,0
2022-05-22 21:45,20,10,10,0,0,0
2022-05-22 22:00,31,15,16,0,0,0
2022-05-22 22:15,25,17,8,0,0,0
2022-05-22 22:30,29,17,12,0,0,0
2022-05-22 22:45,21,6,15,0,0,0
2022-05-22 23:00,17,8,9,0,0,0
2022-05-22 23:15,17,10,7,0,0,0
2022-05-22 23:30,7,4,3,0,0,0
2022-05-22 23:45,5,2,3,0,0,0
2022-05-23 00:00,7,1,6,0,0,0
2022-05-23 00:15,6,4,2,0,0,0
2022-05-23 00:30,5,1,4,0,0,0
2022-05-23 00:45,3,1,2,0,0,0
2022-05-23 01:00,7,3,4,0,0,0
2022-05-23 01:15,5,3,2,0,0,0
2022-05-23 01:30,0,0,0,0,0,0
2022-05-23 01:45,1,1,0,0,0,0
2022-05-23 02:00,1,1,0,0,0,0
2022-05-23 02:15,0,0,0,0,0,0
2022-05-23 02:30,2,0,2,0,0,0
2022-05-23 02:45,0,0,0,0,0,0
2022-05-23 03:00,4,4,0,0,0,0
2022-05-23 03:15,1,0,1,0,0,0
2022-05-23 03:30,1,1,0,0,0,0
2022-05-23 03:45,0,0,0,0,0,0
2022-05-23 04:00,1,1,0,0,0,0
2022-05-23 04:15,2,1,1,0,0,0
2022-05-23 04:30,0,0,0,0,0,0
2022-05-23 04:45,2,1,1,0,0,0
2022-05-23 05:00,3,2,1,0,0,0
2022-05-23 05:15,3,1,2,0,0,0
2022-05-23 05:30,16,12,4,0,0,0
2022-05-23 05:45,13,5,8,0,0,0
2022-05-23 06:00,12,9,3,0,0,0
2022-05-23 06:15,34,24,10,0,0,0
2022-05-23 06:30,56,34,22,0,0,0
2022-05-23 06:45,72,45,27,0,0,0
2022-05-23 07:00,89,63,26,0,0,0
2022-05-23 07:15,161,130,31,0,0,0
2022-05-23 07:30,294,237,57,0,0,0
2022-05-23 07:45,234,150,84,0,0,0
2022-05-23 08:00,172,129,43,0,0,0
2022-05-23 08:15,193,138,55,0,0,0
2022-05-23 08:30,128,81,47,0,0,0
2022-05-23 08:45,163,124,39,0,0,0
2022-05-23 09:00,120,81,39,0,0,0
2022-05-23 09:15,96,75,21,0,0,0
2022-05-23 09:30,112,87,25,0,0,0
2022-05-23 09:45,157,107,50,0,0,0
2022-05-23 10:00,125,84,41,0,0,0
2022-05-23 10:15,148,109,39,0,0,0
2022-05-23 10:30,128,86,42,0,0,0
2022-05-23 10:45,117,90,27,0,0,0
2022-05-23 11:00,101,75,26,0,0,0
2022-05-23 11:15,105,75,30,0,0,0
2022-05-23 11:30,111,69,42,0,0,0
2022-05-23 11:45,140,88,52,0,0,0
2022-05-23 12:00,134,87,47,0,0,0
2022-05-23 12:15,124,64,60,0,0,0
2022-05-23 12:30,147,74,73,0,0,0
2022-05-23 12:45,129,79,50,0,0,0
2022-05-23 13:00,136,75,61,0,0,0
2022-05-23 13:15,120,54,66,0,0,0
2022-05-23 13:30,112,63,49,0,0,0
2022-05-23 13:45,159,90,69,0,0,0
2022-05-23 14:00,167,85,82,0,0,0
2022-05-23 14:15,110,59,51,0,0,0
2022-05-23 14:30,116,64,52,0,0,0
2022-05-23 14:45,155,79,76,0,0,0
2022-05-23 15:00,148,98,50,0,0,0
2022-05-23 15:15,134,75,59,0,0,0
2022-05-23 15:30,145,87,58,0,0,0
2022-05-23 15:45,210,122,88,0,0,0
2022-05-23 16:00,164,98,66,0,0,0
2022-05-23 16:15,183,95,88,0,0,0
2022-05-23 16:30,184,97,87,0,0,0
2022-05-23 16:45,186,100,86,0,0,0
2022-05-23 17:00,199,80,119,0,0,0
2022-05-23 17:15,170,82,88,0,0,0
2022-05-23 17:30,116,58,58,0,0,0
2022-05-23 17:45,157,86,71,0,0,0
2022-05-23 18:00,125,68,57,0,0,0
2022-05-23 18:15,107,58,49,0,0,0
2022-05-23 18:30,101,47,54,0,0,0
2022-05-23 18:45,100,51,49,0,0,0
2022-05-23 19:00,50,23,27,0,0,0
2022-05-23 19:15,52,17,35,0,0,0
2022-05-23 19:30,27,15,12,0,0,0
2022-05-23 19:45,65,33,32,0,0,0
2022-05-23 20:00,54,27,27,0,0,0
2022-05-23 20:15,44,18,26,0,0,0
2022-05-23 20:30,42,14,28,0,0,0
2022-05-23 20:45,35,14,21,0,0,0
2022-05-23 21:00,35,16,19,0,0,0
2022-05-23 21:15,42,21,21,0,0,0
2022-05-23 21:30,35,18,17,0,0,0
2022-05-23 21:45,33,13,20,0,0,0
2022-05-23 22:00,21,12,9,0,0,0
2022-05-23 22:15,19,9,10,0,0,0
2022-05-23 22:30,30,8,22,0,0,0
2022-05-23 22:45,32,10,22,0,0,0
2022-05-23 23:00,17,9,8,0,0,0
2022-05-23 23:15,23,8,15,0,0,0
2022-05-23 23:30,15,2,13,0,0,0
2022-05-23 23:45,5,2,3,0,0,0
2022-05-24 00:00,2,1,1,0,0,0
2022-05-24 00:15,9,3,6,0,0,0
2022-05-24 00:30,8,2,6,0,0,0
2022-05-24 00:45,1,0,1,0,0,0
2022-05-24 01:00,2,0,2,0,0,0
2022-05-24 01:15,2,0,2,0,0,0
2022-05-24 01:30,1,1,0,0,0,0
2022-05-24 01:45,1,1,0,0,0,0
2022-05-24 02:00,0,0,0,0,0,0
2022-05-24 02:15,3,2,1,0,0,0
2022-05-24 02:30,3,3,0,0,0,0
2022-05-24 02:45,0,0,0,0,0,0
2022-05-24 03:00,1,0,1,0,0,0
2022-05-24 03:15,0,0,0,0,0,0
2022-05-24 03:30,0,0,0,0,0,0
2022-05-24 03:45,0,0,0,0,0,0
2022-05-24 04:00,3,1,2,0,0,0
2022-05-24 04:15,2,1,1,0,0,0
2022-05-24 04:30,3,2,1,0,0,0
2022-05-24 04:45,2,1,1,0,0,0
2022-05-24 05:00,1,1,0,0,0,0
2022-05-24 05:15,5,2,3,0,0,0
2022-05-24 05:30,21,14,7,0,0,0
2022-05-24 05:45,10,6,4,0,0,0
2022-05-24 06:00,12,9,3,0,0,0
2022-05-24 06:15,25,18,7,0,0,0
2022-05-24 06:30,56,39,17,0,0,0
2022-05-24 06:45,68,50,18,0,0,0
2022-05-24 07:00,82,65,17,0,0,0
2022-05-24 07:15,168,130,38,0,0,0
2022-05-24 07:30,312,274,38,0,0,0
2022-05-24 07:45,240,180,60,0,0,0
2022-05-24 08:00,172,124,48,0,0,0
2022-05-24 08:15,163,114,49,0,0,0
2022-05-24 08:30,111,90,21,0,0,0
2022-05-24 08:45,123,96,27,0,0,0
2022-05-24 09:00,75,53,22,0,0,0
2022-05-24 09:15,76,64,12,0,0,0
2022-05-24 09:30,88,65,23,0,0,0
2022-05-24 09:45,115,88,27,0,0,0
2022-05-24 10:00,71,53,18,0,0,0
2022-05-24 10:15,63,41,22,0,0,0
2022-05-24 10:30,75,56,19,0,0,0
2022-05-24 10:45,90,64,26,0,0,0
2022-05-24 11:00,86,56,30,0,0,0
2022-05-24 11:15,80,46,34,0,0,0
2022-05-24 11:30,84,65,19,0,0,0
2022-05-24 11:45,121,78,43,0,0,0
2022-05-24 12:00,113,68,45,0,0,0
2022-05-24 12:15,114,69,45,0,0,0
2022-05-24 12:30,125,64,61,0,0,0
2022-05-24 12:45,109,55,54,0,0,0
2022-05-24 13:00,122,71,51,0,0,0
2022-05-24 13:15,112,66,46,0,0,0
2022-05-24 13:30,113,67,46,0,0,0
2022-05-24 13:45,168,102,66,0,0,0
2022-05-24 14:00,127,62,65,0,0,0
2022-05-24 14:15,111,57,54,0,0,0
2022-05-24 14:30,140,79,61,0,0,0
2022-05-24 14:45,133,79,54,0,0,0
2022-05-24 15:00,141,88,53,0,0,0
2022-05-24 15:15,140,72,68,0,0,0
2022-05-24 15:30,125,65,60,0,0,0
2022-05-24 15:45,165,109,56,0,0,0
2022-05-24 16:00,168,83,85,0,0,0
2022-05-24 16:15,198,95,103,0,0,0
2022-05-24 16:30,126,70,56,0,0,0
2022-05-24 16:45,105,55,50,0,0,0
2022-05-24 17:00,176,88,88,0,0,0
2022-05-24 17:15,142,59,83,0,0,0
2022-05-24 17:30,167,89,78,0,0,0
2022-05-24 17:45,171,80,91,0,0,0
2022-05-24 18:00,179,81,98,0,0,0
2022-05-24 18:15,149,67,82,0,0,0
2022-05-24 18:30,110,56,54,0,0,0
2022-05-24 18:45,109,59,50,0,0,0
2022-05-24 19:00,95,40,55,0,0,0
2022-05-24 19:15,86,50,36,0,0,0
2022-05-24 19:30,81,43,38,0,0,0
2022-05-24 19:45,93,52,41,0,0,0
2022-05-24 20:00,75,35,40,0,0,0
2022-05-24 20:15,67,40,27,0,0,0
2022-05-24 20:30,61,29,32,0,0,0
2022-05-24 20:45,67,30,37,0,0,0
2022-05-24 21:00,57,33,24,0,0,0
2022-05-24 21:15,49,23,26,0,0,0
2022-05-24 21:30,41,19,22,0,0,0
2022-05-24 21:45,60,27,33,0,0,0
2022-05-24 22:00,46,29,17,0,0,0
2022-05-24 22:15,46,21,25,0,0,0
2022-05-24 22:30,27,14,13,0,0,0
2022-05-24 22:45,43,16,27,0,0,0
2022-05-24 23:00,26,13,13,0,0,0
2022-05-24 23:15,18,8,10,0,0,0
2022-05-24 23:30,30,25,5,0,0,0
2022-05-24 23:45,20,10,10,0,0,0
2022-05-25 00:00,20,10,10,0,0,0
2022-05-25 00:15,11,5,6,0,0,0
2022-05-25 00:30,11,3,8,0,0,0
2022-05-25 00:45,4,1,3,0,0,0
2022-05-25 01:00,9,0,9,0,0,0
2022-05-25 01:15,3,2,1,0,0,0
2022-05-25 01:30,3,0,3,0,0,0
2022-05-25 01:45,1,0,1,0,0,0
2022-05-25 02:00,1,0,1,0,0,0
2022-05-25 02:15,0,0,0,0,0,0
2022-05-25 02:30,1,1,0,0,0,0
2022-05-25 02:45,1,1,0,0,0,0
2022-05-25 03:00,1,0,1,0,0,0
2022-05-25 03:15,1,0,1,0,0,0
2022-05-25 03:30,1,0,1,0,0,0
2022-05-25 03:45,0,0,0,0,0,0
2022-05-25 04:00,3,2,1,0,0,0
2022-05-25 04:15,1,1,0,0,0,0
2022-05-25 04:30,1,1,0,0,0,0
2022-05-25 04:45,2,1,1,0,0,0
2022-05-25 05:00,3,2,1,0,0,0
2022-05-25 05:15,4,3,1,0,0,0
2022-05-25 05:30,15,11,4,0,0,0
2022-05-25 05:45,10,9,1,0,0,0
2022-05-25 06:00,18,10,8,0,0,0
2022-05-25 06:15,31,19,12,0,0,0
2022-05-25 06:30,60,35,25,0,0,0
2022-05-25 06:45,71,49,22,0,0,0
2022-05-25 07:00,105,76,29,0,0,0
2022-05-25 07:15,187,139,48,0,0,0
2022-05-25 07:30,301,250,51,0,0,0
2022-05-25 07:45,239,164,75,0,0,0
2022-05-25 08:00,192,145,47,0,0,0
2022-05-25 08:15,191,124,67,0,0,0
2022-05-25 08:30,180,128,52,0,0,0
2022-05-25 08:45,212,159,53,0,0,0
2022-05-25 09:00,146,114,32,0,0,0
2022-05-25 09:15,161,107,54,0,0,0
2022-05-25 09:30,166,125,41,0,0,0
2022-05-25 09:45,216,167,49,0,0,0
2022-05-25 10:00,153,109,44,0,0,0
2022-05-25 10:15,158,122,36,0,0,0
2022-05-25 10:30,142,92,50,0,0,0
2022-05-25 10:45,166,124,42,0,0,0
2022-05-25 11:00,162,98,64,0,0,0
2022-05-25 11:15,144,97,47,0,0,0
2022-05-25 11:30,142,83,59,0,0,0
2022-05-25 11:45,200,123,77,0,0,0
2022-05-25 12:00,168,105,63,0,0,0
2022-05-25 12:15,161,92,69,0,0,0
2022-05-25 12:30,162,93,69,0,0,0
2022-05-25 12:45,187,106,81,0,0,0
2022-05-25 13:00,172,93,79,0,0,0
2022-05-25 13:15,168,83,85,0,0,0
2022-05-25 13:30,155,85,70,0,0,0
2022-05-25 13:45,146,85,61,0,0,0
2022-05-25 14:00,191,89,102,0,0,0
2022-05-25 14:15,164,92,72,0,0,0
2022-05-25 14:30,148,70,78,0,0,0
2022-05-25 14:45,167,86,81,0,0,0
2022-05-25 15:00,159,91,68,0,0,0
2022-05-25 15:15,146,79,67,0,0,0
2022-05-25 15:30,166,81,85,0,0,0
2022-05-25 15:45,168,96,72,0,0,0
2022-05-25 16:00,176,100,76,0,0,0
2022-05-25 16:15,171,98,73,0,0,0
2022-05-25 16:30,166,75,91,0,0,0
2022-05-25 16:45,151,94,57,0,0,0
2022-05-25 17:00,174,100,74,0,0,0
2022-05-25 17:15,157,76,81,0,0,0
2022-05-25 17:30,169,92,77,0,0,0
2022-05-25 17:45,187,107,80,0,0,0
2022-05-25 18:00,123,55,68,0,0,0
2022-05-25 18:15,158,78,80,0,0,0
2022-05-25 18:30,130,76,54,0,0,0
2022-05-25 18:45,144,90,54,0,0,0
2022-05-25 19:00,130,69,61,0,0,0
2022-05-25 19:15,130,77,53,0,0,0
2022-05-25 19:30,115,73,42,0,0,0
2022-05-25 19:45,134,86,48,0,0,0
2022-05-25 20:00,76,38,38,0,0,0
2022-05-25 20:15,84,49,35,0,0,0
2022-05-25 20:30,57,28,29,0,0,0
2022-05-25 20:45,48,25,23,0,0,0
2022-05-25 21:00,74,47,27,0,0,0
2022-05-25 21:15,54,19,35,0,0,0
2022-05-25 21:30,44,27,17,0,0,0
2022-05-25 21:45,50,27,23,0,0,0
2022-05-25 22:00,57,34,23,0,0,0
2022-05-25 22:15,42,16,26,0,0,0
2022-05-25 22:30,47,19,28,0,0,0
2022-05-25 22:45,48,19,29,0,0,0
2022-05-25 23:00,45,21,24,0,0,0
2022-05-25 23:15,34,15,19,0,0,0
2022-05-25 23:30,41,25,16,0,0,0
2022-05-25 23:45,46,25,21,0,0,0
2022-05-26 00:00,35,17,18,0,0,0
2022-05-26 00:15,34,15,19,0,0,0
2022-05-26 00:30,37,14,23,0,0,0
2022-05-26 00:45,33,19,14,0,0,0
2022-05-26 01:00,21,8,13,0,0,0
2022-05-26 01:15,14,7,7,0,0,0
2022-05-26 01:30,22,12,10,0,0,0
2022-05-26 01:45,18,7,11,0,0,0
2022-05-26 02:00,14,6,8,0,0,0
2022-05-26 02:15,21,9,12,0,0,0
2022-05-26 02:30,28,6,22,0,0,0
2022-05-26 02:45,12,5,7,0,0,0
2022-05-26 03:00,9,0,9,0,0,0
2022-05-26 03:15,20,11,9,0,0,0
2022-05-26 03:30,6,2,4,0,0,0
2022-05-26 03:45,10,4,6,0,0,0
2022-05-26 04:00,8,4,4,0,0,0
2022-05-26 04:15,5,3,2,0,0,0
2022-05-26 04:30,4,0,4,0,0,0
2022-05-26 04:45,3,1,2,0,0,0
2022-05-26 05:00,1,1,0,0,0,0
2022-05-26 05:15,5,2,3,0,0,0
2022-05-26 05:30,13,7,6,0,0,0
2022-05-26 05:45,10,3,7,0,0,0
2022-05-26 06:00,7,4,3,0,0,0
2022-05-26 06:15,2,1,1,0,0,0
2022-05-26 06:30,6,5,1,0,0,0
2022-05-26 06:45,6,4,2,0,0,0
2022-05-26 07:00,5,2,3,0,0,0
2022-05-26 07:15,15,10,5,0,0,0
2022-05-26 07:30,8,7,1,0,0,0
2022-05-26 07:45,12,8,4,0,0,0
2022-05-26 08:00,10,7,3,0,0,0
2022-05-26 08:15,19,12,7,0,0,0
2022-05-26 08:30,22,15,7,0,0,0
2022-05-26 08:45,21,11,10,0,0,0
2022-05-26 09:00,16,12,4,0,0,0
2022-05-26 09:15,32,19,13,0,0,0
2022-05-26 09:30,34,21,13,0,0,0
2022-05-26 09:45,49,31,18,0,0,0
2022-05-26 10:00,52,26,26,0,0,0
2022-05-26 10:15,51,33,18,0,0,0
2022-05-26 10:30,65,38,27,0,0,0
2022-05-26 10:45,61,36,25,0,0,0
2022-05-26 11:00,42,24,18,0,0,0
2022-05-26 11:15,57,37,20,0,0,0
2022-05-26 11:30,44,24,20,0,0,0
2022-05-26 11:45,64,43,21,0,0,0
2022-05-26 12:00,65,42,23,0,0,0
2022-05-26 12:15,68,37,31,0,0,0
2022-05-26 12:30,63,30,33,0,0,0
2022-05-26 12:45,62,37,25,0,0,0
2022-05-26 13:00,80,49,31,0,0,0
2022-05-26 13:15,59,41,18,0,0,0
2022-05-26 13:30,59,39,20,0,0,0
2022-05-26 13:45,85,48,37,0,0,0
2022-05-26 14:00,45,25,20,0,0,0
2022-05-26 14:15,69,44,25,0,0,0
2022-05-26 14:30,91,58,33,0,0,0
2022-05-26 14:45,59,37,22,0,0,0
2022-05-26 15:00,88,64,24,0,0,0
2022-05-26 15:15,70,50,20,0,0,0
2022-05-26 15:30,75,45,30,0,0,0
2022-05-26 15:45,83,59,24,0,0,0
2022-05-26 16:00,66,43,23,0,0,0
2022-05-26 16:15,62,46,16,0,0,0
2022-05-26 16:30,71,43,28,0,0,0
2022-05-26 16:45,92,65,27,0,0,0
2022-05-26 17:00,72,50,22,0,0,0
2022-05-26 17:15,99,61,38,0,0,0
2022-05-26 17:30,92,67,25,0,0,0
2022-05-26 17:45,97,63,34,0,0,0
2022-05-26 18:00,79,51,28,0,0,0
2022-05-26 18:15,72,46,26,0,0,0
2022-05-26 18:30,88,58,30,0,0,0
2022-05-26 18:45,79,48,31,0,0,0
2022-05-26 19:00,58,30,28,0,0,0
2022-05-26 19:15,58,30,28,0,0,0
2022-05-26 19:30,67,39,28,0,0,0
2022-05-26 19:45,64,42,22,0,0,0
2022-05-26 20:00,59,27,32,0,0,0
2022-05-26 20:15,50,40,10,0,0,0
2022-05-26 20:30,47,23,24,0,0,0
2022-05-26 20:45,48,31,17,0,0,0
2022-05-26 21:00,28,11,17,0,0,0
2022-05-26 21:15,38,27,11,0,0,0
2022-05-26 21:30,39,18,21,0,0,0
2022-05-26 21:45,50,29,21,0,0,0
2022-05-26 22:00,36,20,16,0,0,0
2022-05-26 22:15,32,16,16,0,0,0
2022-05-26 22:30,23,14,9,0,0,0
2022-05-26 22:45,25,10,15,0,0,0
2022-05-26 23:00,21,12,9,0,0,0
2022-05-26 23:15,11,3,8,0,0,0
2022-05-26 23:30,34,14,20,0,0,0
2022-05-26 23:45,17,8,9,0,0,0
2022-05-27 00:00,11,8,3,0,0,0
2022-05-27 00:15,11,8,3,0,0,0
2022-05-27 00:30,12,8,4,0,0,0
2022-05-27 00:45,9,3,6,0,0,0
2022-05-27 01:00,6,3,3,0,0,0
2022-05-27 01:15,11,5,6,0,0,0
2022-05-27 01:30,7,3,4,0,0,0
2022-05-27 01:45,0,0,0,0,0,0
2022-05-27 02:00,6,2,4,0,0,0
2022-05-27 02:15,5,2,3,0,0,0
2022-05-27 02:30,7,1,6,0,0,0
2022-05-27 02:45,1,1,0,0,0,0
2022-05-27 03:00,3,0,3,0,0,0
2022-05-27 03:15,1,1,0,0,0,0
2022-05-27 03:30,3,0,3,0,0,0
2022-05-27 03:45,2,2,0,0,0,0
2022-05-27 04:00,0,0,0,0,0,0
2022-05-27 04:15,3,2,1,0,0,0
2022-05-27 04:30,0,0,0,0,0,0
2022-05-27 04:45,0,0,0,0,0,0
2022-05-27 05:00,2,1,1,0,0,0
2022-05-27 05:15,8,5,3,0,0,0
2022-05-27 05:30,11,8,3,0,0,0
2022-05-27 05:45,7,3,4,0,0,0
2022-05-27 06:00,16,11,5,0,0,0
2022-05-27 06:15,21,15,6,0,0,0
2022-05-27 06:30,25,17,8,0,0,0
2022-05-27 06:45,36,25,11,0,0,0
2022-05-27 07:00,36,28,8,0,0,0
2022-05-27 07:15,63,42,21,0,0,0
2022-05-27 07:30,93,72,21,0,0,0
2022-05-27 07:45,88,66,22,0,0,0
2022-05-27 08:00,72,58,14,0,0,0
2022-05-27 08:15,85,61,24,0,0,0
2022-05-27 08:30,66,43,23,0,0,0
2022-05-27 08:45,101,77,24,0,0,0
2022-05-27 09:00,79,66,13,0,0,0
2022-05-27 09:15,75,61,14,0,0,0
2022-05-27 09:30,115,82,33,0,0,0
2022-05-27 09:45,135,104,31,0,0,0
2022-05-27 10:00,104,86,18,0,0,0
2022-05-27 10:15,104,74,30,0,0,0
2022-05-27 10:30,94,69,25,0,0,0
2022-05-27 10:45,110,70,40,0,0,0
2022-05-27 11:00,136,95,41,0,0,0
2022-05-27 11:15,139,97,42,0,0,0
2022-05-27 11:30,111,74,37,0,0,0
2022-05-27 11:45,120,85,35,0,0,0
2022-05-27 12:00,136,86,50,0,0,0
2022-05-27 12:15,156,110,46,0,0,0
2022-05-27 12:30,134,86,48,0,0,0
2022-05-27 12:45,138,90,48,0,0,0
2022-05-27 13:00,138,84,54,0,0,0
2022-05-27 13:15,144,95,49,0,0,0
2022-05-27 13:30,116,73,43,0,0,0
2022-05-27 13:45,139,81,58,0,0,0
2022-05-27 14:00,120,59,61,0,0,0
2022-05-27 14:15,142,77,65,0,0,0
2022-05-27 14:30,129,79,50,0,0,0
2022-05-27 14:45,154,91,63,0,0,0
2022-05-27 15:00,137,78,59,0,0,0
2022-05-27 15:15,171,112,59,0,0,0
2022-05-27 15:30,175,105,70,0,0,0
2022-05-27 15:45,147,90,57,0,0,0
2022-05-27 16:00,144,75,69,0,0,0
2022-05-27 16:15,134,80,54,0,0,0
2022-05-27 16:30,129,68,61,0,0,0
2022-05-27 16:45,120,64,56,0,0,0
2022-05-27 17:00,127,77,50,0,0,0
2022-05-27 17:15,116,68,48,0,0,0
2022-05-27 17:30,150,75,75,0,0,0
2022-05-27 17:45,123,71,52,0,0,0
2022-05-27 18:00,138,73,65,0,0,0
2022-05-27 18:15,126,65,61,0,0,0
2022-05-27 18:30,97,55,42,0,0,0
2022-05-27 18:45,102,52,50,0,0,0
2022-05-27 19:00,102,61,41,0,0,0
2022-05-27 19:15,90,44,46,0,0,0
2022-05-27 19:30,102,51,51,0,0,0
2022-05-27 19:45,99,60,39,0,0,0
2022-05-27 20:00,73,36,37,0,0,0
2022-05-27 20:15,63,42,21,0,0,0
2022-05-27 20:30,41,22,19,0,0,0
2022-05-27 20:45,56,28,28,0,0,0
2022-05-27 21:00,58,37,21,0,0,0
2022-05-27 21:15,52,29,23,0,0,0
2022-05-27 21:30,55,21,34,0,0,0
2022-05-27 21:45,32,16,16,0,0,0
2022-05-27 22:00,42,15,27,0,0,0
2022-05-27 22:15,36,17,19,0,0,0
2022-05-27 22:30,34,13,21,0,0,0
2022-05-27 22:45,40,17,23,0,0,0
2022-05-27 23:00,21,8,13,0,0,0
2022-05-27 23:15,14,7,7,0,0,0
2022-05-27 23:30,40,17,23,0,0,0
2022-05-27 23:45,36,18,18,0,0,0
2022-05-28 00:00,22,4,18,0,0,0
2022-05-28 00:15,18,9,9,0,0,0
2022-05-28 00:30,19,5,14,0,0,0
2022-05-28 00:45,23,5,18,0,0,0
2022-05-28 01:00,25,14,11,0,0,0
2022-05-28 01:15,20,9,11,0,0,0
2022-05-28 01:30,11,1,10,0,0,0
2022-05-28 01:45,17,5,12,0,0,0
2022-05-28 02:00,13,4,9,0,0,0
2022-05-28 02:15,10,1,9,0,0,0
2022-05-28 02:30,9,2,7,0,0,0
2022-05-28 02:45,9,1,8,0,0,0
2022-05-28 03:00,9,4,5,0,0,0
2022-05-28 03:15,4,3,1,0,0,0
2022-05-28 03:30,9,2,7,0,0,0
2022-05-28 03:45,4,4,0,0,0,0
2022-05-28 04:00,3,1,2,0,0,0
2022-05-28 04:15,6,0,6,0,0,0
2022-05-28 04:30,3,1,2,0,0,0
2022-05-28 04:45,0,0,0,0,0,0
2022-05-28 05:00,6,6,0,0,0,0
2022-05-28 05:15,7,5,2,0,0,0
2022-05-28 05:30,10,8,2,0,0,0
2022-05-28 05:45,14,6,8,0,0,0
2022-05-28 06:00,5,4,1,0,0,0
2022-05-28 06:15,5,4,1,0,0,0
2022-05-28 06:30,10,6,4,0,0,0
2022-05-28 06:45,15,9,6,0,0,0
2022-05-28 07:00,7,6,1,0,0,0
2022-05-28 07:15,19,14,5,0,0,0
2022-05-28 07:30,17,10,7,0,0,0
2022-05-28 07:45,35,26,9,0,0,0
2022-05-28 08:00,47,26,21,0,0,0
2022-05-28 08:15,46,30,16,0,0,0
2022-05-28 08:30,46,32,14,0,0,0
2022-05-28 08:45,66,45,21,0,0,0
2022-05-28 09:00,79,54,25,0,0,0
2022-05-28 09:15,80,63,17,0,0,0
2022-05-28 09:30,80,58,22,0,0,0
2022-05-28 09:45,167,125,42,0,0,0
2022-05-28 10:00,111,84,27,0,0,0
2022-05-28 10:15,107,76,31,0,0,0
2022-05-28 10:30,120,88,32,0,0,0
2022-05-28 10:45,143,90,53,0,0,0
2022-05-28 11:00,116,75,41,0,0,0
2022-05-28 11:15,118,83,35,0,0,0
2022-05-28 11:30,134,89,45,0,0,0
2022-05-28 11:45,186,123,63,0,0,0
2022-05-28 12:00,119,73,46,0,0,0
2022-05-28 12:15,146,67,79,0,0,0
2022-05-28 12:30,111,56,55,0,0,0
2022-05-28 12:45,160,96,64,0,0,0
2022-05-28 13:00,151,90,61,0,0,0
2022-05-28 13:15,142,90,52,0,0,0
2022-05-28 13:30,172,100,72,0,0,0
2022-05-28 13:45,141,74,67,0,0,0
2022-05-28 14:00,131,64,67,0,0,0
2022-05-28 14:15,148,71,77,0,0,0
2022-05-28 14:30,132,65,67,0,0,0
2022-05-28 14:45,121,68,53,0,0,0
2022-05-28 15:00,128,73,55,0,0,0
2022-05-28 15:15,124,69,55,0,0,0
2022-05-28 15:30,95,44,51,0,0,0
2022-05-28 15:45,110,56,54,0,0,0
2022-05-28 16:00,101,64,37,0,0,0
2022-05-28 16:15,124,59,65,0,0,0
2022-05-28 16:30,118,70,48,0,0,0
2022-05-28 16:45,97,50,47,0,0,0
2022-05-28 17:00,90,50,40,0,0,0
2022-05-28 17:15,93,41,52,0,0,0
2022-05-28 17:30,83,47,36,0,0,0
2022-05-28 17:45,97,52,45,0,0,0
2022-05-28 18:00,91,49,42,0,0,0
2022-05-28 18:15,77,36,41,0,0,0
2022-05-28 18:30,88,44,44,0,0,0
2022-05-28 18:45,102,61,41,0,0,0
2022-05-28 19:00,73,47,26,0,0,0
2022-05-28 19:15,56,33,23,0,0,0
2022-05-28 19:30,56,31,25,0,0,0
2022-05-28 19:45,80,58,22,0,0,0
2022-05-28 20:00,67,41,26,0,0,0
2022-05-28 20:15,63,44,19,0,0,0
2022-05-28 20:30,44,24,20,0,0,0
2022-05-28 20:45,50,31,19,0,0,0
2022-05-28 21:00,40,23,17,0,0,0
2022-05-28 21:15,37,20,17,0,0,0
2022-05-28 21:30,30,20,10,0,0,0
2022-05-28 21:45,49,22,27,0,0,0
2022-05-28 22:00,34,15,19,0,0,0
2022-05-28 22:15,22,11,11,0,0,0
2022-05-28 22:30,20,10,10,0,0,0
2022-05-28 22:45,36,12,24,0,0,0
2022-05-28 23:00,30,13,17,0,0,0
2022-05-28 23:15,16,9,7,0,0,0
2022-05-28 23:30,29,13,16,0,0,0
2022-05-28 23:45,42,27,15,0,0,0
2022-05-29 00:00,34,17,17,0,0,0
2022-05-29 00:15,24,10,14,0,0,0
2022-05-29 00:30,21,10,11,0,0,0
2022-05-29 00:45,21,7,14,0,0,0
2022-05-29 01:00,16,6,10,0,0,0
2022-05-29 01:15,18,9,9,0,0,0
2022-05-29 01:30,12,5,7,0,0,0
2022-05-29 01:45,14,3,11,0,0,0
2022-05-29 02:00,10,3,7,0,0,0
2022-05-29 02:15,12,2,10,0,0,0
2022-05-29 02:30,8,4,4,0,0,0
2022-05-29 02:45,10,1,9,0,0,0
2022-05-29 03:00,12,1,11,0,0,0
2022-05-29 03:15,3,1,2,0,0,0
2022-05-29 03:30,5,2,3,0,0,0
2022-05-29 03:45,7,0,7,0,0,0
2022-05-29 04:00,6,2,4,0,0,0
2022-05-29 04:15,7,2,5,0,0,0
2022-05-29 04:30,2,1,1,0,0,0
2022-05-29 04:45,2,0,2,0,0,0
2022-05-29 05:00,4,1,3,0,0,0
2022-05-29 05:15,3,3,0,0,0,0
2022-05-29 05:30,9,5,4,0,0,0
2022-05-29 05:45,8,1,7,0,0,0
2022-05-29 06:00,3,1,2,0,0,0
2022-05-29 06:15,8,3,5,0,0,0
2022-05-29 06:30,5,1,4,0,0,0
2022-05-29 06:45,7,6,1,0,0,0
2022-05-29 07:00,4,1,3,0,0,0
2022-05-29 07:15,3,1,2,0,0,0
2022-05-29 07:30,11,10,1,0,0,0
2022-05-29 07:45,5,4,1,0,0,0
2022-05-29 08:00,9,5,4,0,0,0
2022-05-29 08:15,12,9,3,0,0,0
2022-05-29 08:30,8,3,5,0,0,0
2022-05-29 08:45,14,8,6,0,0,0
2022-05-29 09:00,20,12,8,0,0,0
2022-05-29 09:15,16,10,6,0,0,0
2022-05-29 09:30,25,11,14,0,0,0
2022-05-29 09:45,37,24,13,0,0,0
2022-05-29 10:00,36,25,11,0,0,0
2022-05-29 10:15,31,17,14,0,0,0
2022-05-29 10:30,28,18,10,0,0,0
2022-05-29 10:45,29,23,6,0,0,0
2022-05-29 11:00,57,33,24,0,0,0
2022-05-29 11:15,34,21,13,0,0,0
2022-05-29 11:30,52,36,16,0,0,0
2022-05-29 11:45,33,26,7,0,0,0
2022-05-29 12:00,31,18,13,0,0,0
2022-05-29 12:15,46,23,23,0,0,0
2022-05-29 12:30,40,20,20,0,0,0
2022-05-29 12:45,43,26,17,0,0,0
2022-05-29 13:00,49,30,19,0,0,0
2022-05-29 13:15,53,36,17,0,0,0
2022-05-29 13:30,50,26,24,0,0,0
2022-05-29 13:45,45,29,16,0,0,0
2022-05-29 14:00,59,33,26,0,0,0
2022-05-29 14:15,62,42,20,0,0,0
2022-05-29 14:30,64,35,29,0,0,0
2022-05-29 14:45,62,36,26,0,0,0
2022-05-29 15:00,40,24,16,0,0,0
2022-05-29 15:15,63,32,31,0,0,0
2022-05-29 15:30,74,50,24,0,0,0
2022-05-29 15:45,50,32,18,0,0,0
2022-05-29 16:00,50,36,14,0,0,0
2022-05-29 16:15,45,27,18,0,0,0
2022-05-29 16:30,66,35,31,0,0,0
2022-05-29 16:45,78,44,34,0,0,0
2022-05-29 17:00,50,25,25,0,0,0
2022-05-29 17:15,59,37,22,0,0,0
2022-05-29 17:30,67,46,21,0,0,0
2022-05-29 17:45,71,42,29,0,0,0
2022-05-29 18:00,59,25,34,0,0,0
2022-05-29 18:15,54,31,23,0,0,0
2022-05-29 18:30,48,22,26,0,0,0
2022-05-29 18:45,49,23,26,0,0,0
2022-05-29 19:00,47,26,21,0,0,0
2022-05-29 19:15,43,29,14,0,0,0
2022-05-29 19:30,58,32,26,0,0,0
2022-05-29 19:45,44,19,25,0,0,0
2022-05-29 20:00,34,20,14,0,0,0
2022-05-29 20:15,36,19,17,0,0,0
2022-05-29 20:30,27,11,16,0,0,0
2022-05-29 20:45,22,15,7,0,0,0
2022-05-29 21:00,31,22,9,0,0,0
2022-05-29 21:15,13,8,5,0,0,0
2022-05-29 21:30,24,17,7,0,0,0
2022-05-29 21:45,15,9,6,0,0,0
2022-05-29 22:00,12,8,4,0,0,0
2022-05-29 22:15,13,7,6,0,0,0
2022-05-29 22:30,21,6,15,0,0,0
2022-05-29 22:45,18,7,11,0,0,0
2022-05-29 23:00,12,4,8,0,0,0
2022-05-29 23:15,8,6,2,0,0,0
2022-05-29 23:30,3,3,0,0,0,0
2022-05-29 23:45,4,1,3,0,0,0
2022-05-30 00:00,9,2,7,0,0,0
2022-05-30 00:15,3,1,2,0,0,0
2022-05-30 00:30,1,0,1,0,0,0
2022-05-30 00:45,2,2,0,0,0,0
2022-05-30 01:00,4,0,4,0,0,0
2022-05-30 01:15,0,0,0,0,0,0
2022-05-30 01:30,1,0,1,0,0,0
2022-05-30 01:45,3,1,2,0,0,0
2022-05-30 02:00,0,0,0,0,0,0
2022-05-30 02:15,1,0,1,0,0,0
2022-05-30 02:30,2,0,2,0,0,0
2022-05-30 02:45,0,0,0,0,0,0
2022-05-30 03:00,1,1,0,0,0,0
2022-05-30 03:15,1,1,0,0,0,0
2022-05-30 03:30,0,0,0,0,0,0
2022-05-30 03:45,0,0,0,0,0,0
2022-05-30 04:00,2,2,0,0,0,0
2022-05-30 04:15,2,1,1,0,0,0
2022-05-30 04:30,0,0,0,0,0,0
2022-05-30 04:45,1,1,0,0,0,0
2022-05-30 05:00,2,2,0,0,0,0
2022-05-30 05:15,7,5,2,0,0,0
2022-05-30 05:30,8,4,4,0,0,0
2022-05-30 05:45,14,8,6,0,0,0
2022-05-30 06:00,16,11,5,0,0,0
2022-05-30 06:15,33,18,15,0,0,0
2022-05-30 06:30,38,16,22,0,0,0
2022-05-30 06:45,81,45,36,0,0,0
2022-05-30 07:00,98,66,32,0,0,0
2022-05-30 07:15,171,128,43,0,0,0
2022-05-30 07:30,261,213,48,0,0,0
2022-05-30 07:45,213,152,61,0,0,0
2022-05-30 08:00,159,116,43,0,0,0
2022-05-30 08:15,175,129,46,0,0,0
2022-05-30 08:30,144,110,34,0,0,0
2022-05-30 08:45,170,131,39,0,0,0
2022-05-30 09:00,111,89,22,0,0,0
2022-05-30 09:15,114,83,31,0,0,0
2022-05-30 09:30,105,76,29,0,0,0
2022-05-30 09:45,168,119,49,0,0,0
2022-05-30 10:00,113,79,34,0,0,0
2022-05-30 10:15,102,78,24,0,0,0
2022-05-30 10:30,105,84,21,0,0,0
2022-05-30 10:45,127,86,41,0,0,0
2022-05-30 11:00,117,74,43,0,0,0
2022-05-30 11:15,101,62,39,0,0,0
2022-05-30 11:30,134,92,42,0,0,0
2022-05-30 11:45,159,105,54,0,0,0
2022-05-30 12:00,135,74,61,0,0,0
2022-05-30 12:15,114,64,50,0,0,0
2022-05-30 12:30,132,60,72,0,0,0
2022-05-30 12:45,128,58,70,0,0,0
2022-05-30 13:00,131,70,61,0,0,0
2022-05-30 13:15,129,62,67,0,0,0
2022-05-30 13:30,131,63,68,0,0,0
2022-05-30 13:45,177,98,79,0,0,0
2022-05-30 14:00,165,82,83,0,0,0
2022-05-30 14:15,121,56,65,0,0,0
2022-05-30 14:30,136,60,76,0,0,0
2022-05-30 14:45,139,70,69,0,0,0
2022-05-30 15:00,119,71,48,0,0,0
2022-05-30 15:15,144,69,75,0,0,0
2022-05-30 15:30,160,100,60,0,0,0
2022-05-30 15:45,187,120,67,0,0,0
2022-05-30 16:00,172,107,65,0,0,0
2022-05-30 16:15,165,84,81,0,0,0
2022-05-30 16:30,156,88,68,0,0,0
2022-05-30 16:45,163,98,65,0,0,0
2022-05-30 17:00,166,90,76,0,0,0
2022-05-30 17:15,141,81,60,0,0,0
2022-05-30 17:30,144,75,69,0,0,0
2022-05-30 17:45,175,94,81,0,0,0
2022-05-30 18:00,175,79,96,0,0,0
2022-05-30 18:15,149,81,68,0,0,0
2022-05-30 18:30,103,47,56,0,0,0
2022-05-30 18:45,127,63,64,0,0,0
2022-05-30 19:00,87,40,47,0,0,0
2022-05-30 19:15,83,44,39,0,0,0
2022-05-30 19:30,105,68,37,0,0,0
2022-05-30 19:45,86,42,44,0,0,0
2022-05-30 20:00,62,28,34,0,0,0
2022-05-30 20:15,66,37,29,0,0,0
2022-05-30 20:30,43,26,17,0,0,0
2022-05-30 20:45,57,30,27,0,0,0
2022-05-30 21:00,52,28,24,0,0,0
2022-05-30 21:15,48,15,33,0,0,0
2022-05-30 21:30,48,16,32,0,0,0
2022-05-30 21:45,73,35,38,0,0,0
2022-05-30 22:00,37,16,21,0,0,0
2022-05-30 22:15,40,16,24,0,0,0
2022-05-30 22:30,31,17,14,0,0,0
2022-05-30 22:45,25,10,15,0,0,0
2022-05-30 23:00,17,8,9,0,0,0
2022-05-30 23:15,22,11,11,0,0,0
2022-05-30 23:30,16,4,12,0,0,0
2022-05-30 23:45,8,3,5,0,0,0
