Datetime,100034983 (Warendorfer Straße),101034983 (Warendorfer Straße stadteinwärts),102034983 (Warendorfer Straße stadtauswärts),100034983-status,101034983-status,102034983-status
2022-04-01 00:00,17,5,12,0,0,0
2022-04-01 00:15,3,1,2,0,0,0
2022-04-01 00:30,10,1,9,0,0,0
2022-04-01 00:45,6,2,4,0,0,0
2022-04-01 01:00,3,0,3,0,0,0
2022-04-01 01:15,5,2,3,0,0,0
2022-04-01 01:30,5,0,5,0,0,0
2022-04-01 01:45,4,1,3,0,0,0
2022-04-01 02:00,2,0,2,0,0,0
2022-04-01 02:15,4,2,2,0,0,0
2022-04-01 02:30,2,0,2,0,0,0
2022-04-01 02:45,4,1,3,0,0,0
2022-04-01 03:00,5,3,2,0,0,0
2022-04-01 03:15,1,1,0,0,0,0
2022-04-01 03:30,1,0,1,0,0,0
2022-04-01 03:45,0,0,0,0,0,0
2022-04-01 04:00,1,0,1,0,0,0
2022-04-01 04:15,2,2,0,0,0,0
2022-04-01 04:30,3,1,2,0,0,0
2022-04-01 04:45,1,0,1,0,0,0
2022-04-01 05:00,1,1,0,0,0,0
2022-04-01 05:15,2,2,0,0,0,0
2022-04-01 05:30,7,4,3,0,0,0
2022-04-01 05:45,20,10,10,0,0,0
2022-04-01 06:00,13,8,5,0,0,0
2022-04-01 06:15,20,10,10,0,0,0
2022-04-01 06:30,34,18,16,0,0,0
2022-04-01 06:45,43,27,16,0,0,0
2022-04-01 07:00,56,46,10,0,0,0
2022-04-01 07:15,107,77,30,0,0,0
2022-04-01 07:30,240,204,36,0,0,0
2022-04-01 07:45,161,111,50,0,0,0
2022-04-01 08:00,104,71,33,0,0,0
2022-04-01 08:15,95,69,26,0,0,0
2022-04-01 08:30,96,73,23,0,0,0
2022-04-01 08:45,106,79,27,0,0,0
2022-04-01 09:00,70,56,14,0,0,0
2022-04-01 09:15,85,64,21,0,0,0
2022-04-01 09:30,56,46,10,0,0,0
2022-04-01 09:45,66,54,12,0,0,0
2022-04-01 10:00,67,42,25,0,0,0
2022-04-01 10:15,55,45,10,0,0,0
2022-04-01 10:30,58,40,18,0,0,0
2022-04-01 10:45,58,32,26,0,0,0
2022-04-01 11:00,65,36,29,0,0,0
2022-04-01 11:15,56,34,22,0,0,0
2022-04-01 11:30,73,47,26,0,0,0
2022-04-01 11:45,68,37,31,0,0,0
2022-04-01 12:00,77,37,40,0,0,0
2022-04-01 12:15,71,47,24,0,0,0
2022-04-01 12:30,83,32,51,0,0,0
2022-04-01 12:45,71,33,38,0,0,0
2022-04-01 13:00,107,41,66,0,0,0
2022-04-01 13:15,104,45,59,0,0,0
2022-04-01 13:30,82,47,35,0,0,0
2022-04-01 13:45,105,54,51,0,0,0
2022-04-01 14:00,105,49,56,0,0,0
2022-04-01 14:15,85,36,49,0,0,0
2022-04-01 14:30,101,51,50,0,0,0
2022-04-01 14:45,76,41,35,0,0,0
2022-04-01 15:00,94,46,48,0,0,0
2022-04-01 15:15,84,43,41,0,0,0
2022-04-01 15:30,81,35,46,0,0,0
2022-04-01 15:45,100,42,58,0,0,0
2022-04-01 16:00,71,37,34,0,0,0
2022-04-01 16:15,85,38,47,0,0,0
2022-04-01 16:30,66,35,31,0,0,0
2022-04-01 16:45,80,39,41,0,0,0
2022-04-01 17:00,62,35,27,0,0,0
2022-04-01 17:15,77,37,40,0,0,0
2022-04-01 17:30,65,35,30,0,0,0
2022-04-01 17:45,85,35,50,0,0,0
2022-04-01 18:00,71,30,41,0,0,0
2022-04-01 18:15,78,33,45,0,0,0
2022-04-01 18:30,64,36,28,0,0,0
2022-04-01 18:45,80,40,40,0,0,0
2022-04-01 19:00,74,29,45,0,0,0
2022-04-01 19:15,50,30,20,0,0,0
2022-04-01 19:30,51,28,23,0,0,0
2022-04-01 19:45,55,32,23,0,0,0
2022-04-01 20:00,49,20,29,0,0,0
2022-04-01 20:15,48,20,28,0,0,0
2022-04-01 20:30,38,27,11,0,0,0
2022-04-01 20:45,23,11,12,0,0,0
2022-04-01 21:00,24,12,12,0,0,0
2022-04-01 21:15,27,17,10,0,0,0
2022-04-01 21:30,27,19,8,0,0,0
2022-04-01 21:45,26,15,11,0,0,0
2022-04-01 22:00,37,18,19,0,0,0
2022-04-01 22:15,16,8,8,0,0,0
2022-04-01 22:30,26,17,9,0,0,0
2022-04-01 22:45,26,14,12,0,0,0
2022-04-01 23:00,16,4,12,0,0,0
2022-04-01 23:15,18,6,12,0,0,0
2022-04-01 23:30,23,9,14,0,0,0
2022-04-01 23:45,22,12,10,0,0,0
2022-04-02 00:00,21,6,15,0,0,0
2022-04-02 00:15,16,10,6,0,0,0
2022-04-02 00:30,21,7,14,0,0,0
2022-04-02 00:45,16,6,10,0,0,0
2022-04-02 01:00,15,9,6,0,0,0
2022-04-02 01:15,5,4,1,0,0,0
2022-04-02 01:30,13,0,13,0,0,0
2022-04-02 01:45,6,4,2,0,0,0
2022-04-02 02:00,6,1,5,0,0,0
2022-04-02 02:15,12,2,10,0,0,0
2022-04-02 02:30,9,0,9,0,0,0
2022-04-02 02:45,3,1,2,0,0,0
2022-04-02 03:00,11,4,7,0,0,0
2022-04-02 03:15,4,1,3,0,0,0
2022-04-02 03:30,2,1,1,0,0,0
2022-04-02 03:45,7,2,5,0,0,0
2022-04-02 04:00,7,2,5,0,0,0
2022-04-02 04:15,5,4,1,0,0,0
2022-04-02 04:30,3,0,3,0,0,0
2022-04-02 04:45,2,0,2,0,0,0
2022-04-02 05:00,1,1,0,0,0,0
2022-04-02 05:15,7,6,1,0,0,0
2022-04-02 05:30,10,5,5,0,0,0
2022-04-02 05:45,11,6,5,0,0,0
2022-04-02 06:00,5,3,2,0,0,0
2022-04-02 06:15,5,2,3,0,0,0
2022-04-02 06:30,10,7,3,0,0,0
2022-04-02 06:45,14,9,5,0,0,0
2022-04-02 07:00,9,6,3,0,0,0
2022-04-02 07:15,14,13,1,0,0,0
2022-04-02 07:30,13,9,4,0,0,0
2022-04-02 07:45,25,17,8,0,0,0
2022-04-02 08:00,20,17,3,0,0,0
2022-04-02 08:15,25,18,7,0,0,0
2022-04-02 08:30,34,18,16,0,0,0
2022-04-02 08:45,45,28,17,0,0,0
2022-04-02 09:00,42,29,13,0,0,0
2022-04-02 09:15,52,34,18,0,0,0
2022-04-02 09:30,54,38,16,0,0,0
2022-04-02 09:45,81,64,17,0,0,0
2022-04-02 10:00,76,62,14,0,0,0
2022-04-02 10:15,69,53,16,0,0,0
2022-04-02 10:30,95,75,20,0,0,0
2022-04-02 10:45,92,63,29,0,0,0
2022-04-02 11:00,105,66,39,0,0,0
2022-04-02 11:15,111,72,39,0,0,0
2022-04-02 11:30,111,69,42,0,0,0
2022-04-02 11:45,92,59,33,0,0,0
2022-04-02 12:00,112,73,39,0,0,0
2022-04-02 12:15,117,70,47,0,0,0
2022-04-02 12:30,110,62,48,0,0,0
2022-04-02 12:45,123,74,49,0,0,0
2022-04-02 13:00,103,64,39,0,0,0
2022-04-02 13:15,107,64,43,0,0,0
2022-04-02 13:30,107,61,46,0,0,0
2022-04-02 13:45,99,45,54,0,0,0
2022-04-02 14:00,106,50,56,0,0,0
2022-04-02 14:15,109,56,53,0,0,0
2022-04-02 14:30,106,57,49,0,0,0
2022-04-02 14:45,106,60,46,0,0,0
2022-04-02 15:00,63,28,35,0,0,0
2022-04-02 15:15,93,48,45,0,0,0
2022-04-02 15:30,81,46,35,0,0,0
2022-04-02 15:45,88,54,34,0,0,0
2022-04-02 16:00,68,34,34,0,0,0
2022-04-02 16:15,98,51,47,0,0,0
2022-04-02 16:30,57,27,30,0,0,0
2022-04-02 16:45,83,47,36,0,0,0
2022-04-02 17:00,57,21,36,0,0,0
2022-04-02 17:15,71,38,33,0,0,0
2022-04-02 17:30,60,29,31,0,0,0
2022-04-02 17:45,90,60,30,0,0,0
2022-04-02 18:00,80,44,36,0,0,0
2022-04-02 18:15,69,28,41,0,0,0
2022-04-02 18:30,76,46,30,0,0,0
2022-04-02 18:45,75,50,25,0,0,0
2022-04-02 19:00,73,40,33,0,0,0
2022-04-02 19:15,61,29,32,0,0,0
2022-04-02 19:30,56,29,27,0,0,0
2022-04-02 19:45,69,37,32,0,0,0
2022-04-02 20:00,74,40,34,0,0,0
2022-04-02 20:15,37,18,19,0,0,0
2022-04-02 20:30,57,33,24,0,0,0
2022-04-02 20:45,35,17,18,0,0,0
2022-04-02 21:00,31,26,5,0,0,0
2022-04-02 21:15,36,22,14,0,0,0
2022-04-02 21:30,25,13,12,0,0,0
2022-04-02 21:45,21,6,15,0,0,0
2022-04-02 22:00,28,18,10,0,0,0
2022-04-02 22:15,44,12,32,0,0,0
2022-04-02 22:30,26,14,12,0,0,0
2022-04-02 22:45,37,23,14,0,0,0
2022-04-02 23:00,25,10,15,0,0,0
2022-04-02 23:15,35,7,28,0,0,0
2022-04-02 23:30,28,15,13,0,0,0
2022-04-02 23:45,34,13,21,0,0,0
2022-04-03 00:00,32,15,17,0,0,0
2022-04-03 00:15,11,8,3,0,0,0
2022-04-03 00:30,24,9,15,0,0,0
2022-04-03 00:45,24,8,16,0,0,0
2022-04-03 01:00,12,5,7,0,0,0
2022-04-03 01:15,19,6,13,0,0,0
2022-04-03 01:30,18,2,16,0,0,0
2022-04-03 01:45,21,6,15,0,0,0
2022-04-03 02:00,14,6,8,0,0,0
2022-04-03 02:15,14,5,9,0,0,0
2022-04-03 02:30,10,7,3,0,0,0
2022-04-03 02:45,13,6,7,0,0,0
2022-04-03 03:00,11,5,6,0,0,0
2022-04-03 03:15,8,3,5,0,0,0
2022-04-03 03:30,12,8,4,0,0,0
2022-04-03 03:45,6,3,3,0,0,0
2022-04-03 04:00,10,4,6,0,0,0
2022-04-03 04:15,7,4,3,0,0,0
2022-04-03 04:30,9,3,6,0,0,0
2022-04-03 04:45,5,1,4,0,0,0
2022-04-03 05:00,2,1,1,0,0,0
2022-04-03 05:15,1,1,0,0,0,0
2022-04-03 05:30,4,4,0,0,0,0
2022-04-03 05:45,3,0,3,0,0,0
2022-04-03 06:00,10,5,5,0,0,0
2022-04-03 06:15,8,4,4,0,0,0
2022-04-03 06:30,5,4,1,0,0,0
2022-04-03 06:45,2,0,2,0,0,0
2022-04-03 07:00,2,1,1,0,0,0
2022-04-03 07:15,1,0,1,0,0,0
2022-04-03 07:30,13,7,6,0,0,0
2022-04-03 07:45,3,3,0,0,0,0
2022-04-03 08:00,10,7,3,0,0,0
2022-04-03 08:15,13,10,3,0,0,0
2022-04-03 08:30,8,6,2,0,0,0
2022-04-03 08:45,21,15,6,0,0,0
2022-04-03 09:00,12,6,6,0,0,0
2022-04-03 09:15,24,15,9,0,0,0
2022-04-03 09:30,20,15,5,0,0,0
2022-04-03 09:45,41,33,8,0,0,0
2022-04-03 10:00,33,23,10,0,0,0
2022-04-03 10:15,29,20,9,0,0,0
2022-04-03 10:30,33,22,11,0,0,0
2022-04-03 10:45,35,22,13,0,0,0
2022-04-03 11:00,23,15,8,0,0,0
2022-04-03 11:15,36,21,15,0,0,0
2022-04-03 11:30,39,24,15,0,0,0
2022-04-03 11:45,41,21,20,0,0,0
2022-04-03 12:00,25,16,9,0,0,0
2022-04-03 12:15,35,17,18,0,0,0
2022-04-03 12:30,22,11,11,0,0,0
2022-04-03 12:45,44,28,16,0,0,0
2022-04-03 13:00,43,20,23,0,0,0
2022-04-03 13:15,44,23,21,0,0,0
2022-04-03 13:30,41,21,20,0,0,0
2022-04-03 13:45,65,39,26,0,0,0
2022-04-03 14:00,62,32,30,0,0,0
2022-04-03 14:15,38,21,17,0,0,0
2022-04-03 14:30,37,18,19,0,0,0
2022-04-03 14:45,36,21,15,0,0,0
2022-04-03 15:00,50,30,20,0,0,0
2022-04-03 15:15,59,36,23,0,0,0
2022-04-03 15:30,59,41,18,0,0,0
2022-04-03 15:45,64,46,18,0,0,0
2022-04-03 16:00,41,21,20,0,0,0
2022-04-03 16:15,51,31,20,0,0,0
2022-04-03 16:30,49,30,19,0,0,0
2022-04-03 16:45,48,28,20,0,0,0
2022-04-03 17:00,59,35,24,0,0,0
2022-04-03 17:15,60,31,29,0,0,0
2022-04-03 17:30,73,39,34,0,0,0
2022-04-03 17:45,54,29,25,0,0,0
2022-04-03 18:00,46,16,30,0,0,0
2022-04-03 18:15,41,23,18,0,0,0
2022-04-03 18:30,48,31,17,0,0,0
2022-04-03 18:45,56,35,21,0,0,0
2022-04-03 19:00,66,41,25,0,0,0
2022-04-03 19:15,51,19,32,0,0,0
2022-04-03 19:30,37,13,24,0,0,0
2022-04-03 19:45,32,17,15,0,0,0
2022-04-03 20:00,41,18,23,0,0,0
2022-04-03 20:15,23,8,15,0,0,0
2022-04-03 20:30,19,9,10,0,0,0
2022-04-03 20:45,26,13,13,0,0,0
2022-04-03 21:00,20,9,11,0,0,0
2022-04-03 21:15,30,14,16,0,0,0
2022-04-03 21:30,21,8,13,0,0,0
2022-04-03 21:45,14,6,8,0,0,0
2022-04-03 22:00,23,12,11,0,0,0
2022-04-03 22:15,25,12,13,0,0,0
2022-04-03 22:30,12,6,6,0,0,0
2022-04-03 22:45,12,3,9,0,0,0
2022-04-03 23:00,12,1,11,0,0,0
2022-04-03 23:15,5,2,3,0,0,0
2022-04-03 23:30,4,2,2,0,0,0
2022-04-03 23:45,10,5,5,0,0,0
2022-04-04 00:00,5,2,3,0,0,0
2022-04-04 00:15,3,0,3,0,0,0
2022-04-04 00:30,2,0,2,0,0,0
2022-04-04 00:45,1,0,1,0,0,0
2022-04-04 01:00,3,1,2,0,0,0
2022-04-04 01:15,0,0,0,0,0,0
2022-04-04 01:30,1,1,0,0,0,0
2022-04-04 01:45,2,0,2,0,0,0
2022-04-04 02:00,1,0,1,0,0,0
2022-04-04 02:15,2,0,2,0,0,0
2022-04-04 02:30,2,1,1,0,0,0
2022-04-04 02:45,1,1,0,0,0,0
2022-04-04 03:00,3,2,1,0,0,0
2022-04-04 03:15,0,0,0,0,0,0
2022-04-04 03:30,0,0,0,0,0,0
2022-04-04 03:45,0,0,0,0,0,0
2022-04-04 04:00,1,0,1,0,0,0
2022-04-04 04:15,3,3,0,0,0,0
2022-04-04 04:30,1,1,0,0,0,0
2022-04-04 04:45,2,2,0,0,0,0
2022-04-04 05:00,0,0,0,0,0,0
2022-04-04 05:15,3,3,0,0,0,0
2022-04-04 05:30,11,9,2,0,0,0
2022-04-04 05:45,11,5,6,0,0,0
2022-04-04 06:00,14,12,2,0,0,0
2022-04-04 06:15,28,19,9,0,0,0
2022-04-04 06:30,41,27,14,0,0,0
2022-04-04 06:45,43,27,16,0,0,0
2022-04-04 07:00,82,65,17,0,0,0
2022-04-04 07:15,136,98,38,0,0,0
2022-04-04 07:30,300,248,52,0,0,0
2022-04-04 07:45,198,143,55,0,0,0
2022-04-04 08:00,125,96,29,0,0,0
2022-04-04 08:15,131,93,38,0,0,0
2022-04-04 08:30,124,91,33,0,0,0
2022-04-04 08:45,126,99,27,0,0,0
2022-04-04 09:00,99,75,24,0,0,0
2022-04-04 09:15,79,61,18,0,0,0
2022-04-04 09:30,102,75,27,0,0,0
2022-04-04 09:45,116,87,29,0,0,0
2022-04-04 10:00,86,63,23,0,0,0
2022-04-04 10:15,87,62,25,0,0,0
2022-04-04 10:30,71,51,20,0,0,0
2022-04-04 10:45,69,55,14,0,0,0
2022-04-04 11:00,72,41,31,0,0,0
2022-04-04 11:15,59,34,25,0,0,0
2022-04-04 11:30,72,38,34,0,0,0
2022-04-04 11:45,77,45,32,0,0,0
2022-04-04 12:00,69,37,32,0,0,0
2022-04-04 12:15,88,46,42,0,0,0
2022-04-04 12:30,103,34,69,0,0,0
2022-04-04 12:45,78,41,37,0,0,0
2022-04-04 13:00,81,39,42,0,0,0
2022-04-04 13:15,99,43,56,0,0,0
2022-04-04 13:30,78,34,44,0,0,0
2022-04-04 13:45,99,52,47,0,0,0
2022-04-04 14:00,93,50,43,0,0,0
2022-04-04 14:15,71,32,39,0,0,0
2022-04-04 14:30,70,33,37,0,0,0
2022-04-04 14:45,114,53,61,0,0,0
2022-04-04 15:00,89,33,56,0,0,0
2022-04-04 15:15,83,40,43,0,0,0
2022-04-04 15:30,98,29,69,0,0,0
2022-04-04 15:45,89,48,41,0,0,0
2022-04-04 16:00,95,46,49,0,0,0
2022-04-04 16:15,99,43,56,0,0,0
2022-04-04 16:30,101,56,45,0,0,0
2022-04-04 16:45,111,62,49,0,0,0
2022-04-04 17:00,94,34,60,0,0,0
2022-04-04 17:15,121,59,62,0,0,0
2022-04-04 17:30,106,32,74,0,0,0
2022-04-04 17:45,106,53,53,0,0,0
2022-04-04 18:00,98,39,59,0,0,0
2022-04-04 18:15,83,41,42,0,0,0
2022-04-04 18:30,73,23,50,0,0,0
2022-04-04 18:45,88,35,53,0,0,0
2022-04-04 19:00,64,21,43,0,0,0
2022-04-04 19:15,40,18,22,0,0,0
2022-04-04 19:30,55,28,27,0,0,0
2022-04-04 19:45,56,22,34,0,0,0
2022-04-04 20:00,50,20,30,0,0,0
2022-04-04 20:15,43,21,22,0,0,0
2022-04-04 20:30,34,22,12,0,0,0
2022-04-04 20:45,24,11,13,0,0,0
2022-04-04 21:00,28,18,10,0,0,0
2022-04-04 21:15,20,8,12,0,0,0
2022-04-04 21:30,16,10,6,0,0,0
2022-04-04 21:45,30,13,17,0,0,0
2022-04-04 22:00,38,20,18,0,0,0
2022-04-04 22:15,20,9,11,0,0,0
2022-04-04 22:30,22,6,16,0,0,0
2022-04-04 22:45,16,2,14,0,0,0
2022-04-04 23:00,17,9,8,0,0,0
2022-04-04 23:15,16,4,12,0,0,0
2022-04-04 23:30,10,4,6,0,0,0
2022-04-04 23:45,3,0,3,0,0,0
2022-04-05 00:00,7,5,2,0,0,0
2022-04-05 00:15,5,1,4,0,0,0
2022-04-05 00:30,5,1,4,0,0,0
2022-04-05 00:45,3,0,3,0,0,0
2022-04-05 01:00,3,0,3,0,0,0
2022-04-05 01:15,4,1,3,0,0,0
2022-04-05 01:30,3,0,3,0,0,0
2022-04-05 01:45,5,1,4,0,0,0
2022-04-05 02:00,1,0,1,0,0,0
2022-04-05 02:15,1,0,1,0,0,0
2022-04-05 02:30,1,1,0,0,0,0
2022-04-05 02:45,3,0,3,0,0,0
2022-04-05 03:00,1,0,1,0,0,0
2022-04-05 03:15,0,0,0,0,0,0
2022-04-05 03:30,1,0,1,0,0,0
2022-04-05 03:45,1,1,0,0,0,0
2022-04-05 04:00,2,0,2,0,0,0
2022-04-05 04:15,4,2,2,0,0,0
2022-04-05 04:30,1,0,1,0,0,0
2022-04-05 04:45,1,0,1,0,0,0
2022-04-05 05:00,3,2,1,0,0,0
2022-04-05 05:15,2,2,0,0,0,0
2022-04-05 05:30,14,8,6,0,0,0
2022-04-05 05:45,18,9,9,0,0,0
2022-04-05 06:00,16,10,6,0,0,0
2022-04-05 06:15,25,19,6,0,0,0
2022-04-05 06:30,40,21,19,0,0,0
2022-04-05 06:45,48,30,18,0,0,0
2022-04-05 07:00,78,56,22,0,0,0
2022-04-05 07:15,131,99,32,0,0,0
2022-04-05 07:30,258,199,59,0,0,0
2022-04-05 07:45,235,177,58,0,0,0
2022-04-05 08:00,122,93,29,0,0,0
2022-04-05 08:15,117,80,37,0,0,0
2022-04-05 08:30,119,99,20,0,0,0
2022-04-05 08:45,130,88,42,0,0,0
2022-04-05 09:00,92,66,26,0,0,0
2022-04-05 09:15,83,62,21,0,0,0
2022-04-05 09:30,102,84,18,0,0,0
2022-04-05 09:45,119,89,30,0,0,0
2022-04-05 10:00,75,56,19,0,0,0
2022-04-05 10:15,63,38,25,0,0,0
2022-04-05 10:30,68,45,23,0,0,0
2022-04-05 10:45,71,48,23,0,0,0
2022-04-05 11:00,67,37,30,0,0,0
2022-04-05 11:15,92,60,32,0,0,0
2022-04-05 11:30,82,46,36,0,0,0
2022-04-05 11:45,96,60,36,0,0,0
2022-04-05 12:00,92,50,42,0,0,0
2022-04-05 12:15,90,45,45,0,0,0
2022-04-05 12:30,93,43,50,0,0,0
2022-04-05 12:45,115,67,48,0,0,0
2022-04-05 13:00,106,47,59,0,0,0
2022-04-05 13:15,124,60,64,0,0,0
2022-04-05 13:30,101,42,59,0,0,0
2022-04-05 13:45,142,80,62,0,0,0
2022-04-05 14:00,125,57,68,0,0,0
2022-04-05 14:15,99,37,62,0,0,0
2022-04-05 14:30,104,46,58,0,0,0
2022-04-05 14:45,130,69,61,0,0,0
2022-04-05 15:00,126,60,66,0,0,0
2022-04-05 15:15,96,50,46,0,0,0
2022-04-05 15:30,130,74,56,0,0,0
2022-04-05 15:45,157,91,66,0,0,0
2022-04-05 16:00,142,74,68,0,0,0
2022-04-05 16:15,142,72,70,0,0,0
2022-04-05 16:30,146,81,65,0,0,0
2022-04-05 16:45,125,57,68,0,0,0
2022-04-05 17:00,125,59,66,0,0,0
2022-04-05 17:15,124,46,78,0,0,0
2022-04-05 17:30,132,67,65,0,0,0
2022-04-05 17:45,159,75,84,0,0,0
2022-04-05 18:00,138,66,72,0,0,0
2022-04-05 18:15,105,42,63,0,0,0
2022-04-05 18:30,89,39,50,0,0,0
2022-04-05 18:45,87,38,49,0,0,0
2022-04-05 19:00,89,41,48,0,0,0
2022-04-05 19:15,98,48,50,0,0,0
2022-04-05 19:30,76,41,35,0,0,0
2022-04-05 19:45,68,25,43,0,0,0
2022-04-05 20:00,54,13,41,0,0,0
2022-04-05 20:15,59,23,36,0,0,0
2022-04-05 20:30,31,6,25,0,0,0
2022-04-05 20:45,30,6,24,0,0,0
2022-04-05 21:00,33,17,16,0,0,0
2022-04-05 21:15,25,14,11,0,0,0
2022-04-05 21:30,31,16,15,0,0,0
2022-04-05 21:45,42,17,25,0,0,0
2022-04-05 22:00,35,13,22,0,0,0
2022-04-05 22:15,35,14,21,0,0,0
2022-04-05 22:30,21,11,10,0,0,0
2022-04-05 22:45,27,12,15,0,0,0
2022-04-05 23:00,32,17,15,0,0,0
2022-04-05 23:15,19,10,9,0,0,0
2022-04-05 23:30,16,6,10,0,0,0
2022-04-05 23:45,9,5,4,0,0,0
2022-04-06 00:00,6,5,1,0,0,0
2022-04-06 00:15,10,8,2,0,0,0
2022-04-06 00:30,6,3,3,0,0,0
2022-04-06 00:45,9,5,4,0,0,0
2022-04-06 01:00,10,2,8,0,0,0
2022-04-06 01:15,1,0,1,0,0,0
2022-04-06 01:30,4,2,2,0,0,0
2022-04-06 01:45,4,1,3,0,0,0
2022-04-06 02:00,2,2,0,0,0,0
2022-04-06 02:15,1,0,1,0,0,0
2022-04-06 02:30,1,1,0,0,0,0
2022-04-06 02:45,0,0,0,0,0,0
2022-04-06 03:00,0,0,0,0,0,0
2022-04-06 03:15,0,0,0,0,0,0
2022-04-06 03:30,0,0,0,0,0,0
2022-04-06 03:45,1,1,0,0,0,0
2022-04-06 04:00,1,0,1,0,0,0
2022-04-06 04:15,4,2,2,0,0,0
2022-04-06 04:30,2,1,1,0,0,0
2022-04-06 04:45,0,0,0,0,0,0
2022-04-06 05:00,4,2,2,0,0,0
2022-04-06 05:15,1,1,0,0,0,0
2022-04-06 05:30,5,4,1,0,0,0
2022-04-06 05:45,16,12,4,0,0,0
2022-04-06 06:00,19,11,8,0,0,0
2022-04-06 06:15,23,15,8,0,0,0
2022-04-06 06:30,39,22,17,0,0,0
2022-04-06 06:45,51,36,15,0,0,0
2022-04-06 07:00,94,66,28,0,0,0
2022-04-06 07:15,155,106,49,0,0,0
2022-04-06 07:30,268,219,49,0,0,0
2022-04-06 07:45,189,129,60,0,0,0
2022-04-06 08:00,151,111,40,0,0,0
2022-04-06 08:15,139,95,44,0,0,0
2022-04-06 08:30,162,128,34,0,0,0
2022-04-06 08:45,153,117,36,0,0,0
2022-04-06 09:00,107,86,21,0,0,0
2022-04-06 09:15,120,97,23,0,0,0
2022-04-06 09:30,143,113,30,0,0,0
2022-04-06 09:45,176,147,29,0,0,0
2022-04-06 10:00,112,75,37,0,0,0
2022-04-06 10:15,120,83,37,0,0,0
2022-04-06 10:30,93,68,25,0,0,0
2022-04-06 10:45,115,63,52,0,0,0
2022-04-06 11:00,108,68,40,0,0,0
2022-04-06 11:15,117,65,52,0,0,0
2022-04-06 11:30,118,66,52,0,0,0
2022-04-06 11:45,159,95,64,0,0,0
2022-04-06 12:00,141,79,62,0,0,0
2022-04-06 12:15,125,69,56,0,0,0
2022-04-06 12:30,156,80,76,0,0,0
2022-04-06 12:45,124,62,62,0,0,0
2022-04-06 13:00,130,63,67,0,0,0
2022-04-06 13:15,129,67,62,0,0,0
2022-04-06 13:30,127,51,76,0,0,0
2022-04-06 13:45,146,65,81,0,0,0
2022-04-06 14:00,115,54,61,0,0,0
2022-04-06 14:15,113,50,63,0,0,0
2022-04-06 14:30,91,39,52,0,0,0
2022-04-06 14:45,115,56,59,0,0,0
2022-04-06 15:00,124,54,70,0,0,0
2022-04-06 15:15,126,68,58,0,0,0
2022-04-06 15:30,117,59,58,0,0,0
2022-04-06 15:45,129,67,62,0,0,0
2022-04-06 16:00,125,70,55,0,0,0
2022-04-06 16:15,134,63,71,0,0,0
2022-04-06 16:30,141,63,78,0,0,0
2022-04-06 16:45,139,75,64,0,0,0
2022-04-06 17:00,139,79,60,0,0,0
2022-04-06 17:15,123,58,65,0,0,0
2022-04-06 17:30,141,69,72,0,0,0
2022-04-06 17:45,151,61,90,0,0,0
2022-04-06 18:00,132,60,72,0,0,0
2022-04-06 18:15,122,47,75,0,0,0
2022-04-06 18:30,141,63,78,0,0,0
2022-04-06 18:45,100,56,44,0,0,0
2022-04-06 19:00,91,35,56,0,0,0
2022-04-06 19:15,83,49,34,0,0,0
2022-04-06 19:30,65,34,31,0,0,0
2022-04-06 19:45,81,41,40,0,0,0
2022-04-06 20:00,67,30,37,0,0,0
2022-04-06 20:15,76,36,40,0,0,0
2022-04-06 20:30,56,27,29,0,0,0
2022-04-06 20:45,53,32,21,0,0,0
2022-04-06 21:00,57,29,28,0,0,0
2022-04-06 21:15,29,11,18,0,0,0
2022-04-06 21:30,42,19,23,0,0,0
2022-04-06 21:45,53,21,32,0,0,0
2022-04-06 22:00,42,17,25,0,0,0
2022-04-06 22:15,39,17,22,0,0,0
2022-04-06 22:30,37,17,20,0,0,0
2022-04-06 22:45,21,8,13,0,0,0
2022-04-06 23:00,39,20,19,0,0,0
2022-04-06 23:15,26,10,16,0,0,0
2022-04-06 23:30,22,11,11,0,0,0
2022-04-06 23:45,18,8,10,0,0,0
2022-04-07 00:00,13,7,6,0,0,0
2022-04-07 00:15,17,14,3,0,0,0
2022-04-07 00:30,24,17,7,0,0,0
2022-04-07 00:45,22,19,3,0,0,0
2022-04-07 01:00,5,2,3,0,0,0
2022-04-07 01:15,3,0,3,0,0,0
2022-04-07 01:30,11,0,11,0,0,0
2022-04-07 01:45,10,3,7,0,0,0
2022-04-07 02:00,6,0,6,0,0,0
2022-04-07 02:15,8,0,8,0,0,0
2022-04-07 02:30,4,1,3,0,0,0
2022-04-07 02:45,1,0,1,0,0,0
2022-04-07 03:00,11,2,9,0,0,0
2022-04-07 03:15,4,1,3,0,0,0
2022-04-07 03:30,2,0,2,0,0,0
2022-04-07 03:45,3,2,1,0,0,0
2022-04-07 04:00,4,2,2,0,0,0
2022-04-07 04:15,5,2,3,0,0,0
2022-04-07 04:30,1,1,0,0,0,0
2022-04-07 04:45,3,1,2,0,0,0
2022-04-07 05:00,2,1,1,0,0,0
2022-04-07 05:15,4,2,2,0,0,0
2022-04-07 05:30,7,4,3,0,0,0
2022-04-07 05:45,9,2,7,0,0,0
2022-04-07 06:00,20,10,10,0,0,0
2022-04-07 06:15,27,19,8,0,0,0
2022-04-07 06:30,37,22,15,0,0,0
2022-04-07 06:45,50,32,18,0,0,0
2022-04-07 07:00,59,37,22,0,0,0
2022-04-07 07:15,129,90,39,0,0,0
2022-04-07 07:30,296,236,60,0,0,0
2022-04-07 07:45,207,160,47,0,0,0
2022-04-07 08:00,106,72,34,0,0,0
2022-04-07 08:15,115,76,39,0,0,0
2022-04-07 08:30,113,80,33,0,0,0
2022-04-07 08:45,90,66,24,0,0,0
2022-04-07 09:00,76,58,18,0,0,0
2022-04-07 09:15,78,51,27,0,0,0
2022-04-07 09:30,79,55,24,0,0,0
2022-04-07 09:45,91,73,18,0,0,0
2022-04-07 10:00,50,32,18,0,0,0
2022-04-07 10:15,46,29,17,0,0,0
2022-04-07 10:30,61,25,36,0,0,0
2022-04-07 10:45,53,36,17,0,0,0
2022-04-07 11:00,56,35,21,0,0,0
2022-04-07 11:15,44,20,24,0,0,0
2022-04-07 11:30,49,26,23,0,0,0
2022-04-07 11:45,83,49,34,0,0,0
2022-04-07 12:00,74,46,28,0,0,0
2022-04-07 12:15,64,35,29,0,0,0
2022-04-07 12:30,86,48,38,0,0,0
2022-04-07 12:45,102,55,47,0,0,0
2022-04-07 13:00,112,64,48,0,0,0
2022-04-07 13:15,92,42,50,0,0,0
2022-04-07 13:30,79,30,49,0,0,0
2022-04-07 13:45,130,61,69,0,0,0
2022-04-07 14:00,110,47,63,0,0,0
2022-04-07 14:15,115,51,64,0,0,0
2022-04-07 14:30,94,52,42,0,0,0
2022-04-07 14:45,120,64,56,0,0,0
2022-04-07 15:00,119,70,49,0,0,0
2022-04-07 15:15,96,53,43,0,0,0
2022-04-07 15:30,107,54,53,0,0,0
2022-04-07 15:45,122,74,48,0,0,0
2022-04-07 16:00,114,61,53,0,0,0
2022-04-07 16:15,123,58,65,0,0,0
2022-04-07 16:30,134,74,60,0,0,0
2022-04-07 16:45,126,78,48,0,0,0
2022-04-07 17:00,118,54,64,0,0,0
2022-04-07 17:15,130,67,63,0,0,0
2022-04-07 17:30,116,52,64,0,0,0
2022-04-07 17:45,131,60,71,0,0,0
2022-04-07 18:00,117,49,68,0,0,0
2022-04-07 18:15,122,65,57,0,0,0
2022-04-07 18:30,93,39,54,0,0,0
2022-04-07 18:45,99,44,55,0,0,0
2022-04-07 19:00,80,38,42,0,0,0
2022-04-07 19:15,67,36,31,0,0,0
2022-04-07 19:30,54,29,25,0,0,0
2022-04-07 19:45,51,26,25,0,0,0
2022-04-07 20:00,63,27,36,0,0,0
2022-04-07 20:15,43,18,25,0,0,0
2022-04-07 20:30,41,26,15,0,0,0
2022-04-07 20:45,40,19,21,0,0,0
2022-04-07 21:00,28,13,15,0,0,0
2022-04-07 21:15,34,17,17,0,0,0
2022-04-07 21:30,26,13,13,0,0,0
2022-04-07 21:45,47,23,24,0,0,0
2022-04-07 22:00,40,11,29,0,0,0
2022-04-07 22:15,37,15,22,0,0,0
2022-04-07 22:30,36,19,17,0,0,0
2022-04-07 22:45,28,12,16,0,0,0
2022-04-07 23:00,25,6,19,0,0,0
2022-04-07 23:15,15,6,9,0,0,0
2022-04-07 23:30,21,12,9,0,0,0
2022-04-07 23:45,21,9,12,0,0,0
2022-04-08 00:00,16,4,12,0,0,0
2022-04-08 00:15,11,3,8,0,0,0
2022-04-08 00:30,8,0,8,0,0,0
2022-04-08 00:45,9,0,9,0,0,0
2022-04-08 01:00,6,2,4,0,0,0
2022-04-08 01:15,8,2,6,0,0,0
2022-04-08 01:30,2,0,2,0,0,0
2022-04-08 01:45,10,3,7,0,0,0
2022-04-08 02:00,2,0,2,0,0,0
2022-04-08 02:15,2,1,1,0,0,0
2022-04-08 02:30,6,1,5,0,0,0
2022-04-08 02:45,5,0,5,0,0,0
2022-04-08 03:00,11,6,5,0,0,0
2022-04-08 03:15,1,0,1,0,0,0
2022-04-08 03:30,2,0,2,0,0,0
2022-04-08 03:45,2,0,2,0,0,0
2022-04-08 04:00,2,1,1,0,0,0
2022-04-08 04:15,5,4,1,0,0,0
2022-04-08 04:30,1,0,1,0,0,0
2022-04-08 04:45,1,1,0,0,0,0
2022-04-08 05:00,4,2,2,0,0,0
2022-04-08 05:15,3,3,0,0,0,0
2022-04-08 05:30,11,6,5,0,0,0
2022-04-08 05:45,15,7,8,0,0,0
2022-04-08 06:00,16,6,10,0,0,0
2022-04-08 06:15,16,10,6,0,0,0
2022-04-08 06:30,32,19,13,0,0,0
2022-04-08 06:45,63,43,20,0,0,0
2022-04-08 07:00,77,59,18,0,0,0
2022-04-08 07:15,144,111,33,0,0,0
2022-04-08 07:30,254,201,53,0,0,0
2022-04-08 07:45,185,145,40,0,0,0
2022-04-08 08:00,96,74,22,0,0,0
2022-04-08 08:15,118,84,34,0,0,0
2022-04-08 08:30,137,111,26,0,0,0
2022-04-08 08:45,128,92,36,0,0,0
2022-04-08 09:00,93,66,27,0,0,0
2022-04-08 09:15,99,71,28,0,0,0
2022-04-08 09:30,100,75,25,0,0,0
2022-04-08 09:45,117,83,34,0,0,0
2022-04-08 10:00,89,68,21,0,0,0
2022-04-08 10:15,91,58,33,0,0,0
2022-04-08 10:30,79,51,28,0,0,0
2022-04-08 10:45,93,61,32,0,0,0
2022-04-08 11:00,104,64,40,0,0,0
2022-04-08 11:15,104,54,50,0,0,0
2022-04-08 11:30,116,66,50,0,0,0
2022-04-08 11:45,116,72,44,0,0,0
2022-04-08 12:00,124,74,50,0,0,0
2022-04-08 12:15,120,69,51,0,0,0
2022-04-08 12:30,121,70,51,0,0,0
2022-04-08 12:45,157,82,75,0,0,0
2022-04-08 13:00,145,48,97,0,0,0
2022-04-08 13:15,144,60,84,0,0,0
2022-04-08 13:30,156,85,71,0,0,0
2022-04-08 13:45,154,74,80,0,0,0
2022-04-08 14:00,150,70,80,0,0,0
2022-04-08 14:15,156,87,69,0,0,0
2022-04-08 14:30,122,66,56,0,0,0
2022-04-08 14:45,155,86,69,0,0,0
2022-04-08 15:00,135,66,69,0,0,0
2022-04-08 15:15,118,72,46,0,0,0
2022-04-08 15:30,126,63,63,0,0,0
2022-04-08 15:45,139,72,67,0,0,0
2022-04-08 16:00,129,71,58,0,0,0
2022-04-08 16:15,120,56,64,0,0,0
2022-04-08 16:30,116,66,50,0,0,0
2022-04-08 16:45,116,65,51,0,0,0
2022-04-08 17:00,126,68,58,0,0,0
2022-04-08 17:15,136,81,55,0,0,0
2022-04-08 17:30,106,51,55,0,0,0
2022-04-08 17:45,128,58,70,0,0,0
2022-04-08 18:00,127,64,63,0,0,0
2022-04-08 18:15,101,46,55,0,0,0
2022-04-08 18:30,132,59,73,0,0,0
2022-04-08 18:45,138,80,58,0,0,0
2022-04-08 19:00,87,49,38,0,0,0
2022-04-08 19:15,81,41,40,0,0,0
2022-04-08 19:30,77,40,37,0,0,0
2022-04-08 19:45,72,45,27,0,0,0
2022-04-08 20:00,77,35,42,0,0,0
2022-04-08 20:15,71,36,35,0,0,0
2022-04-08 20:30,45,25,20,0,0,0
2022-04-08 20:45,49,23,26,0,0,0
2022-04-08 21:00,43,24,19,0,0,0
2022-04-08 21:15,41,16,25,0,0,0
2022-04-08 21:30,43,18,25,0,0,0
2022-04-08 21:45,39,17,22,0,0,0
2022-04-08 22:00,40,20,20,0,0,0
2022-04-08 22:15,55,22,33,0,0,0
2022-04-08 22:30,40,22,18,0,0,0
2022-04-08 22:45,42,24,18,0,0,0
2022-04-08 23:00,31,15,16,0,0,0
2022-04-08 23:15,47,21,26,0,0,0
2022-04-08 23:30,35,19,16,0,0,0
2022-04-08 23:45,36,13,23,0,0,0
2022-04-09 00:00,30,15,15,0,0,0
2022-04-09 00:15,36,18,18,0,0,0
2022-04-09 00:30,15,2,13,0,0,0
2022-04-09 00:45,30,7,23,0,0,0
2022-04-09 01:00,11,2,9,0,0,0
2022-04-09 01:15,14,5,9,0,0,0
2022-04-09 01:30,11,1,10,0,0,0
2022-04-09 01:45,22,8,14,0,0,0
2022-04-09 02:00,9,7,2,0,0,0
2022-04-09 02:15,9,3,6,0,0,0
2022-04-09 02:30,16,7,9,0,0,0
2022-04-09 02:45,10,7,3,0,0,0
2022-04-09 03:00,8,1,7,0,0,0
2022-04-09 03:15,2,0,2,0,0,0
2022-04-09 03:30,11,4,7,0,0,0
2022-04-09 03:45,6,1,5,0,0,0
2022-04-09 04:00,9,3,6,0,0,0
2022-04-09 04:15,5,2,3,0,0,0
2022-04-09 04:30,6,5,1,0,0,0
2022-04-09 04:45,3,0,3,0,0,0
2022-04-09 05:00,1,0,1,0,0,0
2022-04-09 05:15,5,3,2,0,0,0
2022-04-09 05:30,7,4,3,0,0,0
2022-04-09 05:45,11,7,4,0,0,0
2022-04-09 06:00,10,5,5,0,0,0
2022-04-09 06:15,5,2,3,0,0,0
2022-04-09 06:30,9,5,4,0,0,0
2022-04-09 06:45,13,11,2,0,0,0
2022-04-09 07:00,15,5,10,0,0,0
2022-04-09 07:15,15,15,0,0,0,0
2022-04-09 07:30,17,17,0,0,0,0
2022-04-09 07:45,21,21,0,0,0,0
2022-04-09 08:00,17,17,0,0,0,0
2022-04-09 08:15,12,12,0,0,0,0
2022-04-09 08:30,18,18,0,0,0,0
2022-04-09 08:45,40,26,14,0,0,0
2022-04-09 09:00,29,29,0,0,0,0
2022-04-09 09:15,39,37,2,0,0,0
2022-04-09 09:30,44,44,0,0,0,0
2022-04-09 09:45,72,71,1,0,0,0
2022-04-09 10:00,41,41,0,0,0,0
2022-04-09 10:15,58,58,0,0,0,0
2022-04-09 10:30,59,59,0,0,0,0
2022-04-09 10:45,47,46,1,0,0,0
2022-04-09 11:00,66,51,15,0,0,0
2022-04-09 11:15,113,76,37,0,0,0
2022-04-09 11:30,94,57,37,0,0,0
2022-04-09 11:45,98,53,45,0,0,0
2022-04-09 12:00,125,72,53,0,0,0
2022-04-09 12:15,119,66,53,0,0,0
2022-04-09 12:30,108,57,51,0,0,0
2022-04-09 12:45,71,35,36,0,0,0
2022-04-09 13:00,102,62,40,0,0,0
2022-04-09 13:15,107,56,51,0,0,0
2022-04-09 13:30,115,57,58,0,0,0
2022-04-09 13:45,95,51,44,0,0,0
2022-04-09 14:00,86,47,39,0,0,0
2022-04-09 14:15,74,32,42,0,0,0
2022-04-09 14:30,88,31,57,0,0,0
2022-04-09 14:45,94,47,47,0,0,0
2022-04-09 15:00,62,27,35,0,0,0
2022-04-09 15:15,67,33,34,0,0,0
2022-04-09 15:30,65,39,26,0,0,0
2022-04-09 15:45,71,38,33,0,0,0
2022-04-09 16:00,61,34,27,0,0,0
2022-04-09 16:15,47,25,22,0,0,0
2022-04-09 16:30,35,14,21,0,0,0
2022-04-09 16:45,50,21,29,0,0,0
2022-04-09 17:00,42,14,28,0,0,0
2022-04-09 17:15,49,16,33,0,0,0
2022-04-09 17:30,60,22,38,0,0,0
2022-04-09 17:45,65,39,26,0,0,0
2022-04-09 18:00,45,20,25,0,0,0
2022-04-09 18:15,52,19,33,0,0,0
2022-04-09 18:30,74,42,32,0,0,0
2022-04-09 18:45,58,37,21,0,0,0
2022-04-09 19:00,42,30,12,0,0,0
2022-04-09 19:15,56,35,21,0,0,0
2022-04-09 19:30,71,40,31,0,0,0
2022-04-09 19:45,54,32,22,0,0,0
2022-04-09 20:00,56,37,19,0,0,0
2022-04-09 20:15,48,27,21,0,0,0
2022-04-09 20:30,48,28,20,0,0,0
2022-04-09 20:45,34,15,19,0,0,0
2022-04-09 21:00,30,19,11,0,0,0
2022-04-09 21:15,29,19,10,0,0,0
2022-04-09 21:30,21,9,12,0,0,0
2022-04-09 21:45,22,11,11,0,0,0
2022-04-09 22:00,30,9,21,0,0,0
2022-04-09 22:15,29,12,17,0,0,0
2022-04-09 22:30,24,11,13,0,0,0
2022-04-09 22:45,32,10,22,0,0,0
2022-04-09 23:00,28,16,12,0,0,0
2022-04-09 23:15,14,7,7,0,0,0
2022-04-09 23:30,16,6,10,0,0,0
2022-04-09 23:45,25,7,18,0,0,0
2022-04-10 00:00,26,10,16,0,0,0
2022-04-10 00:15,12,7,5,0,0,0
2022-04-10 00:30,20,8,12,0,0,0
2022-04-10 00:45,16,12,4,0,0,0
2022-04-10 01:00,22,14,8,0,0,0
2022-04-10 01:15,17,8,9,0,0,0
2022-04-10 01:30,10,0,10,0,0,0
2022-04-10 01:45,13,3,10,0,0,0
2022-04-10 02:00,14,7,7,0,0,0
2022-04-10 02:15,14,1,13,0,0,0
2022-04-10 02:30,9,2,7,0,0,0
2022-04-10 02:45,6,0,6,0,0,0
2022-04-10 03:00,7,3,4,0,0,0
2022-04-10 03:15,7,1,6,0,0,0
2022-04-10 03:30,7,3,4,0,0,0
2022-04-10 03:45,7,1,6,0,0,0
2022-04-10 04:00,7,3,4,0,0,0
2022-04-10 04:15,4,0,4,0,0,0
2022-04-10 04:30,2,1,1,0,0,0
2022-04-10 04:45,1,0,1,0,0,0
2022-04-10 05:00,2,0,2,0,0,0
2022-04-10 05:15,2,2,0,0,0,0
2022-04-10 05:30,5,2,3,0,0,0
2022-04-10 05:45,5,2,3,0,0,0
2022-04-10 06:00,4,0,4,0,0,0
2022-04-10 06:15,7,3,4,0,0,0
2022-04-10 06:30,4,4,0,0,0,0
2022-04-10 06:45,4,2,2,0,0,0
2022-04-10 07:00,3,2,1,0,0,0
2022-04-10 07:15,3,1,2,0,0,0
2022-04-10 07:30,10,5,5,0,0,0
2022-04-10 07:45,7,4,3,0,0,0
2022-04-10 08:00,8,6,2,0,0,0
2022-04-10 08:15,15,12,3,0,0,0
2022-04-10 08:30,5,1,4,0,0,0
2022-04-10 08:45,16,10,6,0,0,0
2022-04-10 09:00,14,7,7,0,0,0
2022-04-10 09:15,27,19,8,0,0,0
2022-04-10 09:30,22,19,3,0,0,0
2022-04-10 09:45,34,25,9,0,0,0
2022-04-10 10:00,32,23,9,0,0,0
2022-04-10 10:15,36,22,14,0,0,0
2022-04-10 10:30,55,32,23,0,0,0
2022-04-10 10:45,52,36,16,0,0,0
2022-04-10 11:00,38,23,15,0,0,0
2022-04-10 11:15,36,14,22,0,0,0
2022-04-10 11:30,50,32,18,0,0,0
2022-04-10 11:45,27,13,14,0,0,0
2022-04-10 12:00,38,22,16,0,0,0
2022-04-10 12:15,54,21,33,0,0,0
2022-04-10 12:30,66,35,31,0,0,0
2022-04-10 12:45,55,31,24,0,0,0
2022-04-10 13:00,37,20,17,0,0,0
2022-04-10 13:15,65,42,23,0,0,0
2022-04-10 13:30,59,29,30,0,0,0
2022-04-10 13:45,56,29,27,0,0,0
2022-04-10 14:00,46,24,22,0,0,0
2022-04-10 14:15,46,23,23,0,0,0
2022-04-10 14:30,53,28,25,0,0,0
2022-04-10 14:45,59,39,20,0,0,0
2022-04-10 15:00,48,20,28,0,0,0
2022-04-10 15:15,60,30,30,0,0,0
2022-04-10 15:30,64,41,23,0,0,0
2022-04-10 15:45,64,43,21,0,0,0
2022-04-10 16:00,68,49,19,0,0,0
2022-04-10 16:15,39,20,19,0,0,0
2022-04-10 16:30,39,23,16,0,0,0
2022-04-10 16:45,47,31,16,0,0,0
2022-04-10 17:00,50,28,22,0,0,0
2022-04-10 17:15,43,30,13,0,0,0
2022-04-10 17:30,77,48,29,0,0,0
2022-04-10 17:45,63,36,27,0,0,0
2022-04-10 18:00,60,29,31,0,0,0
2022-04-10 18:15,54,30,24,0,0,0
2022-04-10 18:30,49,32,17,0,0,0
2022-04-10 18:45,44,24,20,0,0,0
2022-04-10 19:00,41,27,14,0,0,0
2022-04-10 19:15,44,23,21,0,0,0
2022-04-10 19:30,35,14,21,0,0,0
2022-04-10 19:45,49,20,29,0,0,0
2022-04-10 20:00,35,22,13,0,0,0
2022-04-10 20:15,34,20,14,0,0,0
2022-04-10 20:30,42,22,20,0,0,0
2022-04-10 20:45,34,17,17,0,0,0
2022-04-10 21:00,33,11,22,0,0,0
2022-04-10 21:15,31,13,18,0,0,0
2022-04-10 21:30,25,12,13,0,0,0
2022-04-10 21:45,16,6,10,0,0,0
2022-04-10 22:00,27,18,9,0,0,0
2022-04-10 22:15,14,9,5,0,0,0
2022-04-10 22:30,17,8,9,0,0,0
2022-04-10 22:45,9,5,4,0,0,0
2022-04-10 23:00,8,2,6,0,0,0
2022-04-10 23:15,7,2,5,0,0,0
2022-04-10 23:30,13,6,7,0,0,0
2022-04-10 23:45,7,4,3,0,0,0
2022-04-11 00:00,6,2,4,0,0,0
2022-04-11 00:15,1,0,1,0,0,0
2022-04-11 00:30,5,3,2,0,0,0
2022-04-11 00:45,2,1,1,0,0,0
2022-04-11 01:00,6,2,4,0,0,0
2022-04-11 01:15,1,1,0,0,0,0
2022-04-11 01:30,2,1,1,0,0,0
2022-04-11 01:45,1,1,0,0,0,0
2022-04-11 02:00,4,1,3,0,0,0
2022-04-11 02:15,1,1,0,0,0,0
2022-04-11 02:30,1,1,0,0,0,0
2022-04-11 02:45,0,0,0,0,0,0
2022-04-11 03:00,0,0,0,0,0,0
2022-04-11 03:15,3,2,1,0,0,0
2022-04-11 03:30,1,0,1,0,0,0
2022-04-11 03:45,0,0,0,0,0,0
2022-04-11 04:00,1,0,1,0,0,0
2022-04-11 04:15,4,3,1,0,0,0
2022-04-11 04:30,0,0,0,0,0,0
2022-04-11 04:45,2,2,0,0,0,0
2022-04-11 05:00,0,0,0,0,0,0
2022-04-11 05:15,7,6,1,0,0,0
2022-04-11 05:30,11,6,5,0,0,0
2022-04-11 05:45,18,10,8,0,0,0
2022-04-11 06:00,20,11,9,0,0,0
2022-04-11 06:15,27,16,11,0,0,0
2022-04-11 06:30,35,23,12,0,0,0
2022-04-11 06:45,48,30,18,0,0,0
2022-04-11 07:00,72,52,20,0,0,0
2022-04-11 07:15,79,52,27,0,0,0
2022-04-11 07:30,123,91,32,0,0,0
2022-04-11 07:45,152,112,40,0,0,0
2022-04-11 08:00,108,77,31,0,0,0
2022-04-11 08:15,108,75,33,0,0,0
2022-04-11 08:30,113,83,30,0,0,0
2022-04-11 08:45,130,94,36,0,0,0
2022-04-11 09:00,95,67,28,0,0,0
2022-04-11 09:15,110,84,26,0,0,0
2022-04-11 09:30,95,73,22,0,0,0
2022-04-11 09:45,133,106,27,0,0,0
2022-04-11 10:00,105,73,32,0,0,0
2022-04-11 10:15,81,59,22,0,0,0
2022-04-11 10:30,83,56,27,0,0,0
2022-04-11 10:45,63,37,26,0,0,0
2022-04-11 11:00,89,64,25,0,0,0
2022-04-11 11:15,92,49,43,0,0,0
2022-04-11 11:30,98,61,37,0,0,0
2022-04-11 11:45,131,95,36,0,0,0
2022-04-11 12:00,113,49,64,0,0,0
2022-04-11 12:15,99,61,38,0,0,0
2022-04-11 12:30,119,73,46,0,0,0
2022-04-11 12:45,136,89,47,0,0,0
2022-04-11 13:00,116,58,58,0,0,0
2022-04-11 13:15,122,63,59,0,0,0
2022-04-11 13:30,134,80,54,0,0,0
2022-04-11 13:45,134,70,64,0,0,0
2022-04-11 14:00,130,64,66,0,0,0
2022-04-11 14:15,106,55,51,0,0,0
2022-04-11 14:30,148,74,74,0,0,0
2022-04-11 14:45,125,77,48,0,0,0
2022-04-11 15:00,131,67,64,0,0,0
2022-04-11 15:15,134,78,56,0,0,0
2022-04-11 15:30,140,83,57,0,0,0
2022-04-11 15:45,152,82,70,0,0,0
2022-04-11 16:00,163,96,67,0,0,0
2022-04-11 16:15,159,69,90,0,0,0
2022-04-11 16:30,168,96,72,0,0,0
2022-04-11 16:45,142,72,70,0,0,0
2022-04-11 17:00,154,74,80,0,0,0
2022-04-11 17:15,154,86,68,0,0,0
2022-04-11 17:30,157,90,67,0,0,0
2022-04-11 17:45,177,109,68,0,0,0
2022-04-11 18:00,165,68,97,0,0,0
2022-04-11 18:15,152,59,93,0,0,0
2022-04-11 18:30,99,47,52,0,0,0
2022-04-11 18:45,115,52,63,0,0,0
2022-04-11 19:00,101,42,59,0,0,0
2022-04-11 19:15,82,39,43,0,0,0
2022-04-11 19:30,81,34,47,0,0,0
2022-04-11 19:45,84,44,40,0,0,0
2022-04-11 20:00,63,20,43,0,0,0
2022-04-11 20:15,64,25,39,0,0,0
2022-04-11 20:30,38,17,21,0,0,0
2022-04-11 20:45,41,10,31,0,0,0
2022-04-11 21:00,34,17,17,0,0,0
2022-04-11 21:15,36,12,24,0,0,0
2022-04-11 21:30,38,10,28,0,0,0
2022-04-11 21:45,38,18,20,0,0,0
2022-04-11 22:00,36,14,22,0,0,0
2022-04-11 22:15,27,8,19,0,0,0
2022-04-11 22:30,30,14,16,0,0,0
2022-04-11 22:45,24,7,17,0,0,0
2022-04-11 23:00,17,7,10,0,0,0
2022-04-11 23:15,18,9,9,0,0,0
2022-04-11 23:30,13,5,8,0,0,0
2022-04-11 23:45,10,4,6,0,0,0
2022-04-12 00:00,7,2,5,0,0,0
2022-04-12 00:15,5,0,5,0,0,0
2022-04-12 00:30,6,2,4,0,0,0
2022-04-12 00:45,5,3,2,0,0,0
2022-04-12 01:00,0,0,0,0,0,0
2022-04-12 01:15,5,1,4,0,0,0
2022-04-12 01:30,4,3,1,0,0,0
2022-04-12 01:45,4,0,4,0,0,0
2022-04-12 02:00,5,4,1,0,0,0
2022-04-12 02:15,3,2,1,0,0,0
2022-04-12 02:30,1,1,0,0,0,0
2022-04-12 02:45,0,0,0,0,0,0
2022-04-12 03:00,1,0,1,0,0,0
2022-04-12 03:15,0,0,0,0,0,0
2022-04-12 03:30,0,0,0,0,0,0
2022-04-12 03:45,0,0,0,0,0,0
2022-04-12 04:00,0,0,0,0,0,0
2022-04-12 04:15,4,2,2,0,0,0
2022-04-12 04:30,0,0,0,0,0,0
2022-04-12 04:45,0,0,0,0,0,0
2022-04-12 05:00,1,1,0,0,0,0
2022-04-12 05:15,5,4,1,0,0,0
2022-04-12 05:30,18,11,7,0,0,0
2022-04-12 05:45,20,10,10,0,0,0
2022-04-12 06:00,27,14,13,0,0,0
2022-04-12 06:15,31,18,13,0,0,0
2022-04-12 06:30,55,35,20,0,0,0
2022-04-12 06:45,53,29,24,0,0,0
2022-04-12 07:00,78,52,26,0,0,0
2022-04-12 07:15,124,79,45,0,0,0
2022-04-12 07:30,147,103,44,0,0,0
2022-04-12 07:45,191,132,59,0,0,0
2022-04-12 08:00,122,88,34,0,0,0
2022-04-12 08:15,112,79,33,0,0,0
2022-04-12 08:30,101,73,28,0,0,0
2022-04-12 08:45,145,113,32,0,0,0
2022-04-12 09:00,107,76,31,0,0,0
2022-04-12 09:15,109,80,29,0,0,0
2022-04-12 09:30,96,73,23,0,0,0
2022-04-12 09:45,157,123,34,0,0,0
2022-04-12 10:00,129,95,34,0,0,0
2022-04-12 10:15,84,61,23,0,0,0
2022-04-12 10:30,108,72,36,0,0,0
2022-04-12 10:45,107,64,43,0,0,0
2022-04-12 11:00,76,47,29,0,0,0
2022-04-12 11:15,122,78,44,0,0,0
2022-04-12 11:30,94,58,36,0,0,0
2022-04-12 11:45,140,91,49,0,0,0
2022-04-12 12:00,137,65,72,0,0,0
2022-04-12 12:15,108,62,46,0,0,0
2022-04-12 12:30,137,82,55,0,0,0
2022-04-12 12:45,140,80,60,0,0,0
2022-04-12 13:00,113,67,46,0,0,0
2022-04-12 13:15,92,48,44,0,0,0
2022-04-12 13:30,107,57,50,0,0,0
2022-04-12 13:45,148,94,54,0,0,0
2022-04-12 14:00,148,80,68,0,0,0
2022-04-12 14:15,131,72,59,0,0,0
2022-04-12 14:30,142,75,67,0,0,0
2022-04-12 14:45,131,60,71,0,0,0
2022-04-12 15:00,141,80,61,0,0,0
2022-04-12 15:15,147,84,63,0,0,0
2022-04-12 15:30,166,94,72,0,0,0
2022-04-12 15:45,166,98,68,0,0,0
2022-04-12 16:00,195,101,94,0,0,0
2022-04-12 16:15,166,93,73,0,0,0
2022-04-12 16:30,178,93,85,0,0,0
2022-04-12 16:45,178,89,89,0,0,0
2022-04-12 17:00,175,94,81,0,0,0
2022-04-12 17:15,135,80,55,0,0,0
2022-04-12 17:30,160,88,72,0,0,0
2022-04-12 17:45,193,94,99,0,0,0
2022-04-12 18:00,164,66,98,0,0,0
2022-04-12 18:15,140,73,67,0,0,0
2022-04-12 18:30,121,52,69,0,0,0
2022-04-12 18:45,120,55,65,0,0,0
2022-04-12 19:00,97,53,44,0,0,0
2022-04-12 19:15,91,49,42,0,0,0
2022-04-12 19:30,122,54,68,0,0,0
2022-04-12 19:45,103,43,60,0,0,0
2022-04-12 20:00,79,37,42,0,0,0
2022-04-12 20:15,73,37,36,0,0,0
2022-04-12 20:30,48,23,25,0,0,0
2022-04-12 20:45,55,18,37,0,0,0
2022-04-12 21:00,53,23,30,0,0,0
2022-04-12 21:15,55,28,27,0,0,0
2022-04-12 21:30,58,31,27,0,0,0
2022-04-12 21:45,43,17,26,0,0,0
2022-04-12 22:00,46,13,33,0,0,0
2022-04-12 22:15,38,22,16,0,0,0
2022-04-12 22:30,32,18,14,0,0,0
2022-04-12 22:45,33,16,17,0,0,0
2022-04-12 23:00,30,15,15,0,0,0
2022-04-12 23:15,12,3,9,0,0,0
2022-04-12 23:30,22,13,9,0,0,0
2022-04-12 23:45,25,5,20,0,0,0
2022-04-13 00:00,13,6,7,0,0,0
2022-04-13 00:15,8,2,6,0,0,0
2022-04-13 00:30,12,4,8,0,0,0
2022-04-13 00:45,8,6,2,0,0,0
2022-04-13 01:00,7,4,3,0,0,0
2022-04-13 01:15,7,1,6,0,0,0
2022-04-13 01:30,1,0,1,0,0,0
2022-04-13 01:45,4,1,3,0,0,0
2022-04-13 02:00,4,0,4,0,0,0
2022-04-13 02:15,1,1,0,0,0,0
2022-04-13 02:30,3,2,1,0,0,0
2022-04-13 02:45,3,3,0,0,0,0
2022-04-13 03:00,1,1,0,0,0,0
2022-04-13 03:15,1,0,1,0,0,0
2022-04-13 03:30,1,0,1,0,0,0
2022-04-13 03:45,1,1,0,0,0,0
2022-04-13 04:00,0,0,0,0,0,0
2022-04-13 04:15,3,2,1,0,0,0
2022-04-13 04:30,0,0,0,0,0,0
2022-04-13 04:45,1,1,0,0,0,0
2022-04-13 05:00,2,1,1,0,0,0
2022-04-13 05:15,3,3,0,0,0,0
2022-04-13 05:30,19,15,4,0,0,0
2022-04-13 05:45,17,8,9,0,0,0
2022-04-13 06:00,19,10,9,0,0,0
2022-04-13 06:15,26,20,6,0,0,0
2022-04-13 06:30,55,36,19,0,0,0
2022-04-13 06:45,69,43,26,0,0,0
2022-04-13 07:00,80,51,29,0,0,0
2022-04-13 07:15,120,79,41,0,0,0
2022-04-13 07:30,128,87,41,0,0,0
2022-04-13 07:45,162,110,52,0,0,0
2022-04-13 08:00,112,77,35,0,0,0
2022-04-13 08:15,132,90,42,0,0,0
2022-04-13 08:30,122,89,33,0,0,0
2022-04-13 08:45,164,134,30,0,0,0
2022-04-13 09:00,122,91,31,0,0,0
2022-04-13 09:15,131,97,34,0,0,0
2022-04-13 09:30,130,91,39,0,0,0
2022-04-13 09:45,187,153,34,0,0,0
2022-04-13 10:00,123,97,26,0,0,0
2022-04-13 10:15,138,92,46,0,0,0
2022-04-13 10:30,122,91,31,0,0,0
2022-04-13 10:45,130,86,44,0,0,0
2022-04-13 11:00,126,97,29,0,0,0
2022-04-13 11:15,125,84,41,0,0,0
2022-04-13 11:30,172,109,63,0,0,0
2022-04-13 11:45,182,116,66,0,0,0
2022-04-13 12:00,184,117,67,0,0,0
2022-04-13 12:15,161,99,62,0,0,0
2022-04-13 12:30,155,98,57,0,0,0
2022-04-13 12:45,182,102,80,0,0,0
2022-04-13 13:00,164,89,75,0,0,0
2022-04-13 13:15,168,84,84,0,0,0
2022-04-13 13:30,134,71,63,0,0,0
2022-04-13 13:45,180,102,78,0,0,0
2022-04-13 14:00,169,87,82,0,0,0
2022-04-13 14:15,147,70,77,0,0,0
2022-04-13 14:30,137,67,70,0,0,0
2022-04-13 14:45,124,65,59,0,0,0
2022-04-13 15:00,135,59,76,0,0,0
2022-04-13 15:15,140,71,69,0,0,0
2022-04-13 15:30,137,67,70,0,0,0
2022-04-13 15:45,175,92,83,0,0,0
2022-04-13 16:00,174,69,105,0,0,0
2022-04-13 16:15,155,81,74,0,0,0
2022-04-13 16:30,145,90,55,0,0,0
2022-04-13 16:45,171,82,89,0,0,0
2022-04-13 17:00,143,69,74,0,0,0
2022-04-13 17:15,179,91,88,0,0,0
2022-04-13 17:30,163,78,85,0,0,0
2022-04-13 17:45,151,75,76,0,0,0
2022-04-13 18:00,173,80,93,0,0,0
2022-04-13 18:15,131,59,72,0,0,0
2022-04-13 18:30,93,47,46,0,0,0
2022-04-13 18:45,119,66,53,0,0,0
2022-04-13 19:00,108,40,68,0,0,0
2022-04-13 19:15,100,49,51,0,0,0
2022-04-13 19:30,89,51,38,0,0,0
2022-04-13 19:45,75,42,33,0,0,0
2022-04-13 20:00,80,34,46,0,0,0
2022-04-13 20:15,78,31,47,0,0,0
2022-04-13 20:30,61,36,25,0,0,0
2022-04-13 20:45,38,12,26,0,0,0
2022-04-13 21:00,50,23,27,0,0,0
2022-04-13 21:15,44,17,27,0,0,0
2022-04-13 21:30,38,16,22,0,0,0
2022-04-13 21:45,25,12,13,0,0,0
2022-04-13 22:00,43,19,24,0,0,0
2022-04-13 22:15,39,16,23,0,0,0
2022-04-13 22:30,40,22,18,0,0,0
2022-04-13 22:45,30,13,17,0,0,0
2022-04-13 23:00,52,24,28,0,0,0
2022-04-13 23:15,23,10,13,0,0,0
2022-04-13 23:30,28,13,15,0,0,0
2022-04-13 23:45,17,5,12,0,0,0
2022-04-14 00:00,5,2,3,0,0,0
2022-04-14 00:15,8,5,3,0,0,0
2022-04-14 00:30,7,4,3,0,0,0
2022-04-14 00:45,5,0,5,0,0,0
2022-04-14 01:00,4,1,3,0,0,0
2022-04-14 01:15,5,1,4,0,0,0
2022-04-14 01:30,7,1,6,0,0,0
2022-04-14 01:45,3,0,3,0,0,0
2022-04-14 02:00,5,1,4,0,0,0
2022-04-14 02:15,7,0,7,0,0,0
2022-04-14 02:30,7,1,6,0,0,0
2022-04-14 02:45,0,0,0,0,0,0
2022-04-14 03:00,7,5,2,0,0,0
2022-04-14 03:15,2,0,2,0,0,0
2022-04-14 03:30,5,1,4,0,0,0
2022-04-14 03:45,3,0,3,0,0,0
2022-04-14 04:00,0,0,0,0,0,0
2022-04-14 04:15,5,3,2,0,0,0
2022-04-14 04:30,4,0,4,0,0,0
2022-04-14 04:45,3,1,2,0,0,0
2022-04-14 05:00,1,1,0,0,0,0
2022-04-14 05:15,2,1,1,0,0,0
2022-04-14 05:30,13,10,3,0,0,0
2022-04-14 05:45,7,5,2,0,0,0
2022-04-14 06:00,20,11,9,0,0,0
2022-04-14 06:15,17,8,9,0,0,0
2022-04-14 06:30,42,27,15,0,0,0
2022-04-14 06:45,58,40,18,0,0,0
2022-04-14 07:00,79,56,23,0,0,0
2022-04-14 07:15,79,48,31,0,0,0
2022-04-14 07:30,101,68,33,0,0,0
2022-04-14 07:45,137,96,41,0,0,0
2022-04-14 08:00,109,82,27,0,0,0
2022-04-14 08:15,112,80,32,0,0,0
2022-04-14 08:30,98,63,35,0,0,0
2022-04-14 08:45,122,88,34,0,0,0
2022-04-14 09:00,82,60,22,0,0,0
2022-04-14 09:15,89,68,21,0,0,0
2022-04-14 09:30,100,79,21,0,0,0
2022-04-14 09:45,142,109,33,0,0,0
2022-04-14 10:00,84,59,25,0,0,0
2022-04-14 10:15,89,64,25,0,0,0
2022-04-14 10:30,93,58,35,0,0,0
2022-04-14 10:45,96,66,30,0,0,0
2022-04-14 11:00,81,55,26,0,0,0
2022-04-14 11:15,113,79,34,0,0,0
2022-04-14 11:30,121,84,37,0,0,0
2022-04-14 11:45,123,57,66,0,0,0
2022-04-14 12:00,139,76,63,0,0,0
2022-04-14 12:15,111,70,41,0,0,0
2022-04-14 12:30,132,68,64,0,0,0
2022-04-14 12:45,125,86,39,0,0,0
2022-04-14 13:00,144,79,65,0,0,0
2022-04-14 13:15,97,58,39,0,0,0
2022-04-14 13:30,123,63,60,0,0,0
2022-04-14 13:45,152,81,71,0,0,0
2022-04-14 14:00,140,70,70,0,0,0
2022-04-14 14:15,138,57,81,0,0,0
2022-04-14 14:30,126,60,66,0,0,0
2022-04-14 14:45,135,80,55,0,0,0
2022-04-14 15:00,133,74,59,0,0,0
2022-04-14 15:15,137,82,55,0,0,0
2022-04-14 15:30,162,91,71,0,0,0
2022-04-14 15:45,153,106,47,0,0,0
2022-04-14 16:00,129,73,56,0,0,0
2022-04-14 16:15,143,61,82,0,0,0
2022-04-14 16:30,123,66,57,0,0,0
2022-04-14 16:45,133,61,72,0,0,0
2022-04-14 17:00,123,63,60,0,0,0
2022-04-14 17:15,114,53,61,0,0,0
2022-04-14 17:30,131,83,48,0,0,0
2022-04-14 17:45,129,61,68,0,0,0
2022-04-14 18:00,129,61,68,0,0,0
2022-04-14 18:15,113,62,51,0,0,0
2022-04-14 18:30,109,63,46,0,0,0
2022-04-14 18:45,102,65,37,0,0,0
2022-04-14 19:00,89,50,39,0,0,0
2022-04-14 19:15,97,52,45,0,0,0
2022-04-14 19:30,82,55,27,0,0,0
2022-04-14 19:45,87,48,39,0,0,0
2022-04-14 20:00,49,25,24,0,0,0
2022-04-14 20:15,52,29,23,0,0,0
2022-04-14 20:30,32,17,15,0,0,0
2022-04-14 20:45,34,19,15,0,0,0
2022-04-14 21:00,41,24,17,0,0,0
2022-04-14 21:15,42,18,24,0,0,0
2022-04-14 21:30,38,24,14,0,0,0
2022-04-14 21:45,36,19,17,0,0,0
2022-04-14 22:00,32,14,18,0,0,0
2022-04-14 22:15,28,7,21,0,0,0
2022-04-14 22:30,35,7,28,0,0,0
2022-04-14 22:45,30,10,20,0,0,0
2022-04-14 23:00,22,7,15,0,0,0
2022-04-14 23:15,33,14,19,0,0,0
2022-04-14 23:30,28,19,9,0,0,0
2022-04-14 23:45,13,7,6,0,0,0
2022-04-15 00:00,17,7,10,0,0,0
2022-04-15 00:15,15,4,11,0,0,0
2022-04-15 00:30,12,4,8,0,0,0
2022-04-15 00:45,14,1,13,0,0,0
2022-04-15 01:00,13,7,6,0,0,0
2022-04-15 01:15,20,5,15,0,0,0
2022-04-15 01:30,4,2,2,0,0,0
2022-04-15 01:45,4,1,3,0,0,0
2022-04-15 02:00,10,2,8,0,0,0
2022-04-15 02:15,19,11,8,0,0,0
2022-04-15 02:30,4,1,3,0,0,0
2022-04-15 02:45,4,1,3,0,0,0
2022-04-15 03:00,5,2,3,0,0,0
2022-04-15 03:15,6,0,6,0,0,0
2022-04-15 03:30,1,0,1,0,0,0
2022-04-15 03:45,3,1,2,0,0,0
2022-04-15 04:00,2,1,1,0,0,0
2022-04-15 04:15,3,0,3,0,0,0
2022-04-15 04:30,1,0,1,0,0,0
2022-04-15 04:45,0,0,0,0,0,0
2022-04-15 05:00,1,1,0,0,0,0
2022-04-15 05:15,6,3,3,0,0,0
2022-04-15 05:30,7,7,0,0,0,0
2022-04-15 05:45,9,1,8,0,0,0
2022-04-15 06:00,4,3,1,0,0,0
2022-04-15 06:15,4,3,1,0,0,0
2022-04-15 06:30,4,2,2,0,0,0
2022-04-15 06:45,11,8,3,0,0,0
2022-04-15 07:00,2,1,1,0,0,0
2022-04-15 07:15,6,4,2,0,0,0
2022-04-15 07:30,7,2,5,0,0,0
2022-04-15 07:45,8,3,5,0,0,0
2022-04-15 08:00,7,5,2,0,0,0
2022-04-15 08:15,14,10,4,0,0,0
2022-04-15 08:30,17,9,8,0,0,0
2022-04-15 08:45,12,9,3,0,0,0
2022-04-15 09:00,17,10,7,0,0,0
2022-04-15 09:15,26,16,10,0,0,0
2022-04-15 09:30,15,9,6,0,0,0
2022-04-15 09:45,25,14,11,0,0,0
2022-04-15 10:00,22,13,9,0,0,0
2022-04-15 10:15,24,18,6,0,0,0
2022-04-15 10:30,26,20,6,0,0,0
2022-04-15 10:45,29,10,19,0,0,0
2022-04-15 11:00,41,20,21,0,0,0
2022-04-15 11:15,46,27,19,0,0,0
2022-04-15 11:30,31,16,15,0,0,0
2022-04-15 11:45,42,25,17,0,0,0
2022-04-15 12:00,32,17,15,0,0,0
2022-04-15 12:15,43,30,13,0,0,0
2022-04-15 12:30,45,29,16,0,0,0
2022-04-15 12:45,33,16,17,0,0,0
2022-04-15 13:00,46,21,25,0,0,0
2022-04-15 13:15,42,24,18,0,0,0
2022-04-15 13:30,58,44,14,0,0,0
2022-04-15 13:45,69,49,20,0,0,0
2022-04-15 14:00,52,35,17,0,0,0
2022-04-15 14:15,50,30,20,0,0,0
2022-04-15 14:30,57,35,22,0,0,0
2022-04-15 14:45,72,45,27,0,0,0
2022-04-15 15:00,55,32,23,0,0,0
2022-04-15 15:15,46,32,14,0,0,0
2022-04-15 15:30,56,29,27,0,0,0
2022-04-15 15:45,55,39,16,0,0,0
2022-04-15 16:00,46,35,11,0,0,0
2022-04-15 16:15,62,36,26,0,0,0
2022-04-15 16:30,49,27,22,0,0,0
2022-04-15 16:45,63,37,26,0,0,0
2022-04-15 17:00,59,41,18,0,0,0
2022-04-15 17:15,33,19,14,0,0,0
2022-04-15 17:30,51,18,33,0,0,0
2022-04-15 17:45,46,31,15,0,0,0
2022-04-15 18:00,44,19,25,0,0,0
2022-04-15 18:15,41,25,16,0,0,0
2022-04-15 18:30,41,19,22,0,0,0
2022-04-15 18:45,51,24,27,0,0,0
2022-04-15 19:00,40,18,22,0,0,0
2022-04-15 19:15,44,20,24,0,0,0
2022-04-15 19:30,27,18,9,0,0,0
2022-04-15 19:45,31,17,14,0,0,0
2022-04-15 20:00,31,19,12,0,0,0
2022-04-15 20:15,22,16,6,0,0,0
2022-04-15 20:30,21,11,10,0,0,0
2022-04-15 20:45,29,12,17,0,0,0
2022-04-15 21:00,19,10,9,0,0,0
2022-04-15 21:15,20,9,11,0,0,0
2022-04-15 21:30,30,14,16,0,0,0
2022-04-15 21:45,27,19,8,0,0,0
2022-04-15 22:00,28,22,6,0,0,0
2022-04-15 22:15,24,14,10,0,0,0
2022-04-15 22:30,20,9,11,0,0,0
2022-04-15 22:45,10,8,2,0,0,0
2022-04-15 23:00,10,3,7,0,0,0
2022-04-15 23:15,8,3,5,0,0,0
2022-04-15 23:30,15,6,9,0,0,0
2022-04-15 23:45,10,4,6,0,0,0
2022-04-16 00:00,13,10,3,0,0,0
2022-04-16 00:15,6,3,3,0,0,0
2022-04-16 00:30,11,8,3,0,0,0
2022-04-16 00:45,5,4,1,0,0,0
2022-04-16 01:00,12,7,5,0,0,0
2022-04-16 01:15,14,7,7,0,0,0
2022-04-16 01:30,4,0,4,0,0,0
2022-04-16 01:45,6,2,4,0,0,0
2022-04-16 02:00,4,0,4,0,0,0
2022-04-16 02:15,2,1,1,0,0,0
2022-04-16 02:30,5,0,5,0,0,0
2022-04-16 02:45,1,0,1,0,0,0
2022-04-16 03:00,0,0,0,0,0,0
2022-04-16 03:15,1,0,1,0,0,0
2022-04-16 03:30,0,0,0,0,0,0
2022-04-16 03:45,4,1,3,0,0,0
2022-04-16 04:00,5,4,1,0,0,0
2022-04-16 04:15,0,0,0,0,0,0
2022-04-16 04:30,2,1,1,0,0,0
2022-04-16 04:45,1,1,0,0,0,0
2022-04-16 05:00,2,1,1,0,0,0
2022-04-16 05:15,3,2,1,0,0,0
2022-04-16 05:30,7,6,1,0,0,0
2022-04-16 05:45,15,9,6,0,0,0
2022-04-16 06:00,6,1,5,0,0,0
2022-04-16 06:15,8,7,1,0,0,0
2022-04-16 06:30,10,8,2,0,0,0
2022-04-16 06:45,23,15,8,0,0,0
2022-04-16 07:00,15,10,5,0,0,0
2022-04-16 07:15,24,17,7,0,0,0
2022-04-16 07:30,24,14,10,0,0,0
2022-04-16 07:45,38,28,10,0,0,0
2022-04-16 08:00,34,26,8,0,0,0
2022-04-16 08:15,42,27,15,0,0,0
2022-04-16 08:30,60,34,26,0,0,0
2022-04-16 08:45,72,44,28,0,0,0
2022-04-16 09:00,68,53,15,0,0,0
2022-04-16 09:15,89,63,26,0,0,0
2022-04-16 09:30,99,71,28,0,0,0
2022-04-16 09:45,109,82,27,0,0,0
2022-04-16 10:00,120,87,33,0,0,0
2022-04-16 10:15,146,111,35,0,0,0
2022-04-16 10:30,160,116,44,0,0,0
2022-04-16 10:45,162,121,41,0,0,0
2022-04-16 11:00,170,127,43,0,0,0
2022-04-16 11:15,174,120,54,0,0,0
2022-04-16 11:30,189,127,62,0,0,0
2022-04-16 11:45,187,122,65,0,0,0
2022-04-16 12:00,163,109,54,0,0,0
2022-04-16 12:15,160,102,58,0,0,0
2022-04-16 12:30,162,95,67,0,0,0
2022-04-16 12:45,187,116,71,0,0,0
2022-04-16 13:00,152,80,72,0,0,0
2022-04-16 13:15,142,75,67,0,0,0
2022-04-16 13:30,133,77,56,0,0,0
2022-04-16 13:45,160,72,88,0,0,0
2022-04-16 14:00,137,73,64,0,0,0
2022-04-16 14:15,94,43,51,0,0,0
2022-04-16 14:30,107,45,62,0,0,0
2022-04-16 14:45,130,55,75,0,0,0
2022-04-16 15:00,109,48,61,0,0,0
2022-04-16 15:15,126,55,71,0,0,0
2022-04-16 15:30,108,53,55,0,0,0
2022-04-16 15:45,106,54,52,0,0,0
2022-04-16 16:00,88,46,42,0,0,0
2022-04-16 16:15,116,52,64,0,0,0
2022-04-16 16:30,89,36,53,0,0,0
2022-04-16 16:45,78,45,33,0,0,0
2022-04-16 17:00,78,35,43,0,0,0
2022-04-16 17:15,71,36,35,0,0,0
2022-04-16 17:30,78,30,48,0,0,0
2022-04-16 17:45,73,35,38,0,0,0
2022-04-16 18:00,70,26,44,0,0,0
2022-04-16 18:15,74,41,33,0,0,0
2022-04-16 18:30,70,41,29,0,0,0
2022-04-16 18:45,86,63,23,0,0,0
2022-04-16 19:00,54,21,33,0,0,0
2022-04-16 19:15,55,25,30,0,0,0
2022-04-16 19:30,55,29,26,0,0,0
2022-04-16 19:45,43,20,23,0,0,0
2022-04-16 20:00,40,16,24,0,0,0
2022-04-16 20:15,30,15,15,0,0,0
2022-04-16 20:30,41,22,19,0,0,0
2022-04-16 20:45,34,19,15,0,0,0
2022-04-16 21:00,37,22,15,0,0,0
2022-04-16 21:15,22,8,14,0,0,0
2022-04-16 21:30,34,13,21,0,0,0
2022-04-16 21:45,24,14,10,0,0,0
2022-04-16 22:00,21,6,15,0,0,0
2022-04-16 22:15,22,9,13,0,0,0
2022-04-16 22:30,17,8,9,0,0,0
2022-04-16 22:45,22,10,12,0,0,0
2022-04-16 23:00,12,7,5,0,0,0
2022-04-16 23:15,21,3,18,0,0,0
2022-04-16 23:30,13,4,9,0,0,0
2022-04-16 23:45,25,9,16,0,0,0
2022-04-17 00:00,21,6,15,0,0,0
2022-04-17 00:15,15,4,11,0,0,0
2022-04-17 00:30,10,4,6,0,0,0
2022-04-17 00:45,14,6,8,0,0,0
2022-04-17 01:00,21,12,9,0,0,0
2022-04-17 01:15,13,6,7,0,0,0
2022-04-17 01:30,8,3,5,0,0,0
2022-04-17 01:45,4,0,4,0,0,0
2022-04-17 02:00,7,1,6,0,0,0
2022-04-17 02:15,6,6,0,0,0,0
2022-04-17 02:30,10,2,8,0,0,0
2022-04-17 02:45,2,0,2,0,0,0
2022-04-17 03:00,4,2,2,0,0,0
2022-04-17 03:15,3,1,2,0,0,0
2022-04-17 03:30,4,1,3,0,0,0
2022-04-17 03:45,1,0,1,0,0,0
2022-04-17 04:00,1,1,0,0,0,0
2022-04-17 04:15,3,3,0,0,0,0
2022-04-17 04:30,3,0,3,0,0,0
2022-04-17 04:45,6,2,4,0,0,0
2022-04-17 05:00,1,0,1,0,0,0
2022-04-17 05:15,5,4,1,0,0,0
2022-04-17 05:30,13,10,3,0,0,0
2022-04-17 05:45,7,5,2,0,0,0
2022-04-17 06:00,6,1,5,0,0,0
2022-04-17 06:15,8,5,3,0,0,0
2022-04-17 06:30,6,4,2,0,0,0
2022-04-17 06:45,4,2,2,0,0,0
2022-04-17 07:00,5,0,5,0,0,0
2022-04-17 07:15,5,2,3,0,0,0
2022-04-17 07:30,9,4,5,0,0,0
2022-04-17 07:45,6,4,2,0,0,0
2022-04-17 08:00,13,11,2,0,0,0
2022-04-17 08:15,12,10,2,0,0,0
2022-04-17 08:30,16,8,8,0,0,0
2022-04-17 08:45,17,13,4,0,0,0
2022-04-17 09:00,18,10,8,0,0,0
2022-04-17 09:15,16,5,11,0,0,0
2022-04-17 09:30,21,11,10,0,0,0
2022-04-17 09:45,34,21,13,0,0,0
2022-04-17 10:00,26,16,10,0,0,0
2022-04-17 10:15,38,18,20,0,0,0
2022-04-17 10:30,56,33,23,0,0,0
2022-04-17 10:45,33,25,8,0,0,0
2022-04-17 11:00,46,25,21,0,0,0
2022-04-17 11:15,48,27,21,0,0,0
2022-04-17 11:30,54,34,20,0,0,0
2022-04-17 11:45,47,32,15,0,0,0
2022-04-17 12:00,41,26,15,0,0,0
2022-04-17 12:15,87,44,43,0,0,0
2022-04-17 12:30,50,26,24,0,0,0
2022-04-17 12:45,40,22,18,0,0,0
2022-04-17 13:00,69,41,28,0,0,0
2022-04-17 13:15,44,26,18,0,0,0
2022-04-17 13:30,63,33,30,0,0,0
2022-04-17 13:45,59,36,23,0,0,0
2022-04-17 14:00,54,29,25,0,0,0
2022-04-17 14:15,57,30,27,0,0,0
2022-04-17 14:30,60,35,25,0,0,0
2022-04-17 14:45,71,48,23,0,0,0
2022-04-17 15:00,48,19,29,0,0,0
2022-04-17 15:15,71,37,34,0,0,0
2022-04-17 15:30,55,26,29,0,0,0
2022-04-17 15:45,72,49,23,0,0,0
2022-04-17 16:00,64,33,31,0,0,0
2022-04-17 16:15,61,41,20,0,0,0
2022-04-17 16:30,54,20,34,0,0,0
2022-04-17 16:45,66,45,21,0,0,0
2022-04-17 17:00,45,26,19,0,0,0
2022-04-17 17:15,64,39,25,0,0,0
2022-04-17 17:30,45,27,18,0,0,0
2022-04-17 17:45,38,18,20,0,0,0
2022-04-17 18:00,47,26,21,0,0,0
2022-04-17 18:15,42,24,18,0,0,0
2022-04-17 18:30,52,36,16,0,0,0
2022-04-17 18:45,51,31,20,0,0,0
2022-04-17 19:00,40,28,12,0,0,0
2022-04-17 19:15,37,27,10,0,0,0
2022-04-17 19:30,35,11,24,0,0,0
2022-04-17 19:45,56,29,27,0,0,0
2022-04-17 20:00,35,19,16,0,0,0
2022-04-17 20:15,23,12,11,0,0,0
2022-04-17 20:30,41,24,17,0,0,0
2022-04-17 20:45,29,9,20,0,0,0
2022-04-17 21:00,28,16,12,0,0,0
2022-04-17 21:15,28,12,16,0,0,0
2022-04-17 21:30,19,10,9,0,0,0
2022-04-17 21:45,10,3,7,0,0,0
2022-04-17 22:00,11,9,2,0,0,0
2022-04-17 22:15,18,6,12,0,0,0
2022-04-17 22:30,17,8,9,0,0,0
2022-04-17 22:45,8,3,5,0,0,0
2022-04-17 23:00,5,3,2,0,0,0
2022-04-17 23:15,8,6,2,0,0,0
2022-04-17 23:30,13,6,7,0,0,0
2022-04-17 23:45,12,4,8,0,0,0
2022-04-18 00:00,7,2,5,0,0,0
2022-04-18 00:15,6,4,2,0,0,0
2022-04-18 00:30,13,4,9,0,0,0
2022-04-18 00:45,9,2,7,0,0,0
2022-04-18 01:00,9,4,5,0,0,0
2022-04-18 01:15,4,2,2,0,0,0
2022-04-18 01:30,5,1,4,0,0,0
2022-04-18 01:45,3,1,2,0,0,0
2022-04-18 02:00,3,1,2,0,0,0
2022-04-18 02:15,1,0,1,0,0,0
2022-04-18 02:30,8,4,4,0,0,0
2022-04-18 02:45,3,0,3,0,0,0
2022-04-18 03:00,0,0,0,0,0,0
2022-04-18 03:15,1,1,0,0,0,0
2022-04-18 03:30,4,2,2,0,0,0
2022-04-18 03:45,2,0,2,0,0,0
2022-04-18 04:00,0,0,0,0,0,0
2022-04-18 04:15,2,1,1,0,0,0
2022-04-18 04:30,1,1,0,0,0,0
2022-04-18 04:45,0,0,0,0,0,0
2022-04-18 05:00,0,0,0,0,0,0
2022-04-18 05:15,0,0,0,0,0,0
2022-04-18 05:30,7,5,2,0,0,0
2022-04-18 05:45,3,0,3,0,0,0
2022-04-18 06:00,3,0,3,0,0,0
2022-04-18 06:15,2,1,1,0,0,0
2022-04-18 06:30,5,4,1,0,0,0
2022-04-18 06:45,2,2,0,0,0,0
2022-04-18 07:00,3,3,0,0,0,0
2022-04-18 07:15,4,3,1,0,0,0
2022-04-18 07:30,7,5,2,0,0,0
2022-04-18 07:45,6,4,2,0,0,0
2022-04-18 08:00,7,5,2,0,0,0
2022-04-18 08:15,10,7,3,0,0,0
2022-04-18 08:30,10,9,1,0,0,0
2022-04-18 08:45,19,13,6,0,0,0
2022-04-18 09:00,17,10,7,0,0,0
2022-04-18 09:15,17,13,4,0,0,0
2022-04-18 09:30,39,26,13,0,0,0
2022-04-18 09:45,41,27,14,0,0,0
2022-04-18 10:00,27,15,12,0,0,0
2022-04-18 10:15,36,26,10,0,0,0
2022-04-18 10:30,43,32,11,0,0,0
2022-04-18 10:45,50,33,17,0,0,0
2022-04-18 11:00,45,29,16,0,0,0
2022-04-18 11:15,46,22,24,0,0,0
2022-04-18 11:30,50,27,23,0,0,0
2022-04-18 11:45,59,37,22,0,0,0
2022-04-18 12:00,59,33,26,0,0,0
2022-04-18 12:15,48,29,19,0,0,0
2022-04-18 12:30,58,25,33,0,0,0
2022-04-18 12:45,84,65,19,0,0,0
2022-04-18 13:00,81,57,24,0,0,0
2022-04-18 13:15,47,21,26,0,0,0
2022-04-18 13:30,75,44,31,0,0,0
2022-04-18 13:45,88,56,32,0,0,0
2022-04-18 14:00,74,42,32,0,0,0
2022-04-18 14:15,86,50,36,0,0,0
2022-04-18 14:30,108,64,44,0,0,0
2022-04-18 14:45,82,37,45,0,0,0
2022-04-18 15:00,79,45,34,0,0,0
2022-04-18 15:15,86,48,38,0,0,0
2022-04-18 15:30,64,36,28,0,0,0
2022-04-18 15:45,87,53,34,0,0,0
2022-04-18 16:00,78,47,31,0,0,0
2022-04-18 16:15,107,56,51,0,0,0
2022-04-18 16:30,74,41,33,0,0,0
2022-04-18 16:45,99,56,43,0,0,0
2022-04-18 17:00,63,32,31,0,0,0
2022-04-18 17:15,84,49,35,0,0,0
2022-04-18 17:30,63,40,23,0,0,0
2022-04-18 17:45,83,48,35,0,0,0
2022-04-18 18:00,80,43,37,0,0,0
2022-04-18 18:15,58,36,22,0,0,0
2022-04-18 18:30,56,33,23,0,0,0
2022-04-18 18:45,54,28,26,0,0,0
2022-04-18 19:00,50,23,27,0,0,0
2022-04-18 19:15,60,27,33,0,0,0
2022-04-18 19:30,66,40,26,0,0,0
2022-04-18 19:45,52,24,28,0,0,0
2022-04-18 20:00,67,41,26,0,0,0
2022-04-18 20:15,48,22,26,0,0,0
2022-04-18 20:30,37,16,21,0,0,0
2022-04-18 20:45,39,22,17,0,0,0
2022-04-18 21:00,28,14,14,0,0,0
2022-04-18 21:15,34,14,20,0,0,0
2022-04-18 21:30,32,20,12,0,0,0
2022-04-18 21:45,19,6,13,0,0,0
2022-04-18 22:00,12,6,6,0,0,0
2022-04-18 22:15,21,8,13,0,0,0
2022-04-18 22:30,14,10,4,0,0,0
2022-04-18 22:45,14,7,7,0,0,0
2022-04-18 23:00,13,4,9,0,0,0
2022-04-18 23:15,11,5,6,0,0,0
2022-04-18 23:30,9,3,6,0,0,0
2022-04-18 23:45,12,5,7,0,0,0
2022-04-19 00:00,8,4,4,0,0,0
2022-04-19 00:15,4,1,3,0,0,0
2022-04-19 00:30,4,0,4,0,0,0
2022-04-19 00:45,7,3,4,0,0,0
2022-04-19 01:00,7,4,3,0,0,0
2022-04-19 01:15,2,0,2,0,0,0
2022-04-19 01:30,0,0,0,0,0,0
2022-04-19 01:45,1,0,1,0,0,0
2022-04-19 02:00,2,1,1,0,0,0
2022-04-19 02:15,0,0,0,0,0,0
2022-04-19 02:30,2,2,0,0,0,0
2022-04-19 02:45,1,1,0,0,0,0
2022-04-19 03:00,1,1,0,0,0,0
2022-04-19 03:15,1,0,1,0,0,0
2022-04-19 03:30,1,1,0,0,0,0
2022-04-19 03:45,4,2,2,0,0,0
2022-04-19 04:00,3,1,2,0,0,0
2022-04-19 04:15,3,2,1,0,0,0
2022-04-19 04:30,0,0,0,0,0,0
2022-04-19 04:45,1,0,1,0,0,0
2022-04-19 05:00,1,1,0,0,0,0
2022-04-19 05:15,5,3,2,0,0,0
2022-04-19 05:30,17,14,3,0,0,0
2022-04-19 05:45,18,7,11,0,0,0
2022-04-19 06:00,26,19,7,0,0,0
2022-04-19 06:15,21,13,8,0,0,0
2022-04-19 06:30,40,22,18,0,0,0
2022-04-19 06:45,46,27,19,0,0,0
2022-04-19 07:00,87,62,25,0,0,0
2022-04-19 07:15,92,59,33,0,0,0
2022-04-19 07:30,118,73,45,0,0,0
2022-04-19 07:45,155,117,38,0,0,0
2022-04-19 08:00,116,88,28,0,0,0
2022-04-19 08:15,108,78,30,0,0,0
2022-04-19 08:30,106,80,26,0,0,0
2022-04-19 08:45,129,92,37,0,0,0
2022-04-19 09:00,104,82,22,0,0,0
2022-04-19 09:15,76,61,15,0,0,0
2022-04-19 09:30,100,85,15,0,0,0
2022-04-19 09:45,137,112,25,0,0,0
2022-04-19 10:00,105,86,19,0,0,0
2022-04-19 10:15,107,68,39,0,0,0
2022-04-19 10:30,104,83,21,0,0,0
2022-04-19 10:45,100,72,28,0,0,0
2022-04-19 11:00,86,57,29,0,0,0
2022-04-19 11:15,108,71,37,0,0,0
2022-04-19 11:30,110,74,36,0,0,0
2022-04-19 11:45,133,85,48,0,0,0
2022-04-19 12:00,131,80,51,0,0,0
2022-04-19 12:15,108,56,52,0,0,0
2022-04-19 12:30,143,92,51,0,0,0
2022-04-19 12:45,111,68,43,0,0,0
2022-04-19 13:00,105,59,46,0,0,0
2022-04-19 13:15,103,59,44,0,0,0
2022-04-19 13:30,103,48,55,0,0,0
2022-04-19 13:45,144,97,47,0,0,0
2022-04-19 14:00,137,87,50,0,0,0
2022-04-19 14:15,149,71,78,0,0,0
2022-04-19 14:30,146,75,71,0,0,0
2022-04-19 14:45,151,81,70,0,0,0
2022-04-19 15:00,123,64,59,0,0,0
2022-04-19 15:15,143,78,65,0,0,0
2022-04-19 15:30,163,98,65,0,0,0
2022-04-19 15:45,202,111,91,0,0,0
2022-04-19 16:00,222,105,117,0,0,0
2022-04-19 16:15,187,93,94,0,0,0
2022-04-19 16:30,183,102,81,0,0,0
2022-04-19 16:45,169,80,89,0,0,0
2022-04-19 17:00,184,94,90,0,0,0
2022-04-19 17:15,174,96,78,0,0,0
2022-04-19 17:30,164,87,77,0,0,0
2022-04-19 17:45,200,115,85,0,0,0
2022-04-19 18:00,183,84,99,0,0,0
2022-04-19 18:15,154,83,71,0,0,0
2022-04-19 18:30,130,55,75,0,0,0
2022-04-19 18:45,108,53,55,0,0,0
2022-04-19 19:00,85,25,60,0,0,0
2022-04-19 19:15,89,41,48,0,0,0
2022-04-19 19:30,85,45,40,0,0,0
2022-04-19 19:45,91,36,55,0,0,0
2022-04-19 20:00,76,26,50,0,0,0
2022-04-19 20:15,75,29,46,0,0,0
2022-04-19 20:30,48,21,27,0,0,0
2022-04-19 20:45,52,25,27,0,0,0
2022-04-19 21:00,36,19,17,0,0,0
2022-04-19 21:15,45,16,29,0,0,0
2022-04-19 21:30,67,27,40,0,0,0
2022-04-19 21:45,35,18,17,0,0,0
2022-04-19 22:00,38,16,22,0,0,0
2022-04-19 22:15,35,11,24,0,0,0
2022-04-19 22:30,40,24,16,0,0,0
2022-04-19 22:45,46,21,25,0,0,0
2022-04-19 23:00,15,8,7,0,0,0
2022-04-19 23:15,23,12,11,0,0,0
2022-04-19 23:30,10,7,3,0,0,0
2022-04-19 23:45,8,1,7,0,0,0
2022-04-20 00:00,7,4,3,0,0,0
2022-04-20 00:15,10,6,4,0,0,0
2022-04-20 00:30,6,3,3,0,0,0
2022-04-20 00:45,4,0,4,0,0,0
2022-04-20 01:00,5,3,2,0,0,0
2022-04-20 01:15,3,3,0,0,0,0
2022-04-20 01:30,2,0,2,0,0,0
2022-04-20 01:45,6,2,4,0,0,0
2022-04-20 02:00,4,0,4,0,0,0
2022-04-20 02:15,3,1,2,0,0,0
2022-04-20 02:30,0,0,0,0,0,0
2022-04-20 02:45,0,0,0,0,0,0
2022-04-20 03:00,2,1,1,0,0,0
2022-04-20 03:15,1,0,1,0,0,0
2022-04-20 03:30,0,0,0,0,0,0
2022-04-20 03:45,0,0,0,0,0,0
2022-04-20 04:00,1,1,0,0,0,0
2022-04-20 04:15,4,1,3,0,0,0
2022-04-20 04:30,1,1,0,0,0,0
2022-04-20 04:45,3,1,2,0,0,0
2022-04-20 05:00,1,1,0,0,0,0
2022-04-20 05:15,4,4,0,0,0,0
2022-04-20 05:30,11,7,4,0,0,0
2022-04-20 05:45,22,12,10,0,0,0
2022-04-20 06:00,19,11,8,0,0,0
2022-04-20 06:15,26,17,9,0,0,0
2022-04-20 06:30,43,26,17,0,0,0
2022-04-20 06:45,61,38,23,0,0,0
2022-04-20 07:00,88,53,35,0,0,0
2022-04-20 07:15,113,74,39,0,0,0
2022-04-20 07:30,135,90,45,0,0,0
2022-04-20 07:45,169,123,46,0,0,0
2022-04-20 08:00,124,97,27,0,0,0
2022-04-20 08:15,145,99,46,0,0,0
2022-04-20 08:30,158,114,44,0,0,0
2022-04-20 08:45,133,104,29,0,0,0
2022-04-20 09:00,114,88,26,0,0,0
2022-04-20 09:15,116,91,25,0,0,0
2022-04-20 09:30,121,86,35,0,0,0
2022-04-20 09:45,181,146,35,0,0,0
2022-04-20 10:00,132,103,29,0,0,0
2022-04-20 10:15,111,90,21,0,0,0
2022-04-20 10:30,108,78,30,0,0,0
2022-04-20 10:45,133,84,49,0,0,0
2022-04-20 11:00,107,78,29,0,0,0
2022-04-20 11:15,156,107,49,0,0,0
2022-04-20 11:30,149,97,52,0,0,0
2022-04-20 11:45,214,141,73,0,0,0
2022-04-20 12:00,158,97,61,0,0,0
2022-04-20 12:15,153,89,64,0,0,0
2022-04-20 12:30,180,115,65,0,0,0
2022-04-20 12:45,152,77,75,0,0,0
2022-04-20 13:00,138,80,58,0,0,0
2022-04-20 13:15,121,57,64,0,0,0
2022-04-20 13:30,135,72,63,0,0,0
2022-04-20 13:45,181,97,84,0,0,0
2022-04-20 14:00,168,81,87,0,0,0
2022-04-20 14:15,131,67,64,0,0,0
2022-04-20 14:30,158,84,74,0,0,0
2022-04-20 14:45,165,83,82,0,0,0
2022-04-20 15:00,131,67,64,0,0,0
2022-04-20 15:15,145,64,81,0,0,0
2022-04-20 15:30,172,85,87,0,0,0
2022-04-20 15:45,177,87,90,0,0,0
2022-04-20 16:00,184,80,104,0,0,0
2022-04-20 16:15,162,90,72,0,0,0
2022-04-20 16:30,170,83,87,0,0,0
2022-04-20 16:45,174,91,83,0,0,0
2022-04-20 17:00,163,84,79,0,0,0
2022-04-20 17:15,143,67,76,0,0,0
2022-04-20 17:30,148,73,75,0,0,0
2022-04-20 17:45,193,99,94,0,0,0
2022-04-20 18:00,141,59,82,0,0,0
2022-04-20 18:15,179,85,94,0,0,0
2022-04-20 18:30,140,72,68,0,0,0
2022-04-20 18:45,155,71,84,0,0,0
2022-04-20 19:00,107,54,53,0,0,0
2022-04-20 19:15,127,58,69,0,0,0
2022-04-20 19:30,89,36,53,0,0,0
2022-04-20 19:45,99,40,59,0,0,0
2022-04-20 20:00,84,46,38,0,0,0
2022-04-20 20:15,74,36,38,0,0,0
2022-04-20 20:30,51,19,32,0,0,0
2022-04-20 20:45,42,14,28,0,0,0
2022-04-20 21:00,57,28,29,0,0,0
2022-04-20 21:15,49,25,24,0,0,0
2022-04-20 21:30,38,23,15,0,0,0
2022-04-20 21:45,60,25,35,0,0,0
2022-04-20 22:00,56,17,39,0,0,0
2022-04-20 22:15,47,24,23,0,0,0
2022-04-20 22:30,40,14,26,0,0,0
2022-04-20 22:45,27,15,12,0,0,0
2022-04-20 23:00,31,14,17,0,0,0
2022-04-20 23:15,47,29,18,0,0,0
2022-04-20 23:30,29,15,14,0,0,0
2022-04-20 23:45,35,25,10,0,0,0
2022-04-21 00:00,11,6,5,0,0,0
2022-04-21 00:15,17,5,12,0,0,0
2022-04-21 00:30,27,20,7,0,0,0
2022-04-21 00:45,19,7,12,0,0,0
2022-04-21 01:00,6,1,5,0,0,0
2022-04-21 01:15,7,1,6,0,0,0
2022-04-21 01:30,6,2,4,0,0,0
2022-04-21 01:45,3,2,1,0,0,0
2022-04-21 02:00,8,2,6,0,0,0
2022-04-21 02:15,8,1,7,0,0,0
2022-04-21 02:30,3,1,2,0,0,0
2022-04-21 02:45,7,2,5,0,0,0
2022-04-21 03:00,3,1,2,0,0,0
2022-04-21 03:15,3,0,3,0,0,0
2022-04-21 03:30,4,2,2,0,0,0
2022-04-21 03:45,2,0,2,0,0,0
2022-04-21 04:00,4,0,4,0,0,0
2022-04-21 04:15,8,2,6,0,0,0
2022-04-21 04:30,0,0,0,0,0,0
2022-04-21 04:45,1,0,1,0,0,0
2022-04-21 05:00,5,2,3,0,0,0
2022-04-21 05:15,3,2,1,0,0,0
2022-04-21 05:30,13,8,5,0,0,0
2022-04-21 05:45,25,14,11,0,0,0
2022-04-21 06:00,21,15,6,0,0,0
2022-04-21 06:15,29,19,10,0,0,0
2022-04-21 06:30,44,27,17,0,0,0
2022-04-21 06:45,67,45,22,0,0,0
2022-04-21 07:00,81,47,34,0,0,0
2022-04-21 07:15,96,57,39,0,0,0
2022-04-21 07:30,129,89,40,0,0,0
2022-04-21 07:45,145,101,44,0,0,0
2022-04-21 08:00,120,91,29,0,0,0
2022-04-21 08:15,119,84,35,0,0,0
2022-04-21 08:30,117,92,25,0,0,0
2022-04-21 08:45,117,95,22,0,0,0
2022-04-21 09:00,89,75,14,0,0,0
2022-04-21 09:15,101,69,32,0,0,0
2022-04-21 09:30,145,117,28,0,0,0
2022-04-21 09:45,148,117,31,0,0,0
2022-04-21 10:00,105,76,29,0,0,0
2022-04-21 10:15,94,66,28,0,0,0
2022-04-21 10:30,116,87,29,0,0,0
2022-04-21 10:45,102,56,46,0,0,0
2022-04-21 11:00,96,64,32,0,0,0
2022-04-21 11:15,92,63,29,0,0,0
2022-04-21 11:30,116,77,39,0,0,0
2022-04-21 11:45,162,96,66,0,0,0
2022-04-21 12:00,125,71,54,0,0,0
2022-04-21 12:15,116,64,52,0,0,0
2022-04-21 12:30,121,69,52,0,0,0
2022-04-21 12:45,128,70,58,0,0,0
2022-04-21 13:00,124,68,56,0,0,0
2022-04-21 13:15,104,58,46,0,0,0
2022-04-21 13:30,113,66,47,0,0,0
2022-04-21 13:45,137,82,55,0,0,0
2022-04-21 14:00,148,80,68,0,0,0
2022-04-21 14:15,134,83,51,0,0,0
2022-04-21 14:30,150,88,62,0,0,0
2022-04-21 14:45,121,76,45,0,0,0
2022-04-21 15:00,130,75,55,0,0,0
2022-04-21 15:15,136,82,54,0,0,0
2022-04-21 15:30,131,87,44,0,0,0
2022-04-21 15:45,185,104,81,0,0,0
2022-04-21 16:00,169,86,83,0,0,0
2022-04-21 16:15,181,100,81,0,0,0
2022-04-21 16:30,130,67,63,0,0,0
2022-04-21 16:45,158,76,82,0,0,0
2022-04-21 17:00,164,84,80,0,0,0
2022-04-21 17:15,157,75,82,0,0,0
2022-04-21 17:30,186,91,95,0,0,0
2022-04-21 17:45,194,86,108,0,0,0
2022-04-21 18:00,175,76,99,0,0,0
2022-04-21 18:15,134,75,59,0,0,0
2022-04-21 18:30,121,40,81,0,0,0
2022-04-21 18:45,114,58,56,0,0,0
2022-04-21 19:00,99,43,56,0,0,0
2022-04-21 19:15,108,52,56,0,0,0
2022-04-21 19:30,70,33,37,0,0,0
2022-04-21 19:45,83,41,42,0,0,0
2022-04-21 20:00,61,20,41,0,0,0
2022-04-21 20:15,65,25,40,0,0,0
2022-04-21 20:30,52,28,24,0,0,0
2022-04-21 20:45,54,23,31,0,0,0
2022-04-21 21:00,57,24,33,0,0,0
2022-04-21 21:15,49,28,21,0,0,0
2022-04-21 21:30,50,26,24,0,0,0
2022-04-21 21:45,35,11,24,0,0,0
2022-04-21 22:00,45,24,21,0,0,0
2022-04-21 22:15,41,13,28,0,0,0
2022-04-21 22:30,45,20,25,0,0,0
2022-04-21 22:45,37,22,15,0,0,0
2022-04-21 23:00,25,9,16,0,0,0
2022-04-21 23:15,32,9,23,0,0,0
2022-04-21 23:30,16,7,9,0,0,0
2022-04-21 23:45,32,10,22,0,0,0
2022-04-22 00:00,18,13,5,0,0,0
2022-04-22 00:15,14,10,4,0,0,0
2022-04-22 00:30,8,2,6,0,0,0
2022-04-22 00:45,5,3,2,0,0,0
2022-04-22 01:00,12,6,6,0,0,0
2022-04-22 01:15,7,3,4,0,0,0
2022-04-22 01:30,7,2,5,0,0,0
2022-04-22 01:45,1,0,1,0,0,0
2022-04-22 02:00,7,0,7,0,0,0
2022-04-22 02:15,1,0,1,0,0,0
2022-04-22 02:30,3,2,1,0,0,0
2022-04-22 02:45,2,0,2,0,0,0
2022-04-22 03:00,1,1,0,0,0,0
2022-04-22 03:15,2,0,2,0,0,0
2022-04-22 03:30,0,0,0,0,0,0
2022-04-22 03:45,1,0,1,0,0,0
2022-04-22 04:00,1,1,0,0,0,0
2022-04-22 04:15,5,3,2,0,0,0
2022-04-22 04:30,1,0,1,0,0,0
2022-04-22 04:45,3,2,1,0,0,0
2022-04-22 05:00,4,3,1,0,0,0
2022-04-22 05:15,3,3,0,0,0,0
2022-04-22 05:30,12,8,4,0,0,0
2022-04-22 05:45,20,9,11,0,0,0
2022-04-22 06:00,18,12,6,0,0,0
2022-04-22 06:15,24,16,8,0,0,0
2022-04-22 06:30,47,28,19,0,0,0
2022-04-22 06:45,47,36,11,0,0,0
2022-04-22 07:00,74,50,24,0,0,0
2022-04-22 07:15,75,38,37,0,0,0
2022-04-22 07:30,115,84,31,0,0,0
2022-04-22 07:45,145,99,46,0,0,0
2022-04-22 08:00,105,78,27,0,0,0
2022-04-22 08:15,128,89,39,0,0,0
2022-04-22 08:30,127,100,27,0,0,0
2022-04-22 08:45,144,103,41,0,0,0
2022-04-22 09:00,77,51,26,0,0,0
2022-04-22 09:15,89,61,28,0,0,0
2022-04-22 09:30,109,82,27,0,0,0
2022-04-22 09:45,144,100,44,0,0,0
2022-04-22 10:00,106,80,26,0,0,0
2022-04-22 10:15,110,74,36,0,0,0
2022-04-22 10:30,97,61,36,0,0,0
2022-04-22 10:45,121,79,42,0,0,0
2022-04-22 11:00,94,66,28,0,0,0
2022-04-22 11:15,99,54,45,0,0,0
2022-04-22 11:30,99,65,34,0,0,0
2022-04-22 11:45,129,82,47,0,0,0
2022-04-22 12:00,133,73,60,0,0,0
2022-04-22 12:15,124,77,47,0,0,0
2022-04-22 12:30,108,58,50,0,0,0
2022-04-22 12:45,130,82,48,0,0,0
2022-04-22 13:00,121,63,58,0,0,0
2022-04-22 13:15,119,72,47,0,0,0
2022-04-22 13:30,135,78,57,0,0,0
2022-04-22 13:45,129,76,53,0,0,0
2022-04-22 14:00,131,85,46,0,0,0
2022-04-22 14:15,161,85,76,0,0,0
2022-04-22 14:30,137,74,63,0,0,0
2022-04-22 14:45,149,81,68,0,0,0
2022-04-22 15:00,104,53,51,0,0,0
2022-04-22 15:15,132,79,53,0,0,0
2022-04-22 15:30,129,69,60,0,0,0
2022-04-22 15:45,136,71,65,0,0,0
2022-04-22 16:00,127,59,68,0,0,0
2022-04-22 16:15,130,64,66,0,0,0
2022-04-22 16:30,109,62,47,0,0,0
2022-04-22 16:45,129,63,66,0,0,0
2022-04-22 17:00,147,70,77,0,0,0
2022-04-22 17:15,120,54,66,0,0,0
2022-04-22 17:30,119,68,51,0,0,0
2022-04-22 17:45,142,77,65,0,0,0
2022-04-22 18:00,111,50,61,0,0,0
2022-04-22 18:15,126,59,67,0,0,0
2022-04-22 18:30,98,34,64,0,0,0
2022-04-22 18:45,99,43,56,0,0,0
2022-04-22 19:00,81,36,45,0,0,0
2022-04-22 19:15,113,71,42,0,0,0
2022-04-22 19:30,90,46,44,0,0,0
2022-04-22 19:45,104,44,60,0,0,0
2022-04-22 20:00,92,40,52,0,0,0
2022-04-22 20:15,69,27,42,0,0,0
2022-04-22 20:30,61,36,25,0,0,0
2022-04-22 20:45,55,29,26,0,0,0
2022-04-22 21:00,61,31,30,0,0,0
2022-04-22 21:15,40,16,24,0,0,0
2022-04-22 21:30,61,31,30,0,0,0
2022-04-22 21:45,27,9,18,0,0,0
2022-04-22 22:00,43,26,17,0,0,0
2022-04-22 22:15,40,14,26,0,0,0
2022-04-22 22:30,43,23,20,0,0,0
2022-04-22 22:45,33,18,15,0,0,0
2022-04-22 23:00,47,27,20,0,0,0
2022-04-22 23:15,40,17,23,0,0,0
2022-04-22 23:30,57,26,31,0,0,0
2022-04-22 23:45,22,9,13,0,0,0
2022-04-23 00:00,35,18,17,0,0,0
2022-04-23 00:15,30,14,16,0,0,0
2022-04-23 00:30,25,5,20,0,0,0
2022-04-23 00:45,21,10,11,0,0,0
2022-04-23 01:00,13,7,6,0,0,0
2022-04-23 01:15,18,8,10,0,0,0
2022-04-23 01:30,19,6,13,0,0,0
2022-04-23 01:45,22,14,8,0,0,0
2022-04-23 02:00,16,10,6,0,0,0
2022-04-23 02:15,20,8,12,0,0,0
2022-04-23 02:30,11,6,5,0,0,0
2022-04-23 02:45,11,4,7,0,0,0
2022-04-23 03:00,14,8,6,0,0,0
2022-04-23 03:15,10,1,9,0,0,0
2022-04-23 03:30,5,3,2,0,0,0
2022-04-23 03:45,11,5,6,0,0,0
2022-04-23 04:00,10,2,8,0,0,0
2022-04-23 04:15,5,2,3,0,0,0
2022-04-23 04:30,8,1,7,0,0,0
2022-04-23 04:45,2,1,1,0,0,0
2022-04-23 05:00,4,2,2,0,0,0
2022-04-23 05:15,5,2,3,0,0,0
2022-04-23 05:30,9,3,6,0,0,0
2022-04-23 05:45,6,3,3,0,0,0
2022-04-23 06:00,7,4,3,0,0,0
2022-04-23 06:15,5,4,1,0,0,0
2022-04-23 06:30,10,6,4,0,0,0
2022-04-23 06:45,22,15,7,0,0,0
2022-04-23 07:00,10,5,5,0,0,0
2022-04-23 07:15,16,13,3,0,0,0
2022-04-23 07:30,24,16,8,0,0,0
2022-04-23 07:45,31,18,13,0,0,0
2022-04-23 08:00,42,29,13,0,0,0
2022-04-23 08:15,34,30,4,0,0,0
2022-04-23 08:30,53,40,13,0,0,0
2022-04-23 08:45,72,53,19,0,0,0
2022-04-23 09:00,49,40,9,0,0,0
2022-04-23 09:15,69,51,18,0,0,0
2022-04-23 09:30,83,66,17,0,0,0
2022-04-23 09:45,124,99,25,0,0,0
2022-04-23 10:00,107,77,30,0,0,0
2022-04-23 10:15,134,100,34,0,0,0
2022-04-23 10:30,152,109,43,0,0,0
2022-04-23 10:45,152,104,48,0,0,0
2022-04-23 11:00,156,109,47,0,0,0
2022-04-23 11:15,155,107,48,0,0,0
2022-04-23 11:30,132,84,48,0,0,0
2022-04-23 11:45,181,135,46,0,0,0
2022-04-23 12:00,142,89,53,0,0,0
2022-04-23 12:15,146,88,58,0,0,0
2022-04-23 12:30,170,109,61,0,0,0
2022-04-23 12:45,167,99,68,0,0,0
2022-04-23 13:00,125,76,49,0,0,0
2022-04-23 13:15,178,103,75,0,0,0
2022-04-23 13:30,147,79,68,0,0,0
2022-04-23 13:45,167,91,76,0,0,0
2022-04-23 14:00,163,90,73,0,0,0
2022-04-23 14:15,150,75,75,0,0,0
2022-04-23 14:30,101,43,58,0,0,0
2022-04-23 14:45,134,65,69,0,0,0
2022-04-23 15:00,119,52,67,0,0,0
2022-04-23 15:15,130,59,71,0,0,0
2022-04-23 15:30,131,65,66,0,0,0
2022-04-23 15:45,115,62,53,0,0,0
2022-04-23 16:00,87,43,44,0,0,0
2022-04-23 16:15,86,45,41,0,0,0
2022-04-23 16:30,102,44,58,0,0,0
2022-04-23 16:45,100,50,50,0,0,0
2022-04-23 17:00,72,37,35,0,0,0
2022-04-23 17:15,101,43,58,0,0,0
2022-04-23 17:30,112,60,52,0,0,0
2022-04-23 17:45,153,91,62,0,0,0
2022-04-23 18:00,145,68,77,0,0,0
2022-04-23 18:15,114,60,54,0,0,0
2022-04-23 18:30,100,51,49,0,0,0
2022-04-23 18:45,113,69,44,0,0,0
2022-04-23 19:00,100,60,40,0,0,0
2022-04-23 19:15,83,49,34,0,0,0
2022-04-23 19:30,76,36,40,0,0,0
2022-04-23 19:45,76,40,36,0,0,0
2022-04-23 20:00,63,35,28,0,0,0
2022-04-23 20:15,59,26,33,0,0,0
2022-04-23 20:30,53,30,23,0,0,0
2022-04-23 20:45,61,36,25,0,0,0
2022-04-23 21:00,54,32,22,0,0,0
2022-04-23 21:15,60,29,31,0,0,0
2022-04-23 21:30,41,20,21,0,0,0
2022-04-23 21:45,44,21,23,0,0,0
2022-04-23 22:00,35,17,18,0,0,0
2022-04-23 22:15,40,19,21,0,0,0
2022-04-23 22:30,48,26,22,0,0,0
2022-04-23 22:45,45,20,25,0,0,0
2022-04-23 23:00,33,16,17,0,0,0
2022-04-23 23:15,44,23,21,0,0,0
2022-04-23 23:30,31,16,15,0,0,0
2022-04-23 23:45,30,12,18,0,0,0
2022-04-24 00:00,28,16,12,0,0,0
2022-04-24 00:15,38,23,15,0,0,0
2022-04-24 00:30,26,10,16,0,0,0
2022-04-24 00:45,27,8,19,0,0,0
2022-04-24 01:00,24,11,13,0,0,0
2022-04-24 01:15,20,8,12,0,0,0
2022-04-24 01:30,14,2,12,0,0,0
2022-04-24 01:45,22,5,17,0,0,0
2022-04-24 02:00,13,5,8,0,0,0
2022-04-24 02:15,16,5,11,0,0,0
2022-04-24 02:30,12,6,6,0,0,0
2022-04-24 02:45,18,5,13,0,0,0
2022-04-24 03:00,11,4,7,0,0,0
2022-04-24 03:15,13,1,12,0,0,0
2022-04-24 03:30,10,1,9,0,0,0
2022-04-24 03:45,4,2,2,0,0,0
2022-04-24 04:00,4,1,3,0,0,0
2022-04-24 04:15,1,0,1,0,0,0
2022-04-24 04:30,8,1,7,0,0,0
2022-04-24 04:45,7,2,5,0,0,0
2022-04-24 05:00,5,3,2,0,0,0
2022-04-24 05:15,6,2,4,0,0,0
2022-04-24 05:30,10,4,6,0,0,0
2022-04-24 05:45,8,2,6,0,0,0
2022-04-24 06:00,9,6,3,0,0,0
2022-04-24 06:15,8,4,4,0,0,0
2022-04-24 06:30,10,4,6,0,0,0
2022-04-24 06:45,8,6,2,0,0,0
2022-04-24 07:00,4,2,2,0,0,0
2022-04-24 07:15,10,9,1,0,0,0
2022-04-24 07:30,7,2,5,0,0,0
2022-04-24 07:45,9,7,2,0,0,0
2022-04-24 08:00,19,11,8,0,0,0
2022-04-24 08:15,13,11,2,0,0,0
2022-04-24 08:30,27,15,12,0,0,0
2022-04-24 08:45,26,20,6,0,0,0
2022-04-24 09:00,21,13,8,0,0,0
2022-04-24 09:15,26,17,9,0,0,0
2022-04-24 09:30,40,27,13,0,0,0
2022-04-24 09:45,53,41,12,0,0,0
2022-04-24 10:00,48,34,14,0,0,0
2022-04-24 10:15,35,19,16,0,0,0
2022-04-24 10:30,47,38,9,0,0,0
2022-04-24 10:45,40,29,11,0,0,0
2022-04-24 11:00,51,27,24,0,0,0
2022-04-24 11:15,59,36,23,0,0,0
2022-04-24 11:30,61,36,25,0,0,0
2022-04-24 11:45,63,38,25,0,0,0
2022-04-24 12:00,70,44,26,0,0,0
2022-04-24 12:15,50,22,28,0,0,0
2022-04-24 12:30,68,36,32,0,0,0
2022-04-24 12:45,77,39,38,0,0,0
2022-04-24 13:00,63,39,24,0,0,0
2022-04-24 13:15,65,39,26,0,0,0
2022-04-24 13:30,97,58,39,0,0,0
2022-04-24 13:45,98,60,38,0,0,0
2022-04-24 14:00,88,51,37,0,0,0
2022-04-24 14:15,80,48,32,0,0,0
2022-04-24 14:30,107,62,45,0,0,0
2022-04-24 14:45,108,70,38,0,0,0
2022-04-24 15:00,98,56,42,0,0,0
2022-04-24 15:15,109,70,39,0,0,0
2022-04-24 15:30,91,59,32,0,0,0
2022-04-24 15:45,89,57,32,0,0,0
2022-04-24 16:00,92,54,38,0,0,0
2022-04-24 16:15,83,56,27,0,0,0
2022-04-24 16:30,77,42,35,0,0,0
2022-04-24 16:45,90,53,37,0,0,0
2022-04-24 17:00,67,38,29,0,0,0
2022-04-24 17:15,99,58,41,0,0,0
2022-04-24 17:30,81,50,31,0,0,0
2022-04-24 17:45,92,62,30,0,0,0
2022-04-24 18:00,87,45,42,0,0,0
2022-04-24 18:15,80,49,31,0,0,0
2022-04-24 18:30,63,32,31,0,0,0
2022-04-24 18:45,72,40,32,0,0,0
2022-04-24 19:00,43,21,22,0,0,0
2022-04-24 19:15,65,36,29,0,0,0
2022-04-24 19:30,48,27,21,0,0,0
2022-04-24 19:45,45,22,23,0,0,0
2022-04-24 20:00,48,29,19,0,0,0
2022-04-24 20:15,39,10,29,0,0,0
2022-04-24 20:30,38,13,25,0,0,0
2022-04-24 20:45,29,12,17,0,0,0
2022-04-24 21:00,36,19,17,0,0,0
2022-04-24 21:15,37,21,16,0,0,0
2022-04-24 21:30,33,14,19,0,0,0
2022-04-24 21:45,27,13,14,0,0,0
2022-04-24 22:00,27,16,11,0,0,0
2022-04-24 22:15,16,8,8,0,0,0
2022-04-24 22:30,21,9,12,0,0,0
2022-04-24 22:45,15,7,8,0,0,0
2022-04-24 23:00,14,8,6,0,0,0
2022-04-24 23:15,6,5,1,0,0,0
2022-04-24 23:30,5,4,1,0,0,0
2022-04-24 23:45,7,3,4,0,0,0
2022-04-25 00:00,3,1,2,0,0,0
2022-04-25 00:15,6,5,1,0,0,0
2022-04-25 00:30,2,0,2,0,0,0
2022-04-25 00:45,7,1,6,0,0,0
2022-04-25 01:00,1,0,1,0,0,0
2022-04-25 01:15,1,1,0,0,0,0
2022-04-25 01:30,2,1,1,0,0,0
2022-04-25 01:45,1,0,1,0,0,0
2022-04-25 02:00,1,0,1,0,0,0
2022-04-25 02:15,4,0,4,0,0,0
2022-04-25 02:30,0,0,0,0,0,0
2022-04-25 02:45,0,0,0,0,0,0
2022-04-25 03:00,2,2,0,0,0,0
2022-04-25 03:15,0,0,0,0,0,0
2022-04-25 03:30,1,1,0,0,0,0
2022-04-25 03:45,0,0,0,0,0,0
2022-04-25 04:00,1,1,0,0,0,0
2022-04-25 04:15,2,1,1,0,0,0
2022-04-25 04:30,1,1,0,0,0,0
2022-04-25 04:45,5,0,5,0,0,0
2022-04-25 05:00,4,4,0,0,0,0
2022-04-25 05:15,5,5,0,0,0,0
2022-04-25 05:30,11,6,5,0,0,0
2022-04-25 05:45,11,6,5,0,0,0
2022-04-25 06:00,15,10,5,0,0,0
2022-04-25 06:15,30,21,9,0,0,0
2022-04-25 06:30,61,35,26,0,0,0
2022-04-25 06:45,55,38,17,0,0,0
2022-04-25 07:00,104,69,35,0,0,0
2022-04-25 07:15,171,127,44,0,0,0
2022-04-25 07:30,334,280,54,0,0,0
2022-04-25 07:45,216,146,70,0,0,0
2022-04-25 08:00,167,124,43,0,0,0
2022-04-25 08:15,151,114,37,0,0,0
2022-04-25 08:30,138,101,37,0,0,0
2022-04-25 08:45,148,108,40,0,0,0
2022-04-25 09:00,111,88,23,0,0,0
2022-04-25 09:15,91,68,23,0,0,0
2022-04-25 09:30,108,83,25,0,0,0
2022-04-25 09:45,142,115,27,0,0,0
2022-04-25 10:00,90,71,19,0,0,0
2022-04-25 10:15,57,32,25,0,0,0
2022-04-25 10:30,89,67,22,0,0,0
2022-04-25 10:45,74,51,23,0,0,0
2022-04-25 11:00,94,58,36,0,0,0
2022-04-25 11:15,81,49,32,0,0,0
2022-04-25 11:30,77,42,35,0,0,0
2022-04-25 11:45,128,86,42,0,0,0
2022-04-25 12:00,124,72,52,0,0,0
2022-04-25 12:15,113,57,56,0,0,0
2022-04-25 12:30,129,50,79,0,0,0
2022-04-25 12:45,123,72,51,0,0,0
2022-04-25 13:00,133,47,86,0,0,0
2022-04-25 13:15,110,52,58,0,0,0
2022-04-25 13:30,105,64,41,0,0,0
2022-04-25 13:45,117,58,59,0,0,0
2022-04-25 14:00,140,64,76,0,0,0
2022-04-25 14:15,94,45,49,0,0,0
2022-04-25 14:30,97,53,44,0,0,0
2022-04-25 14:45,127,68,59,0,0,0
2022-04-25 15:00,116,70,46,0,0,0
2022-04-25 15:15,125,82,43,0,0,0
2022-04-25 15:30,144,81,63,0,0,0
2022-04-25 15:45,162,96,66,0,0,0
2022-04-25 16:00,167,94,73,0,0,0
2022-04-25 16:15,127,63,64,0,0,0
2022-04-25 16:30,140,70,70,0,0,0
2022-04-25 16:45,157,80,77,0,0,0
2022-04-25 17:00,149,77,72,0,0,0
2022-04-25 17:15,141,66,75,0,0,0
2022-04-25 17:30,164,83,81,0,0,0
2022-04-25 17:45,166,82,84,0,0,0
2022-04-25 18:00,158,62,96,0,0,0
2022-04-25 18:15,131,65,66,0,0,0
2022-04-25 18:30,125,53,72,0,0,0
2022-04-25 18:45,109,53,56,0,0,0
2022-04-25 19:00,82,32,50,0,0,0
2022-04-25 19:15,78,47,31,0,0,0
2022-04-25 19:30,78,52,26,0,0,0
2022-04-25 19:45,79,46,33,0,0,0
2022-04-25 20:00,63,29,34,0,0,0
2022-04-25 20:15,44,20,24,0,0,0
2022-04-25 20:30,43,22,21,0,0,0
2022-04-25 20:45,46,21,25,0,0,0
2022-04-25 21:00,46,30,16,0,0,0
2022-04-25 21:15,46,20,26,0,0,0
2022-04-25 21:30,37,13,24,0,0,0
2022-04-25 21:45,39,17,22,0,0,0
2022-04-25 22:00,24,7,17,0,0,0
2022-04-25 22:15,38,11,27,0,0,0
2022-04-25 22:30,25,8,17,0,0,0
2022-04-25 22:45,23,11,12,0,0,0
2022-04-25 23:00,20,6,14,0,0,0
2022-04-25 23:15,12,3,9,0,0,0
2022-04-25 23:30,13,4,9,0,0,0
2022-04-25 23:45,12,3,9,0,0,0
2022-04-26 00:00,12,7,5,0,0,0
2022-04-26 00:15,4,0,4,0,0,0
2022-04-26 00:30,10,5,5,0,0,0
2022-04-26 00:45,4,0,4,0,0,0
2022-04-26 01:00,3,0,3,0,0,0
2022-04-26 01:15,6,3,3,0,0,0
2022-04-26 01:30,1,1,0,0,0,0
2022-04-26 01:45,1,1,0,0,0,0
2022-04-26 02:00,1,0,1,0,0,0
2022-04-26 02:15,0,0,0,0,0,0
2022-04-26 02:30,1,1,0,0,0,0
2022-04-26 02:45,0,0,0,0,0,0
2022-04-26 03:00,0,0,0,0,0,0
2022-04-26 03:15,0,0,0,0,0,0
2022-04-26 03:30,0,0,0,0,0,0
2022-04-26 03:45,0,0,0,0,0,0
2022-04-26 04:00,0,0,0,0,0,0
2022-04-26 04:15,3,2,1,0,0,0
2022-04-26 04:30,0,0,0,0,0,0
2022-04-26 04:45,3,2,1,0,0,0
2022-04-26 05:00,2,2,0,0,0,0
2022-04-26 05:15,3,3,0,0,0,0
2022-04-26 05:30,11,6,5,0,0,0
2022-04-26 05:45,14,8,6,0,0,0
2022-04-26 06:00,20,16,4,0,0,0
2022-04-26 06:15,33,21,12,0,0,0
2022-04-26 06:30,60,38,22,0,0,0
2022-04-26 06:45,65,44,21,0,0,0
2022-04-26 07:00,114,80,34,0,0,0
2022-04-26 07:15,189,143,46,0,0,0
2022-04-26 07:30,309,250,59,0,0,0
2022-04-26 07:45,262,193,69,0,0,0
2022-04-26 08:00,183,140,43,0,0,0
2022-04-26 08:15,170,125,45,0,0,0
2022-04-26 08:30,155,118,37,0,0,0
2022-04-26 08:45,147,108,39,0,0,0
2022-04-26 09:00,116,83,33,0,0,0
2022-04-26 09:15,127,95,32,0,0,0
2022-04-26 09:30,124,91,33,0,0,0
2022-04-26 09:45,166,127,39,0,0,0
2022-04-26 10:00,128,90,38,0,0,0
2022-04-26 10:15,103,69,34,0,0,0
2022-04-26 10:30,106,74,32,0,0,0
2022-04-26 10:45,99,64,35,0,0,0
2022-04-26 11:00,88,56,32,0,0,0
2022-04-26 11:15,93,52,41,0,0,0
2022-04-26 11:30,107,69,38,0,0,0
2022-04-26 11:45,132,77,55,0,0,0
2022-04-26 12:00,121,76,45,0,0,0
2022-04-26 12:15,133,76,57,0,0,0
2022-04-26 12:30,127,53,74,0,0,0
2022-04-26 12:45,121,66,55,0,0,0
2022-04-26 13:00,133,65,68,0,0,0
2022-04-26 13:15,145,78,67,0,0,0
2022-04-26 13:30,133,77,56,0,0,0
2022-04-26 13:45,215,124,91,0,0,0
2022-04-26 14:00,139,69,70,0,0,0
2022-04-26 14:15,124,52,72,0,0,0
2022-04-26 14:30,123,66,57,0,0,0
2022-04-26 14:45,163,92,71,0,0,0
2022-04-26 15:00,132,79,53,0,0,0
2022-04-26 15:15,169,91,78,0,0,0
2022-04-26 15:30,163,95,68,0,0,0
2022-04-26 15:45,197,107,90,0,0,0
2022-04-26 16:00,192,105,87,0,0,0
2022-04-26 16:15,194,92,102,0,0,0
2022-04-26 16:30,179,110,69,0,0,0
2022-04-26 16:45,217,123,94,0,0,0
2022-04-26 17:00,186,107,79,0,0,0
2022-04-26 17:15,144,64,80,0,0,0
2022-04-26 17:30,182,82,100,0,0,0
2022-04-26 17:45,248,128,120,0,0,0
2022-04-26 18:00,195,87,108,0,0,0
2022-04-26 18:15,175,76,99,0,0,0
2022-04-26 18:30,170,96,74,0,0,0
2022-04-26 18:45,161,75,86,0,0,0
2022-04-26 19:00,120,51,69,0,0,0
2022-04-26 19:15,124,64,60,0,0,0
2022-04-26 19:30,99,50,49,0,0,0
2022-04-26 19:45,119,39,80,0,0,0
2022-04-26 20:00,98,47,51,0,0,0
2022-04-26 20:15,89,36,53,0,0,0
2022-04-26 20:30,77,36,41,0,0,0
2022-04-26 20:45,51,23,28,0,0,0
2022-04-26 21:00,60,30,30,0,0,0
2022-04-26 21:15,53,18,35,0,0,0
2022-04-26 21:30,50,18,32,0,0,0
2022-04-26 21:45,57,30,27,0,0,0
2022-04-26 22:00,56,28,28,0,0,0
2022-04-26 22:15,43,23,20,0,0,0
2022-04-26 22:30,40,20,20,0,0,0
2022-04-26 22:45,43,19,24,0,0,0
2022-04-26 23:00,22,10,12,0,0,0
2022-04-26 23:15,31,15,16,0,0,0
2022-04-26 23:30,18,7,11,0,0,0
2022-04-26 23:45,16,10,6,0,0,0
2022-04-27 00:00,10,4,6,0,0,0
2022-04-27 00:15,9,4,5,0,0,0
2022-04-27 00:30,8,1,7,0,0,0
2022-04-27 00:45,8,3,5,0,0,0
2022-04-27 01:00,8,5,3,0,0,0
2022-04-27 01:15,4,2,2,0,0,0
2022-04-27 01:30,2,0,2,0,0,0
2022-04-27 01:45,6,1,5,0,0,0
2022-04-27 02:00,1,0,1,0,0,0
2022-04-27 02:15,3,1,2,0,0,0
2022-04-27 02:30,1,1,0,0,0,0
2022-04-27 02:45,2,1,1,0,0,0
2022-04-27 03:00,0,0,0,0,0,0
2022-04-27 03:15,0,0,0,0,0,0
2022-04-27 03:30,0,0,0,0,0,0
2022-04-27 03:45,2,2,0,0,0,0
2022-04-27 04:00,0,0,0,0,0,0
2022-04-27 04:15,3,2,1,0,0,0
2022-04-27 04:30,1,0,1,0,0,0
2022-04-27 04:45,3,2,1,0,0,0
2022-04-27 05:00,6,4,2,0,0,0
2022-04-27 05:15,2,1,1,0,0,0
2022-04-27 05:30,11,9,2,0,0,0
2022-04-27 05:45,16,10,6,0,0,0
2022-04-27 06:00,25,18,7,0,0,0
2022-04-27 06:15,32,24,8,0,0,0
2022-04-27 06:30,62,33,29,0,0,0
2022-04-27 06:45,80,47,33,0,0,0
2022-04-27 07:00,116,76,40,0,0,0
2022-04-27 07:15,187,148,39,0,0,0
2022-04-27 07:30,319,251,68,0,0,0
2022-04-27 07:45,246,176,70,0,0,0
2022-04-27 08:00,201,155,46,0,0,0
2022-04-27 08:15,194,141,53,0,0,0
2022-04-27 08:30,173,128,45,0,0,0
2022-04-27 08:45,191,143,48,0,0,0
2022-04-27 09:00,142,111,31,0,0,0
2022-04-27 09:15,136,104,32,0,0,0
2022-04-27 09:30,159,119,40,0,0,0
2022-04-27 09:45,180,160,20,0,0,0
2022-04-27 10:00,130,101,29,0,0,0
2022-04-27 10:15,140,106,34,0,0,0
2022-04-27 10:30,135,94,41,0,0,0
2022-04-27 10:45,135,94,41,0,0,0
2022-04-27 11:00,123,69,54,0,0,0
2022-04-27 11:15,150,89,61,0,0,0
2022-04-27 11:30,148,88,60,0,0,0
2022-04-27 11:45,158,87,71,0,0,0
2022-04-27 12:00,170,103,67,0,0,0
2022-04-27 12:15,153,82,71,0,0,0
2022-04-27 12:30,157,78,79,0,0,0
2022-04-27 12:45,171,98,73,0,0,0
2022-04-27 13:00,159,84,75,0,0,0
2022-04-27 13:15,207,100,107,0,0,0
2022-04-27 13:30,138,67,71,0,0,0
2022-04-27 13:45,181,92,89,0,0,0
2022-04-27 14:00,179,80,99,0,0,0
2022-04-27 14:15,166,77,89,0,0,0
2022-04-27 14:30,174,75,99,0,0,0
2022-04-27 14:45,188,90,98,0,0,0
2022-04-27 15:00,183,77,106,0,0,0
2022-04-27 15:15,153,80,73,0,0,0
2022-04-27 15:30,203,103,100,0,0,0
2022-04-27 15:45,180,92,88,0,0,0
2022-04-27 16:00,187,94,93,0,0,0
2022-04-27 16:15,207,109,98,0,0,0
2022-04-27 16:30,215,109,106,0,0,0
2022-04-27 16:45,188,92,96,0,0,0
2022-04-27 17:00,188,101,87,0,0,0
2022-04-27 17:15,230,110,120,0,0,0
2022-04-27 17:30,212,101,111,0,0,0
2022-04-27 17:45,207,116,91,0,0,0
2022-04-27 18:00,162,52,110,0,0,0
2022-04-27 18:15,179,81,98,0,0,0
2022-04-27 18:30,189,96,93,0,0,0
2022-04-27 18:45,162,76,86,0,0,0
2022-04-27 19:00,135,68,67,0,0,0
2022-04-27 19:15,140,83,57,0,0,0
2022-04-27 19:30,112,55,57,0,0,0
2022-04-27 19:45,109,55,54,0,0,0
2022-04-27 20:00,110,54,56,0,0,0
2022-04-27 20:15,70,29,41,0,0,0
2022-04-27 20:30,75,36,39,0,0,0
2022-04-27 20:45,70,39,31,0,0,0
2022-04-27 21:00,78,45,33,0,0,0
2022-04-27 21:15,56,21,35,0,0,0
2022-04-27 21:30,74,34,40,0,0,0
2022-04-27 21:45,85,38,47,0,0,0
2022-04-27 22:00,64,34,30,0,0,0
2022-04-27 22:15,57,23,34,0,0,0
2022-04-27 22:30,59,20,39,0,0,0
2022-04-27 22:45,54,23,31,0,0,0
2022-04-27 23:00,37,18,19,0,0,0
2022-04-27 23:15,33,18,15,0,0,0
2022-04-27 23:30,28,11,17,0,0,0
2022-04-27 23:45,31,8,23,0,0,0
2022-04-28 00:00,13,4,9,0,0,0
2022-04-28 00:15,16,1,15,0,0,0
2022-04-28 00:30,10,3,7,0,0,0
2022-04-28 00:45,8,3,5,0,0,0
2022-04-28 01:00,7,3,4,0,0,0
2022-04-28 01:15,5,0,5,0,0,0
2022-04-28 01:30,6,3,3,0,0,0
2022-04-28 01:45,6,4,2,0,0,0
2022-04-28 02:00,3,0,3,0,0,0
2022-04-28 02:15,2,0,2,0,0,0
2022-04-28 02:30,3,1,2,0,0,0
2022-04-28 02:45,5,0,5,0,0,0
2022-04-28 03:00,2,0,2,0,0,0
2022-04-28 03:15,8,1,7,0,0,0
2022-04-28 03:30,5,1,4,0,0,0
2022-04-28 03:45,2,0,2,0,0,0
2022-04-28 04:00,3,1,2,0,0,0
2022-04-28 04:15,6,2,4,0,0,0
2022-04-28 04:30,2,1,1,0,0,0
2022-04-28 04:45,4,1,3,0,0,0
2022-04-28 05:00,1,0,1,0,0,0
2022-04-28 05:15,3,2,1,0,0,0
2022-04-28 05:30,9,7,2,0,0,0
2022-04-28 05:45,22,15,7,0,0,0
2022-04-28 06:00,23,16,7,0,0,0
2022-04-28 06:15,26,16,10,0,0,0
2022-04-28 06:30,55,34,21,0,0,0
2022-04-28 06:45,68,47,21,0,0,0
2022-04-28 07:00,101,72,29,0,0,0
2022-04-28 07:15,164,117,47,0,0,0
2022-04-28 07:30,293,238,55,0,0,0
2022-04-28 07:45,254,177,77,0,0,0
2022-04-28 08:00,207,164,43,0,0,0
2022-04-28 08:15,166,118,48,0,0,0
2022-04-28 08:30,167,133,34,0,0,0
2022-04-28 08:45,159,131,28,0,0,0
2022-04-28 09:00,130,90,40,0,0,0
2022-04-28 09:15,115,87,28,0,0,0
2022-04-28 09:30,112,91,21,0,0,0
2022-04-28 09:45,208,167,41,0,0,0
2022-04-28 10:00,113,79,34,0,0,0
2022-04-28 10:15,112,68,44,0,0,0
2022-04-28 10:30,114,72,42,0,0,0
2022-04-28 10:45,121,86,35,0,0,0
2022-04-28 11:00,85,52,33,0,0,0
2022-04-28 11:15,111,65,46,0,0,0
2022-04-28 11:30,103,66,37,0,0,0
2022-04-28 11:45,163,100,63,0,0,0
2022-04-28 12:00,146,64,82,0,0,0
2022-04-28 12:15,160,85,75,0,0,0
2022-04-28 12:30,136,73,63,0,0,0
2022-04-28 12:45,125,89,36,0,0,0
2022-04-28 13:00,162,84,78,0,0,0
2022-04-28 13:15,143,77,66,0,0,0
2022-04-28 13:30,155,71,84,0,0,0
2022-04-28 13:45,180,81,99,0,0,0
2022-04-28 14:00,145,76,69,0,0,0
2022-04-28 14:15,147,74,73,0,0,0
2022-04-28 14:30,159,78,81,0,0,0
2022-04-28 14:45,182,94,88,0,0,0
2022-04-28 15:00,168,91,77,0,0,0
2022-04-28 15:15,166,86,80,0,0,0
2022-04-28 15:30,167,89,78,0,0,0
2022-04-28 15:45,221,115,106,0,0,0
2022-04-28 16:00,241,114,127,0,0,0
2022-04-28 16:15,222,110,112,0,0,0
2022-04-28 16:30,184,86,98,0,0,0
2022-04-28 16:45,236,133,103,0,0,0
2022-04-28 17:00,213,116,97,0,0,0
2022-04-28 17:15,203,98,105,0,0,0
2022-04-28 17:30,189,91,98,0,0,0
2022-04-28 17:45,221,96,125,0,0,0
2022-04-28 18:00,187,91,96,0,0,0
2022-04-28 18:15,204,103,101,0,0,0
2022-04-28 18:30,172,91,81,0,0,0
2022-04-28 18:45,175,91,84,0,0,0
2022-04-28 19:00,153,74,79,0,0,0
2022-04-28 19:15,142,65,77,0,0,0
2022-04-28 19:30,96,48,48,0,0,0
2022-04-28 19:45,98,46,52,0,0,0
2022-04-28 20:00,100,40,60,0,0,0
2022-04-28 20:15,86,28,58,0,0,0
2022-04-28 20:30,59,28,31,0,0,0
2022-04-28 20:45,63,24,39,0,0,0
2022-04-28 21:00,67,27,40,0,0,0
2022-04-28 21:15,46,23,23,0,0,0
2022-04-28 21:30,55,19,36,0,0,0
2022-04-28 21:45,62,25,37,0,0,0
2022-04-28 22:00,71,26,45,0,0,0
2022-04-28 22:15,73,33,40,0,0,0
2022-04-28 22:30,51,17,34,0,0,0
2022-04-28 22:45,45,22,23,0,0,0
2022-04-28 23:00,39,22,17,0,0,0
2022-04-28 23:15,40,15,25,0,0,0
2022-04-28 23:30,26,15,11,0,0,0
2022-04-28 23:45,21,8,13,0,0,0
2022-04-29 00:00,18,7,11,0,0,0
2022-04-29 00:15,10,7,3,0,0,0
2022-04-29 00:30,10,4,6,0,0,0
2022-04-29 00:45,6,1,5,0,0,0
2022-04-29 01:00,24,14,10,0,0,0
2022-04-29 01:15,7,0,7,0,0,0
2022-04-29 01:30,8,3,5,0,0,0
2022-04-29 01:45,2,1,1,0,0,0
2022-04-29 02:00,6,1,5,0,0,0
2022-04-29 02:15,1,0,1,0,0,0
2022-04-29 02:30,1,0,1,0,0,0
2022-04-29 02:45,1,1,0,0,0,0
2022-04-29 03:00,0,0,0,0,0,0
2022-04-29 03:15,1,0,1,0,0,0
2022-04-29 03:30,0,0,0,0,0,0
2022-04-29 03:45,1,1,0,0,0,0
2022-04-29 04:00,2,1,1,0,0,0
2022-04-29 04:15,1,1,0,0,0,0
2022-04-29 04:30,3,2,1,0,0,0
2022-04-29 04:45,0,0,0,0,0,0
2022-04-29 05:00,0,0,0,0,0,0
2022-04-29 05:15,6,5,1,0,0,0
2022-04-29 05:30,11,8,3,0,0,0
2022-04-29 05:45,21,11,10,0,0,0
2022-04-29 06:00,16,11,5,0,0,0
2022-04-29 06:15,24,17,7,0,0,0
2022-04-29 06:30,48,27,21,0,0,0
2022-04-29 06:45,54,35,19,0,0,0
2022-04-29 07:00,82,49,33,0,0,0
2022-04-29 07:15,152,112,40,0,0,0
2022-04-29 07:30,339,283,56,0,0,0
2022-04-29 07:45,207,141,66,0,0,0
2022-04-29 08:00,150,116,34,0,0,0
2022-04-29 08:15,170,137,33,0,0,0
2022-04-29 08:30,169,124,45,0,0,0
2022-04-29 08:45,158,115,43,0,0,0
2022-04-29 09:00,110,81,29,0,0,0
2022-04-29 09:15,120,85,35,0,0,0
2022-04-29 09:30,114,75,39,0,0,0
2022-04-29 09:45,154,120,34,0,0,0
2022-04-29 10:00,113,78,35,0,0,0
2022-04-29 10:15,110,70,40,0,0,0
2022-04-29 10:30,95,64,31,0,0,0
2022-04-29 10:45,135,89,46,0,0,0
2022-04-29 11:00,98,56,42,0,0,0
2022-04-29 11:15,128,76,52,0,0,0
2022-04-29 11:30,94,60,34,0,0,0
2022-04-29 11:45,145,83,62,0,0,0
2022-04-29 12:00,156,76,80,0,0,0
2022-04-29 12:15,159,92,67,0,0,0
2022-04-29 12:30,134,75,59,0,0,0
2022-04-29 12:45,164,91,73,0,0,0
2022-04-29 13:00,180,89,91,0,0,0
2022-04-29 13:15,148,59,89,0,0,0
2022-04-29 13:30,160,75,85,0,0,0
2022-04-29 13:45,176,88,88,0,0,0
2022-04-29 14:00,197,91,106,0,0,0
2022-04-29 14:15,144,70,74,0,0,0
2022-04-29 14:30,174,90,84,0,0,0
2022-04-29 14:45,182,109,73,0,0,0
2022-04-29 15:00,167,93,74,0,0,0
2022-04-29 15:15,197,117,80,0,0,0
2022-04-29 15:30,180,102,78,0,0,0
2022-04-29 15:45,190,92,98,0,0,0
2022-04-29 16:00,194,104,90,0,0,0
2022-04-29 16:15,204,110,94,0,0,0
2022-04-29 16:30,166,93,73,0,0,0
2022-04-29 16:45,147,72,75,0,0,0
2022-04-29 17:00,177,94,83,0,0,0
2022-04-29 17:15,174,98,76,0,0,0
2022-04-29 17:30,144,70,74,0,0,0
2022-04-29 17:45,162,85,77,0,0,0
2022-04-29 18:00,149,78,71,0,0,0
2022-04-29 18:15,137,77,60,0,0,0
2022-04-29 18:30,126,72,54,0,0,0
2022-04-29 18:45,123,70,53,0,0,0
2022-04-29 19:00,119,64,55,0,0,0
2022-04-29 19:15,119,70,49,0,0,0
2022-04-29 19:30,82,46,36,0,0,0
2022-04-29 19:45,99,54,45,0,0,0
2022-04-29 20:00,82,33,49,0,0,0
2022-04-29 20:15,78,30,48,0,0,0
2022-04-29 20:30,75,39,36,0,0,0
2022-04-29 20:45,49,25,24,0,0,0
2022-04-29 21:00,37,15,22,0,0,0
2022-04-29 21:15,51,28,23,0,0,0
2022-04-29 21:30,52,24,28,0,0,0
2022-04-29 21:45,54,29,25,0,0,0
2022-04-29 22:00,69,29,40,0,0,0
2022-04-29 22:15,44,22,22,0,0,0
2022-04-29 22:30,34,16,18,0,0,0
2022-04-29 22:45,43,26,17,0,0,0
2022-04-29 23:00,41,21,20,0,0,0
2022-04-29 23:15,39,13,26,0,0,0
2022-04-29 23:30,56,20,36,0,0,0
2022-04-29 23:45,48,8,40,0,0,0
