Datetime,100034982 (Hüfferstraße),101034982 (Hüfferstraße stadteinwärts),102034982 (Hüfferstraße stadtauswärts),100034982-status,101034982-status,102034982-status
2021-10-01 00:00,10,5,5,0,0,0
2021-10-01 00:15,17,8,9,0,0,0
2021-10-01 00:30,8,0,8,0,0,0
2021-10-01 00:45,7,1,6,0,0,0
2021-10-01 01:00,7,0,7,0,0,0
2021-10-01 01:15,8,4,4,0,0,0
2021-10-01 01:30,3,1,2,0,0,0
2021-10-01 01:45,6,1,5,0,0,0
2021-10-01 02:00,4,0,4,0,0,0
2021-10-01 02:15,1,1,0,0,0,0
2021-10-01 02:30,0,0,0,0,0,0
2021-10-01 02:45,1,0,1,0,0,0
2021-10-01 03:00,2,0,2,0,0,0
2021-10-01 03:15,5,1,4,0,0,0
2021-10-01 03:30,2,2,0,0,0,0
2021-10-01 03:45,0,0,0,0,0,0
2021-10-01 04:00,1,0,1,0,0,0
2021-10-01 04:15,1,0,1,0,0,0
2021-10-01 04:30,2,2,0,0,0,0
2021-10-01 04:45,1,0,1,0,0,0
2021-10-01 05:00,1,1,0,0,0,0
2021-10-01 05:15,0,0,0,0,0,0
2021-10-01 05:30,11,3,8,0,0,0
2021-10-01 05:45,6,1,5,0,0,0
2021-10-01 06:00,7,1,6,0,0,0
2021-10-01 06:15,17,9,8,0,0,0
2021-10-01 06:30,31,19,12,0,0,0
2021-10-01 06:45,33,17,16,0,0,0
2021-10-01 07:00,41,24,17,0,0,0
2021-10-01 07:15,52,20,32,0,0,0
2021-10-01 07:30,119,70,49,0,0,0
2021-10-01 07:45,181,102,79,0,0,0
2021-10-01 08:00,195,147,48,0,0,0
2021-10-01 08:15,86,51,35,0,0,0
2021-10-01 08:30,84,43,41,0,0,0
2021-10-01 08:45,128,62,66,0,0,0
2021-10-01 09:00,72,28,44,0,0,0
2021-10-01 09:15,51,36,15,0,0,0
2021-10-01 09:30,61,34,27,0,0,0
2021-10-01 09:45,71,40,31,0,0,0
2021-10-01 10:00,56,27,29,0,0,0
2021-10-01 10:15,50,30,20,0,0,0
2021-10-01 10:30,48,27,21,0,0,0
2021-10-01 10:45,63,41,22,0,0,0
2021-10-01 11:00,62,32,30,0,0,0
2021-10-01 11:15,62,27,35,0,0,0
2021-10-01 11:30,94,53,41,0,0,0
2021-10-01 11:45,85,44,41,0,0,0
2021-10-01 12:00,82,45,37,0,0,0
2021-10-01 12:15,86,47,39,0,0,0
2021-10-01 12:30,72,33,39,0,0,0
2021-10-01 12:45,104,44,60,0,0,0
2021-10-01 13:00,107,42,65,0,0,0
2021-10-01 13:15,113,54,59,0,0,0
2021-10-01 13:30,166,36,130,0,0,0
2021-10-01 13:45,87,30,57,0,0,0
2021-10-01 14:00,80,38,42,0,0,0
2021-10-01 14:15,95,51,44,0,0,0
2021-10-01 14:30,139,49,90,0,0,0
2021-10-01 14:45,109,49,60,0,0,0
2021-10-01 15:00,111,59,52,0,0,0
2021-10-01 15:15,144,70,74,0,0,0
2021-10-01 15:30,87,35,52,0,0,0
2021-10-01 15:45,119,82,37,0,0,0
2021-10-01 16:00,100,56,44,0,0,0
2021-10-01 16:15,99,49,50,0,0,0
2021-10-01 16:30,115,58,57,0,0,0
2021-10-01 16:45,121,66,55,0,0,0
2021-10-01 17:00,87,53,34,0,0,0
2021-10-01 17:15,79,46,33,0,0,0
2021-10-01 17:30,102,34,68,0,0,0
2021-10-01 17:45,68,23,45,0,0,0
2021-10-01 18:00,84,26,58,0,0,0
2021-10-01 18:15,77,31,46,0,0,0
2021-10-01 18:30,69,24,45,0,0,0
2021-10-01 18:45,72,39,33,0,0,0
2021-10-01 19:00,53,24,29,0,0,0
2021-10-01 19:15,58,17,41,0,0,0
2021-10-01 19:30,42,23,19,0,0,0
2021-10-01 19:45,66,35,31,0,0,0
2021-10-01 20:00,57,36,21,0,0,0
2021-10-01 20:15,38,14,24,0,0,0
2021-10-01 20:30,56,20,36,0,0,0
2021-10-01 20:45,25,15,10,0,0,0
2021-10-01 21:00,40,22,18,0,0,0
2021-10-01 21:15,25,13,12,0,0,0
2021-10-01 21:30,18,8,10,0,0,0
2021-10-01 21:45,25,8,17,0,0,0
2021-10-01 22:00,19,6,13,0,0,0
2021-10-01 22:15,19,5,14,0,0,0
2021-10-01 22:30,28,8,20,0,0,0
2021-10-01 22:45,18,4,14,0,0,0
2021-10-01 23:00,19,9,10,0,0,0
2021-10-01 23:15,24,12,12,0,0,0
2021-10-01 23:30,11,9,2,0,0,0
2021-10-01 23:45,12,2,10,0,0,0
2021-10-02 00:00,17,3,14,0,0,0
2021-10-02 00:15,23,11,12,0,0,0
2021-10-02 00:30,25,11,14,0,0,0
2021-10-02 00:45,19,6,13,0,0,0
2021-10-02 01:00,7,0,7,0,0,0
2021-10-02 01:15,12,9,3,0,0,0
2021-10-02 01:30,11,4,7,0,0,0
2021-10-02 01:45,8,1,7,0,0,0
2021-10-02 02:00,14,7,7,0,0,0
2021-10-02 02:15,7,2,5,0,0,0
2021-10-02 02:30,8,0,8,0,0,0
2021-10-02 02:45,5,0,5,0,0,0
2021-10-02 03:00,6,2,4,0,0,0
2021-10-02 03:15,6,0,6,0,0,0
2021-10-02 03:30,2,2,0,0,0,0
2021-10-02 03:45,9,0,9,0,0,0
2021-10-02 04:00,4,0,4,0,0,0
2021-10-02 04:15,5,0,5,0,0,0
2021-10-02 04:30,5,2,3,0,0,0
2021-10-02 04:45,2,0,2,0,0,0
2021-10-02 05:00,0,0,0,0,0,0
2021-10-02 05:15,4,1,3,0,0,0
2021-10-02 05:30,16,2,14,0,0,0
2021-10-02 05:45,5,2,3,0,0,0
2021-10-02 06:00,6,1,5,0,0,0
2021-10-02 06:15,5,4,1,0,0,0
2021-10-02 06:30,10,8,2,0,0,0
2021-10-02 06:45,10,7,3,0,0,0
2021-10-02 07:00,9,5,4,0,0,0
2021-10-02 07:15,11,8,3,0,0,0
2021-10-02 07:30,13,7,6,0,0,0
2021-10-02 07:45,26,13,13,0,0,0
2021-10-02 08:00,19,15,4,0,0,0
2021-10-02 08:15,25,16,9,0,0,0
2021-10-02 08:30,19,17,2,0,0,0
2021-10-02 08:45,65,30,35,0,0,0
2021-10-02 09:00,42,26,16,0,0,0
2021-10-02 09:15,47,30,17,0,0,0
2021-10-02 09:30,43,30,13,0,0,0
2021-10-02 09:45,68,45,23,0,0,0
2021-10-02 10:00,61,46,15,0,0,0
2021-10-02 10:15,79,48,31,0,0,0
2021-10-02 10:30,77,49,28,0,0,0
2021-10-02 10:45,64,40,24,0,0,0
2021-10-02 11:00,74,53,21,0,0,0
2021-10-02 11:15,77,37,40,0,0,0
2021-10-02 11:30,97,58,39,0,0,0
2021-10-02 11:45,128,64,64,0,0,0
2021-10-02 12:00,88,52,36,0,0,0
2021-10-02 12:15,106,59,47,0,0,0
2021-10-02 12:30,82,30,52,0,0,0
2021-10-02 12:45,97,45,52,0,0,0
2021-10-02 13:00,79,34,45,0,0,0
2021-10-02 13:15,62,25,37,0,0,0
2021-10-02 13:30,84,49,35,0,0,0
2021-10-02 13:45,85,39,46,0,0,0
2021-10-02 14:00,85,29,56,0,0,0
2021-10-02 14:15,76,21,55,0,0,0
2021-10-02 14:30,84,32,52,0,0,0
2021-10-02 14:45,77,33,44,0,0,0
2021-10-02 15:00,78,29,49,0,0,0
2021-10-02 15:15,79,38,41,0,0,0
2021-10-02 15:30,65,25,40,0,0,0
2021-10-02 15:45,75,23,52,0,0,0
2021-10-02 16:00,73,23,50,0,0,0
2021-10-02 16:15,64,19,45,0,0,0
2021-10-02 16:30,49,28,21,0,0,0
2021-10-02 16:45,77,44,33,0,0,0
2021-10-02 17:00,59,19,40,0,0,0
2021-10-02 17:15,59,20,39,0,0,0
2021-10-02 17:30,66,26,40,0,0,0
2021-10-02 17:45,49,16,33,0,0,0
2021-10-02 18:00,62,19,43,0,0,0
2021-10-02 18:15,58,25,33,0,0,0
2021-10-02 18:30,55,20,35,0,0,0
2021-10-02 18:45,53,25,28,0,0,0
2021-10-02 19:00,50,16,34,0,0,0
2021-10-02 19:15,50,14,36,0,0,0
2021-10-02 19:30,49,25,24,0,0,0
2021-10-02 19:45,41,19,22,0,0,0
2021-10-02 20:00,49,22,27,0,0,0
2021-10-02 20:15,39,10,29,0,0,0
2021-10-02 20:30,25,8,17,0,0,0
2021-10-02 20:45,27,13,14,0,0,0
2021-10-02 21:00,23,13,10,0,0,0
2021-10-02 21:15,14,4,10,0,0,0
2021-10-02 21:30,29,13,16,0,0,0
2021-10-02 21:45,20,9,11,0,0,0
2021-10-02 22:00,16,4,12,0,0,0
2021-10-02 22:15,13,9,4,0,0,0
2021-10-02 22:30,38,29,9,0,0,0
2021-10-02 22:45,27,3,24,0,0,0
2021-10-02 23:00,17,5,12,0,0,0
2021-10-02 23:15,19,9,10,0,0,0
2021-10-02 23:30,12,1,11,0,0,0
2021-10-02 23:45,12,2,10,0,0,0
2021-10-03 00:00,14,1,13,0,0,0
2021-10-03 00:15,12,3,9,0,0,0
2021-10-03 00:30,6,3,3,0,0,0
2021-10-03 00:45,12,3,9,0,0,0
2021-10-03 01:00,11,3,8,0,0,0
2021-10-03 01:15,12,2,10,0,0,0
2021-10-03 01:30,5,3,2,0,0,0
2021-10-03 01:45,5,1,4,0,0,0
2021-10-03 02:00,6,4,2,0,0,0
2021-10-03 02:15,5,0,5,0,0,0
2021-10-03 02:30,7,0,7,0,0,0
2021-10-03 02:45,3,1,2,0,0,0
2021-10-03 03:00,8,0,8,0,0,0
2021-10-03 03:15,3,3,0,0,0,0
2021-10-03 03:30,9,2,7,0,0,0
2021-10-03 03:45,6,0,6,0,0,0
2021-10-03 04:00,3,0,3,0,0,0
2021-10-03 04:15,11,3,8,0,0,0
2021-10-03 04:30,8,1,7,0,0,0
2021-10-03 04:45,1,1,0,0,0,0
2021-10-03 05:00,3,0,3,0,0,0
2021-10-03 05:15,6,0,6,0,0,0
2021-10-03 05:30,4,0,4,0,0,0
2021-10-03 05:45,11,2,9,0,0,0
2021-10-03 06:00,4,0,4,0,0,0
2021-10-03 06:15,5,4,1,0,0,0
2021-10-03 06:30,4,3,1,0,0,0
2021-10-03 06:45,9,5,4,0,0,0
2021-10-03 07:00,2,1,1,0,0,0
2021-10-03 07:15,12,4,8,0,0,0
2021-10-03 07:30,7,0,7,0,0,0
2021-10-03 07:45,8,2,6,0,0,0
2021-10-03 08:00,13,10,3,0,0,0
2021-10-03 08:15,5,2,3,0,0,0
2021-10-03 08:30,12,7,5,0,0,0
2021-10-03 08:45,12,3,9,0,0,0
2021-10-03 09:00,16,14,2,0,0,0
2021-10-03 09:15,19,9,10,0,0,0
2021-10-03 09:30,15,5,10,0,0,0
2021-10-03 09:45,22,11,11,0,0,0
2021-10-03 10:00,13,7,6,0,0,0
2021-10-03 10:15,18,15,3,0,0,0
2021-10-03 10:30,23,13,10,0,0,0
2021-10-03 10:45,32,8,24,0,0,0
2021-10-03 11:00,14,7,7,0,0,0
2021-10-03 11:15,24,7,17,0,0,0
2021-10-03 11:30,9,3,6,0,0,0
2021-10-03 11:45,24,6,18,0,0,0
2021-10-03 12:00,17,10,7,0,0,0
2021-10-03 12:15,14,4,10,0,0,0
2021-10-03 12:30,47,22,25,0,0,0
2021-10-03 12:45,20,13,7,0,0,0
2021-10-03 13:00,31,20,11,0,0,0
2021-10-03 13:15,22,7,15,0,0,0
2021-10-03 13:30,24,14,10,0,0,0
2021-10-03 13:45,27,13,14,0,0,0
2021-10-03 14:00,23,11,12,0,0,0
2021-10-03 14:15,38,25,13,0,0,0
2021-10-03 14:30,25,14,11,0,0,0
2021-10-03 14:45,30,18,12,0,0,0
2021-10-03 15:00,60,26,34,0,0,0
2021-10-03 15:15,19,8,11,0,0,0
2021-10-03 15:30,21,8,13,0,0,0
2021-10-03 15:45,38,17,21,0,0,0
2021-10-03 16:00,40,20,20,0,0,0
2021-10-03 16:15,24,7,17,0,0,0
2021-10-03 16:30,30,14,16,0,0,0
2021-10-03 16:45,36,21,15,0,0,0
2021-10-03 17:00,35,12,23,0,0,0
2021-10-03 17:15,24,12,12,0,0,0
2021-10-03 17:30,29,13,16,0,0,0
2021-10-03 17:45,33,18,15,0,0,0
2021-10-03 18:00,34,9,25,0,0,0
2021-10-03 18:15,20,5,15,0,0,0
2021-10-03 18:30,33,10,23,0,0,0
2021-10-03 18:45,25,12,13,0,0,0
2021-10-03 19:00,37,5,32,0,0,0
2021-10-03 19:15,25,7,18,0,0,0
2021-10-03 19:30,17,7,10,0,0,0
2021-10-03 19:45,35,20,15,0,0,0
2021-10-03 20:00,21,11,10,0,0,0
2021-10-03 20:15,13,7,6,0,0,0
2021-10-03 20:30,13,5,8,0,0,0
2021-10-03 20:45,16,9,7,0,0,0
2021-10-03 21:00,12,9,3,0,0,0
2021-10-03 21:15,17,8,9,0,0,0
2021-10-03 21:30,9,6,3,0,0,0
2021-10-03 21:45,7,3,4,0,0,0
2021-10-03 22:00,14,5,9,0,0,0
2021-10-03 22:15,3,0,3,0,0,0
2021-10-03 22:30,11,3,8,0,0,0
2021-10-03 22:45,12,5,7,0,0,0
2021-10-03 23:00,7,5,2,0,0,0
2021-10-03 23:15,3,1,2,0,0,0
2021-10-03 23:30,14,3,11,0,0,0
2021-10-03 23:45,9,0,9,0,0,0
2021-10-04 00:00,6,0,6,0,0,0
2021-10-04 00:15,4,2,2,0,0,0
2021-10-04 00:30,3,0,3,0,0,0
2021-10-04 00:45,3,3,0,0,0,0
2021-10-04 01:00,6,3,3,0,0,0
2021-10-04 01:15,7,7,0,0,0,0
2021-10-04 01:30,2,0,2,0,0,0
2021-10-04 01:45,6,6,0,0,0,0
2021-10-04 02:00,5,2,3,0,0,0
2021-10-04 02:15,2,2,0,0,0,0
2021-10-04 02:30,0,0,0,0,0,0
2021-10-04 02:45,0,0,0,0,0,0
2021-10-04 03:00,2,2,0,0,0,0
2021-10-04 03:15,1,1,0,0,0,0
2021-10-04 03:30,2,2,0,0,0,0
2021-10-04 03:45,4,2,2,0,0,0
2021-10-04 04:00,0,0,0,0,0,0
2021-10-04 04:15,0,0,0,0,0,0
2021-10-04 04:30,1,0,1,0,0,0
2021-10-04 04:45,5,4,1,0,0,0
2021-10-04 05:00,2,2,0,0,0,0
2021-10-04 05:15,0,0,0,0,0,0
2021-10-04 05:30,8,5,3,0,0,0
2021-10-04 05:45,17,2,15,0,0,0
2021-10-04 06:00,7,3,4,0,0,0
2021-10-04 06:15,14,6,8,0,0,0
2021-10-04 06:30,41,15,26,0,0,0
2021-10-04 06:45,53,16,37,0,0,0
2021-10-04 07:00,54,20,34,0,0,0
2021-10-04 07:15,80,26,54,0,0,0
2021-10-04 07:30,135,83,52,0,0,0
2021-10-04 07:45,215,113,102,0,0,0
2021-10-04 08:00,238,160,78,0,0,0
2021-10-04 08:15,121,64,57,0,0,0
2021-10-04 08:30,102,48,54,0,0,0
2021-10-04 08:45,129,46,83,0,0,0
2021-10-04 09:00,91,27,64,0,0,0
2021-10-04 09:15,78,37,41,0,0,0
2021-10-04 09:30,100,40,60,0,0,0
2021-10-04 09:45,107,45,62,0,0,0
2021-10-04 10:00,82,48,34,0,0,0
2021-10-04 10:15,77,43,34,0,0,0
2021-10-04 10:30,67,36,31,0,0,0
2021-10-04 10:45,68,36,32,0,0,0
2021-10-04 11:00,64,33,31,0,0,0
2021-10-04 11:15,56,29,27,0,0,0
2021-10-04 11:30,72,32,40,0,0,0
2021-10-04 11:45,90,40,50,0,0,0
2021-10-04 12:00,85,36,49,0,0,0
2021-10-04 12:15,82,47,35,0,0,0
2021-10-04 12:30,119,67,52,0,0,0
2021-10-04 12:45,144,44,100,0,0,0
2021-10-04 13:00,102,34,68,0,0,0
2021-10-04 13:15,94,34,60,0,0,0
2021-10-04 13:30,144,44,100,0,0,0
2021-10-04 13:45,127,65,62,0,0,0
2021-10-04 14:00,118,64,54,0,0,0
2021-10-04 14:15,112,51,61,0,0,0
2021-10-04 14:30,148,72,76,0,0,0
2021-10-04 14:45,163,90,73,0,0,0
2021-10-04 15:00,136,78,58,0,0,0
2021-10-04 15:15,120,68,52,0,0,0
2021-10-04 15:30,148,86,62,0,0,0
2021-10-04 15:45,164,101,63,0,0,0
2021-10-04 16:00,181,100,81,0,0,0
2021-10-04 16:15,167,89,78,0,0,0
2021-10-04 16:30,136,77,59,0,0,0
2021-10-04 16:45,142,86,56,0,0,0
2021-10-04 17:00,135,67,68,0,0,0
2021-10-04 17:15,161,80,81,0,0,0
2021-10-04 17:30,157,78,79,0,0,0
2021-10-04 17:45,121,50,71,0,0,0
2021-10-04 18:00,121,43,78,0,0,0
2021-10-04 18:15,109,36,73,0,0,0
2021-10-04 18:30,98,37,61,0,0,0
2021-10-04 18:45,90,37,53,0,0,0
2021-10-04 19:00,100,50,50,0,0,0
2021-10-04 19:15,101,60,41,0,0,0
2021-10-04 19:30,68,37,31,0,0,0
2021-10-04 19:45,81,52,29,0,0,0
2021-10-04 20:00,59,23,36,0,0,0
2021-10-04 20:15,51,20,31,0,0,0
2021-10-04 20:30,51,20,31,0,0,0
2021-10-04 20:45,34,13,21,0,0,0
2021-10-04 21:00,45,22,23,0,0,0
2021-10-04 21:15,45,16,29,0,0,0
2021-10-04 21:30,31,17,14,0,0,0
2021-10-04 21:45,47,21,26,0,0,0
2021-10-04 22:00,21,5,16,0,0,0
2021-10-04 22:15,29,8,21,0,0,0
2021-10-04 22:30,27,2,25,0,0,0
2021-10-04 22:45,23,7,16,0,0,0
2021-10-04 23:00,17,1,16,0,0,0
2021-10-04 23:15,13,4,9,0,0,0
2021-10-04 23:30,22,3,19,0,0,0
2021-10-04 23:45,20,0,20,0,0,0
2021-10-05 00:00,13,0,13,0,0,0
2021-10-05 00:15,13,0,13,0,0,0
2021-10-05 00:30,9,2,7,0,0,0
2021-10-05 00:45,3,1,2,0,0,0
2021-10-05 01:00,2,0,2,0,0,0
2021-10-05 01:15,3,1,2,0,0,0
2021-10-05 01:30,5,1,4,0,0,0
2021-10-05 01:45,0,0,0,0,0,0
2021-10-05 02:00,11,0,11,0,0,0
2021-10-05 02:15,1,0,1,0,0,0
2021-10-05 02:30,4,0,4,0,0,0
2021-10-05 02:45,8,0,8,0,0,0
2021-10-05 03:00,2,1,1,0,0,0
2021-10-05 03:15,5,0,5,0,0,0
2021-10-05 03:30,1,0,1,0,0,0
2021-10-05 03:45,0,0,0,0,0,0
2021-10-05 04:00,3,1,2,0,0,0
2021-10-05 04:15,2,1,1,0,0,0
2021-10-05 04:30,2,0,2,0,0,0
2021-10-05 04:45,2,2,0,0,0,0
2021-10-05 05:00,1,1,0,0,0,0
2021-10-05 05:15,0,0,0,0,0,0
2021-10-05 05:30,6,1,5,0,0,0
2021-10-05 05:45,12,1,11,0,0,0
2021-10-05 06:00,10,2,8,0,0,0
2021-10-05 06:15,15,9,6,0,0,0
2021-10-05 06:30,37,17,20,0,0,0
2021-10-05 06:45,49,14,35,0,0,0
2021-10-05 07:00,65,22,43,0,0,0
2021-10-05 07:15,93,24,69,0,0,0
2021-10-05 07:30,128,65,63,0,0,0
2021-10-05 07:45,223,130,93,0,0,0
2021-10-05 08:00,221,131,90,0,0,0
2021-10-05 08:15,139,63,76,0,0,0
2021-10-05 08:30,122,63,59,0,0,0
2021-10-05 08:45,137,71,66,0,0,0
2021-10-05 09:00,88,47,41,0,0,0
2021-10-05 09:15,88,50,38,0,0,0
2021-10-05 09:30,87,43,44,0,0,0
2021-10-05 09:45,116,70,46,0,0,0
2021-10-05 10:00,101,62,39,0,0,0
2021-10-05 10:15,80,38,42,0,0,0
2021-10-05 10:30,72,36,36,0,0,0
2021-10-05 10:45,58,27,31,0,0,0
2021-10-05 11:00,80,43,37,0,0,0
2021-10-05 11:15,57,30,27,0,0,0
2021-10-05 11:30,90,50,40,0,0,0
2021-10-05 11:45,69,42,27,0,0,0
2021-10-05 12:00,106,45,61,0,0,0
2021-10-05 12:15,99,31,68,0,0,0
2021-10-05 12:30,97,44,53,0,0,0
2021-10-05 12:45,120,57,63,0,0,0
2021-10-05 13:00,88,39,49,0,0,0
2021-10-05 13:15,105,43,62,0,0,0
2021-10-05 13:30,162,41,121,0,0,0
2021-10-05 13:45,130,53,77,0,0,0
2021-10-05 14:00,122,48,74,0,0,0
2021-10-05 14:15,150,84,66,0,0,0
2021-10-05 14:30,139,57,82,0,0,0
2021-10-05 14:45,123,64,59,0,0,0
2021-10-05 15:00,125,76,49,0,0,0
2021-10-05 15:15,136,69,67,0,0,0
2021-10-05 15:30,134,66,68,0,0,0
2021-10-05 15:45,188,93,95,0,0,0
2021-10-05 16:00,152,90,62,0,0,0
2021-10-05 16:15,135,59,76,0,0,0
2021-10-05 16:30,159,86,73,0,0,0
2021-10-05 16:45,152,74,78,0,0,0
2021-10-05 17:00,146,67,79,0,0,0
2021-10-05 17:15,146,60,86,0,0,0
2021-10-05 17:30,139,71,68,0,0,0
2021-10-05 17:45,155,70,85,0,0,0
2021-10-05 18:00,111,41,70,0,0,0
2021-10-05 18:15,88,40,48,0,0,0
2021-10-05 18:30,84,38,46,0,0,0
2021-10-05 18:45,76,37,39,0,0,0
2021-10-05 19:00,68,30,38,0,0,0
2021-10-05 19:15,61,26,35,0,0,0
2021-10-05 19:30,58,26,32,0,0,0
2021-10-05 19:45,53,14,39,0,0,0
2021-10-05 20:00,54,32,22,0,0,0
2021-10-05 20:15,49,28,21,0,0,0
2021-10-05 20:30,25,10,15,0,0,0
2021-10-05 20:45,31,19,12,0,0,0
2021-10-05 21:00,56,45,11,0,0,0
2021-10-05 21:15,28,11,17,0,0,0
2021-10-05 21:30,36,14,22,0,0,0
2021-10-05 21:45,21,11,10,0,0,0
2021-10-05 22:00,28,14,14,0,0,0
2021-10-05 22:15,26,15,11,0,0,0
2021-10-05 22:30,19,8,11,0,0,0
2021-10-05 22:45,17,10,7,0,0,0
2021-10-05 23:00,13,2,11,0,0,0
2021-10-05 23:15,17,1,16,0,0,0
2021-10-05 23:30,21,4,17,0,0,0
2021-10-05 23:45,9,0,9,0,0,0
2021-10-06 00:00,10,1,9,0,0,0
2021-10-06 00:15,11,1,10,0,0,0
2021-10-06 00:30,12,2,10,0,0,0
2021-10-06 00:45,11,0,11,0,0,0
2021-10-06 01:00,9,7,2,0,0,0
2021-10-06 01:15,7,1,6,0,0,0
2021-10-06 01:30,7,2,5,0,0,0
2021-10-06 01:45,7,1,6,0,0,0
2021-10-06 02:00,3,1,2,0,0,0
2021-10-06 02:15,20,1,19,0,0,0
2021-10-06 02:30,4,0,4,0,0,0
2021-10-06 02:45,8,0,8,0,0,0
2021-10-06 03:00,3,2,1,0,0,0
2021-10-06 03:15,2,1,1,0,0,0
2021-10-06 03:30,8,0,8,0,0,0
2021-10-06 03:45,3,0,3,0,0,0
2021-10-06 04:00,3,0,3,0,0,0
2021-10-06 04:15,3,0,3,0,0,0
2021-10-06 04:30,4,3,1,0,0,0
2021-10-06 04:45,5,2,3,0,0,0
2021-10-06 05:00,2,2,0,0,0,0
2021-10-06 05:15,3,2,1,0,0,0
2021-10-06 05:30,11,3,8,0,0,0
2021-10-06 05:45,10,3,7,0,0,0
2021-10-06 06:00,6,2,4,0,0,0
2021-10-06 06:15,18,8,10,0,0,0
2021-10-06 06:30,23,8,15,0,0,0
2021-10-06 06:45,50,23,27,0,0,0
2021-10-06 07:00,54,16,38,0,0,0
2021-10-06 07:15,77,28,49,0,0,0
2021-10-06 07:30,139,72,67,0,0,0
2021-10-06 07:45,201,110,91,0,0,0
2021-10-06 08:00,225,119,106,0,0,0
2021-10-06 08:15,126,39,87,0,0,0
2021-10-06 08:30,118,55,63,0,0,0
2021-10-06 08:45,127,61,66,0,0,0
2021-10-06 09:00,93,47,46,0,0,0
2021-10-06 09:15,71,36,35,0,0,0
2021-10-06 09:30,72,34,38,0,0,0
2021-10-06 09:45,116,56,60,0,0,0
2021-10-06 10:00,85,45,40,0,0,0
2021-10-06 10:15,67,38,29,0,0,0
2021-10-06 10:30,63,34,29,0,0,0
2021-10-06 10:45,81,36,45,0,0,0
2021-10-06 11:00,56,23,33,0,0,0
2021-10-06 11:15,55,26,29,0,0,0
2021-10-06 11:30,75,48,27,0,0,0
2021-10-06 11:45,86,53,33,0,0,0
2021-10-06 12:00,68,44,24,0,0,0
2021-10-06 12:15,87,46,41,0,0,0
2021-10-06 12:30,104,39,65,0,0,0
2021-10-06 12:45,104,49,55,0,0,0
2021-10-06 13:00,109,50,59,0,0,0
2021-10-06 13:15,71,32,39,0,0,0
2021-10-06 13:30,132,40,92,0,0,0
2021-10-06 13:45,122,49,73,0,0,0
2021-10-06 14:00,105,45,60,0,0,0
2021-10-06 14:15,111,71,40,0,0,0
2021-10-06 14:30,150,68,82,0,0,0
2021-10-06 14:45,107,68,39,0,0,0
2021-10-06 15:00,87,41,46,0,0,0
2021-10-06 15:15,78,41,37,0,0,0
2021-10-06 15:30,110,58,52,0,0,0
2021-10-06 15:45,121,65,56,0,0,0
2021-10-06 16:00,130,65,65,0,0,0
2021-10-06 16:15,122,69,53,0,0,0
2021-10-06 16:30,83,38,45,0,0,0
2021-10-06 16:45,105,43,62,0,0,0
2021-10-06 17:00,95,50,45,0,0,0
2021-10-06 17:15,132,50,82,0,0,0
2021-10-06 17:30,89,49,40,0,0,0
2021-10-06 17:45,112,50,62,0,0,0
2021-10-06 18:00,97,38,59,0,0,0
2021-10-06 18:15,81,38,43,0,0,0
2021-10-06 18:30,68,26,42,0,0,0
2021-10-06 18:45,61,35,26,0,0,0
2021-10-06 19:00,58,20,38,0,0,0
2021-10-06 19:15,55,36,19,0,0,0
2021-10-06 19:30,39,17,22,0,0,0
2021-10-06 19:45,54,30,24,0,0,0
2021-10-06 20:00,59,37,22,0,0,0
2021-10-06 20:15,46,23,23,0,0,0
2021-10-06 20:30,25,15,10,0,0,0
2021-10-06 20:45,26,12,14,0,0,0
2021-10-06 21:00,39,19,20,0,0,0
2021-10-06 21:15,60,49,11,0,0,0
2021-10-06 21:30,46,25,21,0,0,0
2021-10-06 21:45,33,19,14,0,0,0
2021-10-06 22:00,23,15,8,0,0,0
2021-10-06 22:15,20,11,9,0,0,0
2021-10-06 22:30,22,8,14,0,0,0
2021-10-06 22:45,26,10,16,0,0,0
2021-10-06 23:00,26,15,11,0,0,0
2021-10-06 23:15,26,14,12,0,0,0
2021-10-06 23:30,19,13,6,0,0,0
2021-10-06 23:45,16,5,11,0,0,0
2021-10-07 00:00,10,1,9,0,0,0
2021-10-07 00:15,8,2,6,0,0,0
2021-10-07 00:30,10,3,7,0,0,0
2021-10-07 00:45,3,0,3,0,0,0
2021-10-07 01:00,12,3,9,0,0,0
2021-10-07 01:15,6,0,6,0,0,0
2021-10-07 01:30,11,2,9,0,0,0
2021-10-07 01:45,4,2,2,0,0,0
2021-10-07 02:00,13,1,12,0,0,0
2021-10-07 02:15,7,1,6,0,0,0
2021-10-07 02:30,9,2,7,0,0,0
2021-10-07 02:45,5,0,5,0,0,0
2021-10-07 03:00,8,0,8,0,0,0
2021-10-07 03:15,8,0,8,0,0,0
2021-10-07 03:30,12,3,9,0,0,0
2021-10-07 03:45,7,1,6,0,0,0
2021-10-07 04:00,2,0,2,0,0,0
2021-10-07 04:15,6,0,6,0,0,0
2021-10-07 04:30,9,1,8,0,0,0
2021-10-07 04:45,5,1,4,0,0,0
2021-10-07 05:00,2,0,2,0,0,0
2021-10-07 05:15,8,1,7,0,0,0
2021-10-07 05:30,10,2,8,0,0,0
2021-10-07 05:45,16,5,11,0,0,0
2021-10-07 06:00,9,2,7,0,0,0
2021-10-07 06:15,25,11,14,0,0,0
2021-10-07 06:30,28,12,16,0,0,0
2021-10-07 06:45,40,15,25,0,0,0
2021-10-07 07:00,58,17,41,0,0,0
2021-10-07 07:15,84,33,51,0,0,0
2021-10-07 07:30,144,64,80,0,0,0
2021-10-07 07:45,232,128,104,0,0,0
2021-10-07 08:00,263,161,102,0,0,0
2021-10-07 08:15,114,44,70,0,0,0
2021-10-07 08:30,130,59,71,0,0,0
2021-10-07 08:45,156,77,79,0,0,0
2021-10-07 09:00,88,40,48,0,0,0
2021-10-07 09:15,52,21,31,0,0,0
2021-10-07 09:30,66,41,25,0,0,0
2021-10-07 09:45,100,54,46,0,0,0
2021-10-07 10:00,80,35,45,0,0,0
2021-10-07 10:15,55,22,33,0,0,0
2021-10-07 10:30,67,37,30,0,0,0
2021-10-07 10:45,66,30,36,0,0,0
2021-10-07 11:00,68,34,34,0,0,0
2021-10-07 11:15,74,29,45,0,0,0
2021-10-07 11:30,69,31,38,0,0,0
2021-10-07 11:45,86,30,56,0,0,0
2021-10-07 12:00,87,38,49,0,0,0
2021-10-07 12:15,80,34,46,0,0,0
2021-10-07 12:30,112,43,69,0,0,0
2021-10-07 12:45,124,49,75,0,0,0
2021-10-07 13:00,94,24,70,0,0,0
2021-10-07 13:15,107,39,68,0,0,0
2021-10-07 13:30,152,42,110,0,0,0
2021-10-07 13:45,137,66,71,0,0,0
2021-10-07 14:00,139,80,59,0,0,0
2021-10-07 14:15,118,61,57,0,0,0
2021-10-07 14:30,146,68,78,0,0,0
2021-10-07 14:45,138,85,53,0,0,0
2021-10-07 15:00,124,64,60,0,0,0
2021-10-07 15:15,105,59,46,0,0,0
2021-10-07 15:30,136,72,64,0,0,0
2021-10-07 15:45,178,89,89,0,0,0
2021-10-07 16:00,147,77,70,0,0,0
2021-10-07 16:15,132,83,49,0,0,0
2021-10-07 16:30,153,70,83,0,0,0
2021-10-07 16:45,140,91,49,0,0,0
2021-10-07 17:00,148,90,58,0,0,0
2021-10-07 17:15,131,72,59,0,0,0
2021-10-07 17:30,132,82,50,0,0,0
2021-10-07 17:45,162,69,93,0,0,0
2021-10-07 18:00,108,52,56,0,0,0
2021-10-07 18:15,144,59,85,0,0,0
2021-10-07 18:30,86,34,52,0,0,0
2021-10-07 18:45,123,50,73,0,0,0
2021-10-07 19:00,86,45,41,0,0,0
2021-10-07 19:15,85,43,42,0,0,0
2021-10-07 19:30,71,20,51,0,0,0
2021-10-07 19:45,54,27,27,0,0,0
2021-10-07 20:00,47,17,30,0,0,0
2021-10-07 20:15,82,31,51,0,0,0
2021-10-07 20:30,41,21,20,0,0,0
2021-10-07 20:45,28,12,16,0,0,0
2021-10-07 21:00,44,27,17,0,0,0
2021-10-07 21:15,39,19,20,0,0,0
2021-10-07 21:30,20,8,12,0,0,0
2021-10-07 21:45,27,15,12,0,0,0
2021-10-07 22:00,29,9,20,0,0,0
2021-10-07 22:15,33,9,24,0,0,0
2021-10-07 22:30,26,8,18,0,0,0
2021-10-07 22:45,26,11,15,0,0,0
2021-10-07 23:00,27,9,18,0,0,0
2021-10-07 23:15,33,16,17,0,0,0
2021-10-07 23:30,11,1,10,0,0,0
2021-10-07 23:45,18,7,11,0,0,0
2021-10-08 00:00,5,0,5,0,0,0
2021-10-08 00:15,3,1,2,0,0,0
2021-10-08 00:30,14,4,10,0,0,0
2021-10-08 00:45,6,1,5,0,0,0
2021-10-08 01:00,8,0,8,0,0,0
2021-10-08 01:15,12,1,11,0,0,0
2021-10-08 01:30,5,0,5,0,0,0
2021-10-08 01:45,8,1,7,0,0,0
2021-10-08 02:00,4,0,4,0,0,0
2021-10-08 02:15,9,1,8,0,0,0
2021-10-08 02:30,3,0,3,0,0,0
2021-10-08 02:45,5,2,3,0,0,0
2021-10-08 03:00,6,0,6,0,0,0
2021-10-08 03:15,16,2,14,0,0,0
2021-10-08 03:30,5,0,5,0,0,0
2021-10-08 03:45,9,1,8,0,0,0
2021-10-08 04:00,3,0,3,0,0,0
2021-10-08 04:15,2,0,2,0,0,0
2021-10-08 04:30,9,2,7,0,0,0
2021-10-08 04:45,9,0,9,0,0,0
2021-10-08 05:00,4,0,4,0,0,0
2021-10-08 05:15,8,0,8,0,0,0
2021-10-08 05:30,12,1,11,0,0,0
2021-10-08 05:45,7,2,5,0,0,0
2021-10-08 06:00,5,1,4,0,0,0
2021-10-08 06:15,13,2,11,0,0,0
2021-10-08 06:30,37,18,19,0,0,0
2021-10-08 06:45,36,13,23,0,0,0
2021-10-08 07:00,61,21,40,0,0,0
2021-10-08 07:15,73,24,49,0,0,0
2021-10-08 07:30,114,54,60,0,0,0
2021-10-08 07:45,204,111,93,0,0,0
2021-10-08 08:00,224,142,82,0,0,0
2021-10-08 08:15,122,58,64,0,0,0
2021-10-08 08:30,74,35,39,0,0,0
2021-10-08 08:45,102,53,49,0,0,0
2021-10-08 09:00,84,46,38,0,0,0
2021-10-08 09:15,78,40,38,0,0,0
2021-10-08 09:30,72,39,33,0,0,0
2021-10-08 09:45,104,65,39,0,0,0
2021-10-08 10:00,83,41,42,0,0,0
2021-10-08 10:15,66,40,26,0,0,0
2021-10-08 10:30,84,47,37,0,0,0
2021-10-08 10:45,76,47,29,0,0,0
2021-10-08 11:00,77,37,40,0,0,0
2021-10-08 11:15,88,51,37,0,0,0
2021-10-08 11:30,97,50,47,0,0,0
2021-10-08 11:45,89,47,42,0,0,0
2021-10-08 12:00,123,52,71,0,0,0
2021-10-08 12:15,116,70,46,0,0,0
2021-10-08 12:30,128,62,66,0,0,0
2021-10-08 12:45,135,72,63,0,0,0
2021-10-08 13:00,124,53,71,0,0,0
2021-10-08 13:15,110,52,58,0,0,0
2021-10-08 13:30,188,60,128,0,0,0
2021-10-08 13:45,116,59,57,0,0,0
2021-10-08 14:00,157,71,86,0,0,0
2021-10-08 14:15,136,70,66,0,0,0
2021-10-08 14:30,123,52,71,0,0,0
2021-10-08 14:45,159,79,80,0,0,0
2021-10-08 15:00,131,78,53,0,0,0
2021-10-08 15:15,159,84,75,0,0,0
2021-10-08 15:30,130,66,64,0,0,0
2021-10-08 15:45,96,43,53,0,0,0
2021-10-08 16:00,120,67,53,0,0,0
2021-10-08 16:15,122,65,57,0,0,0
2021-10-08 16:30,147,64,83,0,0,0
2021-10-08 16:45,127,66,61,0,0,0
2021-10-08 17:00,107,61,46,0,0,0
2021-10-08 17:15,112,50,62,0,0,0
2021-10-08 17:30,105,59,46,0,0,0
2021-10-08 17:45,116,64,52,0,0,0
2021-10-08 18:00,110,51,59,0,0,0
2021-10-08 18:15,105,55,50,0,0,0
2021-10-08 18:30,88,41,47,0,0,0
2021-10-08 18:45,97,45,52,0,0,0
2021-10-08 19:00,75,36,39,0,0,0
2021-10-08 19:15,70,36,34,0,0,0
2021-10-08 19:30,57,31,26,0,0,0
2021-10-08 19:45,84,43,41,0,0,0
2021-10-08 20:00,65,25,40,0,0,0
2021-10-08 20:15,52,19,33,0,0,0
2021-10-08 20:30,64,31,33,0,0,0
2021-10-08 20:45,37,17,20,0,0,0
2021-10-08 21:00,40,19,21,0,0,0
2021-10-08 21:15,38,13,25,0,0,0
2021-10-08 21:30,37,12,25,0,0,0
2021-10-08 21:45,29,8,21,0,0,0
2021-10-08 22:00,38,10,28,0,0,0
2021-10-08 22:15,34,12,22,0,0,0
2021-10-08 22:30,30,4,26,0,0,0
2021-10-08 22:45,18,7,11,0,0,0
2021-10-08 23:00,17,4,13,0,0,0
2021-10-08 23:15,28,9,19,0,0,0
2021-10-08 23:30,38,13,25,0,0,0
2021-10-08 23:45,22,8,14,0,0,0
2021-10-09 00:00,14,3,11,0,0,0
2021-10-09 00:15,16,2,14,0,0,0
2021-10-09 00:30,12,4,8,0,0,0
2021-10-09 00:45,11,5,6,0,0,0
2021-10-09 01:00,14,3,11,0,0,0
2021-10-09 01:15,25,19,6,0,0,0
2021-10-09 01:30,10,5,5,0,0,0
2021-10-09 01:45,17,5,12,0,0,0
2021-10-09 02:00,6,2,4,0,0,0
2021-10-09 02:15,10,5,5,0,0,0
2021-10-09 02:30,23,4,19,0,0,0
2021-10-09 02:45,13,1,12,0,0,0
2021-10-09 03:00,18,7,11,0,0,0
2021-10-09 03:15,5,1,4,0,0,0
2021-10-09 03:30,7,1,6,0,0,0
2021-10-09 03:45,15,0,15,0,0,0
2021-10-09 04:00,4,1,3,0,0,0
2021-10-09 04:15,11,0,11,0,0,0
2021-10-09 04:30,2,0,2,0,0,0
2021-10-09 04:45,8,1,7,0,0,0
2021-10-09 05:00,6,0,6,0,0,0
2021-10-09 05:15,3,2,1,0,0,0
2021-10-09 05:30,10,1,9,0,0,0
2021-10-09 05:45,10,1,9,0,0,0
2021-10-09 06:00,9,2,7,0,0,0
2021-10-09 06:15,6,3,3,0,0,0
2021-10-09 06:30,5,3,2,0,0,0
2021-10-09 06:45,11,8,3,0,0,0
2021-10-09 07:00,8,5,3,0,0,0
2021-10-09 07:15,10,5,5,0,0,0
2021-10-09 07:30,22,8,14,0,0,0
2021-10-09 07:45,10,7,3,0,0,0
2021-10-09 08:00,14,11,3,0,0,0
2021-10-09 08:15,29,9,20,0,0,0
2021-10-09 08:30,26,22,4,0,0,0
2021-10-09 08:45,41,28,13,0,0,0
2021-10-09 09:00,17,12,5,0,0,0
2021-10-09 09:15,41,27,14,0,0,0
2021-10-09 09:30,50,42,8,0,0,0
2021-10-09 09:45,74,53,21,0,0,0
2021-10-09 10:00,61,43,18,0,0,0
2021-10-09 10:15,63,47,16,0,0,0
2021-10-09 10:30,75,51,24,0,0,0
2021-10-09 10:45,88,65,23,0,0,0
2021-10-09 11:00,63,47,16,0,0,0
2021-10-09 11:15,89,58,31,0,0,0
2021-10-09 11:30,89,45,44,0,0,0
2021-10-09 11:45,116,78,38,0,0,0
2021-10-09 12:00,87,45,42,0,0,0
2021-10-09 12:15,94,47,47,0,0,0
2021-10-09 12:30,109,52,57,0,0,0
2021-10-09 12:45,104,48,56,0,0,0
2021-10-09 13:00,91,44,47,0,0,0
2021-10-09 13:15,76,42,34,0,0,0
2021-10-09 13:30,117,55,62,0,0,0
2021-10-09 13:45,120,57,63,0,0,0
2021-10-09 14:00,79,31,48,0,0,0
2021-10-09 14:15,98,48,50,0,0,0
2021-10-09 14:30,92,34,58,0,0,0
2021-10-09 14:45,127,39,88,0,0,0
2021-10-09 15:00,92,33,59,0,0,0
2021-10-09 15:15,56,18,38,0,0,0
2021-10-09 15:30,85,36,49,0,0,0
2021-10-09 15:45,96,45,51,0,0,0
2021-10-09 16:00,84,34,50,0,0,0
2021-10-09 16:15,99,35,64,0,0,0
2021-10-09 16:30,63,21,42,0,0,0
2021-10-09 16:45,81,34,47,0,0,0
2021-10-09 17:00,55,12,43,0,0,0
2021-10-09 17:15,69,29,40,0,0,0
2021-10-09 17:30,46,18,28,0,0,0
2021-10-09 17:45,87,23,64,0,0,0
2021-10-09 18:00,90,31,59,0,0,0
2021-10-09 18:15,56,19,37,0,0,0
2021-10-09 18:30,65,24,41,0,0,0
2021-10-09 18:45,61,35,26,0,0,0
2021-10-09 19:00,67,18,49,0,0,0
2021-10-09 19:15,41,20,21,0,0,0
2021-10-09 19:30,53,15,38,0,0,0
2021-10-09 19:45,38,24,14,0,0,0
2021-10-09 20:00,46,20,26,0,0,0
2021-10-09 20:15,41,15,26,0,0,0
2021-10-09 20:30,29,13,16,0,0,0
2021-10-09 20:45,23,7,16,0,0,0
2021-10-09 21:00,19,7,12,0,0,0
2021-10-09 21:15,28,12,16,0,0,0
2021-10-09 21:30,16,5,11,0,0,0
2021-10-09 21:45,15,5,10,0,0,0
2021-10-09 22:00,31,13,18,0,0,0
2021-10-09 22:15,21,3,18,0,0,0
2021-10-09 22:30,34,16,18,0,0,0
2021-10-09 22:45,19,7,12,0,0,0
2021-10-09 23:00,22,13,9,0,0,0
2021-10-09 23:15,17,4,13,0,0,0
2021-10-09 23:30,15,7,8,0,0,0
2021-10-09 23:45,15,1,14,0,0,0
2021-10-10 00:00,19,6,13,0,0,0
2021-10-10 00:15,22,13,9,0,0,0
2021-10-10 00:30,16,11,5,0,0,0
2021-10-10 00:45,6,3,3,0,0,0
2021-10-10 01:00,10,7,3,0,0,0
2021-10-10 01:15,5,4,1,0,0,0
2021-10-10 01:30,14,5,9,0,0,0
2021-10-10 01:45,6,0,6,0,0,0
2021-10-10 02:00,10,0,10,0,0,0
2021-10-10 02:15,14,7,7,0,0,0
2021-10-10 02:30,10,3,7,0,0,0
2021-10-10 02:45,3,2,1,0,0,0
2021-10-10 03:00,4,2,2,0,0,0
2021-10-10 03:15,4,0,4,0,0,0
2021-10-10 03:30,6,0,6,0,0,0
2021-10-10 03:45,4,0,4,0,0,0
2021-10-10 04:00,4,2,2,0,0,0
2021-10-10 04:15,5,1,4,0,0,0
2021-10-10 04:30,3,2,1,0,0,0
2021-10-10 04:45,5,1,4,0,0,0
2021-10-10 05:00,0,0,0,0,0,0
2021-10-10 05:15,3,0,3,0,0,0
2021-10-10 05:30,10,1,9,0,0,0
2021-10-10 05:45,3,0,3,0,0,0
2021-10-10 06:00,2,1,1,0,0,0
2021-10-10 06:15,4,2,2,0,0,0
2021-10-10 06:30,4,3,1,0,0,0
2021-10-10 06:45,3,2,1,0,0,0
2021-10-10 07:00,1,0,1,0,0,0
2021-10-10 07:15,4,3,1,0,0,0
2021-10-10 07:30,5,2,3,0,0,0
2021-10-10 07:45,5,2,3,0,0,0
2021-10-10 08:00,4,4,0,0,0,0
2021-10-10 08:15,3,3,0,0,0,0
2021-10-10 08:30,4,3,1,0,0,0
2021-10-10 08:45,8,3,5,0,0,0
2021-10-10 09:00,11,3,8,0,0,0
2021-10-10 09:15,4,2,2,0,0,0
2021-10-10 09:30,14,8,6,0,0,0
2021-10-10 09:45,26,17,9,0,0,0
2021-10-10 10:00,15,8,7,0,0,0
2021-10-10 10:15,14,8,6,0,0,0
2021-10-10 10:30,16,9,7,0,0,0
2021-10-10 10:45,26,15,11,0,0,0
2021-10-10 11:00,29,18,11,0,0,0
2021-10-10 11:15,33,13,20,0,0,0
2021-10-10 11:30,35,13,22,0,0,0
2021-10-10 11:45,23,11,12,0,0,0
2021-10-10 12:00,25,16,9,0,0,0
2021-10-10 12:15,42,17,25,0,0,0
2021-10-10 12:30,35,10,25,0,0,0
2021-10-10 12:45,31,10,21,0,0,0
2021-10-10 13:00,47,19,28,0,0,0
2021-10-10 13:15,51,23,28,0,0,0
2021-10-10 13:30,60,25,35,0,0,0
2021-10-10 13:45,64,34,30,0,0,0
2021-10-10 14:00,51,24,27,0,0,0
2021-10-10 14:15,63,31,32,0,0,0
2021-10-10 14:30,59,28,31,0,0,0
2021-10-10 14:45,41,26,15,0,0,0
2021-10-10 15:00,64,40,24,0,0,0
2021-10-10 15:15,54,24,30,0,0,0
2021-10-10 15:30,53,22,31,0,0,0
2021-10-10 15:45,52,26,26,0,0,0
2021-10-10 16:00,61,24,37,0,0,0
2021-10-10 16:15,65,22,43,0,0,0
2021-10-10 16:30,42,19,23,0,0,0
2021-10-10 16:45,63,28,35,0,0,0
2021-10-10 17:00,53,23,30,0,0,0
2021-10-10 17:15,58,37,21,0,0,0
2021-10-10 17:30,66,27,39,0,0,0
2021-10-10 17:45,62,32,30,0,0,0
2021-10-10 18:00,53,23,30,0,0,0
2021-10-10 18:15,54,17,37,0,0,0
2021-10-10 18:30,46,13,33,0,0,0
2021-10-10 18:45,60,26,34,0,0,0
2021-10-10 19:00,37,13,24,0,0,0
2021-10-10 19:15,38,15,23,0,0,0
2021-10-10 19:30,16,4,12,0,0,0
2021-10-10 19:45,43,20,23,0,0,0
2021-10-10 20:00,43,8,35,0,0,0
2021-10-10 20:15,16,6,10,0,0,0
2021-10-10 20:30,25,9,16,0,0,0
2021-10-10 20:45,29,3,26,0,0,0
2021-10-10 21:00,32,10,22,0,0,0
2021-10-10 21:15,13,2,11,0,0,0
2021-10-10 21:30,21,8,13,0,0,0
2021-10-10 21:45,13,7,6,0,0,0
2021-10-10 22:00,9,1,8,0,0,0
2021-10-10 22:15,9,2,7,0,0,0
2021-10-10 22:30,10,2,8,0,0,0
2021-10-10 22:45,16,6,10,0,0,0
2021-10-10 23:00,7,5,2,0,0,0
2021-10-10 23:15,5,0,5,0,0,0
2021-10-10 23:30,1,0,1,0,0,0
2021-10-10 23:45,14,1,13,0,0,0
2021-10-11 00:00,5,0,5,0,0,0
2021-10-11 00:15,2,0,2,0,0,0
2021-10-11 00:30,0,0,0,0,0,0
2021-10-11 00:45,1,0,1,0,0,0
2021-10-11 01:00,3,0,3,0,0,0
2021-10-11 01:15,4,2,2,0,0,0
2021-10-11 01:30,0,0,0,0,0,0
2021-10-11 01:45,0,0,0,0,0,0
2021-10-11 02:00,0,0,0,0,0,0
2021-10-11 02:15,2,2,0,0,0,0
2021-10-11 02:30,3,2,1,0,0,0
2021-10-11 02:45,1,1,0,0,0,0
2021-10-11 03:00,0,0,0,0,0,0
2021-10-11 03:15,0,0,0,0,0,0
2021-10-11 03:30,1,1,0,0,0,0
2021-10-11 03:45,0,0,0,0,0,0
2021-10-11 04:00,0,0,0,0,0,0
2021-10-11 04:15,0,0,0,0,0,0
2021-10-11 04:30,3,2,1,0,0,0
2021-10-11 04:45,0,0,0,0,0,0
2021-10-11 05:00,3,3,0,0,0,0
2021-10-11 05:15,3,2,1,0,0,0
2021-10-11 05:30,9,7,2,0,0,0
2021-10-11 05:45,5,2,3,0,0,0
2021-10-11 06:00,9,4,5,0,0,0
2021-10-11 06:15,22,8,14,0,0,0
2021-10-11 06:30,27,13,14,0,0,0
2021-10-11 06:45,36,9,27,0,0,0
2021-10-11 07:00,43,15,28,0,0,0
2021-10-11 07:15,54,21,33,0,0,0
2021-10-11 07:30,106,36,70,0,0,0
2021-10-11 07:45,167,45,122,0,0,0
2021-10-11 08:00,175,36,139,0,0,0
2021-10-11 08:15,88,36,52,0,0,0
2021-10-11 08:30,120,57,63,0,0,0
2021-10-11 08:45,150,57,93,0,0,0
2021-10-11 09:00,83,24,59,0,0,0
2021-10-11 09:15,54,22,32,0,0,0
2021-10-11 09:30,99,58,41,0,0,0
2021-10-11 09:45,156,100,56,0,0,0
2021-10-11 10:00,162,112,50,0,0,0
2021-10-11 10:15,105,68,37,0,0,0
2021-10-11 10:30,80,47,33,0,0,0
2021-10-11 10:45,78,57,21,0,0,0
2021-10-11 11:00,62,29,33,0,0,0
2021-10-11 11:15,69,30,39,0,0,0
2021-10-11 11:30,87,46,41,0,0,0
2021-10-11 11:45,165,75,90,0,0,0
2021-10-11 12:00,113,38,75,0,0,0
2021-10-11 12:15,103,45,58,0,0,0
2021-10-11 12:30,104,48,56,0,0,0
2021-10-11 12:45,123,54,69,0,0,0
2021-10-11 13:00,115,50,65,0,0,0
2021-10-11 13:15,80,36,44,0,0,0
2021-10-11 13:30,107,54,53,0,0,0
2021-10-11 13:45,137,57,80,0,0,0
2021-10-11 14:00,100,50,50,0,0,0
2021-10-11 14:15,81,38,43,0,0,0
2021-10-11 14:30,105,58,47,0,0,0
2021-10-11 14:45,118,71,47,0,0,0
2021-10-11 15:00,109,64,45,0,0,0
2021-10-11 15:15,112,62,50,0,0,0
2021-10-11 15:30,127,66,61,0,0,0
2021-10-11 15:45,232,146,86,0,0,0
2021-10-11 16:00,161,90,71,0,0,0
2021-10-11 16:15,115,69,46,0,0,0
2021-10-11 16:30,130,80,50,0,0,0
2021-10-11 16:45,141,75,66,0,0,0
2021-10-11 17:00,135,85,50,0,0,0
2021-10-11 17:15,141,74,67,0,0,0
2021-10-11 17:30,127,82,45,0,0,0
2021-10-11 17:45,134,74,60,0,0,0
2021-10-11 18:00,119,52,67,0,0,0
2021-10-11 18:15,110,50,60,0,0,0
2021-10-11 18:30,68,27,41,0,0,0
2021-10-11 18:45,58,20,38,0,0,0
2021-10-11 19:00,93,48,45,0,0,0
2021-10-11 19:15,71,31,40,0,0,0
2021-10-11 19:30,58,17,41,0,0,0
2021-10-11 19:45,75,35,40,0,0,0
2021-10-11 20:00,55,20,35,0,0,0
2021-10-11 20:15,48,21,27,0,0,0
2021-10-11 20:30,31,10,21,0,0,0
2021-10-11 20:45,28,14,14,0,0,0
2021-10-11 21:00,32,15,17,0,0,0
2021-10-11 21:15,23,5,18,0,0,0
2021-10-11 21:30,19,7,12,0,0,0
2021-10-11 21:45,21,11,10,0,0,0
2021-10-11 22:00,24,9,15,0,0,0
2021-10-11 22:15,36,12,24,0,0,0
2021-10-11 22:30,17,4,13,0,0,0
2021-10-11 22:45,16,3,13,0,0,0
2021-10-11 23:00,9,1,8,0,0,0
2021-10-11 23:15,20,1,19,0,0,0
2021-10-11 23:30,14,2,12,0,0,0
2021-10-11 23:45,8,0,8,0,0,0
2021-10-12 00:00,3,1,2,0,0,0
2021-10-12 00:15,9,1,8,0,0,0
2021-10-12 00:30,2,1,1,0,0,0
2021-10-12 00:45,2,1,1,0,0,0
2021-10-12 01:00,2,1,1,0,0,0
2021-10-12 01:15,4,2,2,0,0,0
2021-10-12 01:30,0,0,0,0,0,0
2021-10-12 01:45,3,1,2,0,0,0
2021-10-12 02:00,2,0,2,0,0,0
2021-10-12 02:15,1,0,1,0,0,0
2021-10-12 02:30,0,0,0,0,0,0
2021-10-12 02:45,6,0,6,0,0,0
2021-10-12 03:00,4,2,2,0,0,0
2021-10-12 03:15,1,1,0,0,0,0
2021-10-12 03:30,3,0,3,0,0,0
2021-10-12 03:45,0,0,0,0,0,0
2021-10-12 04:00,0,0,0,0,0,0
2021-10-12 04:15,0,0,0,0,0,0
2021-10-12 04:30,1,0,1,0,0,0
2021-10-12 04:45,1,1,0,0,0,0
2021-10-12 05:00,1,1,0,0,0,0
2021-10-12 05:15,4,4,0,0,0,0
2021-10-12 05:30,7,4,3,0,0,0
2021-10-12 05:45,10,2,8,0,0,0
2021-10-12 06:00,9,2,7,0,0,0
2021-10-12 06:15,21,5,16,0,0,0
2021-10-12 06:30,34,13,21,0,0,0
2021-10-12 06:45,41,14,27,0,0,0
2021-10-12 07:00,40,9,31,0,0,0
2021-10-12 07:15,54,19,35,0,0,0
2021-10-12 07:30,135,46,89,0,0,0
2021-10-12 07:45,227,66,161,0,0,0
2021-10-12 08:00,213,63,150,0,0,0
2021-10-12 08:15,97,36,61,0,0,0
2021-10-12 08:30,101,45,56,0,0,0
2021-10-12 08:45,107,45,62,0,0,0
2021-10-12 09:00,61,22,39,0,0,0
2021-10-12 09:15,47,16,31,0,0,0
2021-10-12 09:30,90,37,53,0,0,0
2021-10-12 09:45,165,96,69,0,0,0
2021-10-12 10:00,129,67,62,0,0,0
2021-10-12 10:15,64,47,17,0,0,0
2021-10-12 10:30,43,18,25,0,0,0
2021-10-12 10:45,46,26,20,0,0,0
2021-10-12 11:00,62,35,27,0,0,0
2021-10-12 11:15,63,32,31,0,0,0
2021-10-12 11:30,47,18,29,0,0,0
2021-10-12 11:45,109,45,64,0,0,0
2021-10-12 12:00,76,31,45,0,0,0
2021-10-12 12:15,80,38,42,0,0,0
2021-10-12 12:30,98,55,43,0,0,0
2021-10-12 12:45,71,36,35,0,0,0
2021-10-12 13:00,88,49,39,0,0,0
2021-10-12 13:15,90,50,40,0,0,0
2021-10-12 13:30,98,47,51,0,0,0
2021-10-12 13:45,168,80,88,0,0,0
2021-10-12 14:00,118,57,61,0,0,0
2021-10-12 14:15,72,46,26,0,0,0
2021-10-12 14:30,87,50,37,0,0,0
2021-10-12 14:45,89,57,32,0,0,0
2021-10-12 15:00,91,55,36,0,0,0
2021-10-12 15:15,112,60,52,0,0,0
2021-10-12 15:30,128,55,73,0,0,0
2021-10-12 15:45,201,116,85,0,0,0
2021-10-12 16:00,188,88,100,0,0,0
2021-10-12 16:15,110,75,35,0,0,0
2021-10-12 16:30,127,83,44,0,0,0
2021-10-12 16:45,127,62,65,0,0,0
2021-10-12 17:00,103,67,36,0,0,0
2021-10-12 17:15,104,63,41,0,0,0
2021-10-12 17:30,116,46,70,0,0,0
2021-10-12 17:45,190,118,72,0,0,0
2021-10-12 18:00,134,68,66,0,0,0
2021-10-12 18:15,80,40,40,0,0,0
2021-10-12 18:30,84,32,52,0,0,0
2021-10-12 18:45,73,32,41,0,0,0
2021-10-12 19:00,81,37,44,0,0,0
2021-10-12 19:15,53,18,35,0,0,0
2021-10-12 19:30,48,17,31,0,0,0
2021-10-12 19:45,58,34,24,0,0,0
2021-10-12 20:00,60,24,36,0,0,0
2021-10-12 20:15,38,18,20,0,0,0
2021-10-12 20:30,28,13,15,0,0,0
2021-10-12 20:45,36,24,12,0,0,0
2021-10-12 21:00,29,8,21,0,0,0
2021-10-12 21:15,20,8,12,0,0,0
2021-10-12 21:30,21,7,14,0,0,0
2021-10-12 21:45,17,4,13,0,0,0
2021-10-12 22:00,26,7,19,0,0,0
2021-10-12 22:15,23,11,12,0,0,0
2021-10-12 22:30,19,12,7,0,0,0
2021-10-12 22:45,15,2,13,0,0,0
2021-10-12 23:00,15,4,11,0,0,0
2021-10-12 23:15,14,5,9,0,0,0
2021-10-12 23:30,14,8,6,0,0,0
2021-10-12 23:45,21,10,11,0,0,0
2021-10-13 00:00,6,1,5,0,0,0
2021-10-13 00:15,5,2,3,0,0,0
2021-10-13 00:30,7,2,5,0,0,0
2021-10-13 00:45,10,3,7,0,0,0
2021-10-13 01:00,1,0,1,0,0,0
2021-10-13 01:15,3,1,2,0,0,0
2021-10-13 01:30,3,0,3,0,0,0
2021-10-13 01:45,13,2,11,0,0,0
2021-10-13 02:00,7,1,6,0,0,0
2021-10-13 02:15,5,0,5,0,0,0
2021-10-13 02:30,2,0,2,0,0,0
2021-10-13 02:45,8,0,8,0,0,0
2021-10-13 03:00,15,2,13,0,0,0
2021-10-13 03:15,20,0,20,0,0,0
2021-10-13 03:30,11,0,11,0,0,0
2021-10-13 03:45,5,0,5,0,0,0
2021-10-13 04:00,0,0,0,0,0,0
2021-10-13 04:15,12,0,12,0,0,0
2021-10-13 04:30,4,0,4,0,0,0
2021-10-13 04:45,2,1,1,0,0,0
2021-10-13 05:00,1,1,0,0,0,0
2021-10-13 05:15,1,0,1,0,0,0
2021-10-13 05:30,6,2,4,0,0,0
2021-10-13 05:45,10,2,8,0,0,0
2021-10-13 06:00,10,4,6,0,0,0
2021-10-13 06:15,18,5,13,0,0,0
2021-10-13 06:30,35,18,17,0,0,0
2021-10-13 06:45,47,21,26,0,0,0
2021-10-13 07:00,47,15,32,0,0,0
2021-10-13 07:15,59,28,31,0,0,0
2021-10-13 07:30,87,27,60,0,0,0
2021-10-13 07:45,254,99,155,0,0,0
2021-10-13 08:00,158,42,116,0,0,0
2021-10-13 08:15,107,47,60,0,0,0
2021-10-13 08:30,92,40,52,0,0,0
2021-10-13 08:45,116,45,71,0,0,0
2021-10-13 09:00,80,32,48,0,0,0
2021-10-13 09:15,61,30,31,0,0,0
2021-10-13 09:30,88,50,38,0,0,0
2021-10-13 09:45,194,114,80,0,0,0
2021-10-13 10:00,156,72,84,0,0,0
2021-10-13 10:15,93,49,44,0,0,0
2021-10-13 10:30,92,42,50,0,0,0
2021-10-13 10:45,75,45,30,0,0,0
2021-10-13 11:00,84,50,34,0,0,0
2021-10-13 11:15,74,42,32,0,0,0
2021-10-13 11:30,106,53,53,0,0,0
2021-10-13 11:45,173,73,100,0,0,0
2021-10-13 12:00,160,82,78,0,0,0
2021-10-13 12:15,120,60,60,0,0,0
2021-10-13 12:30,119,54,65,0,0,0
2021-10-13 12:45,142,63,79,0,0,0
2021-10-13 13:00,139,91,48,0,0,0
2021-10-13 13:15,111,58,53,0,0,0
2021-10-13 13:30,117,55,62,0,0,0
2021-10-13 13:45,176,94,82,0,0,0
2021-10-13 14:00,139,53,86,0,0,0
2021-10-13 14:15,118,70,48,0,0,0
2021-10-13 14:30,112,55,57,0,0,0
2021-10-13 14:45,104,64,40,0,0,0
2021-10-13 15:00,105,64,41,0,0,0
2021-10-13 15:15,87,44,43,0,0,0
2021-10-13 15:30,117,55,62,0,0,0
2021-10-13 15:45,191,87,104,0,0,0
2021-10-13 16:00,176,74,102,0,0,0
2021-10-13 16:15,123,64,59,0,0,0
2021-10-13 16:30,127,74,53,0,0,0
2021-10-13 16:45,113,52,61,0,0,0
2021-10-13 17:00,113,69,44,0,0,0
2021-10-13 17:15,111,52,59,0,0,0
2021-10-13 17:30,133,79,54,0,0,0
2021-10-13 17:45,168,77,91,0,0,0
2021-10-13 18:00,124,53,71,0,0,0
2021-10-13 18:15,121,67,54,0,0,0
2021-10-13 18:30,79,40,39,0,0,0
2021-10-13 18:45,98,64,34,0,0,0
2021-10-13 19:00,88,42,46,0,0,0
2021-10-13 19:15,68,22,46,0,0,0
2021-10-13 19:30,61,26,35,0,0,0
2021-10-13 19:45,83,38,45,0,0,0
2021-10-13 20:00,54,17,37,0,0,0
2021-10-13 20:15,59,33,26,0,0,0
2021-10-13 20:30,37,19,18,0,0,0
2021-10-13 20:45,31,12,19,0,0,0
2021-10-13 21:00,32,17,15,0,0,0
2021-10-13 21:15,32,12,20,0,0,0
2021-10-13 21:30,28,11,17,0,0,0
2021-10-13 21:45,40,18,22,0,0,0
2021-10-13 22:00,24,9,15,0,0,0
2021-10-13 22:15,19,3,16,0,0,0
2021-10-13 22:30,24,3,21,0,0,0
2021-10-13 22:45,26,10,16,0,0,0
2021-10-13 23:00,19,10,9,0,0,0
2021-10-13 23:15,16,1,15,0,0,0
2021-10-13 23:30,22,7,15,0,0,0
2021-10-13 23:45,17,4,13,0,0,0
2021-10-14 00:00,10,1,9,0,0,0
2021-10-14 00:15,9,1,8,0,0,0
2021-10-14 00:30,11,2,9,0,0,0
2021-10-14 00:45,6,0,6,0,0,0
2021-10-14 01:00,6,2,4,0,0,0
2021-10-14 01:15,12,3,9,0,0,0
2021-10-14 01:30,9,0,9,0,0,0
2021-10-14 01:45,7,2,5,0,0,0
2021-10-14 02:00,10,0,10,0,0,0
2021-10-14 02:15,7,0,7,0,0,0
2021-10-14 02:30,8,0,8,0,0,0
2021-10-14 02:45,3,0,3,0,0,0
2021-10-14 03:00,4,1,3,0,0,0
2021-10-14 03:15,4,1,3,0,0,0
2021-10-14 03:30,6,0,6,0,0,0
2021-10-14 03:45,1,0,1,0,0,0
2021-10-14 04:00,3,0,3,0,0,0
2021-10-14 04:15,1,0,1,0,0,0
2021-10-14 04:30,1,0,1,0,0,0
2021-10-14 04:45,3,2,1,0,0,0
2021-10-14 05:00,1,0,1,0,0,0
2021-10-14 05:15,1,1,0,0,0,0
2021-10-14 05:30,11,3,8,0,0,0
2021-10-14 05:45,7,1,6,0,0,0
2021-10-14 06:00,5,0,5,0,0,0
2021-10-14 06:15,16,7,9,0,0,0
2021-10-14 06:30,28,11,17,0,0,0
2021-10-14 06:45,52,18,34,0,0,0
2021-10-14 07:00,50,12,38,0,0,0
2021-10-14 07:15,54,17,37,0,0,0
2021-10-14 07:30,116,31,85,0,0,0
2021-10-14 07:45,184,34,150,0,0,0
2021-10-14 08:00,159,36,123,0,0,0
2021-10-14 08:15,102,39,63,0,0,0
2021-10-14 08:30,91,47,44,0,0,0
2021-10-14 08:45,106,38,68,0,0,0
2021-10-14 09:00,72,28,44,0,0,0
2021-10-14 09:15,46,30,16,0,0,0
2021-10-14 09:30,65,38,27,0,0,0
2021-10-14 09:45,151,103,48,0,0,0
2021-10-14 10:00,166,82,84,0,0,0
2021-10-14 10:15,58,28,30,0,0,0
2021-10-14 10:30,68,23,45,0,0,0
2021-10-14 10:45,42,25,17,0,0,0
2021-10-14 11:00,57,25,32,0,0,0
2021-10-14 11:15,63,34,29,0,0,0
2021-10-14 11:30,111,65,46,0,0,0
2021-10-14 11:45,144,66,78,0,0,0
2021-10-14 12:00,153,88,65,0,0,0
2021-10-14 12:15,98,59,39,0,0,0
2021-10-14 12:30,84,45,39,0,0,0
2021-10-14 12:45,74,31,43,0,0,0
2021-10-14 13:00,136,75,61,0,0,0
2021-10-14 13:15,112,60,52,0,0,0
2021-10-14 13:30,91,49,42,0,0,0
2021-10-14 13:45,168,82,86,0,0,0
2021-10-14 14:00,129,73,56,0,0,0
2021-10-14 14:15,89,50,39,0,0,0
2021-10-14 14:30,89,45,44,0,0,0
2021-10-14 14:45,127,64,63,0,0,0
2021-10-14 15:00,135,85,50,0,0,0
2021-10-14 15:15,102,64,38,0,0,0
2021-10-14 15:30,128,83,45,0,0,0
2021-10-14 15:45,203,129,74,0,0,0
2021-10-14 16:00,142,76,66,0,0,0
2021-10-14 16:15,112,64,48,0,0,0
2021-10-14 16:30,99,58,41,0,0,0
2021-10-14 16:45,129,50,79,0,0,0
2021-10-14 17:00,136,81,55,0,0,0
2021-10-14 17:15,112,44,68,0,0,0
2021-10-14 17:30,104,49,55,0,0,0
2021-10-14 17:45,117,46,71,0,0,0
2021-10-14 18:00,122,48,74,0,0,0
2021-10-14 18:15,87,46,41,0,0,0
2021-10-14 18:30,59,34,25,0,0,0
2021-10-14 18:45,75,36,39,0,0,0
2021-10-14 19:00,73,34,39,0,0,0
2021-10-14 19:15,58,35,23,0,0,0
2021-10-14 19:30,50,24,26,0,0,0
2021-10-14 19:45,53,21,32,0,0,0
2021-10-14 20:00,43,20,23,0,0,0
2021-10-14 20:15,50,29,21,0,0,0
2021-10-14 20:30,35,25,10,0,0,0
2021-10-14 20:45,24,15,9,0,0,0
2021-10-14 21:00,23,15,8,0,0,0
2021-10-14 21:15,28,10,18,0,0,0
2021-10-14 21:30,28,12,16,0,0,0
2021-10-14 21:45,20,11,9,0,0,0
2021-10-14 22:00,21,6,15,0,0,0
2021-10-14 22:15,31,4,27,0,0,0
2021-10-14 22:30,24,5,19,0,0,0
2021-10-14 22:45,26,2,24,0,0,0
2021-10-14 23:00,14,2,12,0,0,0
2021-10-14 23:15,8,1,7,0,0,0
2021-10-14 23:30,12,5,7,0,0,0
2021-10-14 23:45,7,3,4,0,0,0
2021-10-15 00:00,9,1,8,0,0,0
2021-10-15 00:15,10,1,9,0,0,0
2021-10-15 00:30,2,0,2,0,0,0
2021-10-15 00:45,6,0,6,0,0,0
2021-10-15 01:00,6,0,6,0,0,0
2021-10-15 01:15,2,0,2,0,0,0
2021-10-15 01:30,3,0,3,0,0,0
2021-10-15 01:45,7,2,5,0,0,0
2021-10-15 02:00,2,0,2,0,0,0
2021-10-15 02:15,3,0,3,0,0,0
2021-10-15 02:30,4,0,4,0,0,0
2021-10-15 02:45,1,0,1,0,0,0
2021-10-15 03:00,0,0,0,0,0,0
2021-10-15 03:15,1,0,1,0,0,0
2021-10-15 03:30,1,1,0,0,0,0
2021-10-15 03:45,0,0,0,0,0,0
2021-10-15 04:00,0,0,0,0,0,0
2021-10-15 04:15,1,0,1,0,0,0
2021-10-15 04:30,1,0,1,0,0,0
2021-10-15 04:45,1,1,0,0,0,0
2021-10-15 05:00,0,0,0,0,0,0
2021-10-15 05:15,2,2,0,0,0,0
2021-10-15 05:30,6,2,4,0,0,0
2021-10-15 05:45,8,4,4,0,0,0
2021-10-15 06:00,8,0,8,0,0,0
2021-10-15 06:15,14,5,9,0,0,0
2021-10-15 06:30,31,15,16,0,0,0
2021-10-15 06:45,51,17,34,0,0,0
2021-10-15 07:00,31,16,15,0,0,0
2021-10-15 07:15,37,11,26,0,0,0
2021-10-15 07:30,90,30,60,0,0,0
2021-10-15 07:45,151,48,103,0,0,0
2021-10-15 08:00,167,46,121,0,0,0
2021-10-15 08:15,86,44,42,0,0,0
2021-10-15 08:30,88,40,48,0,0,0
2021-10-15 08:45,100,46,54,0,0,0
2021-10-15 09:00,62,27,35,0,0,0
2021-10-15 09:15,58,32,26,0,0,0
2021-10-15 09:30,66,31,35,0,0,0
2021-10-15 09:45,118,62,56,0,0,0
2021-10-15 10:00,89,40,49,0,0,0
2021-10-15 10:15,49,26,23,0,0,0
2021-10-15 10:30,39,16,23,0,0,0
2021-10-15 10:45,54,29,25,0,0,0
2021-10-15 11:00,66,39,27,0,0,0
2021-10-15 11:15,51,22,29,0,0,0
2021-10-15 11:30,47,21,26,0,0,0
2021-10-15 11:45,83,34,49,0,0,0
2021-10-15 12:00,120,76,44,0,0,0
2021-10-15 12:15,100,56,44,0,0,0
2021-10-15 12:30,88,48,40,0,0,0
2021-10-15 12:45,99,46,53,0,0,0
2021-10-15 13:00,99,57,42,0,0,0
2021-10-15 13:15,63,27,36,0,0,0
2021-10-15 13:30,93,40,53,0,0,0
2021-10-15 13:45,105,62,43,0,0,0
2021-10-15 14:00,99,49,50,0,0,0
2021-10-15 14:15,72,44,28,0,0,0
2021-10-15 14:30,88,42,46,0,0,0
2021-10-15 14:45,120,62,58,0,0,0
2021-10-15 15:00,109,57,52,0,0,0
2021-10-15 15:15,88,48,40,0,0,0
2021-10-15 15:30,93,41,52,0,0,0
2021-10-15 15:45,123,65,58,0,0,0
2021-10-15 16:00,112,68,44,0,0,0
2021-10-15 16:15,92,54,38,0,0,0
2021-10-15 16:30,81,39,42,0,0,0
2021-10-15 16:45,99,70,29,0,0,0
2021-10-15 17:00,99,51,48,0,0,0
2021-10-15 17:15,70,43,27,0,0,0
2021-10-15 17:30,106,50,56,0,0,0
2021-10-15 17:45,78,52,26,0,0,0
2021-10-15 18:00,86,35,51,0,0,0
2021-10-15 18:15,94,47,47,0,0,0
2021-10-15 18:30,74,30,44,0,0,0
2021-10-15 18:45,86,35,51,0,0,0
2021-10-15 19:00,64,28,36,0,0,0
2021-10-15 19:15,50,17,33,0,0,0
2021-10-15 19:30,42,19,23,0,0,0
2021-10-15 19:45,41,16,25,0,0,0
2021-10-15 20:00,48,14,34,0,0,0
2021-10-15 20:15,39,15,24,0,0,0
2021-10-15 20:30,17,7,10,0,0,0
2021-10-15 20:45,24,12,12,0,0,0
2021-10-15 21:00,33,23,10,0,0,0
2021-10-15 21:15,13,6,7,0,0,0
2021-10-15 21:30,18,4,14,0,0,0
2021-10-15 21:45,31,14,17,0,0,0
2021-10-15 22:00,22,9,13,0,0,0
2021-10-15 22:15,16,5,11,0,0,0
2021-10-15 22:30,17,6,11,0,0,0
2021-10-15 22:45,15,6,9,0,0,0
2021-10-15 23:00,8,4,4,0,0,0
2021-10-15 23:15,21,10,11,0,0,0
2021-10-15 23:30,15,8,7,0,0,0
2021-10-15 23:45,21,9,12,0,0,0
2021-10-16 00:00,16,8,8,0,0,0
2021-10-16 00:15,6,0,6,0,0,0
2021-10-16 00:30,14,6,8,0,0,0
2021-10-16 00:45,10,3,7,0,0,0
2021-10-16 01:00,15,1,14,0,0,0
2021-10-16 01:15,3,1,2,0,0,0
2021-10-16 01:30,5,1,4,0,0,0
2021-10-16 01:45,5,0,5,0,0,0
2021-10-16 02:00,13,1,12,0,0,0
2021-10-16 02:15,9,2,7,0,0,0
2021-10-16 02:30,12,0,12,0,0,0
2021-10-16 02:45,6,2,4,0,0,0
2021-10-16 03:00,19,4,15,0,0,0
2021-10-16 03:15,9,2,7,0,0,0
2021-10-16 03:30,3,0,3,0,0,0
2021-10-16 03:45,3,0,3,0,0,0
2021-10-16 04:00,5,0,5,0,0,0
2021-10-16 04:15,1,0,1,0,0,0
2021-10-16 04:30,11,4,7,0,0,0
2021-10-16 04:45,3,2,1,0,0,0
2021-10-16 05:00,2,0,2,0,0,0
2021-10-16 05:15,4,1,3,0,0,0
2021-10-16 05:30,6,3,3,0,0,0
2021-10-16 05:45,4,3,1,0,0,0
2021-10-16 06:00,5,1,4,0,0,0
2021-10-16 06:15,5,1,4,0,0,0
2021-10-16 06:30,1,1,0,0,0,0
2021-10-16 06:45,18,10,8,0,0,0
2021-10-16 07:00,5,3,2,0,0,0
2021-10-16 07:15,6,4,2,0,0,0
2021-10-16 07:30,10,3,7,0,0,0
2021-10-16 07:45,10,7,3,0,0,0
2021-10-16 08:00,9,6,3,0,0,0
2021-10-16 08:15,15,12,3,0,0,0
2021-10-16 08:30,17,12,5,0,0,0
2021-10-16 08:45,48,33,15,0,0,0
2021-10-16 09:00,26,20,6,0,0,0
2021-10-16 09:15,49,37,12,0,0,0
2021-10-16 09:30,50,43,7,0,0,0
2021-10-16 09:45,76,51,25,0,0,0
2021-10-16 10:00,54,49,5,0,0,0
2021-10-16 10:15,49,37,12,0,0,0
2021-10-16 10:30,60,44,16,0,0,0
2021-10-16 10:45,64,42,22,0,0,0
2021-10-16 11:00,64,46,18,0,0,0
2021-10-16 11:15,81,49,32,0,0,0
2021-10-16 11:30,70,39,31,0,0,0
2021-10-16 11:45,104,64,40,0,0,0
2021-10-16 12:00,53,34,19,0,0,0
2021-10-16 12:15,87,50,37,0,0,0
2021-10-16 12:30,79,46,33,0,0,0
2021-10-16 12:45,86,35,51,0,0,0
2021-10-16 13:00,75,31,44,0,0,0
2021-10-16 13:15,85,46,39,0,0,0
2021-10-16 13:30,57,27,30,0,0,0
2021-10-16 13:45,82,44,38,0,0,0
2021-10-16 14:00,78,25,53,0,0,0
2021-10-16 14:15,73,26,47,0,0,0
2021-10-16 14:30,67,22,45,0,0,0
2021-10-16 14:45,70,21,49,0,0,0
2021-10-16 15:00,47,26,21,0,0,0
2021-10-16 15:15,85,37,48,0,0,0
2021-10-16 15:30,65,30,35,0,0,0
2021-10-16 15:45,50,28,22,0,0,0
2021-10-16 16:00,52,24,28,0,0,0
2021-10-16 16:15,55,21,34,0,0,0
2021-10-16 16:30,50,20,30,0,0,0
2021-10-16 16:45,48,14,34,0,0,0
2021-10-16 17:00,46,18,28,0,0,0
2021-10-16 17:15,64,21,43,0,0,0
2021-10-16 17:30,39,21,18,0,0,0
2021-10-16 17:45,51,22,29,0,0,0
2021-10-16 18:00,40,16,24,0,0,0
2021-10-16 18:15,58,20,38,0,0,0
2021-10-16 18:30,37,10,27,0,0,0
2021-10-16 18:45,58,29,29,0,0,0
2021-10-16 19:00,49,19,30,0,0,0
2021-10-16 19:15,42,23,19,0,0,0
2021-10-16 19:30,25,10,15,0,0,0
2021-10-16 19:45,44,14,30,0,0,0
2021-10-16 20:00,28,7,21,0,0,0
2021-10-16 20:15,31,15,16,0,0,0
2021-10-16 20:30,36,10,26,0,0,0
2021-10-16 20:45,22,9,13,0,0,0
2021-10-16 21:00,29,7,22,0,0,0
2021-10-16 21:15,29,12,17,0,0,0
2021-10-16 21:30,21,7,14,0,0,0
2021-10-16 21:45,13,6,7,0,0,0
2021-10-16 22:00,9,4,5,0,0,0
2021-10-16 22:15,16,4,12,0,0,0
2021-10-16 22:30,10,1,9,0,0,0
2021-10-16 22:45,18,7,11,0,0,0
2021-10-16 23:00,15,11,4,0,0,0
2021-10-16 23:15,8,1,7,0,0,0
2021-10-16 23:30,11,6,5,0,0,0
2021-10-16 23:45,24,7,17,0,0,0
2021-10-17 00:00,4,0,4,0,0,0
2021-10-17 00:15,10,5,5,0,0,0
2021-10-17 00:30,10,1,9,0,0,0
2021-10-17 00:45,12,3,9,0,0,0
2021-10-17 01:00,10,0,10,0,0,0
2021-10-17 01:15,9,1,8,0,0,0
2021-10-17 01:30,6,3,3,0,0,0
2021-10-17 01:45,6,1,5,0,0,0
2021-10-17 02:00,4,0,4,0,0,0
2021-10-17 02:15,5,1,4,0,0,0
2021-10-17 02:30,11,4,7,0,0,0
2021-10-17 02:45,14,2,12,0,0,0
2021-10-17 03:00,3,2,1,0,0,0
2021-10-17 03:15,12,1,11,0,0,0
2021-10-17 03:30,4,0,4,0,0,0
2021-10-17 03:45,1,1,0,0,0,0
2021-10-17 04:00,1,0,1,0,0,0
2021-10-17 04:15,2,0,2,0,0,0
2021-10-17 04:30,7,2,5,0,0,0
2021-10-17 04:45,4,0,4,0,0,0
2021-10-17 05:00,2,0,2,0,0,0
2021-10-17 05:15,2,0,2,0,0,0
2021-10-17 05:30,5,0,5,0,0,0
2021-10-17 05:45,4,3,1,0,0,0
2021-10-17 06:00,1,1,0,0,0,0
2021-10-17 06:15,1,1,0,0,0,0
2021-10-17 06:30,6,5,1,0,0,0
2021-10-17 06:45,6,4,2,0,0,0
2021-10-17 07:00,1,1,0,0,0,0
2021-10-17 07:15,2,0,2,0,0,0
2021-10-17 07:30,5,3,2,0,0,0
2021-10-17 07:45,7,1,6,0,0,0
2021-10-17 08:00,5,2,3,0,0,0
2021-10-17 08:15,10,7,3,0,0,0
2021-10-17 08:30,14,8,6,0,0,0
2021-10-17 08:45,15,7,8,0,0,0
2021-10-17 09:00,12,9,3,0,0,0
2021-10-17 09:15,14,11,3,0,0,0
2021-10-17 09:30,18,9,9,0,0,0
2021-10-17 09:45,12,7,5,0,0,0
2021-10-17 10:00,27,17,10,0,0,0
2021-10-17 10:15,14,6,8,0,0,0
2021-10-17 10:30,28,10,18,0,0,0
2021-10-17 10:45,30,15,15,0,0,0
2021-10-17 11:00,18,7,11,0,0,0
2021-10-17 11:15,39,16,23,0,0,0
2021-10-17 11:30,37,7,30,0,0,0
2021-10-17 11:45,30,14,16,0,0,0
2021-10-17 12:00,37,12,25,0,0,0
2021-10-17 12:15,42,9,33,0,0,0
2021-10-17 12:30,38,13,25,0,0,0
2021-10-17 12:45,44,22,22,0,0,0
2021-10-17 13:00,44,17,27,0,0,0
2021-10-17 13:15,22,11,11,0,0,0
2021-10-17 13:30,33,14,19,0,0,0
2021-10-17 13:45,33,16,17,0,0,0
2021-10-17 14:00,57,30,27,0,0,0
2021-10-17 14:15,52,30,22,0,0,0
2021-10-17 14:30,49,18,31,0,0,0
2021-10-17 14:45,52,26,26,0,0,0
2021-10-17 15:00,51,29,22,0,0,0
2021-10-17 15:15,63,28,35,0,0,0
2021-10-17 15:30,61,35,26,0,0,0
2021-10-17 15:45,66,36,30,0,0,0
2021-10-17 16:00,46,22,24,0,0,0
2021-10-17 16:15,54,25,29,0,0,0
2021-10-17 16:30,40,18,22,0,0,0
2021-10-17 16:45,62,28,34,0,0,0
2021-10-17 17:00,43,27,16,0,0,0
2021-10-17 17:15,60,28,32,0,0,0
2021-10-17 17:30,59,26,33,0,0,0
2021-10-17 17:45,41,21,20,0,0,0
2021-10-17 18:00,43,14,29,0,0,0
2021-10-17 18:15,43,17,26,0,0,0
2021-10-17 18:30,36,14,22,0,0,0
2021-10-17 18:45,31,19,12,0,0,0
2021-10-17 19:00,30,8,22,0,0,0
2021-10-17 19:15,24,9,15,0,0,0
2021-10-17 19:30,14,6,8,0,0,0
2021-10-17 19:45,21,1,20,0,0,0
2021-10-17 20:00,26,6,20,0,0,0
2021-10-17 20:15,22,9,13,0,0,0
2021-10-17 20:30,12,4,8,0,0,0
2021-10-17 20:45,8,1,7,0,0,0
2021-10-17 21:00,26,6,20,0,0,0
2021-10-17 21:15,8,3,5,0,0,0
2021-10-17 21:30,9,3,6,0,0,0
2021-10-17 21:45,15,5,10,0,0,0
2021-10-17 22:00,15,4,11,0,0,0
2021-10-17 22:15,9,5,4,0,0,0
2021-10-17 22:30,8,3,5,0,0,0
2021-10-17 22:45,5,3,2,0,0,0
2021-10-17 23:00,5,1,4,0,0,0
2021-10-17 23:15,13,7,6,0,0,0
2021-10-17 23:30,4,2,2,0,0,0
2021-10-17 23:45,0,0,0,0,0,0
2021-10-18 00:00,5,1,4,0,0,0
2021-10-18 00:15,8,2,6,0,0,0
2021-10-18 00:30,1,1,0,0,0,0
2021-10-18 00:45,2,2,0,0,0,0
2021-10-18 01:00,1,0,1,0,0,0
2021-10-18 01:15,0,0,0,0,0,0
2021-10-18 01:30,1,1,0,0,0,0
2021-10-18 01:45,1,1,0,0,0,0
2021-10-18 02:00,0,0,0,0,0,0
2021-10-18 02:15,1,0,1,0,0,0
2021-10-18 02:30,0,0,0,0,0,0
2021-10-18 02:45,2,0,2,0,0,0
2021-10-18 03:00,0,0,0,0,0,0
2021-10-18 03:15,1,1,0,0,0,0
2021-10-18 03:30,0,0,0,0,0,0
2021-10-18 03:45,0,0,0,0,0,0
2021-10-18 04:00,0,0,0,0,0,0
2021-10-18 04:15,0,0,0,0,0,0
2021-10-18 04:30,2,1,1,0,0,0
2021-10-18 04:45,0,0,0,0,0,0
2021-10-18 05:00,0,0,0,0,0,0
2021-10-18 05:15,5,3,2,0,0,0
2021-10-18 05:30,3,2,1,0,0,0
2021-10-18 05:45,3,0,3,0,0,0
2021-10-18 06:00,7,1,6,0,0,0
2021-10-18 06:15,14,5,9,0,0,0
2021-10-18 06:30,30,16,14,0,0,0
2021-10-18 06:45,40,17,23,0,0,0
2021-10-18 07:00,44,20,24,0,0,0
2021-10-18 07:15,77,21,56,0,0,0
2021-10-18 07:30,138,54,84,0,0,0
2021-10-18 07:45,194,63,131,0,0,0
2021-10-18 08:00,181,54,127,0,0,0
2021-10-18 08:15,119,43,76,0,0,0
2021-10-18 08:30,118,54,64,0,0,0
2021-10-18 08:45,108,52,56,0,0,0
2021-10-18 09:00,88,36,52,0,0,0
2021-10-18 09:15,63,32,31,0,0,0
2021-10-18 09:30,102,56,46,0,0,0
2021-10-18 09:45,218,114,104,0,0,0
2021-10-18 10:00,142,75,67,0,0,0
2021-10-18 10:15,78,46,32,0,0,0
2021-10-18 10:30,51,30,21,0,0,0
2021-10-18 10:45,67,34,33,0,0,0
2021-10-18 11:00,68,29,39,0,0,0
2021-10-18 11:15,42,21,21,0,0,0
2021-10-18 11:30,116,55,61,0,0,0
2021-10-18 11:45,216,101,115,0,0,0
2021-10-18 12:00,147,59,88,0,0,0
2021-10-18 12:15,112,57,55,0,0,0
2021-10-18 12:30,95,52,43,0,0,0
2021-10-18 12:45,91,30,61,0,0,0
2021-10-18 13:00,139,57,82,0,0,0
2021-10-18 13:15,92,44,48,0,0,0
2021-10-18 13:30,108,42,66,0,0,0
2021-10-18 13:45,231,114,117,0,0,0
2021-10-18 14:00,146,72,74,0,0,0
2021-10-18 14:15,109,71,38,0,0,0
2021-10-18 14:30,104,59,45,0,0,0
2021-10-18 14:45,101,57,44,0,0,0
2021-10-18 15:00,115,58,57,0,0,0
2021-10-18 15:15,98,48,50,0,0,0
2021-10-18 15:30,122,65,57,0,0,0
2021-10-18 15:45,267,190,77,0,0,0
2021-10-18 16:00,224,127,97,0,0,0
2021-10-18 16:15,136,62,74,0,0,0
2021-10-18 16:30,146,85,61,0,0,0
2021-10-18 16:45,98,42,56,0,0,0
2021-10-18 17:00,151,85,66,0,0,0
2021-10-18 17:15,150,83,67,0,0,0
2021-10-18 17:30,111,55,56,0,0,0
2021-10-18 17:45,187,95,92,0,0,0
2021-10-18 18:00,139,75,64,0,0,0
2021-10-18 18:15,105,44,61,0,0,0
2021-10-18 18:30,71,26,45,0,0,0
2021-10-18 18:45,86,31,55,0,0,0
2021-10-18 19:00,65,33,32,0,0,0
2021-10-18 19:15,52,23,29,0,0,0
2021-10-18 19:30,74,27,47,0,0,0
2021-10-18 19:45,99,32,67,0,0,0
2021-10-18 20:00,51,19,32,0,0,0
2021-10-18 20:15,33,9,24,0,0,0
2021-10-18 20:30,23,4,19,0,0,0
2021-10-18 20:45,30,6,24,0,0,0
2021-10-18 21:00,34,15,19,0,0,0
2021-10-18 21:15,25,12,13,0,0,0
2021-10-18 21:30,19,4,15,0,0,0
2021-10-18 21:45,20,5,15,0,0,0
2021-10-18 22:00,23,10,13,0,0,0
2021-10-18 22:15,23,11,12,0,0,0
2021-10-18 22:30,19,9,10,0,0,0
2021-10-18 22:45,19,8,11,0,0,0
2021-10-18 23:00,10,1,9,0,0,0
2021-10-18 23:15,7,1,6,0,0,0
2021-10-18 23:30,17,1,16,0,0,0
2021-10-18 23:45,10,1,9,0,0,0
2021-10-19 00:00,4,2,2,0,0,0
2021-10-19 00:15,8,0,8,0,0,0
2021-10-19 00:30,3,1,2,0,0,0
2021-10-19 00:45,6,2,4,0,0,0
2021-10-19 01:00,0,0,0,0,0,0
2021-10-19 01:15,4,2,2,0,0,0
2021-10-19 01:30,0,0,0,0,0,0
2021-10-19 01:45,0,0,0,0,0,0
2021-10-19 02:00,2,2,0,0,0,0
2021-10-19 02:15,0,0,0,0,0,0
2021-10-19 02:30,1,0,1,0,0,0
2021-10-19 02:45,3,0,3,0,0,0
2021-10-19 03:00,0,0,0,0,0,0
2021-10-19 03:15,0,0,0,0,0,0
2021-10-19 03:30,1,1,0,0,0,0
2021-10-19 03:45,1,0,1,0,0,0
2021-10-19 04:00,0,0,0,0,0,0
2021-10-19 04:15,1,0,1,0,0,0
2021-10-19 04:30,2,1,1,0,0,0
2021-10-19 04:45,0,0,0,0,0,0
2021-10-19 05:00,1,1,0,0,0,0
2021-10-19 05:15,2,1,1,0,0,0
2021-10-19 05:30,6,1,5,0,0,0
2021-10-19 05:45,7,3,4,0,0,0
2021-10-19 06:00,4,0,4,0,0,0
2021-10-19 06:15,16,7,9,0,0,0
2021-10-19 06:30,21,11,10,0,0,0
2021-10-19 06:45,54,23,31,0,0,0
2021-10-19 07:00,47,14,33,0,0,0
2021-10-19 07:15,79,24,55,0,0,0
2021-10-19 07:30,132,48,84,0,0,0
2021-10-19 07:45,256,88,168,0,0,0
2021-10-19 08:00,224,66,158,0,0,0
2021-10-19 08:15,105,42,63,0,0,0
2021-10-19 08:30,84,39,45,0,0,0
2021-10-19 08:45,135,61,74,0,0,0
2021-10-19 09:00,87,37,50,0,0,0
2021-10-19 09:15,76,30,46,0,0,0
2021-10-19 09:30,82,49,33,0,0,0
2021-10-19 09:45,206,113,93,0,0,0
2021-10-19 10:00,201,94,107,0,0,0
2021-10-19 10:15,69,30,39,0,0,0
2021-10-19 10:30,64,40,24,0,0,0
2021-10-19 10:45,46,18,28,0,0,0
2021-10-19 11:00,64,35,29,0,0,0
2021-10-19 11:15,68,32,36,0,0,0
2021-10-19 11:30,91,47,44,0,0,0
2021-10-19 11:45,235,115,120,0,0,0
2021-10-19 12:00,188,110,78,0,0,0
2021-10-19 12:15,104,49,55,0,0,0
2021-10-19 12:30,96,41,55,0,0,0
2021-10-19 12:45,94,52,42,0,0,0
2021-10-19 13:00,111,48,63,0,0,0
2021-10-19 13:15,111,44,67,0,0,0
2021-10-19 13:30,122,60,62,0,0,0
2021-10-19 13:45,246,110,136,0,0,0
2021-10-19 14:00,166,91,75,0,0,0
2021-10-19 14:15,71,32,39,0,0,0
2021-10-19 14:30,75,35,40,0,0,0
2021-10-19 14:45,90,54,36,0,0,0
2021-10-19 15:00,67,41,26,0,0,0
2021-10-19 15:15,83,54,29,0,0,0
2021-10-19 15:30,136,76,60,0,0,0
2021-10-19 15:45,259,123,136,0,0,0
2021-10-19 16:00,220,121,99,0,0,0
2021-10-19 16:15,96,59,37,0,0,0
2021-10-19 16:30,109,64,45,0,0,0
2021-10-19 16:45,92,43,49,0,0,0
2021-10-19 17:00,96,52,44,0,0,0
2021-10-19 17:15,102,64,38,0,0,0
2021-10-19 17:30,155,85,70,0,0,0
2021-10-19 17:45,202,135,67,0,0,0
2021-10-19 18:00,157,78,79,0,0,0
2021-10-19 18:15,103,45,58,0,0,0
2021-10-19 18:30,89,33,56,0,0,0
2021-10-19 18:45,92,52,40,0,0,0
2021-10-19 19:00,67,32,35,0,0,0
2021-10-19 19:15,50,19,31,0,0,0
2021-10-19 19:30,70,32,38,0,0,0
2021-10-19 19:45,97,51,46,0,0,0
2021-10-19 20:00,32,15,17,0,0,0
2021-10-19 20:15,49,21,28,0,0,0
2021-10-19 20:30,32,10,22,0,0,0
2021-10-19 20:45,16,4,12,0,0,0
2021-10-19 21:00,24,13,11,0,0,0
2021-10-19 21:15,35,15,20,0,0,0
2021-10-19 21:30,22,5,17,0,0,0
2021-10-19 21:45,22,6,16,0,0,0
2021-10-19 22:00,19,6,13,0,0,0
2021-10-19 22:15,30,14,16,0,0,0
2021-10-19 22:30,19,10,9,0,0,0
2021-10-19 22:45,14,6,8,0,0,0
2021-10-19 23:00,28,9,19,0,0,0
2021-10-19 23:15,18,11,7,0,0,0
2021-10-19 23:30,12,3,9,0,0,0
2021-10-19 23:45,4,0,4,0,0,0
2021-10-20 00:00,4,2,2,0,0,0
2021-10-20 00:15,2,0,2,0,0,0
2021-10-20 00:30,8,1,7,0,0,0
2021-10-20 00:45,2,1,1,0,0,0
2021-10-20 01:00,8,1,7,0,0,0
2021-10-20 01:15,7,1,6,0,0,0
2021-10-20 01:30,5,2,3,0,0,0
2021-10-20 01:45,10,0,10,0,0,0
2021-10-20 02:00,0,0,0,0,0,0
2021-10-20 02:15,1,0,1,0,0,0
2021-10-20 02:30,2,0,2,0,0,0
2021-10-20 02:45,1,0,1,0,0,0
2021-10-20 03:00,1,0,1,0,0,0
2021-10-20 03:15,4,1,3,0,0,0
2021-10-20 03:30,0,0,0,0,0,0
2021-10-20 03:45,1,1,0,0,0,0
2021-10-20 04:00,3,2,1,0,0,0
2021-10-20 04:15,0,0,0,0,0,0
2021-10-20 04:30,1,0,1,0,0,0
2021-10-20 04:45,4,2,2,0,0,0
2021-10-20 05:00,1,1,0,0,0,0
2021-10-20 05:15,0,0,0,0,0,0
2021-10-20 05:30,13,2,11,0,0,0
2021-10-20 05:45,8,3,5,0,0,0
2021-10-20 06:00,10,3,7,0,0,0
2021-10-20 06:15,19,5,14,0,0,0
2021-10-20 06:30,30,15,15,0,0,0
2021-10-20 06:45,52,21,31,0,0,0
2021-10-20 07:00,41,20,21,0,0,0
2021-10-20 07:15,64,26,38,0,0,0
2021-10-20 07:30,133,52,81,0,0,0
2021-10-20 07:45,205,84,121,0,0,0
2021-10-20 08:00,252,70,182,0,0,0
2021-10-20 08:15,112,44,68,0,0,0
2021-10-20 08:30,101,49,52,0,0,0
2021-10-20 08:45,110,53,57,0,0,0
2021-10-20 09:00,105,41,64,0,0,0
2021-10-20 09:15,78,41,37,0,0,0
2021-10-20 09:30,90,45,45,0,0,0
2021-10-20 09:45,241,138,103,0,0,0
2021-10-20 10:00,186,86,100,0,0,0
2021-10-20 10:15,88,55,33,0,0,0
2021-10-20 10:30,59,25,34,0,0,0
2021-10-20 10:45,74,42,32,0,0,0
2021-10-20 11:00,83,52,31,0,0,0
2021-10-20 11:15,83,50,33,0,0,0
2021-10-20 11:30,111,51,60,0,0,0
2021-10-20 11:45,234,125,109,0,0,0
2021-10-20 12:00,199,103,96,0,0,0
2021-10-20 12:15,112,61,51,0,0,0
2021-10-20 12:30,134,69,65,0,0,0
2021-10-20 12:45,92,37,55,0,0,0
2021-10-20 13:00,137,68,69,0,0,0
2021-10-20 13:15,106,53,53,0,0,0
2021-10-20 13:30,120,71,49,0,0,0
2021-10-20 13:45,216,101,115,0,0,0
2021-10-20 14:00,141,55,86,0,0,0
2021-10-20 14:15,96,47,49,0,0,0
2021-10-20 14:30,82,39,43,0,0,0
2021-10-20 14:45,132,59,73,0,0,0
2021-10-20 15:00,73,48,25,0,0,0
2021-10-20 15:15,87,48,39,0,0,0
2021-10-20 15:30,137,78,59,0,0,0
2021-10-20 15:45,183,109,74,0,0,0
2021-10-20 16:00,176,95,81,0,0,0
2021-10-20 16:15,135,86,49,0,0,0
2021-10-20 16:30,114,58,56,0,0,0
2021-10-20 16:45,118,54,64,0,0,0
2021-10-20 17:00,113,55,58,0,0,0
2021-10-20 17:15,135,80,55,0,0,0
2021-10-20 17:30,114,62,52,0,0,0
2021-10-20 17:45,195,98,97,0,0,0
2021-10-20 18:00,133,66,67,0,0,0
2021-10-20 18:15,130,47,83,0,0,0
2021-10-20 18:30,67,30,37,0,0,0
2021-10-20 18:45,76,34,42,0,0,0
2021-10-20 19:00,67,31,36,0,0,0
2021-10-20 19:15,49,23,26,0,0,0
2021-10-20 19:30,54,32,22,0,0,0
2021-10-20 19:45,74,28,46,0,0,0
2021-10-20 20:00,59,22,37,0,0,0
2021-10-20 20:15,50,26,24,0,0,0
2021-10-20 20:30,38,20,18,0,0,0
2021-10-20 20:45,34,15,19,0,0,0
2021-10-20 21:00,27,17,10,0,0,0
2021-10-20 21:15,21,9,12,0,0,0
2021-10-20 21:30,46,24,22,0,0,0
2021-10-20 21:45,29,13,16,0,0,0
2021-10-20 22:00,18,4,14,0,0,0
2021-10-20 22:15,24,9,15,0,0,0
2021-10-20 22:30,23,11,12,0,0,0
2021-10-20 22:45,46,38,8,0,0,0
2021-10-20 23:00,21,9,12,0,0,0
2021-10-20 23:15,12,3,9,0,0,0
2021-10-20 23:30,18,2,16,0,0,0
2021-10-20 23:45,18,7,11,0,0,0
2021-10-21 00:00,9,5,4,0,0,0
2021-10-21 00:15,4,0,4,0,0,0
2021-10-21 00:30,7,0,7,0,0,0
2021-10-21 00:45,8,1,7,0,0,0
2021-10-21 01:00,7,0,7,0,0,0
2021-10-21 01:15,13,2,11,0,0,0
2021-10-21 01:30,3,0,3,0,0,0
2021-10-21 01:45,10,2,8,0,0,0
2021-10-21 02:00,6,3,3,0,0,0
2021-10-21 02:15,4,1,3,0,0,0
2021-10-21 02:30,5,0,5,0,0,0
2021-10-21 02:45,5,2,3,0,0,0
2021-10-21 03:00,10,0,10,0,0,0
2021-10-21 03:15,1,1,0,0,0,0
2021-10-21 03:30,3,1,2,0,0,0
2021-10-21 03:45,8,0,8,0,0,0
2021-10-21 04:00,5,2,3,0,0,0
2021-10-21 04:15,2,2,0,0,0,0
2021-10-21 04:30,3,1,2,0,0,0
2021-10-21 04:45,1,0,1,0,0,0
2021-10-21 05:00,0,0,0,0,0,0
2021-10-21 05:15,1,0,1,0,0,0
2021-10-21 05:30,9,3,6,0,0,0
2021-10-21 05:45,10,4,6,0,0,0
2021-10-21 06:00,7,2,5,0,0,0
2021-10-21 06:15,9,1,8,0,0,0
2021-10-21 06:30,17,7,10,0,0,0
2021-10-21 06:45,37,13,24,0,0,0
2021-10-21 07:00,33,9,24,0,0,0
2021-10-21 07:15,57,25,32,0,0,0
2021-10-21 07:30,105,38,67,0,0,0
2021-10-21 07:45,172,45,127,0,0,0
2021-10-21 08:00,188,49,139,0,0,0
2021-10-21 08:15,95,41,54,0,0,0
2021-10-21 08:30,82,28,54,0,0,0
2021-10-21 08:45,105,35,70,0,0,0
2021-10-21 09:00,69,25,44,0,0,0
2021-10-21 09:15,39,19,20,0,0,0
2021-10-21 09:30,48,26,22,0,0,0
2021-10-21 09:45,142,73,69,0,0,0
2021-10-21 10:00,159,80,79,0,0,0
2021-10-21 10:15,43,19,24,0,0,0
2021-10-21 10:30,31,19,12,0,0,0
2021-10-21 10:45,38,14,24,0,0,0
2021-10-21 11:00,63,40,23,0,0,0
2021-10-21 11:15,57,29,28,0,0,0
2021-10-21 11:30,53,26,27,0,0,0
2021-10-21 11:45,140,67,73,0,0,0
2021-10-21 12:00,122,65,57,0,0,0
2021-10-21 12:15,101,57,44,0,0,0
2021-10-21 12:30,65,30,35,0,0,0
2021-10-21 12:45,77,43,34,0,0,0
2021-10-21 13:00,66,39,27,0,0,0
2021-10-21 13:15,47,24,23,0,0,0
2021-10-21 13:30,54,21,33,0,0,0
2021-10-21 13:45,163,81,82,0,0,0
2021-10-21 14:00,119,49,70,0,0,0
2021-10-21 14:15,75,34,41,0,0,0
2021-10-21 14:30,68,38,30,0,0,0
2021-10-21 14:45,76,43,33,0,0,0
2021-10-21 15:00,54,27,27,0,0,0
2021-10-21 15:15,61,26,35,0,0,0
2021-10-21 15:30,82,29,53,0,0,0
2021-10-21 15:45,121,60,61,0,0,0
2021-10-21 16:00,105,72,33,0,0,0
2021-10-21 16:15,74,40,34,0,0,0
2021-10-21 16:30,69,41,28,0,0,0
2021-10-21 16:45,79,44,35,0,0,0
2021-10-21 17:00,77,46,31,0,0,0
2021-10-21 17:15,87,49,38,0,0,0
2021-10-21 17:30,78,39,39,0,0,0
2021-10-21 17:45,125,90,35,0,0,0
2021-10-21 18:00,94,57,37,0,0,0
2021-10-21 18:15,64,36,28,0,0,0
2021-10-21 18:30,52,17,35,0,0,0
2021-10-21 18:45,69,37,32,0,0,0
2021-10-21 19:00,56,25,31,0,0,0
2021-10-21 19:15,57,29,28,0,0,0
2021-10-21 19:30,38,18,20,0,0,0
2021-10-21 19:45,54,29,25,0,0,0
2021-10-21 20:00,43,22,21,0,0,0
2021-10-21 20:15,32,14,18,0,0,0
2021-10-21 20:30,28,21,7,0,0,0
2021-10-21 20:45,29,12,17,0,0,0
2021-10-21 21:00,26,16,10,0,0,0
2021-10-21 21:15,22,10,12,0,0,0
2021-10-21 21:30,29,15,14,0,0,0
2021-10-21 21:45,20,3,17,0,0,0
2021-10-21 22:00,26,7,19,0,0,0
2021-10-21 22:15,28,11,17,0,0,0
2021-10-21 22:30,21,9,12,0,0,0
2021-10-21 22:45,14,5,9,0,0,0
2021-10-21 23:00,23,3,20,0,0,0
2021-10-21 23:15,18,10,8,0,0,0
2021-10-21 23:30,15,6,9,0,0,0
2021-10-21 23:45,10,6,4,0,0,0
2021-10-22 00:00,16,6,10,0,0,0
2021-10-22 00:15,2,1,1,0,0,0
2021-10-22 00:30,7,1,6,0,0,0
2021-10-22 00:45,6,2,4,0,0,0
2021-10-22 01:00,1,0,1,0,0,0
2021-10-22 01:15,5,2,3,0,0,0
2021-10-22 01:30,6,1,5,0,0,0
2021-10-22 01:45,6,0,6,0,0,0
2021-10-22 02:00,4,0,4,0,0,0
2021-10-22 02:15,7,0,7,0,0,0
2021-10-22 02:30,2,0,2,0,0,0
2021-10-22 02:45,3,0,3,0,0,0
2021-10-22 03:00,5,0,5,0,0,0
2021-10-22 03:15,3,1,2,0,0,0
2021-10-22 03:30,2,0,2,0,0,0
2021-10-22 03:45,4,3,1,0,0,0
2021-10-22 04:00,0,0,0,0,0,0
2021-10-22 04:15,4,1,3,0,0,0
2021-10-22 04:30,9,2,7,0,0,0
2021-10-22 04:45,0,0,0,0,0,0
2021-10-22 05:00,5,3,2,0,0,0
2021-10-22 05:15,3,0,3,0,0,0
2021-10-22 05:30,7,2,5,0,0,0
2021-10-22 05:45,7,2,5,0,0,0
2021-10-22 06:00,9,3,6,0,0,0
2021-10-22 06:15,14,5,9,0,0,0
2021-10-22 06:30,25,10,15,0,0,0
2021-10-22 06:45,31,11,20,0,0,0
2021-10-22 07:00,37,11,26,0,0,0
2021-10-22 07:15,47,15,32,0,0,0
2021-10-22 07:30,104,39,65,0,0,0
2021-10-22 07:45,154,52,102,0,0,0
2021-10-22 08:00,169,51,118,0,0,0
2021-10-22 08:15,110,47,63,0,0,0
2021-10-22 08:30,76,34,42,0,0,0
2021-10-22 08:45,115,64,51,0,0,0
2021-10-22 09:00,59,29,30,0,0,0
2021-10-22 09:15,55,29,26,0,0,0
2021-10-22 09:30,59,33,26,0,0,0
2021-10-22 09:45,151,94,57,0,0,0
2021-10-22 10:00,132,72,60,0,0,0
2021-10-22 10:15,58,35,23,0,0,0
2021-10-22 10:30,44,27,17,0,0,0
2021-10-22 10:45,58,31,27,0,0,0
2021-10-22 11:00,63,38,25,0,0,0
2021-10-22 11:15,46,19,27,0,0,0
2021-10-22 11:30,71,38,33,0,0,0
2021-10-22 11:45,119,61,58,0,0,0
2021-10-22 12:00,135,67,68,0,0,0
2021-10-22 12:15,96,43,53,0,0,0
2021-10-22 12:30,88,39,49,0,0,0
2021-10-22 12:45,127,73,54,0,0,0
2021-10-22 13:00,96,36,60,0,0,0
2021-10-22 13:15,109,53,56,0,0,0
2021-10-22 13:30,76,47,29,0,0,0
2021-10-22 13:45,131,60,71,0,0,0
2021-10-22 14:00,105,63,42,0,0,0
2021-10-22 14:15,64,25,39,0,0,0
2021-10-22 14:30,82,49,33,0,0,0
2021-10-22 14:45,96,48,48,0,0,0
2021-10-22 15:00,79,40,39,0,0,0
2021-10-22 15:15,69,33,36,0,0,0
2021-10-22 15:30,60,36,24,0,0,0
2021-10-22 15:45,93,53,40,0,0,0
2021-10-22 16:00,80,52,28,0,0,0
2021-10-22 16:15,79,56,23,0,0,0
2021-10-22 16:30,78,40,38,0,0,0
2021-10-22 16:45,75,44,31,0,0,0
2021-10-22 17:00,52,35,17,0,0,0
2021-10-22 17:15,73,36,37,0,0,0
2021-10-22 17:30,59,29,30,0,0,0
2021-10-22 17:45,107,53,54,0,0,0
2021-10-22 18:00,76,35,41,0,0,0
2021-10-22 18:15,49,25,24,0,0,0
2021-10-22 18:30,49,26,23,0,0,0
2021-10-22 18:45,55,31,24,0,0,0
2021-10-22 19:00,37,16,21,0,0,0
2021-10-22 19:15,56,25,31,0,0,0
2021-10-22 19:30,39,22,17,0,0,0
2021-10-22 19:45,41,27,14,0,0,0
2021-10-22 20:00,41,21,20,0,0,0
2021-10-22 20:15,35,15,20,0,0,0
2021-10-22 20:30,32,16,16,0,0,0
2021-10-22 20:45,27,8,19,0,0,0
2021-10-22 21:00,29,21,8,0,0,0
2021-10-22 21:15,22,8,14,0,0,0
2021-10-22 21:30,20,10,10,0,0,0
2021-10-22 21:45,16,7,9,0,0,0
2021-10-22 22:00,16,10,6,0,0,0
2021-10-22 22:15,18,8,10,0,0,0
2021-10-22 22:30,21,7,14,0,0,0
2021-10-22 22:45,14,1,13,0,0,0
2021-10-22 23:00,8,3,5,0,0,0
2021-10-22 23:15,13,5,8,0,0,0
2021-10-22 23:30,20,4,16,0,0,0
2021-10-22 23:45,18,5,13,0,0,0
2021-10-23 00:00,19,5,14,0,0,0
2021-10-23 00:15,8,2,6,0,0,0
2021-10-23 00:30,8,1,7,0,0,0
2021-10-23 00:45,11,3,8,0,0,0
2021-10-23 01:00,16,9,7,0,0,0
2021-10-23 01:15,7,3,4,0,0,0
2021-10-23 01:30,14,3,11,0,0,0
2021-10-23 01:45,6,1,5,0,0,0
2021-10-23 02:00,9,0,9,0,0,0
2021-10-23 02:15,9,3,6,0,0,0
2021-10-23 02:30,4,1,3,0,0,0
2021-10-23 02:45,4,2,2,0,0,0
2021-10-23 03:00,4,2,2,0,0,0
2021-10-23 03:15,4,1,3,0,0,0
2021-10-23 03:30,0,0,0,0,0,0
2021-10-23 03:45,5,1,4,0,0,0
2021-10-23 04:00,5,0,5,0,0,0
2021-10-23 04:15,3,0,3,0,0,0
2021-10-23 04:30,1,0,1,0,0,0
2021-10-23 04:45,3,0,3,0,0,0
2021-10-23 05:00,5,2,3,0,0,0
2021-10-23 05:15,4,0,4,0,0,0
2021-10-23 05:30,6,3,3,0,0,0
2021-10-23 05:45,8,3,5,0,0,0
2021-10-23 06:00,2,1,1,0,0,0
2021-10-23 06:15,1,1,0,0,0,0
2021-10-23 06:30,3,2,1,0,0,0
2021-10-23 06:45,10,10,0,0,0,0
2021-10-23 07:00,10,7,3,0,0,0
2021-10-23 07:15,4,2,2,0,0,0
2021-10-23 07:30,16,10,6,0,0,0
2021-10-23 07:45,11,6,5,0,0,0
2021-10-23 08:00,16,9,7,0,0,0
2021-10-23 08:15,28,12,16,0,0,0
2021-10-23 08:30,20,11,9,0,0,0
2021-10-23 08:45,44,29,15,0,0,0
2021-10-23 09:00,21,15,6,0,0,0
2021-10-23 09:15,39,24,15,0,0,0
2021-10-23 09:30,36,22,14,0,0,0
2021-10-23 09:45,44,30,14,0,0,0
2021-10-23 10:00,70,53,17,0,0,0
2021-10-23 10:15,46,34,12,0,0,0
2021-10-23 10:30,76,57,19,0,0,0
2021-10-23 10:45,71,47,24,0,0,0
2021-10-23 11:00,74,52,22,0,0,0
2021-10-23 11:15,84,51,33,0,0,0
2021-10-23 11:30,70,43,27,0,0,0
2021-10-23 11:45,94,48,46,0,0,0
2021-10-23 12:00,101,56,45,0,0,0
2021-10-23 12:15,122,56,66,0,0,0
2021-10-23 12:30,89,32,57,0,0,0
2021-10-23 12:45,94,47,47,0,0,0
2021-10-23 13:00,92,44,48,0,0,0
2021-10-23 13:15,78,45,33,0,0,0
2021-10-23 13:30,85,40,45,0,0,0
2021-10-23 13:45,69,38,31,0,0,0
2021-10-23 14:00,85,37,48,0,0,0
2021-10-23 14:15,101,48,53,0,0,0
2021-10-23 14:30,90,37,53,0,0,0
2021-10-23 14:45,98,46,52,0,0,0
2021-10-23 15:00,87,35,52,0,0,0
2021-10-23 15:15,92,36,56,0,0,0
2021-10-23 15:30,69,29,40,0,0,0
2021-10-23 15:45,77,45,32,0,0,0
2021-10-23 16:00,87,33,54,0,0,0
2021-10-23 16:15,79,37,42,0,0,0
2021-10-23 16:30,64,29,35,0,0,0
2021-10-23 16:45,75,31,44,0,0,0
2021-10-23 17:00,65,21,44,0,0,0
2021-10-23 17:15,70,27,43,0,0,0
2021-10-23 17:30,82,20,62,0,0,0
2021-10-23 17:45,73,38,35,0,0,0
2021-10-23 18:00,77,27,50,0,0,0
2021-10-23 18:15,43,21,22,0,0,0
2021-10-23 18:30,43,21,22,0,0,0
2021-10-23 18:45,55,28,27,0,0,0
2021-10-23 19:00,42,16,26,0,0,0
2021-10-23 19:15,53,19,34,0,0,0
2021-10-23 19:30,41,15,26,0,0,0
2021-10-23 19:45,49,19,30,0,0,0
2021-10-23 20:00,30,12,18,0,0,0
2021-10-23 20:15,36,19,17,0,0,0
2021-10-23 20:30,19,11,8,0,0,0
2021-10-23 20:45,35,21,14,0,0,0
2021-10-23 21:00,44,15,29,0,0,0
2021-10-23 21:15,32,8,24,0,0,0
2021-10-23 21:30,27,10,17,0,0,0
2021-10-23 21:45,12,4,8,0,0,0
2021-10-23 22:00,31,6,25,0,0,0
2021-10-23 22:15,18,1,17,0,0,0
2021-10-23 22:30,17,4,13,0,0,0
2021-10-23 22:45,16,6,10,0,0,0
2021-10-23 23:00,28,11,17,0,0,0
2021-10-23 23:15,15,5,10,0,0,0
2021-10-23 23:30,22,3,19,0,0,0
2021-10-23 23:45,14,3,11,0,0,0
2021-10-24 00:00,19,7,12,0,0,0
2021-10-24 00:15,11,6,5,0,0,0
2021-10-24 00:30,15,2,13,0,0,0
2021-10-24 00:45,13,7,6,0,0,0
2021-10-24 01:00,23,8,15,0,0,0
2021-10-24 01:15,15,8,7,0,0,0
2021-10-24 01:30,11,6,5,0,0,0
2021-10-24 01:45,6,1,5,0,0,0
2021-10-24 02:00,5,2,3,0,0,0
2021-10-24 02:15,3,0,3,0,0,0
2021-10-24 02:30,10,1,9,0,0,0
2021-10-24 02:45,1,0,1,0,0,0
2021-10-24 03:00,8,4,4,0,0,0
2021-10-24 03:15,4,2,2,0,0,0
2021-10-24 03:30,3,0,3,0,0,0
2021-10-24 03:45,6,0,6,0,0,0
2021-10-24 04:00,1,1,0,0,0,0
2021-10-24 04:15,3,0,3,0,0,0
2021-10-24 04:30,2,0,2,0,0,0
2021-10-24 04:45,4,0,4,0,0,0
2021-10-24 05:00,0,0,0,0,0,0
2021-10-24 05:15,4,0,4,0,0,0
2021-10-24 05:30,12,5,7,0,0,0
2021-10-24 05:45,4,1,3,0,0,0
2021-10-24 06:00,1,1,0,0,0,0
2021-10-24 06:15,1,0,1,0,0,0
2021-10-24 06:30,6,2,4,0,0,0
2021-10-24 06:45,1,0,1,0,0,0
2021-10-24 07:00,3,2,1,0,0,0
2021-10-24 07:15,2,2,0,0,0,0
2021-10-24 07:30,5,0,5,0,0,0
2021-10-24 07:45,2,1,1,0,0,0
2021-10-24 08:00,7,5,2,0,0,0
2021-10-24 08:15,7,5,2,0,0,0
2021-10-24 08:30,14,9,5,0,0,0
2021-10-24 08:45,8,3,5,0,0,0
2021-10-24 09:00,10,7,3,0,0,0
2021-10-24 09:15,7,6,1,0,0,0
2021-10-24 09:30,19,6,13,0,0,0
2021-10-24 09:45,22,16,6,0,0,0
2021-10-24 10:00,25,17,8,0,0,0
2021-10-24 10:15,28,13,15,0,0,0
2021-10-24 10:30,14,7,7,0,0,0
2021-10-24 10:45,25,12,13,0,0,0
2021-10-24 11:00,32,16,16,0,0,0
2021-10-24 11:15,34,27,7,0,0,0
2021-10-24 11:30,21,15,6,0,0,0
2021-10-24 11:45,45,26,19,0,0,0
2021-10-24 12:00,63,29,34,0,0,0
2021-10-24 12:15,52,37,15,0,0,0
2021-10-24 12:30,36,10,26,0,0,0
2021-10-24 12:45,45,27,18,0,0,0
2021-10-24 13:00,42,12,30,0,0,0
2021-10-24 13:15,69,35,34,0,0,0
2021-10-24 13:30,66,20,46,0,0,0
2021-10-24 13:45,71,30,41,0,0,0
2021-10-24 14:00,86,49,37,0,0,0
2021-10-24 14:15,72,32,40,0,0,0
2021-10-24 14:30,55,33,22,0,0,0
2021-10-24 14:45,98,42,56,0,0,0
2021-10-24 15:00,103,44,59,0,0,0
2021-10-24 15:15,118,70,48,0,0,0
2021-10-24 15:30,70,30,40,0,0,0
2021-10-24 15:45,116,61,55,0,0,0
2021-10-24 16:00,75,32,43,0,0,0
2021-10-24 16:15,74,37,37,0,0,0
2021-10-24 16:30,52,30,22,0,0,0
2021-10-24 16:45,81,36,45,0,0,0
2021-10-24 17:00,73,28,45,0,0,0
2021-10-24 17:15,60,28,32,0,0,0
2021-10-24 17:30,67,23,44,0,0,0
2021-10-24 17:45,74,24,50,0,0,0
2021-10-24 18:00,60,23,37,0,0,0
2021-10-24 18:15,57,23,34,0,0,0
2021-10-24 18:30,77,32,45,0,0,0
2021-10-24 18:45,47,28,19,0,0,0
2021-10-24 19:00,33,11,22,0,0,0
2021-10-24 19:15,29,14,15,0,0,0
2021-10-24 19:30,57,8,49,0,0,0
2021-10-24 19:45,32,11,21,0,0,0
2021-10-24 20:00,30,8,22,0,0,0
2021-10-24 20:15,26,4,22,0,0,0
2021-10-24 20:30,23,7,16,0,0,0
2021-10-24 20:45,13,5,8,0,0,0
2021-10-24 21:00,20,8,12,0,0,0
2021-10-24 21:15,22,7,15,0,0,0
2021-10-24 21:30,15,5,10,0,0,0
2021-10-24 21:45,12,7,5,0,0,0
2021-10-24 22:00,16,2,14,0,0,0
2021-10-24 22:15,11,3,8,0,0,0
2021-10-24 22:30,16,6,10,0,0,0
2021-10-24 22:45,13,0,13,0,0,0
2021-10-24 23:00,6,0,6,0,0,0
2021-10-24 23:15,11,0,11,0,0,0
2021-10-24 23:30,6,2,4,0,0,0
2021-10-24 23:45,3,1,2,0,0,0
2021-10-25 00:00,3,2,1,0,0,0
2021-10-25 00:15,2,1,1,0,0,0
2021-10-25 00:30,6,3,3,0,0,0
2021-10-25 00:45,4,0,4,0,0,0
2021-10-25 01:00,0,0,0,0,0,0
2021-10-25 01:15,8,5,3,0,0,0
2021-10-25 01:30,1,1,0,0,0,0
2021-10-25 01:45,0,0,0,0,0,0
2021-10-25 02:00,4,1,3,0,0,0
2021-10-25 02:15,0,0,0,0,0,0
2021-10-25 02:30,0,0,0,0,0,0
2021-10-25 02:45,0,0,0,0,0,0
2021-10-25 03:00,0,0,0,0,0,0
2021-10-25 03:15,0,0,0,0,0,0
2021-10-25 03:30,1,1,0,0,0,0
2021-10-25 03:45,1,0,1,0,0,0
2021-10-25 04:00,0,0,0,0,0,0
2021-10-25 04:15,0,0,0,0,0,0
2021-10-25 04:30,0,0,0,0,0,0
2021-10-25 04:45,2,1,1,0,0,0
2021-10-25 05:00,0,0,0,0,0,0
2021-10-25 05:15,1,1,0,0,0,0
2021-10-25 05:30,6,2,4,0,0,0
2021-10-25 05:45,16,3,13,0,0,0
2021-10-25 06:00,8,5,3,0,0,0
2021-10-25 06:15,28,8,20,0,0,0
2021-10-25 06:30,24,6,18,0,0,0
2021-10-25 06:45,53,18,35,0,0,0
2021-10-25 07:00,55,23,32,0,0,0
2021-10-25 07:15,63,25,38,0,0,0
2021-10-25 07:30,179,74,105,0,0,0
2021-10-25 07:45,319,150,169,0,0,0
2021-10-25 08:00,324,159,165,0,0,0
2021-10-25 08:15,147,62,85,0,0,0
2021-10-25 08:30,135,59,76,0,0,0
2021-10-25 08:45,148,67,81,0,0,0
2021-10-25 09:00,101,38,63,0,0,0
2021-10-25 09:15,52,25,27,0,0,0
2021-10-25 09:30,95,40,55,0,0,0
2021-10-25 09:45,241,138,103,0,0,0
2021-10-25 10:00,237,114,123,0,0,0
2021-10-25 10:15,81,40,41,0,0,0
2021-10-25 10:30,63,26,37,0,0,0
2021-10-25 10:45,66,28,38,0,0,0
2021-10-25 11:00,53,31,22,0,0,0
2021-10-25 11:15,84,31,53,0,0,0
2021-10-25 11:30,104,37,67,0,0,0
2021-10-25 11:45,241,89,152,0,0,0
2021-10-25 12:00,194,90,104,0,0,0
2021-10-25 12:15,111,44,67,0,0,0
2021-10-25 12:30,112,45,67,0,0,0
2021-10-25 12:45,156,50,106,0,0,0
2021-10-25 13:00,129,68,61,0,0,0
2021-10-25 13:15,79,30,49,0,0,0
2021-10-25 13:30,159,54,105,0,0,0
2021-10-25 13:45,243,112,131,0,0,0
2021-10-25 14:00,184,89,95,0,0,0
2021-10-25 14:15,119,62,57,0,0,0
2021-10-25 14:30,139,46,93,0,0,0
2021-10-25 14:45,124,61,63,0,0,0
2021-10-25 15:00,111,65,46,0,0,0
2021-10-25 15:15,108,61,47,0,0,0
2021-10-25 15:30,145,75,70,0,0,0
2021-10-25 15:45,302,176,126,0,0,0
2021-10-25 16:00,287,162,125,0,0,0
2021-10-25 16:15,159,89,70,0,0,0
2021-10-25 16:30,158,78,80,0,0,0
2021-10-25 16:45,146,77,69,0,0,0
2021-10-25 17:00,159,91,68,0,0,0
2021-10-25 17:15,119,67,52,0,0,0
2021-10-25 17:30,185,103,82,0,0,0
2021-10-25 17:45,263,138,125,0,0,0
2021-10-25 18:00,171,84,87,0,0,0
2021-10-25 18:15,110,53,57,0,0,0
2021-10-25 18:30,71,25,46,0,0,0
2021-10-25 18:45,100,46,54,0,0,0
2021-10-25 19:00,71,37,34,0,0,0
2021-10-25 19:15,78,43,35,0,0,0
2021-10-25 19:30,75,28,47,0,0,0
2021-10-25 19:45,89,41,48,0,0,0
2021-10-25 20:00,41,19,22,0,0,0
2021-10-25 20:15,53,22,31,0,0,0
2021-10-25 20:30,18,5,13,0,0,0
2021-10-25 20:45,40,18,22,0,0,0
2021-10-25 21:00,38,17,21,0,0,0
2021-10-25 21:15,32,9,23,0,0,0
2021-10-25 21:30,40,8,32,0,0,0
2021-10-25 21:45,40,3,37,0,0,0
2021-10-25 22:00,30,8,22,0,0,0
2021-10-25 22:15,23,6,17,0,0,0
2021-10-25 22:30,16,3,13,0,0,0
2021-10-25 22:45,17,4,13,0,0,0
2021-10-25 23:00,10,0,10,0,0,0
2021-10-25 23:15,13,4,9,0,0,0
2021-10-25 23:30,10,3,7,0,0,0
2021-10-25 23:45,8,1,7,0,0,0
2021-10-26 00:00,9,2,7,0,0,0
2021-10-26 00:15,6,2,4,0,0,0
2021-10-26 00:30,1,0,1,0,0,0
2021-10-26 00:45,5,2,3,0,0,0
2021-10-26 01:00,0,0,0,0,0,0
2021-10-26 01:15,0,0,0,0,0,0
2021-10-26 01:30,0,0,0,0,0,0
2021-10-26 01:45,2,0,2,0,0,0
2021-10-26 02:00,0,0,0,0,0,0
2021-10-26 02:15,0,0,0,0,0,0
2021-10-26 02:30,0,0,0,0,0,0
2021-10-26 02:45,1,0,1,0,0,0
2021-10-26 03:00,1,1,0,0,0,0
2021-10-26 03:15,0,0,0,0,0,0
2021-10-26 03:30,0,0,0,0,0,0
2021-10-26 03:45,1,1,0,0,0,0
2021-10-26 04:00,0,0,0,0,0,0
2021-10-26 04:15,0,0,0,0,0,0
2021-10-26 04:30,0,0,0,0,0,0
2021-10-26 04:45,2,0,2,0,0,0
2021-10-26 05:00,1,1,0,0,0,0
2021-10-26 05:15,2,1,1,0,0,0
2021-10-26 05:30,4,2,2,0,0,0
2021-10-26 05:45,12,5,7,0,0,0
2021-10-26 06:00,5,1,4,0,0,0
2021-10-26 06:15,22,8,14,0,0,0
2021-10-26 06:30,33,17,16,0,0,0
2021-10-26 06:45,55,14,41,0,0,0
2021-10-26 07:00,55,22,33,0,0,0
2021-10-26 07:15,83,38,45,0,0,0
2021-10-26 07:30,169,76,93,0,0,0
2021-10-26 07:45,325,170,155,0,0,0
2021-10-26 08:00,344,172,172,0,0,0
2021-10-26 08:15,151,66,85,0,0,0
2021-10-26 08:30,111,47,64,0,0,0
2021-10-26 08:45,141,60,81,0,0,0
2021-10-26 09:00,101,47,54,0,0,0
2021-10-26 09:15,70,35,35,0,0,0
2021-10-26 09:30,92,44,48,0,0,0
2021-10-26 09:45,218,121,97,0,0,0
2021-10-26 10:00,209,131,78,0,0,0
2021-10-26 10:15,56,22,34,0,0,0
2021-10-26 10:30,69,34,35,0,0,0
2021-10-26 10:45,58,23,35,0,0,0
2021-10-26 11:00,70,37,33,0,0,0
2021-10-26 11:15,51,27,24,0,0,0
2021-10-26 11:30,107,50,57,0,0,0
2021-10-26 11:45,256,84,172,0,0,0
2021-10-26 12:00,229,93,136,0,0,0
2021-10-26 12:15,109,45,64,0,0,0
2021-10-26 12:30,98,39,59,0,0,0
2021-10-26 12:45,116,49,67,0,0,0
2021-10-26 13:00,133,66,67,0,0,0
2021-10-26 13:15,101,50,51,0,0,0
2021-10-26 13:30,186,58,128,0,0,0
2021-10-26 13:45,311,158,153,0,0,0
2021-10-26 14:00,212,103,109,0,0,0
2021-10-26 14:15,103,45,58,0,0,0
2021-10-26 14:30,135,61,74,0,0,0
2021-10-26 14:45,134,62,72,0,0,0
2021-10-26 15:00,118,59,59,0,0,0
2021-10-26 15:15,115,55,60,0,0,0
2021-10-26 15:30,156,69,87,0,0,0
2021-10-26 15:45,313,169,144,0,0,0
2021-10-26 16:00,258,137,121,0,0,0
2021-10-26 16:15,114,63,51,0,0,0
2021-10-26 16:30,158,86,72,0,0,0
2021-10-26 16:45,169,108,61,0,0,0
2021-10-26 17:00,150,78,72,0,0,0
2021-10-26 17:15,121,70,51,0,0,0
2021-10-26 17:30,129,81,48,0,0,0
2021-10-26 17:45,302,183,119,0,0,0
2021-10-26 18:00,166,76,90,0,0,0
2021-10-26 18:15,129,68,61,0,0,0
2021-10-26 18:30,124,47,77,0,0,0
2021-10-26 18:45,97,48,49,0,0,0
2021-10-26 19:00,79,35,44,0,0,0
2021-10-26 19:15,95,41,54,0,0,0
2021-10-26 19:30,74,29,45,0,0,0
2021-10-26 19:45,118,64,54,0,0,0
2021-10-26 20:00,68,22,46,0,0,0
2021-10-26 20:15,58,30,28,0,0,0
2021-10-26 20:30,39,14,25,0,0,0
2021-10-26 20:45,45,17,28,0,0,0
2021-10-26 21:00,39,19,20,0,0,0
2021-10-26 21:15,38,20,18,0,0,0
2021-10-26 21:30,31,7,24,0,0,0
2021-10-26 21:45,42,14,28,0,0,0
2021-10-26 22:00,44,6,38,0,0,0
2021-10-26 22:15,44,12,32,0,0,0
2021-10-26 22:30,21,7,14,0,0,0
2021-10-26 22:45,27,9,18,0,0,0
2021-10-26 23:00,16,4,12,0,0,0
2021-10-26 23:15,25,8,17,0,0,0
2021-10-26 23:30,19,11,8,0,0,0
2021-10-26 23:45,11,3,8,0,0,0
2021-10-27 00:00,8,0,8,0,0,0
2021-10-27 00:15,10,2,8,0,0,0
2021-10-27 00:30,9,1,8,0,0,0
2021-10-27 00:45,0,0,0,0,0,0
2021-10-27 01:00,1,0,1,0,0,0
2021-10-27 01:15,2,0,2,0,0,0
2021-10-27 01:30,0,0,0,0,0,0
2021-10-27 01:45,2,1,1,0,0,0
2021-10-27 02:00,6,1,5,0,0,0
2021-10-27 02:15,0,0,0,0,0,0
2021-10-27 02:30,3,2,1,0,0,0
2021-10-27 02:45,1,0,1,0,0,0
2021-10-27 03:00,1,0,1,0,0,0
2021-10-27 03:15,2,1,1,0,0,0
2021-10-27 03:30,1,0,1,0,0,0
2021-10-27 03:45,0,0,0,0,0,0
2021-10-27 04:00,0,0,0,0,0,0
2021-10-27 04:15,1,1,0,0,0,0
2021-10-27 04:30,2,0,2,0,0,0
2021-10-27 04:45,1,0,1,0,0,0
2021-10-27 05:00,2,1,1,0,0,0
2021-10-27 05:15,3,2,1,0,0,0
2021-10-27 05:30,14,5,9,0,0,0
2021-10-27 05:45,10,3,7,0,0,0
2021-10-27 06:00,5,0,5,0,0,0
2021-10-27 06:15,21,7,14,0,0,0
2021-10-27 06:30,29,14,15,0,0,0
2021-10-27 06:45,50,25,25,0,0,0
2021-10-27 07:00,45,15,30,0,0,0
2021-10-27 07:15,85,40,45,0,0,0
2021-10-27 07:30,148,72,76,0,0,0
2021-10-27 07:45,340,179,161,0,0,0
2021-10-27 08:00,363,191,172,0,0,0
2021-10-27 08:15,138,58,80,0,0,0
2021-10-27 08:30,155,65,90,0,0,0
2021-10-27 08:45,153,73,80,0,0,0
2021-10-27 09:00,96,49,47,0,0,0
2021-10-27 09:15,93,39,54,0,0,0
2021-10-27 09:30,106,63,43,0,0,0
2021-10-27 09:45,251,134,117,0,0,0
2021-10-27 10:00,243,104,139,0,0,0
2021-10-27 10:15,97,57,40,0,0,0
2021-10-27 10:30,68,29,39,0,0,0
2021-10-27 10:45,100,63,37,0,0,0
2021-10-27 11:00,92,48,44,0,0,0
2021-10-27 11:15,98,43,55,0,0,0
2021-10-27 11:30,115,48,67,0,0,0
2021-10-27 11:45,253,111,142,0,0,0
2021-10-27 12:00,216,125,91,0,0,0
2021-10-27 12:15,135,62,73,0,0,0
2021-10-27 12:30,117,56,61,0,0,0
2021-10-27 12:45,160,86,74,0,0,0
2021-10-27 13:00,174,63,111,0,0,0
2021-10-27 13:15,127,64,63,0,0,0
2021-10-27 13:30,183,56,127,0,0,0
2021-10-27 13:45,270,132,138,0,0,0
2021-10-27 14:00,172,77,95,0,0,0
2021-10-27 14:15,146,71,75,0,0,0
2021-10-27 14:30,152,46,106,0,0,0
2021-10-27 14:45,140,83,57,0,0,0
2021-10-27 15:00,138,57,81,0,0,0
2021-10-27 15:15,130,77,53,0,0,0
2021-10-27 15:30,180,101,79,0,0,0
2021-10-27 15:45,242,113,129,0,0,0
2021-10-27 16:00,225,113,112,0,0,0
2021-10-27 16:15,154,85,69,0,0,0
2021-10-27 16:30,173,98,75,0,0,0
2021-10-27 16:45,191,90,101,0,0,0
2021-10-27 17:00,165,95,70,0,0,0
2021-10-27 17:15,145,64,81,0,0,0
2021-10-27 17:30,195,110,85,0,0,0
2021-10-27 17:45,281,169,112,0,0,0
2021-10-27 18:00,178,92,86,0,0,0
2021-10-27 18:15,152,81,71,0,0,0
2021-10-27 18:30,127,59,68,0,0,0
2021-10-27 18:45,96,57,39,0,0,0
2021-10-27 19:00,121,71,50,0,0,0
2021-10-27 19:15,91,48,43,0,0,0
2021-10-27 19:30,115,63,52,0,0,0
2021-10-27 19:45,139,82,57,0,0,0
2021-10-27 20:00,99,59,40,0,0,0
2021-10-27 20:15,116,79,37,0,0,0
2021-10-27 20:30,52,22,30,0,0,0
2021-10-27 20:45,46,22,24,0,0,0
2021-10-27 21:00,37,10,27,0,0,0
2021-10-27 21:15,50,19,31,0,0,0
2021-10-27 21:30,49,18,31,0,0,0
2021-10-27 21:45,68,16,52,0,0,0
2021-10-27 22:00,48,10,38,0,0,0
2021-10-27 22:15,43,5,38,0,0,0
2021-10-27 22:30,49,11,38,0,0,0
2021-10-27 22:45,48,14,34,0,0,0
2021-10-27 23:00,53,4,49,0,0,0
2021-10-27 23:15,46,5,41,0,0,0
2021-10-27 23:30,22,6,16,0,0,0
2021-10-27 23:45,11,1,10,0,0,0
2021-10-28 00:00,5,1,4,0,0,0
2021-10-28 00:15,7,4,3,0,0,0
2021-10-28 00:30,22,5,17,0,0,0
2021-10-28 00:45,3,1,2,0,0,0
2021-10-28 01:00,5,1,4,0,0,0
2021-10-28 01:15,17,2,15,0,0,0
2021-10-28 01:30,5,2,3,0,0,0
2021-10-28 01:45,5,0,5,0,0,0
2021-10-28 02:00,7,0,7,0,0,0
2021-10-28 02:15,16,0,16,0,0,0
2021-10-28 02:30,10,3,7,0,0,0
2021-10-28 02:45,5,0,5,0,0,0
2021-10-28 03:00,3,0,3,0,0,0
2021-10-28 03:15,1,0,1,0,0,0
2021-10-28 03:30,2,0,2,0,0,0
2021-10-28 03:45,3,0,3,0,0,0
2021-10-28 04:00,1,0,1,0,0,0
2021-10-28 04:15,2,1,1,0,0,0
2021-10-28 04:30,0,0,0,0,0,0
2021-10-28 04:45,2,0,2,0,0,0
2021-10-28 05:00,1,1,0,0,0,0
2021-10-28 05:15,3,0,3,0,0,0
2021-10-28 05:30,11,4,7,0,0,0
2021-10-28 05:45,10,3,7,0,0,0
2021-10-28 06:00,0,0,0,0,0,0
2021-10-28 06:15,24,9,15,0,0,0
2021-10-28 06:30,33,15,18,0,0,0
2021-10-28 06:45,43,14,29,0,0,0
2021-10-28 07:00,55,24,31,0,0,0
2021-10-28 07:15,84,29,55,0,0,0
2021-10-28 07:30,153,70,83,0,0,0
2021-10-28 07:45,289,142,147,0,0,0
2021-10-28 08:00,302,155,147,0,0,0
2021-10-28 08:15,169,78,91,0,0,0
2021-10-28 08:30,109,46,63,0,0,0
2021-10-28 08:45,169,85,84,0,0,0
2021-10-28 09:00,98,37,61,0,0,0
2021-10-28 09:15,63,36,27,0,0,0
2021-10-28 09:30,76,47,29,0,0,0
2021-10-28 09:45,205,126,79,0,0,0
2021-10-28 10:00,250,138,112,0,0,0
2021-10-28 10:15,84,46,38,0,0,0
2021-10-28 10:30,68,39,29,0,0,0
2021-10-28 10:45,69,38,31,0,0,0
2021-10-28 11:00,75,41,34,0,0,0
2021-10-28 11:15,80,40,40,0,0,0
2021-10-28 11:30,97,51,46,0,0,0
2021-10-28 11:45,228,116,112,0,0,0
2021-10-28 12:00,186,92,94,0,0,0
2021-10-28 12:15,135,75,60,0,0,0
2021-10-28 12:30,99,40,59,0,0,0
2021-10-28 12:45,127,50,77,0,0,0
2021-10-28 13:00,117,54,63,0,0,0
2021-10-28 13:15,111,61,50,0,0,0
2021-10-28 13:30,183,52,131,0,0,0
2021-10-28 13:45,228,113,115,0,0,0
2021-10-28 14:00,204,81,123,0,0,0
2021-10-28 14:15,144,65,79,0,0,0
2021-10-28 14:30,158,53,105,0,0,0
2021-10-28 14:45,158,80,78,0,0,0
2021-10-28 15:00,124,73,51,0,0,0
2021-10-28 15:15,128,70,58,0,0,0
2021-10-28 15:30,192,103,89,0,0,0
2021-10-28 15:45,241,134,107,0,0,0
2021-10-28 16:00,241,150,91,0,0,0
2021-10-28 16:15,157,86,71,0,0,0
2021-10-28 16:30,132,71,61,0,0,0
2021-10-28 16:45,197,113,84,0,0,0
2021-10-28 17:00,157,79,78,0,0,0
2021-10-28 17:15,160,85,75,0,0,0
2021-10-28 17:30,176,98,78,0,0,0
2021-10-28 17:45,210,97,113,0,0,0
2021-10-28 18:00,190,86,104,0,0,0
2021-10-28 18:15,127,60,67,0,0,0
2021-10-28 18:30,114,48,66,0,0,0
2021-10-28 18:45,136,65,71,0,0,0
2021-10-28 19:00,110,61,49,0,0,0
2021-10-28 19:15,78,32,46,0,0,0
2021-10-28 19:30,93,28,65,0,0,0
2021-10-28 19:45,96,35,61,0,0,0
2021-10-28 20:00,100,56,44,0,0,0
2021-10-28 20:15,80,27,53,0,0,0
2021-10-28 20:30,53,23,30,0,0,0
2021-10-28 20:45,46,22,24,0,0,0
2021-10-28 21:00,41,21,20,0,0,0
2021-10-28 21:15,38,15,23,0,0,0
2021-10-28 21:30,39,8,31,0,0,0
2021-10-28 21:45,50,23,27,0,0,0
2021-10-28 22:00,38,4,34,0,0,0
2021-10-28 22:15,32,7,25,0,0,0
2021-10-28 22:30,47,18,29,0,0,0
2021-10-28 22:45,54,14,40,0,0,0
2021-10-28 23:00,36,8,28,0,0,0
2021-10-28 23:15,22,11,11,0,0,0
2021-10-28 23:30,22,4,18,0,0,0
2021-10-28 23:45,8,3,5,0,0,0
2021-10-29 00:00,6,3,3,0,0,0
2021-10-29 00:15,7,1,6,0,0,0
2021-10-29 00:30,6,3,3,0,0,0
2021-10-29 00:45,4,1,3,0,0,0
2021-10-29 01:00,13,2,11,0,0,0
2021-10-29 01:15,5,2,3,0,0,0
2021-10-29 01:30,11,0,11,0,0,0
2021-10-29 01:45,3,0,3,0,0,0
2021-10-29 02:00,4,2,2,0,0,0
2021-10-29 02:15,1,0,1,0,0,0
2021-10-29 02:30,2,2,0,0,0,0
2021-10-29 02:45,2,0,2,0,0,0
2021-10-29 03:00,1,0,1,0,0,0
2021-10-29 03:15,0,0,0,0,0,0
2021-10-29 03:30,4,0,4,0,0,0
2021-10-29 03:45,0,0,0,0,0,0
2021-10-29 04:00,1,0,1,0,0,0
2021-10-29 04:15,2,0,2,0,0,0
2021-10-29 04:30,0,0,0,0,0,0
2021-10-29 04:45,2,0,2,0,0,0
2021-10-29 05:00,0,0,0,0,0,0
2021-10-29 05:15,0,0,0,0,0,0
2021-10-29 05:30,11,2,9,0,0,0
2021-10-29 05:45,8,3,5,0,0,0
2021-10-29 06:00,7,2,5,0,0,0
2021-10-29 06:15,19,4,15,0,0,0
2021-10-29 06:30,26,9,17,0,0,0
2021-10-29 06:45,36,14,22,0,0,0
2021-10-29 07:00,53,20,33,0,0,0
2021-10-29 07:15,81,37,44,0,0,0
2021-10-29 07:30,142,64,78,0,0,0
2021-10-29 07:45,263,129,134,0,0,0
2021-10-29 08:00,337,160,177,0,0,0
2021-10-29 08:15,123,57,66,0,0,0
2021-10-29 08:30,105,40,65,0,0,0
2021-10-29 08:45,136,58,78,0,0,0
2021-10-29 09:00,99,43,56,0,0,0
2021-10-29 09:15,85,51,34,0,0,0
2021-10-29 09:30,76,30,46,0,0,0
2021-10-29 09:45,212,137,75,0,0,0
2021-10-29 10:00,195,90,105,0,0,0
2021-10-29 10:15,68,37,31,0,0,0
2021-10-29 10:30,102,42,60,0,0,0
2021-10-29 10:45,83,46,37,0,0,0
2021-10-29 11:00,87,49,38,0,0,0
2021-10-29 11:15,77,28,49,0,0,0
2021-10-29 11:30,119,75,44,0,0,0
2021-10-29 11:45,198,119,79,0,0,0
2021-10-29 12:00,150,86,64,0,0,0
2021-10-29 12:15,117,50,67,0,0,0
2021-10-29 12:30,113,69,44,0,0,0
2021-10-29 12:45,139,59,80,0,0,0
2021-10-29 13:00,154,69,85,0,0,0
2021-10-29 13:15,113,67,46,0,0,0
2021-10-29 13:30,175,49,126,0,0,0
2021-10-29 13:45,168,73,95,0,0,0
2021-10-29 14:00,156,74,82,0,0,0
2021-10-29 14:15,132,55,77,0,0,0
2021-10-29 14:30,126,50,76,0,0,0
2021-10-29 14:45,149,81,68,0,0,0
2021-10-29 15:00,140,71,69,0,0,0
2021-10-29 15:15,131,76,55,0,0,0
2021-10-29 15:30,155,93,62,0,0,0
2021-10-29 15:45,129,64,65,0,0,0
2021-10-29 16:00,166,91,75,0,0,0
2021-10-29 16:15,138,72,66,0,0,0
2021-10-29 16:30,130,76,54,0,0,0
2021-10-29 16:45,109,55,54,0,0,0
2021-10-29 17:00,130,63,67,0,0,0
2021-10-29 17:15,151,96,55,0,0,0
2021-10-29 17:30,136,68,68,0,0,0
2021-10-29 17:45,111,66,45,0,0,0
2021-10-29 18:00,82,33,49,0,0,0
2021-10-29 18:15,108,49,59,0,0,0
2021-10-29 18:30,83,40,43,0,0,0
2021-10-29 18:45,99,37,62,0,0,0
2021-10-29 19:00,85,43,42,0,0,0
2021-10-29 19:15,81,35,46,0,0,0
2021-10-29 19:30,81,52,29,0,0,0
2021-10-29 19:45,54,29,25,0,0,0
2021-10-29 20:00,53,22,31,0,0,0
2021-10-29 20:15,63,34,29,0,0,0
2021-10-29 20:30,43,20,23,0,0,0
2021-10-29 20:45,58,34,24,0,0,0
2021-10-29 21:00,40,21,19,0,0,0
2021-10-29 21:15,48,29,19,0,0,0
2021-10-29 21:30,34,8,26,0,0,0
2021-10-29 21:45,39,10,29,0,0,0
2021-10-29 22:00,37,12,25,0,0,0
2021-10-29 22:15,47,18,29,0,0,0
2021-10-29 22:30,41,9,32,0,0,0
2021-10-29 22:45,31,5,26,0,0,0
2021-10-29 23:00,31,2,29,0,0,0
2021-10-29 23:15,32,12,20,0,0,0
2021-10-29 23:30,27,11,16,0,0,0
2021-10-29 23:45,23,5,18,0,0,0
2021-10-30 00:00,14,4,10,0,0,0
2021-10-30 00:15,7,1,6,0,0,0
2021-10-30 00:30,23,3,20,0,0,0
2021-10-30 00:45,7,2,5,0,0,0
2021-10-30 01:00,14,7,7,0,0,0
2021-10-30 01:15,17,4,13,0,0,0
2021-10-30 01:30,20,4,16,0,0,0
2021-10-30 01:45,19,2,17,0,0,0
2021-10-30 02:00,12,5,7,0,0,0
2021-10-30 02:15,9,0,9,0,0,0
2021-10-30 02:30,8,1,7,0,0,0
2021-10-30 02:45,7,2,5,0,0,0
2021-10-30 03:00,3,0,3,0,0,0
2021-10-30 03:15,9,2,7,0,0,0
2021-10-30 03:30,12,7,5,0,0,0
2021-10-30 03:45,3,1,2,0,0,0
2021-10-30 04:00,7,1,6,0,0,0
2021-10-30 04:15,4,2,2,0,0,0
2021-10-30 04:30,3,1,2,0,0,0
2021-10-30 04:45,4,1,3,0,0,0
2021-10-30 05:00,6,3,3,0,0,0
2021-10-30 05:15,1,1,0,0,0,0
2021-10-30 05:30,12,3,9,0,0,0
2021-10-30 05:45,4,0,4,0,0,0
2021-10-30 06:00,4,2,2,0,0,0
2021-10-30 06:15,4,2,2,0,0,0
2021-10-30 06:30,9,6,3,0,0,0
2021-10-30 06:45,10,8,2,0,0,0
2021-10-30 07:00,9,4,5,0,0,0
2021-10-30 07:15,18,14,4,0,0,0
2021-10-30 07:30,14,5,9,0,0,0
2021-10-30 07:45,20,9,11,0,0,0
2021-10-30 08:00,10,5,5,0,0,0
2021-10-30 08:15,28,17,11,0,0,0
2021-10-30 08:30,16,9,7,0,0,0
2021-10-30 08:45,39,17,22,0,0,0
2021-10-30 09:00,28,21,7,0,0,0
2021-10-30 09:15,25,22,3,0,0,0
2021-10-30 09:30,44,27,17,0,0,0
2021-10-30 09:45,40,32,8,0,0,0
2021-10-30 10:00,48,24,24,0,0,0
2021-10-30 10:15,41,28,13,0,0,0
2021-10-30 10:30,45,30,15,0,0,0
2021-10-30 10:45,40,30,10,0,0,0
2021-10-30 11:00,43,27,16,0,0,0
2021-10-30 11:15,52,38,14,0,0,0
2021-10-30 11:30,54,31,23,0,0,0
2021-10-30 11:45,70,37,33,0,0,0
2021-10-30 12:00,70,44,26,0,0,0
2021-10-30 12:15,51,34,17,0,0,0
2021-10-30 12:30,69,32,37,0,0,0
2021-10-30 12:45,74,43,31,0,0,0
2021-10-30 13:00,64,31,33,0,0,0
2021-10-30 13:15,47,24,23,0,0,0
2021-10-30 13:30,57,20,37,0,0,0
2021-10-30 13:45,64,31,33,0,0,0
2021-10-30 14:00,63,23,40,0,0,0
2021-10-30 14:15,46,24,22,0,0,0
2021-10-30 14:30,59,29,30,0,0,0
2021-10-30 14:45,54,26,28,0,0,0
2021-10-30 15:00,42,12,30,0,0,0
2021-10-30 15:15,45,18,27,0,0,0
2021-10-30 15:30,55,35,20,0,0,0
2021-10-30 15:45,48,23,25,0,0,0
2021-10-30 16:00,46,21,25,0,0,0
2021-10-30 16:15,53,24,29,0,0,0
2021-10-30 16:30,47,17,30,0,0,0
2021-10-30 16:45,52,26,26,0,0,0
2021-10-30 17:00,55,24,31,0,0,0
2021-10-30 17:15,62,28,34,0,0,0
2021-10-30 17:30,40,25,15,0,0,0
2021-10-30 17:45,56,24,32,0,0,0
2021-10-30 18:00,54,20,34,0,0,0
2021-10-30 18:15,44,18,26,0,0,0
2021-10-30 18:30,52,17,35,0,0,0
2021-10-30 18:45,58,26,32,0,0,0
2021-10-30 19:00,52,30,22,0,0,0
2021-10-30 19:15,49,34,15,0,0,0
2021-10-30 19:30,23,13,10,0,0,0
2021-10-30 19:45,34,10,24,0,0,0
2021-10-30 20:00,45,22,23,0,0,0
2021-10-30 20:15,34,19,15,0,0,0
2021-10-30 20:30,20,8,12,0,0,0
2021-10-30 20:45,18,7,11,0,0,0
2021-10-30 21:00,23,14,9,0,0,0
2021-10-30 21:15,23,13,10,0,0,0
2021-10-30 21:30,19,11,8,0,0,0
2021-10-30 21:45,26,4,22,0,0,0
2021-10-30 22:00,19,3,16,0,0,0
2021-10-30 22:15,25,10,15,0,0,0
2021-10-30 22:30,28,11,17,0,0,0
2021-10-30 22:45,6,0,6,0,0,0
2021-10-30 23:00,13,4,9,0,0,0
2021-10-30 23:15,18,9,9,0,0,0
2021-10-30 23:30,14,7,7,0,0,0
2021-10-30 23:45,10,3,7,0,0,0
