Datetime,100034982 (Hüfferstraße),101034982 (Hüfferstraße stadteinwärts),102034982 (Hüfferstraße stadtauswärts),100034982-status,101034982-status,102034982-status
2022-03-01 00:00,2,1,1,0,0,0
2022-03-01 00:15,4,2,2,0,0,0
2022-03-01 00:30,1,0,1,0,0,0
2022-03-01 00:45,1,0,1,0,0,0
2022-03-01 01:00,3,1,2,0,0,0
2022-03-01 01:15,3,1,2,0,0,0
2022-03-01 01:30,5,0,5,0,0,0
2022-03-01 01:45,4,2,2,0,0,0
2022-03-01 02:00,0,0,0,0,0,0
2022-03-01 02:15,2,0,2,0,0,0
2022-03-01 02:30,3,0,3,0,0,0
2022-03-01 02:45,2,0,2,0,0,0
2022-03-01 03:00,0,0,0,0,0,0
2022-03-01 03:15,1,0,1,0,0,0
2022-03-01 03:30,2,0,2,0,0,0
2022-03-01 03:45,2,0,2,0,0,0
2022-03-01 04:00,0,0,0,0,0,0
2022-03-01 04:15,1,1,0,0,0,0
2022-03-01 04:30,1,1,0,0,0,0
2022-03-01 04:45,1,0,1,0,0,0
2022-03-01 05:00,0,0,0,0,0,0
2022-03-01 05:15,6,1,5,0,0,0
2022-03-01 05:30,12,2,10,0,0,0
2022-03-01 05:45,15,5,10,0,0,0
2022-03-01 06:00,6,2,4,0,0,0
2022-03-01 06:15,22,6,16,0,0,0
2022-03-01 06:30,34,15,19,0,0,0
2022-03-01 06:45,54,27,27,0,0,0
2022-03-01 07:00,82,27,55,0,0,0
2022-03-01 07:15,81,22,59,0,0,0
2022-03-01 07:30,113,37,76,0,0,0
2022-03-01 07:45,150,54,96,0,0,0
2022-03-01 08:00,126,45,81,0,0,0
2022-03-01 08:15,112,61,51,0,0,0
2022-03-01 08:30,96,41,55,0,0,0
2022-03-01 08:45,126,44,82,0,0,0
2022-03-01 09:00,89,39,50,0,0,0
2022-03-01 09:15,55,30,25,0,0,0
2022-03-01 09:30,74,33,41,0,0,0
2022-03-01 09:45,57,34,23,0,0,0
2022-03-01 10:00,47,22,25,0,0,0
2022-03-01 10:15,51,34,17,0,0,0
2022-03-01 10:30,49,26,23,0,0,0
2022-03-01 10:45,67,31,36,0,0,0
2022-03-01 11:00,75,37,38,0,0,0
2022-03-01 11:15,66,32,34,0,0,0
2022-03-01 11:30,55,21,34,0,0,0
2022-03-01 11:45,80,40,40,0,0,0
2022-03-01 12:00,67,38,29,0,0,0
2022-03-01 12:15,71,33,38,0,0,0
2022-03-01 12:30,79,32,47,0,0,0
2022-03-01 12:45,98,44,54,0,0,0
2022-03-01 13:00,73,35,38,0,0,0
2022-03-01 13:15,64,28,36,0,0,0
2022-03-01 13:30,84,45,39,0,0,0
2022-03-01 13:45,64,27,37,0,0,0
2022-03-01 14:00,65,38,27,0,0,0
2022-03-01 14:15,76,47,29,0,0,0
2022-03-01 14:30,84,45,39,0,0,0
2022-03-01 14:45,96,56,40,0,0,0
2022-03-01 15:00,102,61,41,0,0,0
2022-03-01 15:15,87,48,39,0,0,0
2022-03-01 15:30,91,55,36,0,0,0
2022-03-01 15:45,94,55,39,0,0,0
2022-03-01 16:00,87,49,38,0,0,0
2022-03-01 16:15,94,45,49,0,0,0
2022-03-01 16:30,93,50,43,0,0,0
2022-03-01 16:45,99,44,55,0,0,0
2022-03-01 17:00,117,68,49,0,0,0
2022-03-01 17:15,119,56,63,0,0,0
2022-03-01 17:30,95,51,44,0,0,0
2022-03-01 17:45,80,46,34,0,0,0
2022-03-01 18:00,91,48,43,0,0,0
2022-03-01 18:15,86,29,57,0,0,0
2022-03-01 18:30,77,30,47,0,0,0
2022-03-01 18:45,66,28,38,0,0,0
2022-03-01 19:00,52,22,30,0,0,0
2022-03-01 19:15,44,18,26,0,0,0
2022-03-01 19:30,37,11,26,0,0,0
2022-03-01 19:45,43,15,28,0,0,0
2022-03-01 20:00,41,16,25,0,0,0
2022-03-01 20:15,35,15,20,0,0,0
2022-03-01 20:30,18,8,10,0,0,0
2022-03-01 20:45,26,12,14,0,0,0
2022-03-01 21:00,24,12,12,0,0,0
2022-03-01 21:15,27,8,19,0,0,0
2022-03-01 21:30,17,7,10,0,0,0
2022-03-01 21:45,24,7,17,0,0,0
2022-03-01 22:00,27,6,21,0,0,0
2022-03-01 22:15,26,7,19,0,0,0
2022-03-01 22:30,11,3,8,0,0,0
2022-03-01 22:45,12,5,7,0,0,0
2022-03-01 23:00,11,4,7,0,0,0
2022-03-01 23:15,15,5,10,0,0,0
2022-03-01 23:30,1,1,0,0,0,0
2022-03-01 23:45,0,0,0,0,0,0
2022-03-02 00:00,8,2,6,0,0,0
2022-03-02 00:15,8,1,7,0,0,0
2022-03-02 00:30,1,1,0,0,0,0
2022-03-02 00:45,0,0,0,0,0,0
2022-03-02 01:00,2,0,2,0,0,0
2022-03-02 01:15,0,0,0,0,0,0
2022-03-02 01:30,1,1,0,0,0,0
2022-03-02 01:45,1,1,0,0,0,0
2022-03-02 02:00,1,0,1,0,0,0
2022-03-02 02:15,0,0,0,0,0,0
2022-03-02 02:30,1,1,0,0,0,0
2022-03-02 02:45,0,0,0,0,0,0
2022-03-02 03:00,0,0,0,0,0,0
2022-03-02 03:15,0,0,0,0,0,0
2022-03-02 03:30,0,0,0,0,0,0
2022-03-02 03:45,2,1,1,0,0,0
2022-03-02 04:00,0,0,0,0,0,0
2022-03-02 04:15,0,0,0,0,0,0
2022-03-02 04:30,1,1,0,0,0,0
2022-03-02 04:45,0,0,0,0,0,0
2022-03-02 05:00,2,2,0,0,0,0
2022-03-02 05:15,2,0,2,0,0,0
2022-03-02 05:30,12,3,9,0,0,0
2022-03-02 05:45,17,7,10,0,0,0
2022-03-02 06:00,8,2,6,0,0,0
2022-03-02 06:15,23,8,15,0,0,0
2022-03-02 06:30,34,17,17,0,0,0
2022-03-02 06:45,58,30,28,0,0,0
2022-03-02 07:00,58,15,43,0,0,0
2022-03-02 07:15,104,38,66,0,0,0
2022-03-02 07:30,155,71,84,0,0,0
2022-03-02 07:45,167,55,112,0,0,0
2022-03-02 08:00,155,52,103,0,0,0
2022-03-02 08:15,121,55,66,0,0,0
2022-03-02 08:30,99,45,54,0,0,0
2022-03-02 08:45,132,63,69,0,0,0
2022-03-02 09:00,111,57,54,0,0,0
2022-03-02 09:15,88,48,40,0,0,0
2022-03-02 09:30,80,25,55,0,0,0
2022-03-02 09:45,104,55,49,0,0,0
2022-03-02 10:00,73,44,29,0,0,0
2022-03-02 10:15,80,35,45,0,0,0
2022-03-02 10:30,83,36,47,0,0,0
2022-03-02 10:45,97,51,46,0,0,0
2022-03-02 11:00,64,30,34,0,0,0
2022-03-02 11:15,83,34,49,0,0,0
2022-03-02 11:30,77,33,44,0,0,0
2022-03-02 11:45,96,54,42,0,0,0
2022-03-02 12:00,95,40,55,0,0,0
2022-03-02 12:15,98,31,67,0,0,0
2022-03-02 12:30,99,43,56,0,0,0
2022-03-02 12:45,120,50,70,0,0,0
2022-03-02 13:00,108,50,58,0,0,0
2022-03-02 13:15,109,36,73,0,0,0
2022-03-02 13:30,95,38,57,0,0,0
2022-03-02 13:45,79,38,41,0,0,0
2022-03-02 14:00,109,54,55,0,0,0
2022-03-02 14:15,112,45,67,0,0,0
2022-03-02 14:30,102,61,41,0,0,0
2022-03-02 14:45,131,61,70,0,0,0
2022-03-02 15:00,88,51,37,0,0,0
2022-03-02 15:15,102,52,50,0,0,0
2022-03-02 15:30,116,54,62,0,0,0
2022-03-02 15:45,113,50,63,0,0,0
2022-03-02 16:00,107,60,47,0,0,0
2022-03-02 16:15,128,77,51,0,0,0
2022-03-02 16:30,117,63,54,0,0,0
2022-03-02 16:45,131,68,63,0,0,0
2022-03-02 17:00,125,59,66,0,0,0
2022-03-02 17:15,102,59,43,0,0,0
2022-03-02 17:30,113,52,61,0,0,0
2022-03-02 17:45,100,46,54,0,0,0
2022-03-02 18:00,96,46,50,0,0,0
2022-03-02 18:15,101,42,59,0,0,0
2022-03-02 18:30,67,20,47,0,0,0
2022-03-02 18:45,65,33,32,0,0,0
2022-03-02 19:00,54,26,28,0,0,0
2022-03-02 19:15,56,19,37,0,0,0
2022-03-02 19:30,46,20,26,0,0,0
2022-03-02 19:45,63,27,36,0,0,0
2022-03-02 20:00,49,18,31,0,0,0
2022-03-02 20:15,31,8,23,0,0,0
2022-03-02 20:30,28,7,21,0,0,0
2022-03-02 20:45,36,16,20,0,0,0
2022-03-02 21:00,32,13,19,0,0,0
2022-03-02 21:15,28,8,20,0,0,0
2022-03-02 21:30,15,5,10,0,0,0
2022-03-02 21:45,20,7,13,0,0,0
2022-03-02 22:00,23,7,16,0,0,0
2022-03-02 22:15,14,1,13,0,0,0
2022-03-02 22:30,14,4,10,0,0,0
2022-03-02 22:45,12,3,9,0,0,0
2022-03-02 23:00,9,1,8,0,0,0
2022-03-02 23:15,13,5,8,0,0,0
2022-03-02 23:30,27,11,16,0,0,0
2022-03-02 23:45,8,1,7,0,0,0
2022-03-03 00:00,7,1,6,0,0,0
2022-03-03 00:15,7,5,2,0,0,0
2022-03-03 00:30,4,2,2,0,0,0
2022-03-03 00:45,3,1,2,0,0,0
2022-03-03 01:00,3,2,1,0,0,0
2022-03-03 01:15,6,4,2,0,0,0
2022-03-03 01:30,5,5,0,0,0,0
2022-03-03 01:45,4,1,3,0,0,0
2022-03-03 02:00,1,1,0,0,0,0
2022-03-03 02:15,3,3,0,0,0,0
2022-03-03 02:30,3,3,0,0,0,0
2022-03-03 02:45,8,8,0,0,0,0
2022-03-03 03:00,3,2,1,0,0,0
2022-03-03 03:15,1,1,0,0,0,0
2022-03-03 03:30,7,7,0,0,0,0
2022-03-03 03:45,4,4,0,0,0,0
2022-03-03 04:00,2,2,0,0,0,0
2022-03-03 04:15,5,5,0,0,0,0
2022-03-03 04:30,1,1,0,0,0,0
2022-03-03 04:45,4,3,1,0,0,0
2022-03-03 05:00,6,6,0,0,0,0
2022-03-03 05:15,6,3,3,0,0,0
2022-03-03 05:30,16,8,8,0,0,0
2022-03-03 05:45,17,5,12,0,0,0
2022-03-03 06:00,15,9,6,0,0,0
2022-03-03 06:15,23,8,15,0,0,0
2022-03-03 06:30,38,13,25,0,0,0
2022-03-03 06:45,50,18,32,0,0,0
2022-03-03 07:00,62,19,43,0,0,0
2022-03-03 07:15,115,46,69,0,0,0
2022-03-03 07:30,247,174,73,0,0,0
2022-03-03 07:45,195,83,112,0,0,0
2022-03-03 08:00,135,55,80,0,0,0
2022-03-03 08:15,137,71,66,0,0,0
2022-03-03 08:30,103,42,61,0,0,0
2022-03-03 08:45,106,51,55,0,0,0
2022-03-03 09:00,85,46,39,0,0,0
2022-03-03 09:15,50,29,21,0,0,0
2022-03-03 09:30,63,38,25,0,0,0
2022-03-03 09:45,98,49,49,0,0,0
2022-03-03 10:00,56,27,29,0,0,0
2022-03-03 10:15,66,41,25,0,0,0
2022-03-03 10:30,48,22,26,0,0,0
2022-03-03 10:45,55,30,25,0,0,0
2022-03-03 11:00,53,32,21,0,0,0
2022-03-03 11:15,85,41,44,0,0,0
2022-03-03 11:30,101,59,42,0,0,0
2022-03-03 11:45,86,52,34,0,0,0
2022-03-03 12:00,95,49,46,0,0,0
2022-03-03 12:15,97,37,60,0,0,0
2022-03-03 12:30,99,38,61,0,0,0
2022-03-03 12:45,80,37,43,0,0,0
2022-03-03 13:00,97,39,58,0,0,0
2022-03-03 13:15,133,57,76,0,0,0
2022-03-03 13:30,94,48,46,0,0,0
2022-03-03 13:45,101,43,58,0,0,0
2022-03-03 14:00,123,47,76,0,0,0
2022-03-03 14:15,117,55,62,0,0,0
2022-03-03 14:30,88,52,36,0,0,0
2022-03-03 14:45,105,61,44,0,0,0
2022-03-03 15:00,126,71,55,0,0,0
2022-03-03 15:15,116,68,48,0,0,0
2022-03-03 15:30,129,54,75,0,0,0
2022-03-03 15:45,160,91,69,0,0,0
2022-03-03 16:00,102,48,54,0,0,0
2022-03-03 16:15,161,91,70,0,0,0
2022-03-03 16:30,111,56,55,0,0,0
2022-03-03 16:45,113,46,67,0,0,0
2022-03-03 17:00,110,56,54,0,0,0
2022-03-03 17:15,135,58,77,0,0,0
2022-03-03 17:30,133,67,66,0,0,0
2022-03-03 17:45,96,39,57,0,0,0
2022-03-03 18:00,82,31,51,0,0,0
2022-03-03 18:15,96,43,53,0,0,0
2022-03-03 18:30,79,31,48,0,0,0
2022-03-03 18:45,80,28,52,0,0,0
2022-03-03 19:00,76,34,42,0,0,0
2022-03-03 19:15,70,26,44,0,0,0
2022-03-03 19:30,45,19,26,0,0,0
2022-03-03 19:45,50,23,27,0,0,0
2022-03-03 20:00,39,12,27,0,0,0
2022-03-03 20:15,40,9,31,0,0,0
2022-03-03 20:30,29,5,24,0,0,0
2022-03-03 20:45,26,11,15,0,0,0
2022-03-03 21:00,23,10,13,0,0,0
2022-03-03 21:15,20,6,14,0,0,0
2022-03-03 21:30,24,10,14,0,0,0
2022-03-03 21:45,17,5,12,0,0,0
2022-03-03 22:00,38,21,17,0,0,0
2022-03-03 22:15,15,10,5,0,0,0
2022-03-03 22:30,20,6,14,0,0,0
2022-03-03 22:45,19,9,10,0,0,0
2022-03-03 23:00,16,6,10,0,0,0
2022-03-03 23:15,16,8,8,0,0,0
2022-03-03 23:30,15,9,6,0,0,0
2022-03-03 23:45,9,5,4,0,0,0
2022-03-04 00:00,13,8,5,0,0,0
2022-03-04 00:15,15,11,4,0,0,0
2022-03-04 00:30,10,10,0,0,0,0
2022-03-04 00:45,8,8,0,0,0,0
2022-03-04 01:00,7,6,1,0,0,0
2022-03-04 01:15,8,7,1,0,0,0
2022-03-04 01:30,24,24,0,0,0,0
2022-03-04 01:45,11,10,1,0,0,0
2022-03-04 02:00,10,6,4,0,0,0
2022-03-04 02:15,10,7,3,0,0,0
2022-03-04 02:30,1,1,0,0,0,0
2022-03-04 02:45,1,1,0,0,0,0
2022-03-04 03:00,10,10,0,0,0,0
2022-03-04 03:15,2,2,0,0,0,0
2022-03-04 03:30,4,4,0,0,0,0
2022-03-04 03:45,3,3,0,0,0,0
2022-03-04 04:00,5,5,0,0,0,0
2022-03-04 04:15,3,3,0,0,0,0
2022-03-04 04:30,8,6,2,0,0,0
2022-03-04 04:45,2,0,2,0,0,0
2022-03-04 05:00,4,3,1,0,0,0
2022-03-04 05:15,5,3,2,0,0,0
2022-03-04 05:30,17,11,6,0,0,0
2022-03-04 05:45,16,9,7,0,0,0
2022-03-04 06:00,12,8,4,0,0,0
2022-03-04 06:15,22,9,13,0,0,0
2022-03-04 06:30,32,12,20,0,0,0
2022-03-04 06:45,70,32,38,0,0,0
2022-03-04 07:00,73,33,40,0,0,0
2022-03-04 07:15,107,46,61,0,0,0
2022-03-04 07:30,227,152,75,0,0,0
2022-03-04 07:45,159,77,82,0,0,0
2022-03-04 08:00,114,39,75,0,0,0
2022-03-04 08:15,94,43,51,0,0,0
2022-03-04 08:30,94,55,39,0,0,0
2022-03-04 08:45,100,48,52,0,0,0
2022-03-04 09:00,67,36,31,0,0,0
2022-03-04 09:15,83,44,39,0,0,0
2022-03-04 09:30,49,34,15,0,0,0
2022-03-04 09:45,75,47,28,0,0,0
2022-03-04 10:00,71,38,33,0,0,0
2022-03-04 10:15,67,44,23,0,0,0
2022-03-04 10:30,72,32,40,0,0,0
2022-03-04 10:45,76,46,30,0,0,0
2022-03-04 11:00,53,30,23,0,0,0
2022-03-04 11:15,51,22,29,0,0,0
2022-03-04 11:30,81,42,39,0,0,0
2022-03-04 11:45,63,21,42,0,0,0
2022-03-04 12:00,85,45,40,0,0,0
2022-03-04 12:15,76,31,45,0,0,0
2022-03-04 12:30,109,47,62,0,0,0
2022-03-04 12:45,99,49,50,0,0,0
2022-03-04 13:00,124,36,88,0,0,0
2022-03-04 13:15,144,48,96,0,0,0
2022-03-04 13:30,85,43,42,0,0,0
2022-03-04 13:45,105,44,61,0,0,0
2022-03-04 14:00,104,53,51,0,0,0
2022-03-04 14:15,120,63,57,0,0,0
2022-03-04 14:30,112,54,58,0,0,0
2022-03-04 14:45,134,67,67,0,0,0
2022-03-04 15:00,125,63,62,0,0,0
2022-03-04 15:15,120,60,60,0,0,0
2022-03-04 15:30,114,44,70,0,0,0
2022-03-04 15:45,153,87,66,0,0,0
2022-03-04 16:00,114,57,57,0,0,0
2022-03-04 16:15,110,60,50,0,0,0
2022-03-04 16:30,121,59,62,0,0,0
2022-03-04 16:45,108,48,60,0,0,0
2022-03-04 17:00,87,44,43,0,0,0
2022-03-04 17:15,77,40,37,0,0,0
2022-03-04 17:30,96,44,52,0,0,0
2022-03-04 17:45,99,46,53,0,0,0
2022-03-04 18:00,71,22,49,0,0,0
2022-03-04 18:15,89,36,53,0,0,0
2022-03-04 18:30,65,26,39,0,0,0
2022-03-04 18:45,69,33,36,0,0,0
2022-03-04 19:00,54,20,34,0,0,0
2022-03-04 19:15,44,15,29,0,0,0
2022-03-04 19:30,51,26,25,0,0,0
2022-03-04 19:45,36,21,15,0,0,0
2022-03-04 20:00,46,27,19,0,0,0
2022-03-04 20:15,48,24,24,0,0,0
2022-03-04 20:30,27,10,17,0,0,0
2022-03-04 20:45,29,15,14,0,0,0
2022-03-04 21:00,39,19,20,0,0,0
2022-03-04 21:15,28,14,14,0,0,0
2022-03-04 21:30,18,9,9,0,0,0
2022-03-04 21:45,25,11,14,0,0,0
2022-03-04 22:00,16,6,10,0,0,0
2022-03-04 22:15,15,9,6,0,0,0
2022-03-04 22:30,26,10,16,0,0,0
2022-03-04 22:45,21,9,12,0,0,0
2022-03-04 23:00,18,8,10,0,0,0
2022-03-04 23:15,21,6,15,0,0,0
2022-03-04 23:30,10,6,4,0,0,0
2022-03-04 23:45,16,9,7,0,0,0
2022-03-05 00:00,24,18,6,0,0,0
2022-03-05 00:15,12,8,4,0,0,0
2022-03-05 00:30,14,8,6,0,0,0
2022-03-05 00:45,10,4,6,0,0,0
2022-03-05 01:00,6,3,3,0,0,0
2022-03-05 01:15,16,12,4,0,0,0
2022-03-05 01:30,8,6,2,0,0,0
2022-03-05 01:45,13,7,6,0,0,0
2022-03-05 02:00,13,12,1,0,0,0
2022-03-05 02:15,6,1,5,0,0,0
2022-03-05 02:30,11,8,3,0,0,0
2022-03-05 02:45,5,2,3,0,0,0
2022-03-05 03:00,9,4,5,0,0,0
2022-03-05 03:15,13,6,7,0,0,0
2022-03-05 03:30,5,4,1,0,0,0
2022-03-05 03:45,2,1,1,0,0,0
2022-03-05 04:00,9,6,3,0,0,0
2022-03-05 04:15,5,1,4,0,0,0
2022-03-05 04:30,4,4,0,0,0,0
2022-03-05 04:45,5,5,0,0,0,0
2022-03-05 05:00,3,0,3,0,0,0
2022-03-05 05:15,9,6,3,0,0,0
2022-03-05 05:30,9,2,7,0,0,0
2022-03-05 05:45,8,3,5,0,0,0
2022-03-05 06:00,8,8,0,0,0,0
2022-03-05 06:15,6,3,3,0,0,0
2022-03-05 06:30,21,16,5,0,0,0
2022-03-05 06:45,16,16,0,0,0,0
2022-03-05 07:00,14,8,6,0,0,0
2022-03-05 07:15,18,16,2,0,0,0
2022-03-05 07:30,19,15,4,0,0,0
2022-03-05 07:45,32,17,15,0,0,0
2022-03-05 08:00,19,11,8,0,0,0
2022-03-05 08:15,28,22,6,0,0,0
2022-03-05 08:30,20,15,5,0,0,0
2022-03-05 08:45,40,22,18,0,0,0
2022-03-05 09:00,51,36,15,0,0,0
2022-03-05 09:15,46,33,13,0,0,0
2022-03-05 09:30,50,26,24,0,0,0
2022-03-05 09:45,64,44,20,0,0,0
2022-03-05 10:00,72,48,24,0,0,0
2022-03-05 10:15,51,33,18,0,0,0
2022-03-05 10:30,61,40,21,0,0,0
2022-03-05 10:45,107,72,35,0,0,0
2022-03-05 11:00,84,56,28,0,0,0
2022-03-05 11:15,97,55,42,0,0,0
2022-03-05 11:30,85,35,50,0,0,0
2022-03-05 11:45,114,54,60,0,0,0
2022-03-05 12:00,87,42,45,0,0,0
2022-03-05 12:15,94,45,49,0,0,0
2022-03-05 12:30,123,59,64,0,0,0
2022-03-05 12:45,108,62,46,0,0,0
2022-03-05 13:00,105,64,41,0,0,0
2022-03-05 13:15,91,36,55,0,0,0
2022-03-05 13:30,77,29,48,0,0,0
2022-03-05 13:45,124,68,56,0,0,0
2022-03-05 14:00,96,51,45,0,0,0
2022-03-05 14:15,89,46,43,0,0,0
2022-03-05 14:30,82,31,51,0,0,0
2022-03-05 14:45,89,33,56,0,0,0
2022-03-05 15:00,65,28,37,0,0,0
2022-03-05 15:15,104,46,58,0,0,0
2022-03-05 15:30,79,37,42,0,0,0
2022-03-05 15:45,97,26,71,0,0,0
2022-03-05 16:00,78,32,46,0,0,0
2022-03-05 16:15,61,33,28,0,0,0
2022-03-05 16:30,69,33,36,0,0,0
2022-03-05 16:45,61,26,35,0,0,0
2022-03-05 17:00,66,23,43,0,0,0
2022-03-05 17:15,64,24,40,0,0,0
2022-03-05 17:30,48,18,30,0,0,0
2022-03-05 17:45,67,19,48,0,0,0
2022-03-05 18:00,52,17,35,0,0,0
2022-03-05 18:15,71,35,36,0,0,0
2022-03-05 18:30,33,11,22,0,0,0
2022-03-05 18:45,58,22,36,0,0,0
2022-03-05 19:00,55,23,32,0,0,0
2022-03-05 19:15,29,9,20,0,0,0
2022-03-05 19:30,25,13,12,0,0,0
2022-03-05 19:45,49,28,21,0,0,0
2022-03-05 20:00,28,13,15,0,0,0
2022-03-05 20:15,34,18,16,0,0,0
2022-03-05 20:30,33,16,17,0,0,0
2022-03-05 20:45,30,19,11,0,0,0
2022-03-05 21:00,38,26,12,0,0,0
2022-03-05 21:15,24,12,12,0,0,0
2022-03-05 21:30,17,6,11,0,0,0
2022-03-05 21:45,14,5,9,0,0,0
2022-03-05 22:00,27,15,12,0,0,0
2022-03-05 22:15,15,6,9,0,0,0
2022-03-05 22:30,14,5,9,0,0,0
2022-03-05 22:45,25,11,14,0,0,0
2022-03-05 23:00,14,7,7,0,0,0
2022-03-05 23:15,19,8,11,0,0,0
2022-03-05 23:30,8,3,5,0,0,0
2022-03-05 23:45,14,7,7,0,0,0
2022-03-06 00:00,16,5,11,0,0,0
2022-03-06 00:15,11,5,6,0,0,0
2022-03-06 00:30,11,4,7,0,0,0
2022-03-06 00:45,4,2,2,0,0,0
2022-03-06 01:00,14,6,8,0,0,0
2022-03-06 01:15,23,14,9,0,0,0
2022-03-06 01:30,11,4,7,0,0,0
2022-03-06 01:45,3,2,1,0,0,0
2022-03-06 02:00,11,5,6,0,0,0
2022-03-06 02:15,5,0,5,0,0,0
2022-03-06 02:30,8,5,3,0,0,0
2022-03-06 02:45,2,1,1,0,0,0
2022-03-06 03:00,12,1,11,0,0,0
2022-03-06 03:15,9,5,4,0,0,0
2022-03-06 03:30,3,0,3,0,0,0
2022-03-06 03:45,2,2,0,0,0,0
2022-03-06 04:00,11,9,2,0,0,0
2022-03-06 04:15,5,5,0,0,0,0
2022-03-06 04:30,4,0,4,0,0,0
2022-03-06 04:45,7,2,5,0,0,0
2022-03-06 05:00,3,0,3,0,0,0
2022-03-06 05:15,6,2,4,0,0,0
2022-03-06 05:30,5,2,3,0,0,0
2022-03-06 05:45,5,1,4,0,0,0
2022-03-06 06:00,4,4,0,0,0,0
2022-03-06 06:15,2,1,1,0,0,0
2022-03-06 06:30,10,9,1,0,0,0
2022-03-06 06:45,7,6,1,0,0,0
2022-03-06 07:00,11,8,3,0,0,0
2022-03-06 07:15,5,2,3,0,0,0
2022-03-06 07:30,15,8,7,0,0,0
2022-03-06 07:45,21,17,4,0,0,0
2022-03-06 08:00,12,7,5,0,0,0
2022-03-06 08:15,13,7,6,0,0,0
2022-03-06 08:30,14,10,4,0,0,0
2022-03-06 08:45,22,16,6,0,0,0
2022-03-06 09:00,12,10,2,0,0,0
2022-03-06 09:15,13,13,0,0,0,0
2022-03-06 09:30,21,13,8,0,0,0
2022-03-06 09:45,34,22,12,0,0,0
2022-03-06 10:00,26,18,8,0,0,0
2022-03-06 10:15,20,12,8,0,0,0
2022-03-06 10:30,18,9,9,0,0,0
2022-03-06 10:45,24,18,6,0,0,0
2022-03-06 11:00,23,17,6,0,0,0
2022-03-06 11:15,25,17,8,0,0,0
2022-03-06 11:30,32,15,17,0,0,0
2022-03-06 11:45,40,27,13,0,0,0
2022-03-06 12:00,52,22,30,0,0,0
2022-03-06 12:15,53,20,33,0,0,0
2022-03-06 12:30,44,17,27,0,0,0
2022-03-06 12:45,68,49,19,0,0,0
2022-03-06 13:00,48,22,26,0,0,0
2022-03-06 13:15,32,14,18,0,0,0
2022-03-06 13:30,48,21,27,0,0,0
2022-03-06 13:45,49,18,31,0,0,0
2022-03-06 14:00,32,18,14,0,0,0
2022-03-06 14:15,50,24,26,0,0,0
2022-03-06 14:30,41,19,22,0,0,0
2022-03-06 14:45,60,33,27,0,0,0
2022-03-06 15:00,45,20,25,0,0,0
2022-03-06 15:15,38,21,17,0,0,0
2022-03-06 15:30,34,17,17,0,0,0
2022-03-06 15:45,47,25,22,0,0,0
2022-03-06 16:00,44,25,19,0,0,0
2022-03-06 16:15,25,11,14,0,0,0
2022-03-06 16:30,78,46,32,0,0,0
2022-03-06 16:45,39,19,20,0,0,0
2022-03-06 17:00,40,15,25,0,0,0
2022-03-06 17:15,38,18,20,0,0,0
2022-03-06 17:30,22,13,9,0,0,0
2022-03-06 17:45,45,21,24,0,0,0
2022-03-06 18:00,31,13,18,0,0,0
2022-03-06 18:15,35,22,13,0,0,0
2022-03-06 18:30,35,20,15,0,0,0
2022-03-06 18:45,25,11,14,0,0,0
2022-03-06 19:00,18,11,7,0,0,0
2022-03-06 19:15,29,19,10,0,0,0
2022-03-06 19:30,48,19,29,0,0,0
2022-03-06 19:45,49,20,29,0,0,0
2022-03-06 20:00,13,2,11,0,0,0
2022-03-06 20:15,26,9,17,0,0,0
2022-03-06 20:30,17,5,12,0,0,0
2022-03-06 20:45,29,8,21,0,0,0
2022-03-06 21:00,16,7,9,0,0,0
2022-03-06 21:15,16,12,4,0,0,0
2022-03-06 21:30,16,10,6,0,0,0
2022-03-06 21:45,13,6,7,0,0,0
2022-03-06 22:00,17,6,11,0,0,0
2022-03-06 22:15,17,10,7,0,0,0
2022-03-06 22:30,10,5,5,0,0,0
2022-03-06 22:45,10,1,9,0,0,0
2022-03-06 23:00,9,8,1,0,0,0
2022-03-06 23:15,13,9,4,0,0,0
2022-03-06 23:30,4,3,1,0,0,0
2022-03-06 23:45,5,3,2,0,0,0
2022-03-07 00:00,4,2,2,0,0,0
2022-03-07 00:15,6,4,2,0,0,0
2022-03-07 00:30,4,4,0,0,0,0
2022-03-07 00:45,3,2,1,0,0,0
2022-03-07 01:00,6,4,2,0,0,0
2022-03-07 01:15,5,5,0,0,0,0
2022-03-07 01:30,1,1,0,0,0,0
2022-03-07 01:45,6,4,2,0,0,0
2022-03-07 02:00,4,4,0,0,0,0
2022-03-07 02:15,1,1,0,0,0,0
2022-03-07 02:30,5,5,0,0,0,0
2022-03-07 02:45,1,1,0,0,0,0
2022-03-07 03:00,6,6,0,0,0,0
2022-03-07 03:15,2,1,1,0,0,0
2022-03-07 03:30,1,1,0,0,0,0
2022-03-07 03:45,4,4,0,0,0,0
2022-03-07 04:00,0,0,0,0,0,0
2022-03-07 04:15,10,9,1,0,0,0
2022-03-07 04:30,2,2,0,0,0,0
2022-03-07 04:45,3,3,0,0,0,0
2022-03-07 05:00,2,1,1,0,0,0
2022-03-07 05:15,6,4,2,0,0,0
2022-03-07 05:30,19,9,10,0,0,0
2022-03-07 05:45,14,6,8,0,0,0
2022-03-07 06:00,9,5,4,0,0,0
2022-03-07 06:15,27,12,15,0,0,0
2022-03-07 06:30,31,17,14,0,0,0
2022-03-07 06:45,61,28,33,0,0,0
2022-03-07 07:00,83,24,59,0,0,0
2022-03-07 07:15,113,53,60,0,0,0
2022-03-07 07:30,270,198,72,0,0,0
2022-03-07 07:45,209,89,120,0,0,0
2022-03-07 08:00,128,52,76,0,0,0
2022-03-07 08:15,108,40,68,0,0,0
2022-03-07 08:30,115,47,68,0,0,0
2022-03-07 08:45,120,58,62,0,0,0
2022-03-07 09:00,78,34,44,0,0,0
2022-03-07 09:15,66,35,31,0,0,0
2022-03-07 09:30,65,24,41,0,0,0
2022-03-07 09:45,65,29,36,0,0,0
2022-03-07 10:00,44,26,18,0,0,0
2022-03-07 10:15,61,39,22,0,0,0
2022-03-07 10:30,48,24,24,0,0,0
2022-03-07 10:45,63,44,19,0,0,0
2022-03-07 11:00,55,30,25,0,0,0
2022-03-07 11:15,49,27,22,0,0,0
2022-03-07 11:30,61,30,31,0,0,0
2022-03-07 11:45,72,33,39,0,0,0
2022-03-07 12:00,72,37,35,0,0,0
2022-03-07 12:15,104,31,73,0,0,0
2022-03-07 12:30,70,19,51,0,0,0
2022-03-07 12:45,85,50,35,0,0,0
2022-03-07 13:00,141,44,97,0,0,0
2022-03-07 13:15,93,32,61,0,0,0
2022-03-07 13:30,97,48,49,0,0,0
2022-03-07 13:45,90,43,47,0,0,0
2022-03-07 14:00,120,45,75,0,0,0
2022-03-07 14:15,117,57,60,0,0,0
2022-03-07 14:30,81,48,33,0,0,0
2022-03-07 14:45,110,52,58,0,0,0
2022-03-07 15:00,103,58,45,0,0,0
2022-03-07 15:15,93,55,38,0,0,0
2022-03-07 15:30,140,68,72,0,0,0
2022-03-07 15:45,130,79,51,0,0,0
2022-03-07 16:00,122,63,59,0,0,0
2022-03-07 16:15,127,70,57,0,0,0
2022-03-07 16:30,157,74,83,0,0,0
2022-03-07 16:45,149,83,66,0,0,0
2022-03-07 17:00,121,65,56,0,0,0
2022-03-07 17:15,93,49,44,0,0,0
2022-03-07 17:30,97,44,53,0,0,0
2022-03-07 17:45,119,60,59,0,0,0
2022-03-07 18:00,113,52,61,0,0,0
2022-03-07 18:15,113,50,63,0,0,0
2022-03-07 18:30,78,38,40,0,0,0
2022-03-07 18:45,88,37,51,0,0,0
2022-03-07 19:00,63,29,34,0,0,0
2022-03-07 19:15,80,31,49,0,0,0
2022-03-07 19:30,38,14,24,0,0,0
2022-03-07 19:45,52,20,32,0,0,0
2022-03-07 20:00,51,13,38,0,0,0
2022-03-07 20:15,44,7,37,0,0,0
2022-03-07 20:30,28,3,25,0,0,0
2022-03-07 20:45,34,13,21,0,0,0
2022-03-07 21:00,22,18,4,0,0,0
2022-03-07 21:15,27,13,14,0,0,0
2022-03-07 21:30,18,11,7,0,0,0
2022-03-07 21:45,15,8,7,0,0,0
2022-03-07 22:00,27,17,10,0,0,0
2022-03-07 22:15,21,13,8,0,0,0
2022-03-07 22:30,12,5,7,0,0,0
2022-03-07 22:45,11,3,8,0,0,0
2022-03-07 23:00,8,6,2,0,0,0
2022-03-07 23:15,16,2,14,0,0,0
2022-03-07 23:30,14,13,1,0,0,0
2022-03-07 23:45,5,2,3,0,0,0
2022-03-08 00:00,7,6,1,0,0,0
2022-03-08 00:15,2,1,1,0,0,0
2022-03-08 00:30,1,1,0,0,0,0
2022-03-08 00:45,4,3,1,0,0,0
2022-03-08 01:00,7,3,4,0,0,0
2022-03-08 01:15,4,4,0,0,0,0
2022-03-08 01:30,0,0,0,0,0,0
2022-03-08 01:45,5,5,0,0,0,0
2022-03-08 02:00,2,2,0,0,0,0
2022-03-08 02:15,5,5,0,0,0,0
2022-03-08 02:30,1,1,0,0,0,0
2022-03-08 02:45,2,2,0,0,0,0
2022-03-08 03:00,8,7,1,0,0,0
2022-03-08 03:15,6,6,0,0,0,0
2022-03-08 03:30,6,6,0,0,0,0
2022-03-08 03:45,4,3,1,0,0,0
2022-03-08 04:00,7,7,0,0,0,0
2022-03-08 04:15,4,3,1,0,0,0
2022-03-08 04:30,4,4,0,0,0,0
2022-03-08 04:45,0,0,0,0,0,0
2022-03-08 05:00,0,0,0,0,0,0
2022-03-08 05:15,4,2,2,0,0,0
2022-03-08 05:30,20,13,7,0,0,0
2022-03-08 05:45,28,17,11,0,0,0
2022-03-08 06:00,17,7,10,0,0,0
2022-03-08 06:15,42,15,27,0,0,0
2022-03-08 06:30,38,19,19,0,0,0
2022-03-08 06:45,59,20,39,0,0,0
2022-03-08 07:00,75,28,47,0,0,0
2022-03-08 07:15,95,41,54,0,0,0
2022-03-08 07:30,262,180,82,0,0,0
2022-03-08 07:45,168,72,96,0,0,0
2022-03-08 08:00,112,36,76,0,0,0
2022-03-08 08:15,123,57,66,0,0,0
2022-03-08 08:30,130,70,60,0,0,0
2022-03-08 08:45,129,56,73,0,0,0
2022-03-08 09:00,76,39,37,0,0,0
2022-03-08 09:15,73,29,44,0,0,0
2022-03-08 09:30,86,43,43,0,0,0
2022-03-08 09:45,92,47,45,0,0,0
2022-03-08 10:00,59,38,21,0,0,0
2022-03-08 10:15,84,53,31,0,0,0
2022-03-08 10:30,47,32,15,0,0,0
2022-03-08 10:45,64,30,34,0,0,0
2022-03-08 11:00,48,17,31,0,0,0
2022-03-08 11:15,67,41,26,0,0,0
2022-03-08 11:30,46,22,24,0,0,0
2022-03-08 11:45,85,44,41,0,0,0
2022-03-08 12:00,79,36,43,0,0,0
2022-03-08 12:15,52,45,7,0,0,0
2022-03-08 12:30,44,40,4,0,0,0
2022-03-08 12:45,40,37,3,0,0,0
2022-03-08 13:00,36,21,15,0,0,0
2022-03-08 13:15,25,9,16,0,0,0
2022-03-08 13:30,5,3,2,0,0,0
2022-03-08 13:45,10,9,1,0,0,0
2022-03-08 14:00,6,4,2,0,0,0
2022-03-08 14:15,6,6,0,0,0,0
2022-03-08 14:30,2,2,0,0,0,0
2022-03-08 14:45,38,16,22,0,0,0
2022-03-08 15:00,112,54,58,0,0,0
2022-03-08 15:15,97,58,39,0,0,0
2022-03-08 15:30,119,48,71,0,0,0
2022-03-08 15:45,120,67,53,0,0,0
2022-03-08 16:00,123,83,40,0,0,0
2022-03-08 16:15,135,70,65,0,0,0
2022-03-08 16:30,108,65,43,0,0,0
2022-03-08 16:45,139,69,70,0,0,0
2022-03-08 17:00,132,59,73,0,0,0
2022-03-08 17:15,99,42,57,0,0,0
2022-03-08 17:30,127,66,61,0,0,0
2022-03-08 17:45,104,49,55,0,0,0
2022-03-08 18:00,111,45,66,0,0,0
2022-03-08 18:15,88,33,55,0,0,0
2022-03-08 18:30,75,25,50,0,0,0
2022-03-08 18:45,69,23,46,0,0,0
2022-03-08 19:00,51,24,27,0,0,0
2022-03-08 19:15,57,30,27,0,0,0
2022-03-08 19:30,58,16,42,0,0,0
2022-03-08 19:45,47,14,33,0,0,0
2022-03-08 20:00,29,9,20,0,0,0
2022-03-08 20:15,37,21,16,0,0,0
2022-03-08 20:30,25,6,19,0,0,0
2022-03-08 20:45,37,11,26,0,0,0
2022-03-08 21:00,35,19,16,0,0,0
2022-03-08 21:15,26,15,11,0,0,0
2022-03-08 21:30,24,7,17,0,0,0
2022-03-08 21:45,21,10,11,0,0,0
2022-03-08 22:00,21,10,11,0,0,0
2022-03-08 22:15,32,10,22,0,0,0
2022-03-08 22:30,20,8,12,0,0,0
2022-03-08 22:45,22,10,12,0,0,0
2022-03-08 23:00,11,7,4,0,0,0
2022-03-08 23:15,8,6,2,0,0,0
2022-03-08 23:30,16,8,8,0,0,0
2022-03-08 23:45,10,2,8,0,0,0
2022-03-09 00:00,3,2,1,0,0,0
2022-03-09 00:15,2,2,0,0,0,0
2022-03-09 00:30,6,3,3,0,0,0
2022-03-09 00:45,7,2,5,0,0,0
2022-03-09 01:00,5,1,4,0,0,0
2022-03-09 01:15,6,6,0,0,0,0
2022-03-09 01:30,4,2,2,0,0,0
2022-03-09 01:45,3,3,0,0,0,0
2022-03-09 02:00,2,2,0,0,0,0
2022-03-09 02:15,4,3,1,0,0,0
2022-03-09 02:30,7,7,0,0,0,0
2022-03-09 02:45,3,3,0,0,0,0
2022-03-09 03:00,8,8,0,0,0,0
2022-03-09 03:15,1,1,0,0,0,0
2022-03-09 03:30,4,4,0,0,0,0
2022-03-09 03:45,2,2,0,0,0,0
2022-03-09 04:00,6,4,2,0,0,0
2022-03-09 04:15,1,1,0,0,0,0
2022-03-09 04:30,3,3,0,0,0,0
2022-03-09 04:45,1,1,0,0,0,0
2022-03-09 05:00,3,3,0,0,0,0
2022-03-09 05:15,9,8,1,0,0,0
2022-03-09 05:30,24,13,11,0,0,0
2022-03-09 05:45,28,15,13,0,0,0
2022-03-09 06:00,11,5,6,0,0,0
2022-03-09 06:15,23,7,16,0,0,0
2022-03-09 06:30,33,16,17,0,0,0
2022-03-09 06:45,62,28,34,0,0,0
2022-03-09 07:00,77,27,50,0,0,0
2022-03-09 07:15,111,46,65,0,0,0
2022-03-09 07:30,269,190,79,0,0,0
2022-03-09 07:45,195,103,92,0,0,0
2022-03-09 08:00,149,43,106,0,0,0
2022-03-09 08:15,116,54,62,0,0,0
2022-03-09 08:30,118,60,58,0,0,0
2022-03-09 08:45,152,70,82,0,0,0
2022-03-09 09:00,107,64,43,0,0,0
2022-03-09 09:15,77,44,33,0,0,0
2022-03-09 09:30,96,58,38,0,0,0
2022-03-09 09:45,94,48,46,0,0,0
2022-03-09 10:00,79,46,33,0,0,0
2022-03-09 10:15,73,36,37,0,0,0
2022-03-09 10:30,89,41,48,0,0,0
2022-03-09 10:45,75,41,34,0,0,0
2022-03-09 11:00,89,43,46,0,0,0
2022-03-09 11:15,107,58,49,0,0,0
2022-03-09 11:30,95,48,47,0,0,0
2022-03-09 11:45,97,50,47,0,0,0
2022-03-09 12:00,110,46,64,0,0,0
2022-03-09 12:15,118,56,62,0,0,0
2022-03-09 12:30,106,37,69,0,0,0
2022-03-09 12:45,120,49,71,0,0,0
2022-03-09 13:00,159,40,119,0,0,0
2022-03-09 13:15,135,45,90,0,0,0
2022-03-09 13:30,128,52,76,0,0,0
2022-03-09 13:45,103,56,47,0,0,0
2022-03-09 14:00,134,56,78,0,0,0
2022-03-09 14:15,117,61,56,0,0,0
2022-03-09 14:30,122,51,71,0,0,0
2022-03-09 14:45,129,73,56,0,0,0
2022-03-09 15:00,123,62,61,0,0,0
2022-03-09 15:15,136,76,60,0,0,0
2022-03-09 15:30,136,58,78,0,0,0
2022-03-09 15:45,137,69,68,0,0,0
2022-03-09 16:00,129,68,61,0,0,0
2022-03-09 16:15,111,55,56,0,0,0
2022-03-09 16:30,116,51,65,0,0,0
2022-03-09 16:45,133,76,57,0,0,0
2022-03-09 17:00,112,50,62,0,0,0
2022-03-09 17:15,123,67,56,0,0,0
2022-03-09 17:30,99,49,50,0,0,0
2022-03-09 17:45,118,56,62,0,0,0
2022-03-09 18:00,108,39,69,0,0,0
2022-03-09 18:15,92,40,52,0,0,0
2022-03-09 18:30,66,24,42,0,0,0
2022-03-09 18:45,85,25,60,0,0,0
2022-03-09 19:00,49,23,26,0,0,0
2022-03-09 19:15,62,28,34,0,0,0
2022-03-09 19:30,39,15,24,0,0,0
2022-03-09 19:45,56,21,35,0,0,0
2022-03-09 20:00,42,21,21,0,0,0
2022-03-09 20:15,51,28,23,0,0,0
2022-03-09 20:30,30,12,18,0,0,0
2022-03-09 20:45,34,17,17,0,0,0
2022-03-09 21:00,40,23,17,0,0,0
2022-03-09 21:15,39,13,26,0,0,0
2022-03-09 21:30,19,6,13,0,0,0
2022-03-09 21:45,24,8,16,0,0,0
2022-03-09 22:00,17,8,9,0,0,0
2022-03-09 22:15,22,15,7,0,0,0
2022-03-09 22:30,29,14,15,0,0,0
2022-03-09 22:45,10,2,8,0,0,0
2022-03-09 23:00,18,7,11,0,0,0
2022-03-09 23:15,22,10,12,0,0,0
2022-03-09 23:30,17,4,13,0,0,0
2022-03-09 23:45,6,1,5,0,0,0
2022-03-10 00:00,8,5,3,0,0,0
2022-03-10 00:15,15,6,9,0,0,0
2022-03-10 00:30,1,0,1,0,0,0
2022-03-10 00:45,4,2,2,0,0,0
2022-03-10 01:00,7,3,4,0,0,0
2022-03-10 01:15,2,1,1,0,0,0
2022-03-10 01:30,2,1,1,0,0,0
2022-03-10 01:45,3,1,2,0,0,0
2022-03-10 02:00,2,2,0,0,0,0
2022-03-10 02:15,4,4,0,0,0,0
2022-03-10 02:30,4,4,0,0,0,0
2022-03-10 02:45,2,2,0,0,0,0
2022-03-10 03:00,4,4,0,0,0,0
2022-03-10 03:15,2,2,0,0,0,0
2022-03-10 03:30,5,5,0,0,0,0
2022-03-10 03:45,5,4,1,0,0,0
2022-03-10 04:00,3,2,1,0,0,0
2022-03-10 04:15,2,2,0,0,0,0
2022-03-10 04:30,5,4,1,0,0,0
2022-03-10 04:45,10,10,0,0,0,0
2022-03-10 05:00,1,1,0,0,0,0
2022-03-10 05:15,5,4,1,0,0,0
2022-03-10 05:30,11,5,6,0,0,0
2022-03-10 05:45,22,10,12,0,0,0
2022-03-10 06:00,12,9,3,0,0,0
2022-03-10 06:15,27,12,15,0,0,0
2022-03-10 06:30,39,18,21,0,0,0
2022-03-10 06:45,68,20,48,0,0,0
2022-03-10 07:00,77,37,40,0,0,0
2022-03-10 07:15,122,50,72,0,0,0
2022-03-10 07:30,273,199,74,0,0,0
2022-03-10 07:45,170,66,104,0,0,0
2022-03-10 08:00,122,37,85,0,0,0
2022-03-10 08:15,134,65,69,0,0,0
2022-03-10 08:30,128,80,48,0,0,0
2022-03-10 08:45,121,59,62,0,0,0
2022-03-10 09:00,69,35,34,0,0,0
2022-03-10 09:15,68,29,39,0,0,0
2022-03-10 09:30,88,63,25,0,0,0
2022-03-10 09:45,90,41,49,0,0,0
2022-03-10 10:00,45,27,18,0,0,0
2022-03-10 10:15,69,42,27,0,0,0
2022-03-10 10:30,56,26,30,0,0,0
2022-03-10 10:45,56,23,33,0,0,0
2022-03-10 11:00,86,47,39,0,0,0
2022-03-10 11:15,68,39,29,0,0,0
2022-03-10 11:30,58,28,30,0,0,0
2022-03-10 11:45,77,40,37,0,0,0
2022-03-10 12:00,84,35,49,0,0,0
2022-03-10 12:15,96,38,58,0,0,0
2022-03-10 12:30,98,41,57,0,0,0
2022-03-10 12:45,73,28,45,0,0,0
2022-03-10 13:00,121,36,85,0,0,0
2022-03-10 13:15,106,33,73,0,0,0
2022-03-10 13:30,82,42,40,0,0,0
2022-03-10 13:45,100,44,56,0,0,0
2022-03-10 14:00,144,49,95,0,0,0
2022-03-10 14:15,96,59,37,0,0,0
2022-03-10 14:30,109,55,54,0,0,0
2022-03-10 14:45,132,74,58,0,0,0
2022-03-10 15:00,126,65,61,0,0,0
2022-03-10 15:15,128,66,62,0,0,0
2022-03-10 15:30,106,53,53,0,0,0
2022-03-10 15:45,121,62,59,0,0,0
2022-03-10 16:00,134,77,57,0,0,0
2022-03-10 16:15,137,82,55,0,0,0
2022-03-10 16:30,120,78,42,0,0,0
2022-03-10 16:45,125,60,65,0,0,0
2022-03-10 17:00,116,57,59,0,0,0
2022-03-10 17:15,119,62,57,0,0,0
2022-03-10 17:30,106,57,49,0,0,0
2022-03-10 17:45,131,56,75,0,0,0
2022-03-10 18:00,92,33,59,0,0,0
2022-03-10 18:15,110,40,70,0,0,0
2022-03-10 18:30,76,31,45,0,0,0
2022-03-10 18:45,71,35,36,0,0,0
2022-03-10 19:00,62,27,35,0,0,0
2022-03-10 19:15,57,30,27,0,0,0
2022-03-10 19:30,50,22,28,0,0,0
2022-03-10 19:45,39,18,21,0,0,0
2022-03-10 20:00,48,19,29,0,0,0
2022-03-10 20:15,45,12,33,0,0,0
2022-03-10 20:30,23,8,15,0,0,0
2022-03-10 20:45,46,17,29,0,0,0
2022-03-10 21:00,32,8,24,0,0,0
2022-03-10 21:15,15,9,6,0,0,0
2022-03-10 21:30,18,5,13,0,0,0
2022-03-10 21:45,25,10,15,0,0,0
2022-03-10 22:00,21,11,10,0,0,0
2022-03-10 22:15,21,3,18,0,0,0
2022-03-10 22:30,17,7,10,0,0,0
2022-03-10 22:45,18,7,11,0,0,0
2022-03-10 23:00,15,7,8,0,0,0
2022-03-10 23:15,17,10,7,0,0,0
2022-03-10 23:30,11,7,4,0,0,0
2022-03-10 23:45,15,8,7,0,0,0
2022-03-11 00:00,17,10,7,0,0,0
2022-03-11 00:15,8,5,3,0,0,0
2022-03-11 00:30,16,11,5,0,0,0
2022-03-11 00:45,3,0,3,0,0,0
2022-03-11 01:00,5,5,0,0,0,0
2022-03-11 01:15,7,7,0,0,0,0
2022-03-11 01:30,7,5,2,0,0,0
2022-03-11 01:45,2,1,1,0,0,0
2022-03-11 02:00,5,4,1,0,0,0
2022-03-11 02:15,5,3,2,0,0,0
2022-03-11 02:30,2,2,0,0,0,0
2022-03-11 02:45,3,2,1,0,0,0
2022-03-11 03:00,6,5,1,0,0,0
2022-03-11 03:15,1,1,0,0,0,0
2022-03-11 03:30,1,0,1,0,0,0
2022-03-11 03:45,6,4,2,0,0,0
2022-03-11 04:00,2,1,1,0,0,0
2022-03-11 04:15,2,2,0,0,0,0
2022-03-11 04:30,3,3,0,0,0,0
2022-03-11 04:45,4,4,0,0,0,0
2022-03-11 05:00,2,2,0,0,0,0
2022-03-11 05:15,4,3,1,0,0,0
2022-03-11 05:30,12,3,9,0,0,0
2022-03-11 05:45,21,10,11,0,0,0
2022-03-11 06:00,12,7,5,0,0,0
2022-03-11 06:15,21,10,11,0,0,0
2022-03-11 06:30,28,12,16,0,0,0
2022-03-11 06:45,64,19,45,0,0,0
2022-03-11 07:00,63,24,39,0,0,0
2022-03-11 07:15,91,45,46,0,0,0
2022-03-11 07:30,262,173,89,0,0,0
2022-03-11 07:45,165,72,93,0,0,0
2022-03-11 08:00,111,32,79,0,0,0
2022-03-11 08:15,115,51,64,0,0,0
2022-03-11 08:30,102,52,50,0,0,0
2022-03-11 08:45,115,58,57,0,0,0
2022-03-11 09:00,70,37,33,0,0,0
2022-03-11 09:15,64,33,31,0,0,0
2022-03-11 09:30,79,44,35,0,0,0
2022-03-11 09:45,69,34,35,0,0,0
2022-03-11 10:00,64,34,30,0,0,0
2022-03-11 10:15,58,32,26,0,0,0
2022-03-11 10:30,53,32,21,0,0,0
2022-03-11 10:45,59,28,31,0,0,0
2022-03-11 11:00,80,36,44,0,0,0
2022-03-11 11:15,61,39,22,0,0,0
2022-03-11 11:30,57,31,26,0,0,0
2022-03-11 11:45,79,40,39,0,0,0
2022-03-11 12:00,99,61,38,0,0,0
2022-03-11 12:15,110,41,69,0,0,0
2022-03-11 12:30,104,46,58,0,0,0
2022-03-11 12:45,106,58,48,0,0,0
2022-03-11 13:00,121,49,72,0,0,0
2022-03-11 13:15,141,49,92,0,0,0
2022-03-11 13:30,93,36,57,0,0,0
2022-03-11 13:45,113,62,51,0,0,0
2022-03-11 14:00,130,41,89,0,0,0
2022-03-11 14:15,108,44,64,0,0,0
2022-03-11 14:30,96,41,55,0,0,0
2022-03-11 14:45,142,65,77,0,0,0
2022-03-11 15:00,122,62,60,0,0,0
2022-03-11 15:15,119,75,44,0,0,0
2022-03-11 15:30,110,69,41,0,0,0
2022-03-11 15:45,103,66,37,0,0,0
2022-03-11 16:00,95,57,38,0,0,0
2022-03-11 16:15,95,44,51,0,0,0
2022-03-11 16:30,82,52,30,0,0,0
2022-03-11 16:45,95,50,45,0,0,0
2022-03-11 17:00,81,42,39,0,0,0
2022-03-11 17:15,82,40,42,0,0,0
2022-03-11 17:30,72,33,39,0,0,0
2022-03-11 17:45,89,33,56,0,0,0
2022-03-11 18:00,69,26,43,0,0,0
2022-03-11 18:15,75,32,43,0,0,0
2022-03-11 18:30,50,14,36,0,0,0
2022-03-11 18:45,55,28,27,0,0,0
2022-03-11 19:00,68,31,37,0,0,0
2022-03-11 19:15,63,28,35,0,0,0
2022-03-11 19:30,56,21,35,0,0,0
2022-03-11 19:45,53,26,27,0,0,0
2022-03-11 20:00,60,24,36,0,0,0
2022-03-11 20:15,37,22,15,0,0,0
2022-03-11 20:30,26,9,17,0,0,0
2022-03-11 20:45,22,8,14,0,0,0
2022-03-11 21:00,16,9,7,0,0,0
2022-03-11 21:15,28,11,17,0,0,0
2022-03-11 21:30,24,4,20,0,0,0
2022-03-11 21:45,24,8,16,0,0,0
2022-03-11 22:00,39,19,20,0,0,0
2022-03-11 22:15,22,5,17,0,0,0
2022-03-11 22:30,23,11,12,0,0,0
2022-03-11 22:45,20,4,16,0,0,0
2022-03-11 23:00,25,3,22,0,0,0
2022-03-11 23:15,14,6,8,0,0,0
2022-03-11 23:30,14,4,10,0,0,0
2022-03-11 23:45,23,2,21,0,0,0
2022-03-12 00:00,7,2,5,0,0,0
2022-03-12 00:15,12,2,10,0,0,0
2022-03-12 00:30,7,1,6,0,0,0
2022-03-12 00:45,9,0,9,0,0,0
2022-03-12 01:00,9,3,6,0,0,0
2022-03-12 01:15,4,0,4,0,0,0
2022-03-12 01:30,5,3,2,0,0,0
2022-03-12 01:45,3,2,1,0,0,0
2022-03-12 02:00,5,0,5,0,0,0
2022-03-12 02:15,4,0,4,0,0,0
2022-03-12 02:30,5,4,1,0,0,0
2022-03-12 02:45,2,1,1,0,0,0
2022-03-12 03:00,5,3,2,0,0,0
2022-03-12 03:15,4,0,4,0,0,0
2022-03-12 03:30,1,0,1,0,0,0
2022-03-12 03:45,1,0,1,0,0,0
2022-03-12 04:00,6,1,5,0,0,0
2022-03-12 04:15,3,2,1,0,0,0
2022-03-12 04:30,10,9,1,0,0,0
2022-03-12 04:45,1,1,0,0,0,0
2022-03-12 05:00,8,6,2,0,0,0
2022-03-12 05:15,5,4,1,0,0,0
2022-03-12 05:30,5,2,3,0,0,0
2022-03-12 05:45,13,8,5,0,0,0
2022-03-12 06:00,36,33,3,0,0,0
2022-03-12 06:15,15,13,2,0,0,0
2022-03-12 06:30,8,8,0,0,0,0
2022-03-12 06:45,15,9,6,0,0,0
2022-03-12 07:00,18,17,1,0,0,0
2022-03-12 07:15,6,5,1,0,0,0
2022-03-12 07:30,14,5,9,0,0,0
2022-03-12 07:45,26,12,14,0,0,0
2022-03-12 08:00,29,23,6,0,0,0
2022-03-12 08:15,24,12,12,0,0,0
2022-03-12 08:30,35,20,15,0,0,0
2022-03-12 08:45,34,28,6,0,0,0
2022-03-12 09:00,47,41,6,0,0,0
2022-03-12 09:15,53,35,18,0,0,0
2022-03-12 09:30,59,35,24,0,0,0
2022-03-12 09:45,80,72,8,0,0,0
2022-03-12 10:00,68,51,17,0,0,0
2022-03-12 10:15,107,85,22,0,0,0
2022-03-12 10:30,77,42,35,0,0,0
2022-03-12 10:45,77,43,34,0,0,0
2022-03-12 11:00,83,58,25,0,0,0
2022-03-12 11:15,72,35,37,0,0,0
2022-03-12 11:30,107,62,45,0,0,0
2022-03-12 11:45,103,57,46,0,0,0
2022-03-12 12:00,106,61,45,0,0,0
2022-03-12 12:15,98,58,40,0,0,0
2022-03-12 12:30,102,39,63,0,0,0
2022-03-12 12:45,101,46,55,0,0,0
2022-03-12 13:00,96,36,60,0,0,0
2022-03-12 13:15,93,39,54,0,0,0
2022-03-12 13:30,69,28,41,0,0,0
2022-03-12 13:45,107,51,56,0,0,0
2022-03-12 14:00,89,32,57,0,0,0
2022-03-12 14:15,95,50,45,0,0,0
2022-03-12 14:30,86,36,50,0,0,0
2022-03-12 14:45,76,28,48,0,0,0
2022-03-12 15:00,85,34,51,0,0,0
2022-03-12 15:15,93,39,54,0,0,0
2022-03-12 15:30,101,54,47,0,0,0
2022-03-12 15:45,79,29,50,0,0,0
2022-03-12 16:00,75,35,40,0,0,0
2022-03-12 16:15,87,32,55,0,0,0
2022-03-12 16:30,62,30,32,0,0,0
2022-03-12 16:45,81,45,36,0,0,0
2022-03-12 17:00,54,25,29,0,0,0
2022-03-12 17:15,64,29,35,0,0,0
2022-03-12 17:30,55,22,33,0,0,0
2022-03-12 17:45,68,32,36,0,0,0
2022-03-12 18:00,67,20,47,0,0,0
2022-03-12 18:15,54,25,29,0,0,0
2022-03-12 18:30,37,16,21,0,0,0
2022-03-12 18:45,50,29,21,0,0,0
2022-03-12 19:00,40,15,25,0,0,0
2022-03-12 19:15,33,12,21,0,0,0
2022-03-12 19:30,30,8,22,0,0,0
2022-03-12 19:45,37,21,16,0,0,0
2022-03-12 20:00,49,17,32,0,0,0
2022-03-12 20:15,22,10,12,0,0,0
2022-03-12 20:30,12,11,1,0,0,0
2022-03-12 20:45,30,11,19,0,0,0
2022-03-12 21:00,17,6,11,0,0,0
2022-03-12 21:15,19,9,10,0,0,0
2022-03-12 21:30,23,2,21,0,0,0
2022-03-12 21:45,8,2,6,0,0,0
2022-03-12 22:00,20,3,17,0,0,0
2022-03-12 22:15,16,2,14,0,0,0
2022-03-12 22:30,20,8,12,0,0,0
2022-03-12 22:45,10,4,6,0,0,0
2022-03-12 23:00,15,6,9,0,0,0
2022-03-12 23:15,26,5,21,0,0,0
2022-03-12 23:30,13,1,12,0,0,0
2022-03-12 23:45,9,0,9,0,0,0
2022-03-13 00:00,11,1,10,0,0,0
2022-03-13 00:15,8,4,4,0,0,0
2022-03-13 00:30,9,5,4,0,0,0
2022-03-13 00:45,18,2,16,0,0,0
2022-03-13 01:00,8,1,7,0,0,0
2022-03-13 01:15,9,2,7,0,0,0
2022-03-13 01:30,8,5,3,0,0,0
2022-03-13 01:45,7,0,7,0,0,0
2022-03-13 02:00,5,1,4,0,0,0
2022-03-13 02:15,8,3,5,0,0,0
2022-03-13 02:30,2,0,2,0,0,0
2022-03-13 02:45,9,1,8,0,0,0
2022-03-13 03:00,5,2,3,0,0,0
2022-03-13 03:15,3,0,3,0,0,0
2022-03-13 03:30,3,1,2,0,0,0
2022-03-13 03:45,5,2,3,0,0,0
2022-03-13 04:00,2,0,2,0,0,0
2022-03-13 04:15,2,0,2,0,0,0
2022-03-13 04:30,3,0,3,0,0,0
2022-03-13 04:45,3,0,3,0,0,0
2022-03-13 05:00,3,0,3,0,0,0
2022-03-13 05:15,3,1,2,0,0,0
2022-03-13 05:30,4,0,4,0,0,0
2022-03-13 05:45,9,2,7,0,0,0
2022-03-13 06:00,5,2,3,0,0,0
2022-03-13 06:15,3,1,2,0,0,0
2022-03-13 06:30,2,2,0,0,0,0
2022-03-13 06:45,6,3,3,0,0,0
2022-03-13 07:00,2,0,2,0,0,0
2022-03-13 07:15,3,2,1,0,0,0
2022-03-13 07:30,12,6,6,0,0,0
2022-03-13 07:45,3,3,0,0,0,0
2022-03-13 08:00,8,1,7,0,0,0
2022-03-13 08:15,14,6,8,0,0,0
2022-03-13 08:30,9,7,2,0,0,0
2022-03-13 08:45,11,3,8,0,0,0
2022-03-13 09:00,14,11,3,0,0,0
2022-03-13 09:15,13,8,5,0,0,0
2022-03-13 09:30,42,17,25,0,0,0
2022-03-13 09:45,30,22,8,0,0,0
2022-03-13 10:00,39,25,14,0,0,0
2022-03-13 10:15,28,18,10,0,0,0
2022-03-13 10:30,41,25,16,0,0,0
2022-03-13 10:45,29,13,16,0,0,0
2022-03-13 11:00,44,29,15,0,0,0
2022-03-13 11:15,35,19,16,0,0,0
2022-03-13 11:30,29,16,13,0,0,0
2022-03-13 11:45,49,25,24,0,0,0
2022-03-13 12:00,50,24,26,0,0,0
2022-03-13 12:15,39,25,14,0,0,0
2022-03-13 12:30,54,13,41,0,0,0
2022-03-13 12:45,69,19,50,0,0,0
2022-03-13 13:00,58,26,32,0,0,0
2022-03-13 13:15,39,17,22,0,0,0
2022-03-13 13:30,53,26,27,0,0,0
2022-03-13 13:45,77,37,40,0,0,0
2022-03-13 14:00,59,29,30,0,0,0
2022-03-13 14:15,80,47,33,0,0,0
2022-03-13 14:30,66,28,38,0,0,0
2022-03-13 14:45,88,42,46,0,0,0
2022-03-13 15:00,90,42,48,0,0,0
2022-03-13 15:15,77,43,34,0,0,0
2022-03-13 15:30,90,37,53,0,0,0
2022-03-13 15:45,39,14,25,0,0,0
2022-03-13 16:00,60,31,29,0,0,0
2022-03-13 16:15,55,19,36,0,0,0
2022-03-13 16:30,77,30,47,0,0,0
2022-03-13 16:45,63,16,47,0,0,0
2022-03-13 17:00,57,14,43,0,0,0
2022-03-13 17:15,50,22,28,0,0,0
2022-03-13 17:30,47,15,32,0,0,0
2022-03-13 17:45,69,34,35,0,0,0
2022-03-13 18:00,45,24,21,0,0,0
2022-03-13 18:15,59,23,36,0,0,0
2022-03-13 18:30,48,23,25,0,0,0
2022-03-13 18:45,30,16,14,0,0,0
2022-03-13 19:00,35,6,29,0,0,0
2022-03-13 19:15,30,9,21,0,0,0
2022-03-13 19:30,19,5,14,0,0,0
2022-03-13 19:45,25,12,13,0,0,0
2022-03-13 20:00,32,11,21,0,0,0
2022-03-13 20:15,17,8,9,0,0,0
2022-03-13 20:30,11,3,8,0,0,0
2022-03-13 20:45,7,4,3,0,0,0
2022-03-13 21:00,5,2,3,0,0,0
2022-03-13 21:15,14,4,10,0,0,0
2022-03-13 21:30,9,5,4,0,0,0
2022-03-13 21:45,12,2,10,0,0,0
2022-03-13 22:00,5,0,5,0,0,0
2022-03-13 22:15,10,3,7,0,0,0
2022-03-13 22:30,11,5,6,0,0,0
2022-03-13 22:45,7,4,3,0,0,0
2022-03-13 23:00,5,2,3,0,0,0
2022-03-13 23:15,7,2,5,0,0,0
2022-03-13 23:30,1,0,1,0,0,0
2022-03-13 23:45,3,0,3,0,0,0
2022-03-14 00:00,2,0,2,0,0,0
2022-03-14 00:15,2,1,1,0,0,0
2022-03-14 00:30,1,0,1,0,0,0
2022-03-14 00:45,1,1,0,0,0,0
2022-03-14 01:00,2,0,2,0,0,0
2022-03-14 01:15,1,1,0,0,0,0
2022-03-14 01:30,2,2,0,0,0,0
2022-03-14 01:45,0,0,0,0,0,0
2022-03-14 02:00,0,0,0,0,0,0
2022-03-14 02:15,2,2,0,0,0,0
2022-03-14 02:30,0,0,0,0,0,0
2022-03-14 02:45,0,0,0,0,0,0
2022-03-14 03:00,0,0,0,0,0,0
2022-03-14 03:15,0,0,0,0,0,0
2022-03-14 03:30,2,0,2,0,0,0
2022-03-14 03:45,2,2,0,0,0,0
2022-03-14 04:00,1,1,0,0,0,0
2022-03-14 04:15,3,0,3,0,0,0
2022-03-14 04:30,1,1,0,0,0,0
2022-03-14 04:45,0,0,0,0,0,0
2022-03-14 05:00,0,0,0,0,0,0
2022-03-14 05:15,2,0,2,0,0,0
2022-03-14 05:30,13,0,13,0,0,0
2022-03-14 05:45,10,4,6,0,0,0
2022-03-14 06:00,7,4,3,0,0,0
2022-03-14 06:15,11,3,8,0,0,0
2022-03-14 06:30,22,6,16,0,0,0
2022-03-14 06:45,45,14,31,0,0,0
2022-03-14 07:00,55,15,40,0,0,0
2022-03-14 07:15,72,24,48,0,0,0
2022-03-14 07:30,204,128,76,0,0,0
2022-03-14 07:45,119,55,64,0,0,0
2022-03-14 08:00,94,37,57,0,0,0
2022-03-14 08:15,58,20,38,0,0,0
2022-03-14 08:30,73,38,35,0,0,0
2022-03-14 08:45,76,34,42,0,0,0
2022-03-14 09:00,59,28,31,0,0,0
2022-03-14 09:15,41,21,20,0,0,0
2022-03-14 09:30,49,23,26,0,0,0
2022-03-14 09:45,40,27,13,0,0,0
2022-03-14 10:00,45,17,28,0,0,0
2022-03-14 10:15,37,24,13,0,0,0
2022-03-14 10:30,39,26,13,0,0,0
2022-03-14 10:45,40,19,21,0,0,0
2022-03-14 11:00,43,25,18,0,0,0
2022-03-14 11:15,52,35,17,0,0,0
2022-03-14 11:30,47,22,25,0,0,0
2022-03-14 11:45,51,27,24,0,0,0
2022-03-14 12:00,59,29,30,0,0,0
2022-03-14 12:15,73,23,50,0,0,0
2022-03-14 12:30,71,31,40,0,0,0
2022-03-14 12:45,56,23,33,0,0,0
2022-03-14 13:00,102,30,72,0,0,0
2022-03-14 13:15,68,25,43,0,0,0
2022-03-14 13:30,58,28,30,0,0,0
2022-03-14 13:45,72,39,33,0,0,0
2022-03-14 14:00,103,37,66,0,0,0
2022-03-14 14:15,71,34,37,0,0,0
2022-03-14 14:30,83,41,42,0,0,0
2022-03-14 14:45,87,39,48,0,0,0
2022-03-14 15:00,83,44,39,0,0,0
2022-03-14 15:15,88,46,42,0,0,0
2022-03-14 15:30,104,50,54,0,0,0
2022-03-14 15:45,98,55,43,0,0,0
2022-03-14 16:00,105,56,49,0,0,0
2022-03-14 16:15,79,27,52,0,0,0
2022-03-14 16:30,86,44,42,0,0,0
2022-03-14 16:45,79,44,35,0,0,0
2022-03-14 17:00,96,51,45,0,0,0
2022-03-14 17:15,76,43,33,0,0,0
2022-03-14 17:30,94,55,39,0,0,0
2022-03-14 17:45,93,53,40,0,0,0
2022-03-14 18:00,103,47,56,0,0,0
2022-03-14 18:15,83,33,50,0,0,0
2022-03-14 18:30,53,17,36,0,0,0
2022-03-14 18:45,59,17,42,0,0,0
2022-03-14 19:00,50,16,34,0,0,0
2022-03-14 19:15,66,27,39,0,0,0
2022-03-14 19:30,39,16,23,0,0,0
2022-03-14 19:45,49,23,26,0,0,0
2022-03-14 20:00,47,16,31,0,0,0
2022-03-14 20:15,36,7,29,0,0,0
2022-03-14 20:30,23,3,20,0,0,0
2022-03-14 20:45,21,6,15,0,0,0
2022-03-14 21:00,25,12,13,0,0,0
2022-03-14 21:15,24,9,15,0,0,0
2022-03-14 21:30,28,8,20,0,0,0
2022-03-14 21:45,13,3,10,0,0,0
2022-03-14 22:00,14,5,9,0,0,0
2022-03-14 22:15,12,6,6,0,0,0
2022-03-14 22:30,14,7,7,0,0,0
2022-03-14 22:45,10,3,7,0,0,0
2022-03-14 23:00,9,1,8,0,0,0
2022-03-14 23:15,8,6,2,0,0,0
2022-03-14 23:30,0,0,0,0,0,0
2022-03-14 23:45,3,0,3,0,0,0
2022-03-15 00:00,2,0,2,0,0,0
2022-03-15 00:15,1,0,1,0,0,0
2022-03-15 00:30,1,0,1,0,0,0
2022-03-15 00:45,2,0,2,0,0,0
2022-03-15 01:00,1,0,1,0,0,0
2022-03-15 01:15,2,1,1,0,0,0
2022-03-15 01:30,0,0,0,0,0,0
2022-03-15 01:45,0,0,0,0,0,0
2022-03-15 02:00,2,1,1,0,0,0
2022-03-15 02:15,1,0,1,0,0,0
2022-03-15 02:30,0,0,0,0,0,0
2022-03-15 02:45,2,0,2,0,0,0
2022-03-15 03:00,0,0,0,0,0,0
2022-03-15 03:15,0,0,0,0,0,0
2022-03-15 03:30,1,0,1,0,0,0
2022-03-15 03:45,0,0,0,0,0,0
2022-03-15 04:00,1,0,1,0,0,0
2022-03-15 04:15,0,0,0,0,0,0
2022-03-15 04:30,0,0,0,0,0,0
2022-03-15 04:45,0,0,0,0,0,0
2022-03-15 05:00,1,0,1,0,0,0
2022-03-15 05:15,4,1,3,0,0,0
2022-03-15 05:30,5,0,5,0,0,0
2022-03-15 05:45,16,6,10,0,0,0
2022-03-15 06:00,8,4,4,0,0,0
2022-03-15 06:15,16,6,10,0,0,0
2022-03-15 06:30,30,11,19,0,0,0
2022-03-15 06:45,66,23,43,0,0,0
2022-03-15 07:00,69,21,48,0,0,0
2022-03-15 07:15,114,51,63,0,0,0
2022-03-15 07:30,247,178,69,0,0,0
2022-03-15 07:45,150,66,84,0,0,0
2022-03-15 08:00,122,50,72,0,0,0
2022-03-15 08:15,97,37,60,0,0,0
2022-03-15 08:30,114,63,51,0,0,0
2022-03-15 08:45,121,50,71,0,0,0
2022-03-15 09:00,65,29,36,0,0,0
2022-03-15 09:15,62,28,34,0,0,0
2022-03-15 09:30,63,39,24,0,0,0
2022-03-15 09:45,65,26,39,0,0,0
2022-03-15 10:00,53,28,25,0,0,0
2022-03-15 10:15,64,38,26,0,0,0
2022-03-15 10:30,63,37,26,0,0,0
2022-03-15 10:45,72,31,41,0,0,0
2022-03-15 11:00,46,27,19,0,0,0
2022-03-15 11:15,76,49,27,0,0,0
2022-03-15 11:30,52,26,26,0,0,0
2022-03-15 11:45,63,29,34,0,0,0
2022-03-15 12:00,64,24,40,0,0,0
2022-03-15 12:15,88,36,52,0,0,0
2022-03-15 12:30,94,36,58,0,0,0
2022-03-15 12:45,68,35,33,0,0,0
2022-03-15 13:00,112,43,69,0,0,0
2022-03-15 13:15,133,42,91,0,0,0
2022-03-15 13:30,77,31,46,0,0,0
2022-03-15 13:45,106,62,44,0,0,0
2022-03-15 14:00,111,43,68,0,0,0
2022-03-15 14:15,86,41,45,0,0,0
2022-03-15 14:30,82,34,48,0,0,0
2022-03-15 14:45,110,58,52,0,0,0
2022-03-15 15:00,106,56,50,0,0,0
2022-03-15 15:15,94,51,43,0,0,0
2022-03-15 15:30,98,53,45,0,0,0
2022-03-15 15:45,120,87,33,0,0,0
2022-03-15 16:00,136,71,65,0,0,0
2022-03-15 16:15,141,81,60,0,0,0
2022-03-15 16:30,110,68,42,0,0,0
2022-03-15 16:45,98,52,46,0,0,0
2022-03-15 17:00,112,57,55,0,0,0
2022-03-15 17:15,132,58,74,0,0,0
2022-03-15 17:30,94,46,48,0,0,0
2022-03-15 17:45,91,40,51,0,0,0
2022-03-15 18:00,80,28,52,0,0,0
2022-03-15 18:15,87,29,58,0,0,0
2022-03-15 18:30,78,32,46,0,0,0
2022-03-15 18:45,66,20,46,0,0,0
2022-03-15 19:00,50,21,29,0,0,0
2022-03-15 19:15,44,14,30,0,0,0
2022-03-15 19:30,45,11,34,0,0,0
2022-03-15 19:45,48,23,25,0,0,0
2022-03-15 20:00,37,9,28,0,0,0
2022-03-15 20:15,22,10,12,0,0,0
2022-03-15 20:30,23,7,16,0,0,0
2022-03-15 20:45,20,9,11,0,0,0
2022-03-15 21:00,24,18,6,0,0,0
2022-03-15 21:15,15,6,9,0,0,0
2022-03-15 21:30,21,7,14,0,0,0
2022-03-15 21:45,27,7,20,0,0,0
2022-03-15 22:00,34,13,21,0,0,0
2022-03-15 22:15,9,2,7,0,0,0
2022-03-15 22:30,18,5,13,0,0,0
2022-03-15 22:45,13,4,9,0,0,0
2022-03-15 23:00,12,1,11,0,0,0
2022-03-15 23:15,6,2,4,0,0,0
2022-03-15 23:30,2,1,1,0,0,0
2022-03-15 23:45,4,2,2,0,0,0
2022-03-16 00:00,3,3,0,0,0,0
2022-03-16 00:15,1,1,0,0,0,0
2022-03-16 00:30,2,1,1,0,0,0
2022-03-16 00:45,3,3,0,0,0,0
2022-03-16 01:00,1,0,1,0,0,0
2022-03-16 01:15,0,0,0,0,0,0
2022-03-16 01:30,0,0,0,0,0,0
2022-03-16 01:45,0,0,0,0,0,0
2022-03-16 02:00,1,0,1,0,0,0
2022-03-16 02:15,3,1,2,0,0,0
2022-03-16 02:30,1,1,0,0,0,0
2022-03-16 02:45,0,0,0,0,0,0
2022-03-16 03:00,2,0,2,0,0,0
2022-03-16 03:15,0,0,0,0,0,0
2022-03-16 03:30,0,0,0,0,0,0
2022-03-16 03:45,0,0,0,0,0,0
2022-03-16 04:00,0,0,0,0,0,0
2022-03-16 04:15,3,0,3,0,0,0
2022-03-16 04:30,0,0,0,0,0,0
2022-03-16 04:45,1,0,1,0,0,0
2022-03-16 05:00,0,0,0,0,0,0
2022-03-16 05:15,10,0,10,0,0,0
2022-03-16 05:30,12,2,10,0,0,0
2022-03-16 05:45,15,5,10,0,0,0
2022-03-16 06:00,23,10,13,0,0,0
2022-03-16 06:15,34,12,22,0,0,0
2022-03-16 06:30,31,11,20,0,0,0
2022-03-16 06:45,63,29,34,0,0,0
2022-03-16 07:00,80,27,53,0,0,0
2022-03-16 07:15,109,49,60,0,0,0
2022-03-16 07:30,241,175,66,0,0,0
2022-03-16 07:45,183,84,99,0,0,0
2022-03-16 08:00,150,50,100,0,0,0
2022-03-16 08:15,127,55,72,0,0,0
2022-03-16 08:30,111,56,55,0,0,0
2022-03-16 08:45,116,62,54,0,0,0
2022-03-16 09:00,87,30,57,0,0,0
2022-03-16 09:15,102,64,38,0,0,0
2022-03-16 09:30,76,48,28,0,0,0
2022-03-16 09:45,87,50,37,0,0,0
2022-03-16 10:00,68,29,39,0,0,0
2022-03-16 10:15,67,43,24,0,0,0
2022-03-16 10:30,81,40,41,0,0,0
2022-03-16 10:45,80,37,43,0,0,0
2022-03-16 11:00,94,45,49,0,0,0
2022-03-16 11:15,95,49,46,0,0,0
2022-03-16 11:30,99,46,53,0,0,0
2022-03-16 11:45,94,49,45,0,0,0
2022-03-16 12:00,109,45,64,0,0,0
2022-03-16 12:15,98,46,52,0,0,0
2022-03-16 12:30,113,51,62,0,0,0
2022-03-16 12:45,121,61,60,0,0,0
2022-03-16 13:00,138,46,92,0,0,0
2022-03-16 13:15,148,53,95,0,0,0
2022-03-16 13:30,100,47,53,0,0,0
2022-03-16 13:45,109,50,59,0,0,0
2022-03-16 14:00,127,47,80,0,0,0
2022-03-16 14:15,110,51,59,0,0,0
2022-03-16 14:30,115,45,70,0,0,0
2022-03-16 14:45,113,51,62,0,0,0
2022-03-16 15:00,108,55,53,0,0,0
2022-03-16 15:15,122,67,55,0,0,0
2022-03-16 15:30,100,52,48,0,0,0
2022-03-16 15:45,130,52,78,0,0,0
2022-03-16 16:00,123,55,68,0,0,0
2022-03-16 16:15,136,76,60,0,0,0
2022-03-16 16:30,132,68,64,0,0,0
2022-03-16 16:45,151,86,65,0,0,0
2022-03-16 17:00,113,68,45,0,0,0
2022-03-16 17:15,123,53,70,0,0,0
2022-03-16 17:30,125,57,68,0,0,0
2022-03-16 17:45,123,64,59,0,0,0
2022-03-16 18:00,109,55,54,0,0,0
2022-03-16 18:15,101,41,60,0,0,0
2022-03-16 18:30,97,39,58,0,0,0
2022-03-16 18:45,97,51,46,0,0,0
2022-03-16 19:00,74,31,43,0,0,0
2022-03-16 19:15,59,29,30,0,0,0
2022-03-16 19:30,45,28,17,0,0,0
2022-03-16 19:45,54,25,29,0,0,0
2022-03-16 20:00,45,17,28,0,0,0
2022-03-16 20:15,28,7,21,0,0,0
2022-03-16 20:30,36,21,15,0,0,0
2022-03-16 20:45,35,16,19,0,0,0
2022-03-16 21:00,20,11,9,0,0,0
2022-03-16 21:15,27,11,16,0,0,0
2022-03-16 21:30,22,7,15,0,0,0
2022-03-16 21:45,13,5,8,0,0,0
2022-03-16 22:00,18,2,16,0,0,0
2022-03-16 22:15,15,1,14,0,0,0
2022-03-16 22:30,18,6,12,0,0,0
2022-03-16 22:45,21,6,15,0,0,0
2022-03-16 23:00,14,2,12,0,0,0
2022-03-16 23:15,19,7,12,0,0,0
2022-03-16 23:30,10,2,8,0,0,0
2022-03-16 23:45,9,1,8,0,0,0
2022-03-17 00:00,4,1,3,0,0,0
2022-03-17 00:15,8,3,5,0,0,0
2022-03-17 00:30,4,0,4,0,0,0
2022-03-17 00:45,3,1,2,0,0,0
2022-03-17 01:00,1,0,1,0,0,0
2022-03-17 01:15,3,1,2,0,0,0
2022-03-17 01:30,3,3,0,0,0,0
2022-03-17 01:45,0,0,0,0,0,0
2022-03-17 02:00,2,0,2,0,0,0
2022-03-17 02:15,1,1,0,0,0,0
2022-03-17 02:30,2,0,2,0,0,0
2022-03-17 02:45,1,0,1,0,0,0
2022-03-17 03:00,0,0,0,0,0,0
2022-03-17 03:15,2,0,2,0,0,0
2022-03-17 03:30,1,0,1,0,0,0
2022-03-17 03:45,0,0,0,0,0,0
2022-03-17 04:00,3,0,3,0,0,0
2022-03-17 04:15,2,0,2,0,0,0
2022-03-17 04:30,0,0,0,0,0,0
2022-03-17 04:45,2,1,1,0,0,0
2022-03-17 05:00,1,0,1,0,0,0
2022-03-17 05:15,4,1,3,0,0,0
2022-03-17 05:30,10,3,7,0,0,0
2022-03-17 05:45,15,7,8,0,0,0
2022-03-17 06:00,4,2,2,0,0,0
2022-03-17 06:15,22,6,16,0,0,0
2022-03-17 06:30,30,13,17,0,0,0
2022-03-17 06:45,43,13,30,0,0,0
2022-03-17 07:00,65,21,44,0,0,0
2022-03-17 07:15,92,36,56,0,0,0
2022-03-17 07:30,242,164,78,0,0,0
2022-03-17 07:45,158,78,80,0,0,0
2022-03-17 08:00,115,44,71,0,0,0
2022-03-17 08:15,90,43,47,0,0,0
2022-03-17 08:30,84,39,45,0,0,0
2022-03-17 08:45,102,58,44,0,0,0
2022-03-17 09:00,71,36,35,0,0,0
2022-03-17 09:15,46,30,16,0,0,0
2022-03-17 09:30,47,25,22,0,0,0
2022-03-17 09:45,65,42,23,0,0,0
2022-03-17 10:00,41,20,21,0,0,0
2022-03-17 10:15,42,20,22,0,0,0
2022-03-17 10:30,49,28,21,0,0,0
2022-03-17 10:45,50,30,20,0,0,0
2022-03-17 11:00,43,22,21,0,0,0
2022-03-17 11:15,59,24,35,0,0,0
2022-03-17 11:30,48,24,24,0,0,0
2022-03-17 11:45,62,27,35,0,0,0
2022-03-17 12:00,62,28,34,0,0,0
2022-03-17 12:15,73,26,47,0,0,0
2022-03-17 12:30,81,29,52,0,0,0
2022-03-17 12:45,88,43,45,0,0,0
2022-03-17 13:00,96,23,73,0,0,0
2022-03-17 13:15,67,22,45,0,0,0
2022-03-17 13:30,71,36,35,0,0,0
2022-03-17 13:45,89,46,43,0,0,0
2022-03-17 14:00,118,40,78,0,0,0
2022-03-17 14:15,78,40,38,0,0,0
2022-03-17 14:30,74,30,44,0,0,0
2022-03-17 14:45,110,71,39,0,0,0
2022-03-17 15:00,94,48,46,0,0,0
2022-03-17 15:15,88,54,34,0,0,0
2022-03-17 15:30,105,57,48,0,0,0
2022-03-17 15:45,99,48,51,0,0,0
2022-03-17 16:00,115,68,47,0,0,0
2022-03-17 16:15,95,38,57,0,0,0
2022-03-17 16:30,96,57,39,0,0,0
2022-03-17 16:45,109,50,59,0,0,0
2022-03-17 17:00,106,52,54,0,0,0
2022-03-17 17:15,91,46,45,0,0,0
2022-03-17 17:30,102,59,43,0,0,0
2022-03-17 17:45,89,41,48,0,0,0
2022-03-17 18:00,80,36,44,0,0,0
2022-03-17 18:15,94,33,61,0,0,0
2022-03-17 18:30,68,30,38,0,0,0
2022-03-17 18:45,79,43,36,0,0,0
2022-03-17 19:00,61,36,25,0,0,0
2022-03-17 19:15,59,29,30,0,0,0
2022-03-17 19:30,42,14,28,0,0,0
2022-03-17 19:45,39,13,26,0,0,0
2022-03-17 20:00,41,7,34,0,0,0
2022-03-17 20:15,37,8,29,0,0,0
2022-03-17 20:30,17,5,12,0,0,0
2022-03-17 20:45,34,8,26,0,0,0
2022-03-17 21:00,26,13,13,0,0,0
2022-03-17 21:15,15,6,9,0,0,0
2022-03-17 21:30,27,9,18,0,0,0
2022-03-17 21:45,19,7,12,0,0,0
2022-03-17 22:00,13,5,8,0,0,0
2022-03-17 22:15,32,4,28,0,0,0
2022-03-17 22:30,21,5,16,0,0,0
2022-03-17 22:45,22,1,21,0,0,0
2022-03-17 23:00,19,3,16,0,0,0
2022-03-17 23:15,19,7,12,0,0,0
2022-03-17 23:30,12,4,8,0,0,0
2022-03-17 23:45,13,4,9,0,0,0
2022-03-18 00:00,12,6,6,0,0,0
2022-03-18 00:15,6,0,6,0,0,0
2022-03-18 00:30,2,0,2,0,0,0
2022-03-18 00:45,4,2,2,0,0,0
2022-03-18 01:00,1,0,1,0,0,0
2022-03-18 01:15,5,2,3,0,0,0
2022-03-18 01:30,1,1,0,0,0,0
2022-03-18 01:45,5,1,4,0,0,0
2022-03-18 02:00,0,0,0,0,0,0
2022-03-18 02:15,1,0,1,0,0,0
2022-03-18 02:30,5,1,4,0,0,0
2022-03-18 02:45,0,0,0,0,0,0
2022-03-18 03:00,0,0,0,0,0,0
2022-03-18 03:15,0,0,0,0,0,0
2022-03-18 03:30,1,0,1,0,0,0
2022-03-18 03:45,0,0,0,0,0,0
2022-03-18 04:00,3,0,3,0,0,0
2022-03-18 04:15,0,0,0,0,0,0
2022-03-18 04:30,0,0,0,0,0,0
2022-03-18 04:45,0,0,0,0,0,0
2022-03-18 05:00,1,0,1,0,0,0
2022-03-18 05:15,3,1,2,0,0,0
2022-03-18 05:30,8,0,8,0,0,0
2022-03-18 05:45,13,5,8,0,0,0
2022-03-18 06:00,14,6,8,0,0,0
2022-03-18 06:15,31,13,18,0,0,0
2022-03-18 06:30,30,14,16,0,0,0
2022-03-18 06:45,45,12,33,0,0,0
2022-03-18 07:00,73,36,37,0,0,0
2022-03-18 07:15,71,29,42,0,0,0
2022-03-18 07:30,249,182,67,0,0,0
2022-03-18 07:45,157,63,94,0,0,0
2022-03-18 08:00,110,36,74,0,0,0
2022-03-18 08:15,96,43,53,0,0,0
2022-03-18 08:30,105,63,42,0,0,0
2022-03-18 08:45,107,41,66,0,0,0
2022-03-18 09:00,80,44,36,0,0,0
2022-03-18 09:15,91,55,36,0,0,0
2022-03-18 09:30,71,43,28,0,0,0
2022-03-18 09:45,59,28,31,0,0,0
2022-03-18 10:00,55,20,35,0,0,0
2022-03-18 10:15,60,35,25,0,0,0
2022-03-18 10:30,68,34,34,0,0,0
2022-03-18 10:45,58,32,26,0,0,0
2022-03-18 11:00,68,42,26,0,0,0
2022-03-18 11:15,67,31,36,0,0,0
2022-03-18 11:30,55,26,29,0,0,0
2022-03-18 11:45,69,35,34,0,0,0
2022-03-18 12:00,68,36,32,0,0,0
2022-03-18 12:15,86,37,49,0,0,0
2022-03-18 12:30,94,30,64,0,0,0
2022-03-18 12:45,83,42,41,0,0,0
2022-03-18 13:00,142,46,96,0,0,0
2022-03-18 13:15,145,49,96,0,0,0
2022-03-18 13:30,107,53,54,0,0,0
2022-03-18 13:45,113,57,56,0,0,0
2022-03-18 14:00,136,55,81,0,0,0
2022-03-18 14:15,105,56,49,0,0,0
2022-03-18 14:30,102,43,59,0,0,0
2022-03-18 14:45,128,54,74,0,0,0
2022-03-18 15:00,101,55,46,0,0,0
2022-03-18 15:15,117,61,56,0,0,0
2022-03-18 15:30,109,49,60,0,0,0
2022-03-18 15:45,105,54,51,0,0,0
2022-03-18 16:00,91,50,41,0,0,0
2022-03-18 16:15,119,62,57,0,0,0
2022-03-18 16:30,104,61,43,0,0,0
2022-03-18 16:45,80,34,46,0,0,0
2022-03-18 17:00,80,43,37,0,0,0
2022-03-18 17:15,102,46,56,0,0,0
2022-03-18 17:30,97,55,42,0,0,0
2022-03-18 17:45,112,48,64,0,0,0
2022-03-18 18:00,73,32,41,0,0,0
2022-03-18 18:15,66,28,38,0,0,0
2022-03-18 18:30,59,19,40,0,0,0
2022-03-18 18:45,67,31,36,0,0,0
2022-03-18 19:00,80,41,39,0,0,0
2022-03-18 19:15,56,13,43,0,0,0
2022-03-18 19:30,47,20,27,0,0,0
2022-03-18 19:45,45,23,22,0,0,0
2022-03-18 20:00,43,18,25,0,0,0
2022-03-18 20:15,33,15,18,0,0,0
2022-03-18 20:30,34,18,16,0,0,0
2022-03-18 20:45,27,14,13,0,0,0
2022-03-18 21:00,25,7,18,0,0,0
2022-03-18 21:15,30,10,20,0,0,0
2022-03-18 21:30,18,11,7,0,0,0
2022-03-18 21:45,24,6,18,0,0,0
2022-03-18 22:00,29,8,21,0,0,0
2022-03-18 22:15,20,2,18,0,0,0
2022-03-18 22:30,19,9,10,0,0,0
2022-03-18 22:45,17,9,8,0,0,0
2022-03-18 23:00,20,2,18,0,0,0
2022-03-18 23:15,25,7,18,0,0,0
2022-03-18 23:30,16,3,13,0,0,0
2022-03-18 23:45,22,14,8,0,0,0
2022-03-19 00:00,13,5,8,0,0,0
2022-03-19 00:15,12,1,11,0,0,0
2022-03-19 00:30,12,0,12,0,0,0
2022-03-19 00:45,10,6,4,0,0,0
2022-03-19 01:00,10,3,7,0,0,0
2022-03-19 01:15,16,5,11,0,0,0
2022-03-19 01:30,11,3,8,0,0,0
2022-03-19 01:45,8,1,7,0,0,0
2022-03-19 02:00,8,2,6,0,0,0
2022-03-19 02:15,2,2,0,0,0,0
2022-03-19 02:30,2,1,1,0,0,0
2022-03-19 02:45,8,0,8,0,0,0
2022-03-19 03:00,8,2,6,0,0,0
2022-03-19 03:15,11,1,10,0,0,0
2022-03-19 03:30,2,0,2,0,0,0
2022-03-19 03:45,10,5,5,0,0,0
2022-03-19 04:00,1,0,1,0,0,0
2022-03-19 04:15,7,5,2,0,0,0
2022-03-19 04:30,1,0,1,0,0,0
2022-03-19 04:45,2,1,1,0,0,0
2022-03-19 05:00,2,1,1,0,0,0
2022-03-19 05:15,5,1,4,0,0,0
2022-03-19 05:30,4,1,3,0,0,0
2022-03-19 05:45,12,2,10,0,0,0
2022-03-19 06:00,2,1,1,0,0,0
2022-03-19 06:15,2,2,0,0,0,0
2022-03-19 06:30,7,7,0,0,0,0
2022-03-19 06:45,14,10,4,0,0,0
2022-03-19 07:00,11,10,1,0,0,0
2022-03-19 07:15,7,2,5,0,0,0
2022-03-19 07:30,19,12,7,0,0,0
2022-03-19 07:45,15,9,6,0,0,0
2022-03-19 08:00,24,19,5,0,0,0
2022-03-19 08:15,23,16,7,0,0,0
2022-03-19 08:30,47,29,18,0,0,0
2022-03-19 08:45,46,32,14,0,0,0
2022-03-19 09:00,58,43,15,0,0,0
2022-03-19 09:15,53,36,17,0,0,0
2022-03-19 09:30,67,48,19,0,0,0
2022-03-19 09:45,71,57,14,0,0,0
2022-03-19 10:00,90,62,28,0,0,0
2022-03-19 10:15,75,51,24,0,0,0
2022-03-19 10:30,116,83,33,0,0,0
2022-03-19 10:45,80,58,22,0,0,0
2022-03-19 11:00,94,53,41,0,0,0
2022-03-19 11:15,83,52,31,0,0,0
2022-03-19 11:30,104,39,65,0,0,0
2022-03-19 11:45,80,31,49,0,0,0
2022-03-19 12:00,95,47,48,0,0,0
2022-03-19 12:15,116,66,50,0,0,0
2022-03-19 12:30,88,36,52,0,0,0
2022-03-19 12:45,102,51,51,0,0,0
2022-03-19 13:00,99,39,60,0,0,0
2022-03-19 13:15,67,29,38,0,0,0
2022-03-19 13:30,124,73,51,0,0,0
2022-03-19 13:45,90,48,42,0,0,0
2022-03-19 14:00,74,34,40,0,0,0
2022-03-19 14:15,84,34,50,0,0,0
2022-03-19 14:30,129,56,73,0,0,0
2022-03-19 14:45,110,39,71,0,0,0
2022-03-19 15:00,64,25,39,0,0,0
2022-03-19 15:15,87,40,47,0,0,0
2022-03-19 15:30,80,40,40,0,0,0
2022-03-19 15:45,97,34,63,0,0,0
2022-03-19 16:00,83,38,45,0,0,0
2022-03-19 16:15,84,24,60,0,0,0
2022-03-19 16:30,109,63,46,0,0,0
2022-03-19 16:45,58,30,28,0,0,0
2022-03-19 17:00,90,39,51,0,0,0
2022-03-19 17:15,78,35,43,0,0,0
2022-03-19 17:30,53,29,24,0,0,0
2022-03-19 17:45,65,24,41,0,0,0
2022-03-19 18:00,59,25,34,0,0,0
2022-03-19 18:15,68,22,46,0,0,0
2022-03-19 18:30,70,24,46,0,0,0
2022-03-19 18:45,51,31,20,0,0,0
2022-03-19 19:00,49,21,28,0,0,0
2022-03-19 19:15,29,6,23,0,0,0
2022-03-19 19:30,67,24,43,0,0,0
2022-03-19 19:45,44,17,27,0,0,0
2022-03-19 20:00,54,20,34,0,0,0
2022-03-19 20:15,25,9,16,0,0,0
2022-03-19 20:30,32,20,12,0,0,0
2022-03-19 20:45,29,12,17,0,0,0
2022-03-19 21:00,28,8,20,0,0,0
2022-03-19 21:15,22,5,17,0,0,0
2022-03-19 21:30,17,7,10,0,0,0
2022-03-19 21:45,23,9,14,0,0,0
2022-03-19 22:00,24,7,17,0,0,0
2022-03-19 22:15,19,8,11,0,0,0
2022-03-19 22:30,20,9,11,0,0,0
2022-03-19 22:45,16,6,10,0,0,0
2022-03-19 23:00,19,5,14,0,0,0
2022-03-19 23:15,23,5,18,0,0,0
2022-03-19 23:30,21,4,17,0,0,0
2022-03-19 23:45,8,0,8,0,0,0
2022-03-20 00:00,30,13,17,0,0,0
2022-03-20 00:15,16,3,13,0,0,0
2022-03-20 00:30,9,1,8,0,0,0
2022-03-20 00:45,8,0,8,0,0,0
2022-03-20 01:00,5,0,5,0,0,0
2022-03-20 01:15,12,1,11,0,0,0
2022-03-20 01:30,4,3,1,0,0,0
2022-03-20 01:45,4,3,1,0,0,0
2022-03-20 02:00,7,0,7,0,0,0
2022-03-20 02:15,6,1,5,0,0,0
2022-03-20 02:30,9,1,8,0,0,0
2022-03-20 02:45,5,1,4,0,0,0
2022-03-20 03:00,1,0,1,0,0,0
2022-03-20 03:15,2,0,2,0,0,0
2022-03-20 03:30,2,1,1,0,0,0
2022-03-20 03:45,4,1,3,0,0,0
2022-03-20 04:00,2,0,2,0,0,0
2022-03-20 04:15,1,1,0,0,0,0
2022-03-20 04:30,2,0,2,0,0,0
2022-03-20 04:45,2,0,2,0,0,0
2022-03-20 05:00,8,3,5,0,0,0
2022-03-20 05:15,2,0,2,0,0,0
2022-03-20 05:30,4,1,3,0,0,0
2022-03-20 05:45,8,0,8,0,0,0
2022-03-20 06:00,2,2,0,0,0,0
2022-03-20 06:15,0,0,0,0,0,0
2022-03-20 06:30,6,4,2,0,0,0
2022-03-20 06:45,3,1,2,0,0,0
2022-03-20 07:00,2,0,2,0,0,0
2022-03-20 07:15,1,0,1,0,0,0
2022-03-20 07:30,6,4,2,0,0,0
2022-03-20 07:45,10,5,5,0,0,0
2022-03-20 08:00,12,9,3,0,0,0
2022-03-20 08:15,9,8,1,0,0,0
2022-03-20 08:30,27,17,10,0,0,0
2022-03-20 08:45,14,9,5,0,0,0
2022-03-20 09:00,9,6,3,0,0,0
2022-03-20 09:15,14,9,5,0,0,0
2022-03-20 09:30,21,12,9,0,0,0
2022-03-20 09:45,34,19,15,0,0,0
2022-03-20 10:00,33,23,10,0,0,0
2022-03-20 10:15,29,11,18,0,0,0
2022-03-20 10:30,34,20,14,0,0,0
2022-03-20 10:45,44,27,17,0,0,0
2022-03-20 11:00,26,14,12,0,0,0
2022-03-20 11:15,39,23,16,0,0,0
2022-03-20 11:30,33,16,17,0,0,0
2022-03-20 11:45,29,11,18,0,0,0
2022-03-20 12:00,24,14,10,0,0,0
2022-03-20 12:15,37,21,16,0,0,0
2022-03-20 12:30,30,7,23,0,0,0
2022-03-20 12:45,32,15,17,0,0,0
2022-03-20 13:00,52,27,25,0,0,0
2022-03-20 13:15,64,32,32,0,0,0
2022-03-20 13:30,51,20,31,0,0,0
2022-03-20 13:45,37,21,16,0,0,0
2022-03-20 14:00,69,31,38,0,0,0
2022-03-20 14:15,46,31,15,0,0,0
2022-03-20 14:30,55,25,30,0,0,0
2022-03-20 14:45,76,51,25,0,0,0
2022-03-20 15:00,49,30,19,0,0,0
2022-03-20 15:15,70,29,41,0,0,0
2022-03-20 15:30,79,42,37,0,0,0
2022-03-20 15:45,78,44,34,0,0,0
2022-03-20 16:00,70,32,38,0,0,0
2022-03-20 16:15,64,25,39,0,0,0
2022-03-20 16:30,63,28,35,0,0,0
2022-03-20 16:45,52,13,39,0,0,0
2022-03-20 17:00,49,4,45,0,0,0
2022-03-20 17:15,51,22,29,0,0,0
2022-03-20 17:30,61,37,24,0,0,0
2022-03-20 17:45,31,11,20,0,0,0
2022-03-20 18:00,37,10,27,0,0,0
2022-03-20 18:15,45,14,31,0,0,0
2022-03-20 18:30,38,13,25,0,0,0
2022-03-20 18:45,43,19,24,0,0,0
2022-03-20 19:00,32,17,15,0,0,0
2022-03-20 19:15,36,12,24,0,0,0
2022-03-20 19:30,24,5,19,0,0,0
2022-03-20 19:45,34,12,22,0,0,0
2022-03-20 20:00,27,7,20,0,0,0
2022-03-20 20:15,22,3,19,0,0,0
2022-03-20 20:30,13,4,9,0,0,0
2022-03-20 20:45,20,5,15,0,0,0
2022-03-20 21:00,15,8,7,0,0,0
2022-03-20 21:15,19,4,15,0,0,0
2022-03-20 21:30,16,4,12,0,0,0
2022-03-20 21:45,14,3,11,0,0,0
2022-03-20 22:00,13,7,6,0,0,0
2022-03-20 22:15,11,4,7,0,0,0
2022-03-20 22:30,9,0,9,0,0,0
2022-03-20 22:45,1,1,0,0,0,0
2022-03-20 23:00,12,2,10,0,0,0
2022-03-20 23:15,8,2,6,0,0,0
2022-03-20 23:30,1,1,0,0,0,0
2022-03-20 23:45,2,0,2,0,0,0
2022-03-21 00:00,0,0,0,0,0,0
2022-03-21 00:15,0,0,0,0,0,0
2022-03-21 00:30,0,0,0,0,0,0
2022-03-21 00:45,3,0,3,0,0,0
2022-03-21 01:00,6,3,3,0,0,0
2022-03-21 01:15,0,0,0,0,0,0
2022-03-21 01:30,1,1,0,0,0,0
2022-03-21 01:45,0,0,0,0,0,0
2022-03-21 02:00,0,0,0,0,0,0
2022-03-21 02:15,0,0,0,0,0,0
2022-03-21 02:30,1,1,0,0,0,0
2022-03-21 02:45,0,0,0,0,0,0
2022-03-21 03:00,0,0,0,0,0,0
2022-03-21 03:15,0,0,0,0,0,0
2022-03-21 03:30,1,1,0,0,0,0
2022-03-21 03:45,0,0,0,0,0,0
2022-03-21 04:00,0,0,0,0,0,0
2022-03-21 04:15,2,1,1,0,0,0
2022-03-21 04:30,3,0,3,0,0,0
2022-03-21 04:45,0,0,0,0,0,0
2022-03-21 05:00,1,1,0,0,0,0
2022-03-21 05:15,5,3,2,0,0,0
2022-03-21 05:30,9,2,7,0,0,0
2022-03-21 05:45,9,3,6,0,0,0
2022-03-21 06:00,9,2,7,0,0,0
2022-03-21 06:15,19,3,16,0,0,0
2022-03-21 06:30,36,16,20,0,0,0
2022-03-21 06:45,48,16,32,0,0,0
2022-03-21 07:00,85,31,54,0,0,0
2022-03-21 07:15,101,39,62,0,0,0
2022-03-21 07:30,273,195,78,0,0,0
2022-03-21 07:45,160,70,90,0,0,0
2022-03-21 08:00,128,43,85,0,0,0
2022-03-21 08:15,94,44,50,0,0,0
2022-03-21 08:30,117,60,57,0,0,0
2022-03-21 08:45,125,55,70,0,0,0
2022-03-21 09:00,75,32,43,0,0,0
2022-03-21 09:15,67,35,32,0,0,0
2022-03-21 09:30,59,30,29,0,0,0
2022-03-21 09:45,57,39,18,0,0,0
2022-03-21 10:00,63,31,32,0,0,0
2022-03-21 10:15,52,21,31,0,0,0
2022-03-21 10:30,71,40,31,0,0,0
2022-03-21 10:45,71,27,44,0,0,0
2022-03-21 11:00,60,37,23,0,0,0
2022-03-21 11:15,53,29,24,0,0,0
2022-03-21 11:30,86,43,43,0,0,0
2022-03-21 11:45,81,30,51,0,0,0
2022-03-21 12:00,58,26,32,0,0,0
2022-03-21 12:15,117,38,79,0,0,0
2022-03-21 12:30,96,36,60,0,0,0
2022-03-21 12:45,63,25,38,0,0,0
2022-03-21 13:00,97,31,66,0,0,0
2022-03-21 13:15,108,33,75,0,0,0
2022-03-21 13:30,90,42,48,0,0,0
2022-03-21 13:45,108,59,49,0,0,0
2022-03-21 14:00,108,54,54,0,0,0
2022-03-21 14:15,100,54,46,0,0,0
2022-03-21 14:30,81,35,46,0,0,0
2022-03-21 14:45,118,62,56,0,0,0
2022-03-21 15:00,112,52,60,0,0,0
2022-03-21 15:15,109,58,51,0,0,0
2022-03-21 15:30,148,84,64,0,0,0
2022-03-21 15:45,124,71,53,0,0,0
2022-03-21 16:00,136,82,54,0,0,0
2022-03-21 16:15,121,73,48,0,0,0
2022-03-21 16:30,115,54,61,0,0,0
2022-03-21 16:45,123,71,52,0,0,0
2022-03-21 17:00,146,68,78,0,0,0
2022-03-21 17:15,147,87,60,0,0,0
2022-03-21 17:30,138,58,80,0,0,0
2022-03-21 17:45,125,61,64,0,0,0
2022-03-21 18:00,123,49,74,0,0,0
2022-03-21 18:15,96,34,62,0,0,0
2022-03-21 18:30,85,36,49,0,0,0
2022-03-21 18:45,86,35,51,0,0,0
2022-03-21 19:00,62,18,44,0,0,0
2022-03-21 19:15,75,24,51,0,0,0
2022-03-21 19:30,54,12,42,0,0,0
2022-03-21 19:45,53,16,37,0,0,0
2022-03-21 20:00,63,18,45,0,0,0
2022-03-21 20:15,33,12,21,0,0,0
2022-03-21 20:30,40,4,36,0,0,0
2022-03-21 20:45,33,6,27,0,0,0
2022-03-21 21:00,24,13,11,0,0,0
2022-03-21 21:15,31,12,19,0,0,0
2022-03-21 21:30,27,5,22,0,0,0
2022-03-21 21:45,33,6,27,0,0,0
2022-03-21 22:00,29,5,24,0,0,0
2022-03-21 22:15,14,4,10,0,0,0
2022-03-21 22:30,16,0,16,0,0,0
2022-03-21 22:45,10,1,9,0,0,0
2022-03-21 23:00,14,3,11,0,0,0
2022-03-21 23:15,14,4,10,0,0,0
2022-03-21 23:30,2,0,2,0,0,0
2022-03-21 23:45,11,0,11,0,0,0
2022-03-22 00:00,2,1,1,0,0,0
2022-03-22 00:15,5,3,2,0,0,0
2022-03-22 00:30,2,1,1,0,0,0
2022-03-22 00:45,3,2,1,0,0,0
2022-03-22 01:00,0,0,0,0,0,0
2022-03-22 01:15,6,5,1,0,0,0
2022-03-22 01:30,0,0,0,0,0,0
2022-03-22 01:45,2,0,2,0,0,0
2022-03-22 02:00,2,2,0,0,0,0
2022-03-22 02:15,1,0,1,0,0,0
2022-03-22 02:30,1,1,0,0,0,0
2022-03-22 02:45,0,0,0,0,0,0
2022-03-22 03:00,0,0,0,0,0,0
2022-03-22 03:15,0,0,0,0,0,0
2022-03-22 03:30,0,0,0,0,0,0
2022-03-22 03:45,1,1,0,0,0,0
2022-03-22 04:00,3,1,2,0,0,0
2022-03-22 04:15,0,0,0,0,0,0
2022-03-22 04:30,0,0,0,0,0,0
2022-03-22 04:45,0,0,0,0,0,0
2022-03-22 05:00,2,1,1,0,0,0
2022-03-22 05:15,4,1,3,0,0,0
2022-03-22 05:30,13,2,11,0,0,0
2022-03-22 05:45,10,4,6,0,0,0
2022-03-22 06:00,15,6,9,0,0,0
2022-03-22 06:15,24,11,13,0,0,0
2022-03-22 06:30,32,12,20,0,0,0
2022-03-22 06:45,56,26,30,0,0,0
2022-03-22 07:00,75,28,47,0,0,0
2022-03-22 07:15,112,56,56,0,0,0
2022-03-22 07:30,241,155,86,0,0,0
2022-03-22 07:45,166,73,93,0,0,0
2022-03-22 08:00,138,53,85,0,0,0
2022-03-22 08:15,110,60,50,0,0,0
2022-03-22 08:30,98,48,50,0,0,0
2022-03-22 08:45,152,54,98,0,0,0
2022-03-22 09:00,92,35,57,0,0,0
2022-03-22 09:15,80,43,37,0,0,0
2022-03-22 09:30,73,41,32,0,0,0
2022-03-22 09:45,77,39,38,0,0,0
2022-03-22 10:00,51,27,24,0,0,0
2022-03-22 10:15,58,24,34,0,0,0
2022-03-22 10:30,62,32,30,0,0,0
2022-03-22 10:45,75,38,37,0,0,0
2022-03-22 11:00,74,48,26,0,0,0
2022-03-22 11:15,66,41,25,0,0,0
2022-03-22 11:30,73,43,30,0,0,0
2022-03-22 11:45,60,31,29,0,0,0
2022-03-22 12:00,80,49,31,0,0,0
2022-03-22 12:15,93,41,52,0,0,0
2022-03-22 12:30,82,23,59,0,0,0
2022-03-22 12:45,91,43,48,0,0,0
2022-03-22 13:00,126,49,77,0,0,0
2022-03-22 13:15,107,28,79,0,0,0
2022-03-22 13:30,87,30,57,0,0,0
2022-03-22 13:45,92,47,45,0,0,0
2022-03-22 14:00,115,48,67,0,0,0
2022-03-22 14:15,94,46,48,0,0,0
2022-03-22 14:30,111,54,57,0,0,0
2022-03-22 14:45,134,57,77,0,0,0
2022-03-22 15:00,129,69,60,0,0,0
2022-03-22 15:15,128,75,53,0,0,0
2022-03-22 15:30,158,64,94,0,0,0
2022-03-22 15:45,124,54,70,0,0,0
2022-03-22 16:00,151,81,70,0,0,0
2022-03-22 16:15,155,77,78,0,0,0
2022-03-22 16:30,138,70,68,0,0,0
2022-03-22 16:45,134,71,63,0,0,0
2022-03-22 17:00,145,61,84,0,0,0
2022-03-22 17:15,133,72,61,0,0,0
2022-03-22 17:30,140,47,93,0,0,0
2022-03-22 17:45,122,58,64,0,0,0
2022-03-22 18:00,97,36,61,0,0,0
2022-03-22 18:15,108,44,64,0,0,0
2022-03-22 18:30,104,36,68,0,0,0
2022-03-22 18:45,94,33,61,0,0,0
2022-03-22 19:00,63,25,38,0,0,0
2022-03-22 19:15,98,43,55,0,0,0
2022-03-22 19:30,52,12,40,0,0,0
2022-03-22 19:45,43,19,24,0,0,0
2022-03-22 20:00,60,22,38,0,0,0
2022-03-22 20:15,37,19,18,0,0,0
2022-03-22 20:30,36,9,27,0,0,0
2022-03-22 20:45,19,6,13,0,0,0
2022-03-22 21:00,34,11,23,0,0,0
2022-03-22 21:15,27,5,22,0,0,0
2022-03-22 21:30,37,6,31,0,0,0
2022-03-22 21:45,32,10,22,0,0,0
2022-03-22 22:00,22,6,16,0,0,0
2022-03-22 22:15,18,4,14,0,0,0
2022-03-22 22:30,16,3,13,0,0,0
2022-03-22 22:45,26,5,21,0,0,0
2022-03-22 23:00,24,2,22,0,0,0
2022-03-22 23:15,9,3,6,0,0,0
2022-03-22 23:30,7,1,6,0,0,0
2022-03-22 23:45,3,3,0,0,0,0
2022-03-23 00:00,3,1,2,0,0,0
2022-03-23 00:15,2,0,2,0,0,0
2022-03-23 00:30,2,0,2,0,0,0
2022-03-23 00:45,3,1,2,0,0,0
2022-03-23 01:00,2,0,2,0,0,0
2022-03-23 01:15,6,2,4,0,0,0
2022-03-23 01:30,2,1,1,0,0,0
2022-03-23 01:45,5,1,4,0,0,0
2022-03-23 02:00,0,0,0,0,0,0
2022-03-23 02:15,1,1,0,0,0,0
2022-03-23 02:30,0,0,0,0,0,0
2022-03-23 02:45,1,0,1,0,0,0
2022-03-23 03:00,1,0,1,0,0,0
2022-03-23 03:15,0,0,0,0,0,0
2022-03-23 03:30,0,0,0,0,0,0
2022-03-23 03:45,0,0,0,0,0,0
2022-03-23 04:00,1,0,1,0,0,0
2022-03-23 04:15,0,0,0,0,0,0
2022-03-23 04:30,0,0,0,0,0,0
2022-03-23 04:45,1,1,0,0,0,0
2022-03-23 05:00,2,2,0,0,0,0
2022-03-23 05:15,4,2,2,0,0,0
2022-03-23 05:30,11,1,10,0,0,0
2022-03-23 05:45,14,5,9,0,0,0
2022-03-23 06:00,12,5,7,0,0,0
2022-03-23 06:15,18,7,11,0,0,0
2022-03-23 06:30,30,16,14,0,0,0
2022-03-23 06:45,61,25,36,0,0,0
2022-03-23 07:00,89,32,57,0,0,0
2022-03-23 07:15,103,52,51,0,0,0
2022-03-23 07:30,256,188,68,0,0,0
2022-03-23 07:45,186,67,119,0,0,0
2022-03-23 08:00,129,48,81,0,0,0
2022-03-23 08:15,123,63,60,0,0,0
2022-03-23 08:30,106,50,56,0,0,0
2022-03-23 08:45,164,90,74,0,0,0
2022-03-23 09:00,105,47,58,0,0,0
2022-03-23 09:15,83,47,36,0,0,0
2022-03-23 09:30,93,57,36,0,0,0
2022-03-23 09:45,83,48,35,0,0,0
2022-03-23 10:00,67,45,22,0,0,0
2022-03-23 10:15,72,38,34,0,0,0
2022-03-23 10:30,78,44,34,0,0,0
2022-03-23 10:45,77,33,44,0,0,0
2022-03-23 11:00,83,38,45,0,0,0
2022-03-23 11:15,77,39,38,0,0,0
2022-03-23 11:30,74,39,35,0,0,0
2022-03-23 11:45,67,34,33,0,0,0
2022-03-23 12:00,80,46,34,0,0,0
2022-03-23 12:15,130,53,77,0,0,0
2022-03-23 12:30,109,38,71,0,0,0
2022-03-23 12:45,107,47,60,0,0,0
2022-03-23 13:00,139,35,104,0,0,0
2022-03-23 13:15,118,41,77,0,0,0
2022-03-23 13:30,110,48,62,0,0,0
2022-03-23 13:45,115,60,55,0,0,0
2022-03-23 14:00,155,49,106,0,0,0
2022-03-23 14:15,135,73,62,0,0,0
2022-03-23 14:30,108,51,57,0,0,0
2022-03-23 14:45,137,74,63,0,0,0
2022-03-23 15:00,131,72,59,0,0,0
2022-03-23 15:15,133,74,59,0,0,0
2022-03-23 15:30,132,55,77,0,0,0
2022-03-23 15:45,166,99,67,0,0,0
2022-03-23 16:00,146,78,68,0,0,0
2022-03-23 16:15,136,70,66,0,0,0
2022-03-23 16:30,157,82,75,0,0,0
2022-03-23 16:45,137,63,74,0,0,0
2022-03-23 17:00,115,63,52,0,0,0
2022-03-23 17:15,95,51,44,0,0,0
2022-03-23 17:30,126,59,67,0,0,0
2022-03-23 17:45,174,66,108,0,0,0
2022-03-23 18:00,159,76,83,0,0,0
2022-03-23 18:15,119,39,80,0,0,0
2022-03-23 18:30,95,37,58,0,0,0
2022-03-23 18:45,89,46,43,0,0,0
2022-03-23 19:00,88,28,60,0,0,0
2022-03-23 19:15,72,22,50,0,0,0
2022-03-23 19:30,73,34,39,0,0,0
2022-03-23 19:45,65,23,42,0,0,0
2022-03-23 20:00,44,19,25,0,0,0
2022-03-23 20:15,60,25,35,0,0,0
2022-03-23 20:30,32,12,20,0,0,0
2022-03-23 20:45,31,9,22,0,0,0
2022-03-23 21:00,48,13,35,0,0,0
2022-03-23 21:15,37,12,25,0,0,0
2022-03-23 21:30,28,9,19,0,0,0
2022-03-23 21:45,37,10,27,0,0,0
2022-03-23 22:00,39,13,26,0,0,0
2022-03-23 22:15,35,7,28,0,0,0
2022-03-23 22:30,30,14,16,0,0,0
2022-03-23 22:45,28,11,17,0,0,0
2022-03-23 23:00,11,1,10,0,0,0
2022-03-23 23:15,19,12,7,0,0,0
2022-03-23 23:30,14,8,6,0,0,0
2022-03-23 23:45,9,1,8,0,0,0
2022-03-24 00:00,10,4,6,0,0,0
2022-03-24 00:15,2,2,0,0,0,0
2022-03-24 00:30,6,1,5,0,0,0
2022-03-24 00:45,3,0,3,0,0,0
2022-03-24 01:00,0,0,0,0,0,0
2022-03-24 01:15,4,1,3,0,0,0
2022-03-24 01:30,10,0,10,0,0,0
2022-03-24 01:45,3,1,2,0,0,0
2022-03-24 02:00,0,0,0,0,0,0
2022-03-24 02:15,10,2,8,0,0,0
2022-03-24 02:30,1,0,1,0,0,0
2022-03-24 02:45,1,1,0,0,0,0
2022-03-24 03:00,0,0,0,0,0,0
2022-03-24 03:15,0,0,0,0,0,0
2022-03-24 03:30,0,0,0,0,0,0
2022-03-24 03:45,3,2,1,0,0,0
2022-03-24 04:00,2,2,0,0,0,0
2022-03-24 04:15,0,0,0,0,0,0
2022-03-24 04:30,0,0,0,0,0,0
2022-03-24 04:45,1,0,1,0,0,0
2022-03-24 05:00,1,1,0,0,0,0
2022-03-24 05:15,6,2,4,0,0,0
2022-03-24 05:30,11,2,9,0,0,0
2022-03-24 05:45,12,5,7,0,0,0
2022-03-24 06:00,9,4,5,0,0,0
2022-03-24 06:15,21,5,16,0,0,0
2022-03-24 06:30,29,12,17,0,0,0
2022-03-24 06:45,46,18,28,0,0,0
2022-03-24 07:00,71,25,46,0,0,0
2022-03-24 07:15,91,38,53,0,0,0
2022-03-24 07:30,270,194,76,0,0,0
2022-03-24 07:45,204,91,113,0,0,0
2022-03-24 08:00,131,51,80,0,0,0
2022-03-24 08:15,98,50,48,0,0,0
2022-03-24 08:30,95,48,47,0,0,0
2022-03-24 08:45,143,63,80,0,0,0
2022-03-24 09:00,82,34,48,0,0,0
2022-03-24 09:15,70,35,35,0,0,0
2022-03-24 09:30,85,48,37,0,0,0
2022-03-24 09:45,96,55,41,0,0,0
2022-03-24 10:00,51,24,27,0,0,0
2022-03-24 10:15,74,45,29,0,0,0
2022-03-24 10:30,57,36,21,0,0,0
2022-03-24 10:45,73,28,45,0,0,0
2022-03-24 11:00,57,25,32,0,0,0
2022-03-24 11:15,66,28,38,0,0,0
2022-03-24 11:30,71,30,41,0,0,0
2022-03-24 11:45,62,29,33,0,0,0
2022-03-24 12:00,91,45,46,0,0,0
2022-03-24 12:15,82,36,46,0,0,0
2022-03-24 12:30,108,41,67,0,0,0
2022-03-24 12:45,85,36,49,0,0,0
2022-03-24 13:00,100,33,67,0,0,0
2022-03-24 13:15,106,33,73,0,0,0
2022-03-24 13:30,96,47,49,0,0,0
2022-03-24 13:45,102,44,58,0,0,0
2022-03-24 14:00,128,48,80,0,0,0
2022-03-24 14:15,88,46,42,0,0,0
2022-03-24 14:30,96,45,51,0,0,0
2022-03-24 14:45,96,50,46,0,0,0
2022-03-24 15:00,91,41,50,0,0,0
2022-03-24 15:15,111,57,54,0,0,0
2022-03-24 15:30,155,76,79,0,0,0
2022-03-24 15:45,153,99,54,0,0,0
2022-03-24 16:00,143,96,47,0,0,0
2022-03-24 16:15,178,101,77,0,0,0
2022-03-24 16:30,151,65,86,0,0,0
2022-03-24 16:45,163,90,73,0,0,0
2022-03-24 17:00,131,59,72,0,0,0
2022-03-24 17:15,107,60,47,0,0,0
2022-03-24 17:30,150,72,78,0,0,0
2022-03-24 17:45,131,50,81,0,0,0
2022-03-24 18:00,125,53,72,0,0,0
2022-03-24 18:15,124,55,69,0,0,0
2022-03-24 18:30,123,50,73,0,0,0
2022-03-24 18:45,136,61,75,0,0,0
2022-03-24 19:00,91,43,48,0,0,0
2022-03-24 19:15,78,36,42,0,0,0
2022-03-24 19:30,57,16,41,0,0,0
2022-03-24 19:45,64,25,39,0,0,0
2022-03-24 20:00,62,30,32,0,0,0
2022-03-24 20:15,43,10,33,0,0,0
2022-03-24 20:30,34,10,24,0,0,0
2022-03-24 20:45,34,8,26,0,0,0
2022-03-24 21:00,24,8,16,0,0,0
2022-03-24 21:15,43,10,33,0,0,0
2022-03-24 21:30,27,5,22,0,0,0
2022-03-24 21:45,29,6,23,0,0,0
2022-03-24 22:00,27,10,17,0,0,0
2022-03-24 22:15,26,6,20,0,0,0
2022-03-24 22:30,28,4,24,0,0,0
2022-03-24 22:45,20,2,18,0,0,0
2022-03-24 23:00,9,2,7,0,0,0
2022-03-24 23:15,6,0,6,0,0,0
2022-03-24 23:30,9,2,7,0,0,0
2022-03-24 23:45,10,6,4,0,0,0
2022-03-25 00:00,7,1,6,0,0,0
2022-03-25 00:15,16,5,11,0,0,0
2022-03-25 00:30,3,0,3,0,0,0
2022-03-25 00:45,3,0,3,0,0,0
2022-03-25 01:00,0,0,0,0,0,0
2022-03-25 01:15,4,0,4,0,0,0
2022-03-25 01:30,4,0,4,0,0,0
2022-03-25 01:45,0,0,0,0,0,0
2022-03-25 02:00,1,0,1,0,0,0
2022-03-25 02:15,1,0,1,0,0,0
2022-03-25 02:30,0,0,0,0,0,0
2022-03-25 02:45,0,0,0,0,0,0
2022-03-25 03:00,2,1,1,0,0,0
2022-03-25 03:15,0,0,0,0,0,0
2022-03-25 03:30,1,0,1,0,0,0
2022-03-25 03:45,1,1,0,0,0,0
2022-03-25 04:00,1,1,0,0,0,0
2022-03-25 04:15,1,0,1,0,0,0
2022-03-25 04:30,1,0,1,0,0,0
2022-03-25 04:45,0,0,0,0,0,0
2022-03-25 05:00,0,0,0,0,0,0
2022-03-25 05:15,4,0,4,0,0,0
2022-03-25 05:30,15,2,13,0,0,0
2022-03-25 05:45,11,4,7,0,0,0
2022-03-25 06:00,13,5,8,0,0,0
2022-03-25 06:15,16,4,12,0,0,0
2022-03-25 06:30,26,11,15,0,0,0
2022-03-25 06:45,43,12,31,0,0,0
2022-03-25 07:00,65,19,46,0,0,0
2022-03-25 07:15,82,39,43,0,0,0
2022-03-25 07:30,246,176,70,0,0,0
2022-03-25 07:45,163,74,89,0,0,0
2022-03-25 08:00,92,26,66,0,0,0
2022-03-25 08:15,89,39,50,0,0,0
2022-03-25 08:30,85,49,36,0,0,0
2022-03-25 08:45,117,66,51,0,0,0
2022-03-25 09:00,68,30,38,0,0,0
2022-03-25 09:15,63,31,32,0,0,0
2022-03-25 09:30,52,25,27,0,0,0
2022-03-25 09:45,85,51,34,0,0,0
2022-03-25 10:00,39,16,23,0,0,0
2022-03-25 10:15,54,31,23,0,0,0
2022-03-25 10:30,67,39,28,0,0,0
2022-03-25 10:45,53,23,30,0,0,0
2022-03-25 11:00,75,42,33,0,0,0
2022-03-25 11:15,84,48,36,0,0,0
2022-03-25 11:30,70,42,28,0,0,0
2022-03-25 11:45,57,27,30,0,0,0
2022-03-25 12:00,82,40,42,0,0,0
2022-03-25 12:15,78,41,37,0,0,0
2022-03-25 12:30,99,33,66,0,0,0
2022-03-25 12:45,77,43,34,0,0,0
2022-03-25 13:00,138,51,87,0,0,0
2022-03-25 13:15,114,38,76,0,0,0
2022-03-25 13:30,121,68,53,0,0,0
2022-03-25 13:45,137,85,52,0,0,0
2022-03-25 14:00,159,74,85,0,0,0
2022-03-25 14:15,124,67,57,0,0,0
2022-03-25 14:30,137,70,67,0,0,0
2022-03-25 14:45,126,69,57,0,0,0
2022-03-25 15:00,136,70,66,0,0,0
2022-03-25 15:15,132,76,56,0,0,0
2022-03-25 15:30,143,88,55,0,0,0
2022-03-25 15:45,138,58,80,0,0,0
2022-03-25 16:00,149,87,62,0,0,0
2022-03-25 16:15,142,58,84,0,0,0
2022-03-25 16:30,131,60,71,0,0,0
2022-03-25 16:45,108,46,62,0,0,0
2022-03-25 17:00,126,45,81,0,0,0
2022-03-25 17:15,116,63,53,0,0,0
2022-03-25 17:30,103,41,62,0,0,0
2022-03-25 17:45,92,33,59,0,0,0
2022-03-25 18:00,103,44,59,0,0,0
2022-03-25 18:15,105,46,59,0,0,0
2022-03-25 18:30,99,34,65,0,0,0
2022-03-25 18:45,98,38,60,0,0,0
2022-03-25 19:00,92,34,58,0,0,0
2022-03-25 19:15,83,32,51,0,0,0
2022-03-25 19:30,61,27,34,0,0,0
2022-03-25 19:45,65,28,37,0,0,0
2022-03-25 20:00,48,20,28,0,0,0
2022-03-25 20:15,46,22,24,0,0,0
2022-03-25 20:30,38,22,16,0,0,0
2022-03-25 20:45,47,26,21,0,0,0
2022-03-25 21:00,33,14,19,0,0,0
2022-03-25 21:15,38,16,22,0,0,0
2022-03-25 21:30,27,9,18,0,0,0
2022-03-25 21:45,38,13,25,0,0,0
2022-03-25 22:00,39,20,19,0,0,0
2022-03-25 22:15,34,7,27,0,0,0
2022-03-25 22:30,32,8,24,0,0,0
2022-03-25 22:45,19,7,12,0,0,0
2022-03-25 23:00,31,7,24,0,0,0
2022-03-25 23:15,19,1,18,0,0,0
2022-03-25 23:30,30,8,22,0,0,0
2022-03-25 23:45,16,8,8,0,0,0
2022-03-26 00:00,14,3,11,0,0,0
2022-03-26 00:15,19,9,10,0,0,0
2022-03-26 00:30,8,4,4,0,0,0
2022-03-26 00:45,8,0,8,0,0,0
2022-03-26 01:00,9,1,8,0,0,0
2022-03-26 01:15,8,0,8,0,0,0
2022-03-26 01:30,7,1,6,0,0,0
2022-03-26 01:45,6,1,5,0,0,0
2022-03-26 02:00,12,4,8,0,0,0
2022-03-26 02:15,8,2,6,0,0,0
2022-03-26 02:30,12,6,6,0,0,0
2022-03-26 02:45,9,6,3,0,0,0
2022-03-26 03:00,2,0,2,0,0,0
2022-03-26 03:15,2,0,2,0,0,0
2022-03-26 03:30,2,0,2,0,0,0
2022-03-26 03:45,2,0,2,0,0,0
2022-03-26 04:00,1,1,0,0,0,0
2022-03-26 04:15,2,1,1,0,0,0
2022-03-26 04:30,4,0,4,0,0,0
2022-03-26 04:45,3,2,1,0,0,0
2022-03-26 05:00,0,0,0,0,0,0
2022-03-26 05:15,2,1,1,0,0,0
2022-03-26 05:30,5,1,4,0,0,0
2022-03-26 05:45,4,1,3,0,0,0
2022-03-26 06:00,5,2,3,0,0,0
2022-03-26 06:15,4,4,0,0,0,0
2022-03-26 06:30,4,2,2,0,0,0
2022-03-26 06:45,11,8,3,0,0,0
2022-03-26 07:00,15,8,7,0,0,0
2022-03-26 07:15,13,8,5,0,0,0
2022-03-26 07:30,13,5,8,0,0,0
2022-03-26 07:45,31,10,21,0,0,0
2022-03-26 08:00,24,12,12,0,0,0
2022-03-26 08:15,26,20,6,0,0,0
2022-03-26 08:30,29,24,5,0,0,0
2022-03-26 08:45,37,24,13,0,0,0
2022-03-26 09:00,48,33,15,0,0,0
2022-03-26 09:15,42,31,11,0,0,0
2022-03-26 09:30,76,55,21,0,0,0
2022-03-26 09:45,89,66,23,0,0,0
2022-03-26 10:00,72,58,14,0,0,0
2022-03-26 10:15,78,54,24,0,0,0
2022-03-26 10:30,74,50,24,0,0,0
2022-03-26 10:45,94,58,36,0,0,0
2022-03-26 11:00,78,47,31,0,0,0
2022-03-26 11:15,96,40,56,0,0,0
2022-03-26 11:30,92,68,24,0,0,0
2022-03-26 11:45,85,51,34,0,0,0
2022-03-26 12:00,95,44,51,0,0,0
2022-03-26 12:15,99,50,49,0,0,0
2022-03-26 12:30,75,37,38,0,0,0
2022-03-26 12:45,103,37,66,0,0,0
2022-03-26 13:00,97,45,52,0,0,0
2022-03-26 13:15,99,46,53,0,0,0
2022-03-26 13:30,96,41,55,0,0,0
2022-03-26 13:45,116,68,48,0,0,0
2022-03-26 14:00,106,51,55,0,0,0
2022-03-26 14:15,98,47,51,0,0,0
2022-03-26 14:30,84,39,45,0,0,0
2022-03-26 14:45,103,56,47,0,0,0
2022-03-26 15:00,105,44,61,0,0,0
2022-03-26 15:15,100,49,51,0,0,0
2022-03-26 15:30,114,43,71,0,0,0
2022-03-26 15:45,107,52,55,0,0,0
2022-03-26 16:00,63,21,42,0,0,0
2022-03-26 16:15,90,28,62,0,0,0
2022-03-26 16:30,88,36,52,0,0,0
2022-03-26 16:45,97,46,51,0,0,0
2022-03-26 17:00,101,44,57,0,0,0
2022-03-26 17:15,105,51,54,0,0,0
2022-03-26 17:30,82,20,62,0,0,0
2022-03-26 17:45,53,15,38,0,0,0
2022-03-26 18:00,83,26,57,0,0,0
2022-03-26 18:15,79,30,49,0,0,0
2022-03-26 18:30,65,29,36,0,0,0
2022-03-26 18:45,66,36,30,0,0,0
2022-03-26 19:00,63,16,47,0,0,0
2022-03-26 19:15,73,38,35,0,0,0
2022-03-26 19:30,71,32,39,0,0,0
2022-03-26 19:45,48,26,22,0,0,0
2022-03-26 20:00,61,29,32,0,0,0
2022-03-26 20:15,41,20,21,0,0,0
2022-03-26 20:30,29,10,19,0,0,0
2022-03-26 20:45,38,15,23,0,0,0
2022-03-26 21:00,26,5,21,0,0,0
2022-03-26 21:15,37,13,24,0,0,0
2022-03-26 21:30,21,6,15,0,0,0
2022-03-26 21:45,26,6,20,0,0,0
2022-03-26 22:00,26,14,12,0,0,0
2022-03-26 22:15,20,6,14,0,0,0
2022-03-26 22:30,16,3,13,0,0,0
2022-03-26 22:45,18,2,16,0,0,0
2022-03-26 23:00,32,13,19,0,0,0
2022-03-26 23:15,20,2,18,0,0,0
2022-03-26 23:30,22,4,18,0,0,0
2022-03-26 23:45,26,5,21,0,0,0
2022-03-27 00:00,25,3,22,0,0,0
2022-03-27 00:15,13,0,13,0,0,0
2022-03-27 00:30,12,2,10,0,0,0
2022-03-27 00:45,15,2,13,0,0,0
2022-03-27 01:00,9,1,8,0,0,0
2022-03-27 01:15,7,1,6,0,0,0
2022-03-27 01:30,6,4,2,0,0,0
2022-03-27 01:45,7,0,7,0,0,0
2022-03-27 03:00,10,1,9,0,0,0
2022-03-27 03:15,3,0,3,0,0,0
2022-03-27 03:30,3,0,3,0,0,0
2022-03-27 03:45,4,0,4,0,0,0
2022-03-27 04:00,1,0,1,0,0,0
2022-03-27 04:15,2,0,2,0,0,0
2022-03-27 04:30,1,0,1,0,0,0
2022-03-27 04:45,0,0,0,0,0,0
2022-03-27 05:00,2,1,1,0,0,0
2022-03-27 05:15,0,0,0,0,0,0
2022-03-27 05:30,3,0,3,0,0,0
2022-03-27 05:45,13,3,10,0,0,0
2022-03-27 06:00,5,1,4,0,0,0
2022-03-27 06:15,4,0,4,0,0,0
2022-03-27 06:30,3,1,2,0,0,0
2022-03-27 06:45,2,1,1,0,0,0
2022-03-27 07:00,2,0,2,0,0,0
2022-03-27 07:15,4,2,2,0,0,0
2022-03-27 07:30,13,4,9,0,0,0
2022-03-27 07:45,3,1,2,0,0,0
2022-03-27 08:00,1,1,0,0,0,0
2022-03-27 08:15,4,3,1,0,0,0
2022-03-27 08:30,8,6,2,0,0,0
2022-03-27 08:45,10,8,2,0,0,0
2022-03-27 09:00,16,11,5,0,0,0
2022-03-27 09:15,12,8,4,0,0,0
2022-03-27 09:30,19,14,5,0,0,0
2022-03-27 09:45,13,7,6,0,0,0
2022-03-27 10:00,31,13,18,0,0,0
2022-03-27 10:15,26,12,14,0,0,0
2022-03-27 10:30,19,14,5,0,0,0
2022-03-27 10:45,33,18,15,0,0,0
2022-03-27 11:00,48,27,21,0,0,0
2022-03-27 11:15,54,33,21,0,0,0
2022-03-27 11:30,43,24,19,0,0,0
2022-03-27 11:45,55,23,32,0,0,0
2022-03-27 12:00,40,22,18,0,0,0
2022-03-27 12:15,41,12,29,0,0,0
2022-03-27 12:30,60,22,38,0,0,0
2022-03-27 12:45,79,35,44,0,0,0
2022-03-27 13:00,56,17,39,0,0,0
2022-03-27 13:15,74,36,38,0,0,0
2022-03-27 13:30,77,38,39,0,0,0
2022-03-27 13:45,69,41,28,0,0,0
2022-03-27 14:00,59,31,28,0,0,0
2022-03-27 14:15,88,46,42,0,0,0
2022-03-27 14:30,92,60,32,0,0,0
2022-03-27 14:45,97,57,40,0,0,0
2022-03-27 15:00,100,39,61,0,0,0
2022-03-27 15:15,101,43,58,0,0,0
2022-03-27 15:30,104,47,57,0,0,0
2022-03-27 15:45,61,35,26,0,0,0
2022-03-27 16:00,76,44,32,0,0,0
2022-03-27 16:15,74,33,41,0,0,0
2022-03-27 16:30,92,47,45,0,0,0
2022-03-27 16:45,81,38,43,0,0,0
2022-03-27 17:00,68,28,40,0,0,0
2022-03-27 17:15,83,32,51,0,0,0
2022-03-27 17:30,53,28,25,0,0,0
2022-03-27 17:45,81,48,33,0,0,0
2022-03-27 18:00,112,38,74,0,0,0
2022-03-27 18:15,62,25,37,0,0,0
2022-03-27 18:30,72,41,31,0,0,0
2022-03-27 18:45,70,31,39,0,0,0
2022-03-27 19:00,58,22,36,0,0,0
2022-03-27 19:15,49,20,29,0,0,0
2022-03-27 19:30,37,16,21,0,0,0
2022-03-27 19:45,35,17,18,0,0,0
2022-03-27 20:00,62,10,52,0,0,0
2022-03-27 20:15,34,10,24,0,0,0
2022-03-27 20:30,31,5,26,0,0,0
2022-03-27 20:45,31,10,21,0,0,0
2022-03-27 21:00,35,8,27,0,0,0
2022-03-27 21:15,39,7,32,0,0,0
2022-03-27 21:30,24,3,21,0,0,0
2022-03-27 21:45,24,6,18,0,0,0
2022-03-27 22:00,23,7,16,0,0,0
2022-03-27 22:15,17,3,14,0,0,0
2022-03-27 22:30,8,0,8,0,0,0
2022-03-27 22:45,10,1,9,0,0,0
2022-03-27 23:00,8,2,6,0,0,0
2022-03-27 23:15,6,2,4,0,0,0
2022-03-27 23:30,7,3,4,0,0,0
2022-03-27 23:45,3,2,1,0,0,0
2022-03-28 00:00,3,2,1,0,0,0
2022-03-28 00:15,0,0,0,0,0,0
2022-03-28 00:30,1,0,1,0,0,0
2022-03-28 00:45,0,0,0,0,0,0
2022-03-28 01:00,2,0,2,0,0,0
2022-03-28 01:15,0,0,0,0,0,0
2022-03-28 01:30,2,1,1,0,0,0
2022-03-28 01:45,1,0,1,0,0,0
2022-03-28 02:00,4,2,2,0,0,0
2022-03-28 02:15,0,0,0,0,0,0
2022-03-28 02:30,1,1,0,0,0,0
2022-03-28 02:45,0,0,0,0,0,0
2022-03-28 03:00,0,0,0,0,0,0
2022-03-28 03:15,0,0,0,0,0,0
2022-03-28 03:30,0,0,0,0,0,0
2022-03-28 03:45,1,1,0,0,0,0
2022-03-28 04:00,3,2,1,0,0,0
2022-03-28 04:15,0,0,0,0,0,0
2022-03-28 04:30,0,0,0,0,0,0
2022-03-28 04:45,1,0,1,0,0,0
2022-03-28 05:00,1,0,1,0,0,0
2022-03-28 05:15,5,3,2,0,0,0
2022-03-28 05:30,7,0,7,0,0,0
2022-03-28 05:45,10,5,5,0,0,0
2022-03-28 06:00,9,2,7,0,0,0
2022-03-28 06:15,22,8,14,0,0,0
2022-03-28 06:30,30,16,14,0,0,0
2022-03-28 06:45,55,30,25,0,0,0
2022-03-28 07:00,59,16,43,0,0,0
2022-03-28 07:15,93,44,49,0,0,0
2022-03-28 07:30,259,173,86,0,0,0
2022-03-28 07:45,175,93,82,0,0,0
2022-03-28 08:00,96,29,67,0,0,0
2022-03-28 08:15,95,39,56,0,0,0
2022-03-28 08:30,100,54,46,0,0,0
2022-03-28 08:45,103,41,62,0,0,0
2022-03-28 09:00,95,47,48,0,0,0
2022-03-28 09:15,49,19,30,0,0,0
2022-03-28 09:30,77,35,42,0,0,0
2022-03-28 09:45,78,31,47,0,0,0
2022-03-28 10:00,50,32,18,0,0,0
2022-03-28 10:15,54,34,20,0,0,0
2022-03-28 10:30,68,30,38,0,0,0
2022-03-28 10:45,54,18,36,0,0,0
2022-03-28 11:00,59,27,32,0,0,0
2022-03-28 11:15,58,27,31,0,0,0
2022-03-28 11:30,57,26,31,0,0,0
2022-03-28 11:45,80,36,44,0,0,0
2022-03-28 12:00,81,40,41,0,0,0
2022-03-28 12:15,103,27,76,0,0,0
2022-03-28 12:30,90,30,60,0,0,0
2022-03-28 12:45,92,41,51,0,0,0
2022-03-28 13:00,116,37,79,0,0,0
2022-03-28 13:15,112,36,76,0,0,0
2022-03-28 13:30,70,34,36,0,0,0
2022-03-28 13:45,93,35,58,0,0,0
2022-03-28 14:00,88,40,48,0,0,0
2022-03-28 14:15,78,37,41,0,0,0
2022-03-28 14:30,75,39,36,0,0,0
2022-03-28 14:45,100,53,47,0,0,0
2022-03-28 15:00,105,57,48,0,0,0
2022-03-28 15:15,69,44,25,0,0,0
2022-03-28 15:30,126,56,70,0,0,0
2022-03-28 15:45,128,72,56,0,0,0
2022-03-28 16:00,121,73,48,0,0,0
2022-03-28 16:15,125,63,62,0,0,0
2022-03-28 16:30,140,65,75,0,0,0
2022-03-28 16:45,108,64,44,0,0,0
2022-03-28 17:00,120,68,52,0,0,0
2022-03-28 17:15,129,64,65,0,0,0
2022-03-28 17:30,131,53,78,0,0,0
2022-03-28 17:45,129,49,80,0,0,0
2022-03-28 18:00,105,54,51,0,0,0
2022-03-28 18:15,101,55,46,0,0,0
2022-03-28 18:30,75,44,31,0,0,0
2022-03-28 18:45,97,36,61,0,0,0
2022-03-28 19:00,61,22,39,0,0,0
2022-03-28 19:15,74,38,36,0,0,0
2022-03-28 19:30,54,17,37,0,0,0
2022-03-28 19:45,62,25,37,0,0,0
2022-03-28 20:00,75,24,51,0,0,0
2022-03-28 20:15,52,20,32,0,0,0
2022-03-28 20:30,26,9,17,0,0,0
2022-03-28 20:45,25,8,17,0,0,0
2022-03-28 21:00,23,12,11,0,0,0
2022-03-28 21:15,27,9,18,0,0,0
2022-03-28 21:30,20,5,15,0,0,0
2022-03-28 21:45,32,4,28,0,0,0
2022-03-28 22:00,29,1,28,0,0,0
2022-03-28 22:15,17,6,11,0,0,0
2022-03-28 22:30,6,3,3,0,0,0
2022-03-28 22:45,14,0,14,0,0,0
2022-03-28 23:00,11,5,6,0,0,0
2022-03-28 23:15,12,1,11,0,0,0
2022-03-28 23:30,11,2,9,0,0,0
2022-03-28 23:45,3,0,3,0,0,0
2022-03-29 00:00,0,0,0,0,0,0
2022-03-29 00:15,3,1,2,0,0,0
2022-03-29 00:30,2,0,2,0,0,0
2022-03-29 00:45,3,2,1,0,0,0
2022-03-29 01:00,3,1,2,0,0,0
2022-03-29 01:15,3,1,2,0,0,0
2022-03-29 01:30,7,2,5,0,0,0
2022-03-29 01:45,6,1,5,0,0,0
2022-03-29 02:00,1,0,1,0,0,0
2022-03-29 02:15,1,1,0,0,0,0
2022-03-29 02:30,1,1,0,0,0,0
2022-03-29 02:45,2,0,2,0,0,0
2022-03-29 03:00,0,0,0,0,0,0
2022-03-29 03:15,3,2,1,0,0,0
2022-03-29 03:30,0,0,0,0,0,0
2022-03-29 03:45,1,0,1,0,0,0
2022-03-29 04:00,2,1,1,0,0,0
2022-03-29 04:15,3,0,3,0,0,0
2022-03-29 04:30,2,0,2,0,0,0
2022-03-29 04:45,0,0,0,0,0,0
2022-03-29 05:00,0,0,0,0,0,0
2022-03-29 05:15,1,0,1,0,0,0
2022-03-29 05:30,6,0,6,0,0,0
2022-03-29 05:45,10,4,6,0,0,0
2022-03-29 06:00,8,0,8,0,0,0
2022-03-29 06:15,20,8,12,0,0,0
2022-03-29 06:30,30,15,15,0,0,0
2022-03-29 06:45,56,24,32,0,0,0
2022-03-29 07:00,63,20,43,0,0,0
2022-03-29 07:15,82,48,34,0,0,0
2022-03-29 07:30,206,135,71,0,0,0
2022-03-29 07:45,199,105,94,0,0,0
2022-03-29 08:00,117,55,62,0,0,0
2022-03-29 08:15,112,43,69,0,0,0
2022-03-29 08:30,130,59,71,0,0,0
2022-03-29 08:45,144,51,93,0,0,0
2022-03-29 09:00,78,32,46,0,0,0
2022-03-29 09:15,66,36,30,0,0,0
2022-03-29 09:30,81,46,35,0,0,0
2022-03-29 09:45,84,48,36,0,0,0
2022-03-29 10:00,55,30,25,0,0,0
2022-03-29 10:15,60,31,29,0,0,0
2022-03-29 10:30,67,31,36,0,0,0
2022-03-29 10:45,48,15,33,0,0,0
2022-03-29 11:00,64,36,28,0,0,0
2022-03-29 11:15,67,43,24,0,0,0
2022-03-29 11:30,48,23,25,0,0,0
2022-03-29 11:45,72,36,36,0,0,0
2022-03-29 12:00,69,29,40,0,0,0
2022-03-29 12:15,84,39,45,0,0,0
2022-03-29 12:30,77,30,47,0,0,0
2022-03-29 12:45,107,48,59,0,0,0
2022-03-29 13:00,119,34,85,0,0,0
2022-03-29 13:15,111,28,83,0,0,0
2022-03-29 13:30,75,30,45,0,0,0
2022-03-29 13:45,120,75,45,0,0,0
2022-03-29 14:00,114,36,78,0,0,0
2022-03-29 14:15,90,43,47,0,0,0
2022-03-29 14:30,108,43,65,0,0,0
2022-03-29 14:45,121,62,59,0,0,0
2022-03-29 15:00,132,60,72,0,0,0
2022-03-29 15:15,103,53,50,0,0,0
2022-03-29 15:30,113,49,64,0,0,0
2022-03-29 15:45,119,73,46,0,0,0
2022-03-29 16:00,105,61,44,0,0,0
2022-03-29 16:15,119,65,54,0,0,0
2022-03-29 16:30,133,73,60,0,0,0
2022-03-29 16:45,103,55,48,0,0,0
2022-03-29 17:00,135,66,69,0,0,0
2022-03-29 17:15,122,56,66,0,0,0
2022-03-29 17:30,126,65,61,0,0,0
2022-03-29 17:45,116,44,72,0,0,0
2022-03-29 18:00,131,57,74,0,0,0
2022-03-29 18:15,94,43,51,0,0,0
2022-03-29 18:30,85,36,49,0,0,0
2022-03-29 18:45,96,38,58,0,0,0
2022-03-29 19:00,52,21,31,0,0,0
2022-03-29 19:15,67,34,33,0,0,0
2022-03-29 19:30,58,23,35,0,0,0
2022-03-29 19:45,57,33,24,0,0,0
2022-03-29 20:00,73,38,35,0,0,0
2022-03-29 20:15,32,10,22,0,0,0
2022-03-29 20:30,26,11,15,0,0,0
2022-03-29 20:45,36,14,22,0,0,0
2022-03-29 21:00,23,15,8,0,0,0
2022-03-29 21:15,24,11,13,0,0,0
2022-03-29 21:30,20,5,15,0,0,0
2022-03-29 21:45,24,10,14,0,0,0
2022-03-29 22:00,27,5,22,0,0,0
2022-03-29 22:15,20,3,17,0,0,0
2022-03-29 22:30,15,4,11,0,0,0
2022-03-29 22:45,14,1,13,0,0,0
2022-03-29 23:00,19,9,10,0,0,0
2022-03-29 23:15,9,4,5,0,0,0
2022-03-29 23:30,10,1,9,0,0,0
2022-03-29 23:45,6,0,6,0,0,0
2022-03-30 00:00,13,,13,0,,0
2022-03-30 00:15,1,,1,0,,0
2022-03-30 00:30,2,,2,0,,0
2022-03-30 00:45,2,,2,0,,0
2022-03-30 01:00,8,,8,0,,0
2022-03-30 01:15,1,,1,0,,0
2022-03-30 01:30,3,,3,0,,0
2022-03-30 01:45,1,,1,0,,0
2022-03-30 02:00,2,,2,0,,0
2022-03-30 02:15,1,,1,0,,0
2022-03-30 02:30,1,,1,0,,0
2022-03-30 02:45,0,,0,0,,0
2022-03-30 03:00,0,,0,0,,0
2022-03-30 03:15,0,,0,0,,0
2022-03-30 03:30,0,,0,0,,0
2022-03-30 03:45,1,,1,0,,0
2022-03-30 04:00,2,,2,0,,0
2022-03-30 04:15,0,,0,0,,0
2022-03-30 04:30,0,,0,0,,0
2022-03-30 04:45,0,,0,0,,0
2022-03-30 05:00,0,,0,0,,0
2022-03-30 05:15,2,,2,0,,0
2022-03-30 05:30,6,,6,0,,0
2022-03-30 05:45,13,,13,0,,0
2022-03-30 06:00,7,,7,0,,0
2022-03-30 06:15,14,,14,0,,0
2022-03-30 06:30,13,,13,0,,0
2022-03-30 06:45,33,,33,0,,0
2022-03-30 07:00,43,,43,0,,0
2022-03-30 07:15,45,,45,0,,0
2022-03-30 07:30,94,,94,0,,0
2022-03-30 07:45,110,,110,0,,0
2022-03-30 08:00,77,,77,0,,0
2022-03-30 08:15,74,,74,0,,0
2022-03-30 08:30,57,,57,0,,0
2022-03-30 08:45,91,,91,0,,0
2022-03-30 09:00,46,,46,0,,0
2022-03-30 09:15,45,,45,0,,0
2022-03-30 09:30,38,,38,0,,0
2022-03-30 09:45,51,,51,0,,0
2022-03-30 10:00,40,,40,0,,0
2022-03-30 10:15,29,,29,0,,0
2022-03-30 10:30,30,,30,0,,0
2022-03-30 10:45,42,,42,0,,0
2022-03-30 11:00,36,,36,0,,0
2022-03-30 11:15,46,,46,0,,0
2022-03-30 11:30,47,,47,0,,0
2022-03-30 11:45,45,,45,0,,0
2022-03-30 12:00,49,,49,0,,0
2022-03-30 12:15,49,,49,0,,0
2022-03-30 12:30,81,,81,0,,0
2022-03-30 12:45,48,,48,0,,0
2022-03-30 13:00,116,,116,0,,0
2022-03-30 13:15,134,,134,0,,0
2022-03-30 13:30,59,,59,0,,0
2022-03-30 13:45,52,,52,0,,0
2022-03-30 14:00,77,,77,0,,0
2022-03-30 14:15,42,,42,0,,0
2022-03-30 14:30,57,,57,0,,0
2022-03-30 14:45,76,,76,0,,0
2022-03-30 15:00,56,,56,0,,0
2022-03-30 15:15,63,,63,0,,0
2022-03-30 15:30,77,,77,0,,0
2022-03-30 15:45,44,,44,0,,0
2022-03-30 16:00,59,,59,0,,0
2022-03-30 16:15,66,,66,0,,0
2022-03-30 16:30,58,,58,0,,0
2022-03-30 16:45,62,,62,0,,0
2022-03-30 17:00,53,,53,0,,0
2022-03-30 17:15,55,,55,0,,0
2022-03-30 17:30,54,,54,0,,0
2022-03-30 17:45,65,,65,0,,0
2022-03-30 18:00,50,,50,0,,0
2022-03-30 18:15,62,,62,0,,0
2022-03-30 18:30,44,,44,0,,0
2022-03-30 18:45,35,,35,0,,0
2022-03-30 19:00,31,,31,0,,0
2022-03-30 19:15,36,,36,0,,0
2022-03-30 19:30,24,,24,0,,0
2022-03-30 19:45,25,,25,0,,0
2022-03-30 20:00,24,,24,0,,0
2022-03-30 20:15,22,,22,0,,0
2022-03-30 20:30,22,,22,0,,0
2022-03-30 20:45,27,,27,0,,0
2022-03-30 21:00,20,,20,0,,0
2022-03-30 21:15,22,,22,0,,0
2022-03-30 21:30,12,,12,0,,0
2022-03-30 21:45,14,,14,0,,0
2022-03-30 22:00,9,,9,0,,0
2022-03-30 22:15,19,,19,0,,0
2022-03-30 22:30,13,,13,0,,0
2022-03-30 22:45,9,,9,0,,0
2022-03-30 23:00,8,,8,0,,0
2022-03-30 23:15,12,,12,0,,0
2022-03-30 23:30,6,,6,0,,0
2022-03-30 23:45,3,,3,0,,0
