Datetime,100034982 (Hüfferstraße),101034982 (Hüfferstraße stadteinwärts),102034982 (Hüfferstraße stadtauswärts),100034982-status,101034982-status,102034982-status
2022-05-01 00:00,39,23,16,0,0,0
2022-05-01 00:15,16,1,15,0,0,0
2022-05-01 00:30,21,3,18,0,0,0
2022-05-01 00:45,17,5,12,0,0,0
2022-05-01 01:00,23,2,21,0,0,0
2022-05-01 01:15,28,11,17,0,0,0
2022-05-01 01:30,16,2,14,0,0,0
2022-05-01 01:45,13,2,11,0,0,0
2022-05-01 02:00,13,1,12,0,0,0
2022-05-01 02:15,11,1,10,0,0,0
2022-05-01 02:30,14,0,14,0,0,0
2022-05-01 02:45,6,2,4,0,0,0
2022-05-01 03:00,20,9,11,0,0,0
2022-05-01 03:15,11,2,9,0,0,0
2022-05-01 03:30,9,3,6,0,0,0
2022-05-01 03:45,6,0,6,0,0,0
2022-05-01 04:00,13,0,13,0,0,0
2022-05-01 04:15,6,0,6,0,0,0
2022-05-01 04:30,10,1,9,0,0,0
2022-05-01 04:45,2,2,0,0,0,0
2022-05-01 05:00,5,0,5,0,0,0
2022-05-01 05:15,2,0,2,0,0,0
2022-05-01 05:30,6,0,6,0,0,0
2022-05-01 05:45,6,4,2,0,0,0
2022-05-01 06:00,8,1,7,0,0,0
2022-05-01 06:15,5,3,2,0,0,0
2022-05-01 06:30,9,7,2,0,0,0
2022-05-01 06:45,3,3,0,0,0,0
2022-05-01 07:00,6,2,4,0,0,0
2022-05-01 07:15,6,1,5,0,0,0
2022-05-01 07:30,8,2,6,0,0,0
2022-05-01 07:45,13,5,8,0,0,0
2022-05-01 08:00,8,5,3,0,0,0
2022-05-01 08:15,11,3,8,0,0,0
2022-05-01 08:30,12,9,3,0,0,0
2022-05-01 08:45,10,5,5,0,0,0
2022-05-01 09:00,12,11,1,0,0,0
2022-05-01 09:15,9,6,3,0,0,0
2022-05-01 09:30,28,18,10,0,0,0
2022-05-01 09:45,24,18,6,0,0,0
2022-05-01 10:00,18,15,3,0,0,0
2022-05-01 10:15,31,15,16,0,0,0
2022-05-01 10:30,27,15,12,0,0,0
2022-05-01 10:45,47,30,17,0,0,0
2022-05-01 11:00,44,18,26,0,0,0
2022-05-01 11:15,57,40,17,0,0,0
2022-05-01 11:30,32,21,11,0,0,0
2022-05-01 11:45,73,39,34,0,0,0
2022-05-01 12:00,37,24,13,0,0,0
2022-05-01 12:15,64,41,23,0,0,0
2022-05-01 12:30,46,26,20,0,0,0
2022-05-01 12:45,54,30,24,0,0,0
2022-05-01 13:00,56,22,34,0,0,0
2022-05-01 13:15,49,20,29,0,0,0
2022-05-01 13:30,64,31,33,0,0,0
2022-05-01 13:45,80,37,43,0,0,0
2022-05-01 14:00,42,22,20,0,0,0
2022-05-01 14:15,49,15,34,0,0,0
2022-05-01 14:30,69,26,43,0,0,0
2022-05-01 14:45,71,39,32,0,0,0
2022-05-01 15:00,80,39,41,0,0,0
2022-05-01 15:15,52,23,29,0,0,0
2022-05-01 15:30,81,38,43,0,0,0
2022-05-01 15:45,108,54,54,0,0,0
2022-05-01 16:00,88,42,46,0,0,0
2022-05-01 16:15,48,20,28,0,0,0
2022-05-01 16:30,65,31,34,0,0,0
2022-05-01 16:45,45,19,26,0,0,0
2022-05-01 17:00,88,39,49,0,0,0
2022-05-01 17:15,40,18,22,0,0,0
2022-05-01 17:30,56,30,26,0,0,0
2022-05-01 17:45,57,17,40,0,0,0
2022-05-01 18:00,57,27,30,0,0,0
2022-05-01 18:15,48,24,24,0,0,0
2022-05-01 18:30,76,42,34,0,0,0
2022-05-01 18:45,43,15,28,0,0,0
2022-05-01 19:00,40,15,25,0,0,0
2022-05-01 19:15,58,21,37,0,0,0
2022-05-01 19:30,43,21,22,0,0,0
2022-05-01 19:45,25,9,16,0,0,0
2022-05-01 20:00,40,9,31,0,0,0
2022-05-01 20:15,44,19,25,0,0,0
2022-05-01 20:30,29,6,23,0,0,0
2022-05-01 20:45,30,10,20,0,0,0
2022-05-01 21:00,27,6,21,0,0,0
2022-05-01 21:15,34,10,24,0,0,0
2022-05-01 21:30,30,4,26,0,0,0
2022-05-01 21:45,22,3,19,0,0,0
2022-05-01 22:00,29,10,19,0,0,0
2022-05-01 22:15,13,6,7,0,0,0
2022-05-01 22:30,15,3,12,0,0,0
2022-05-01 22:45,15,4,11,0,0,0
2022-05-01 23:00,16,4,12,0,0,0
2022-05-01 23:15,8,1,7,0,0,0
2022-05-01 23:30,8,3,5,0,0,0
2022-05-01 23:45,6,2,4,0,0,0
2022-05-02 00:00,0,0,0,0,0,0
2022-05-02 00:15,5,2,3,0,0,0
2022-05-02 00:30,1,0,1,0,0,0
2022-05-02 00:45,3,0,3,0,0,0
2022-05-02 01:00,4,3,1,0,0,0
2022-05-02 01:15,4,1,3,0,0,0
2022-05-02 01:30,1,1,0,0,0,0
2022-05-02 01:45,2,0,2,0,0,0
2022-05-02 02:00,1,0,1,0,0,0
2022-05-02 02:15,0,0,0,0,0,0
2022-05-02 02:30,1,0,1,0,0,0
2022-05-02 02:45,0,0,0,0,0,0
2022-05-02 03:00,1,0,1,0,0,0
2022-05-02 03:15,0,0,0,0,0,0
2022-05-02 03:30,2,0,2,0,0,0
2022-05-02 03:45,1,1,0,0,0,0
2022-05-02 04:00,3,2,1,0,0,0
2022-05-02 04:15,0,0,0,0,0,0
2022-05-02 04:30,1,1,0,0,0,0
2022-05-02 04:45,1,0,1,0,0,0
2022-05-02 05:00,3,2,1,0,0,0
2022-05-02 05:15,1,0,1,0,0,0
2022-05-02 05:30,9,3,6,0,0,0
2022-05-02 05:45,7,2,5,0,0,0
2022-05-02 06:00,11,6,5,0,0,0
2022-05-02 06:15,25,11,14,0,0,0
2022-05-02 06:30,48,23,25,0,0,0
2022-05-02 06:45,71,28,43,0,0,0
2022-05-02 07:00,76,24,52,0,0,0
2022-05-02 07:15,112,57,55,0,0,0
2022-05-02 07:30,277,208,69,0,0,0
2022-05-02 07:45,202,86,116,0,0,0
2022-05-02 08:00,187,61,126,0,0,0
2022-05-02 08:15,136,54,82,0,0,0
2022-05-02 08:30,141,65,76,0,0,0
2022-05-02 08:45,146,72,74,0,0,0
2022-05-02 09:00,130,59,71,0,0,0
2022-05-02 09:15,67,31,36,0,0,0
2022-05-02 09:30,99,53,46,0,0,0
2022-05-02 09:45,174,81,93,0,0,0
2022-05-02 10:00,246,118,128,0,0,0
2022-05-02 10:15,66,39,27,0,0,0
2022-05-02 10:30,61,35,26,0,0,0
2022-05-02 10:45,69,34,35,0,0,0
2022-05-02 11:00,73,34,39,0,0,0
2022-05-02 11:15,92,56,36,0,0,0
2022-05-02 11:30,75,33,42,0,0,0
2022-05-02 11:45,179,109,70,0,0,0
2022-05-02 12:00,158,67,91,0,0,0
2022-05-02 12:15,153,54,99,0,0,0
2022-05-02 12:30,104,42,62,0,0,0
2022-05-02 12:45,111,56,55,0,0,0
2022-05-02 13:00,184,61,123,0,0,0
2022-05-02 13:15,125,52,73,0,0,0
2022-05-02 13:30,109,36,73,0,0,0
2022-05-02 13:45,179,81,98,0,0,0
2022-05-02 14:00,242,133,109,0,0,0
2022-05-02 14:15,122,60,62,0,0,0
2022-05-02 14:30,124,59,65,0,0,0
2022-05-02 14:45,145,81,64,0,0,0
2022-05-02 15:00,126,76,50,0,0,0
2022-05-02 15:15,152,73,79,0,0,0
2022-05-02 15:30,197,88,109,0,0,0
2022-05-02 15:45,264,136,128,0,0,0
2022-05-02 16:00,254,145,109,0,0,0
2022-05-02 16:15,174,96,78,0,0,0
2022-05-02 16:30,164,90,74,0,0,0
2022-05-02 16:45,166,79,87,0,0,0
2022-05-02 17:00,167,92,75,0,0,0
2022-05-02 17:15,170,79,91,0,0,0
2022-05-02 17:30,177,94,83,0,0,0
2022-05-02 17:45,254,118,136,0,0,0
2022-05-02 18:00,218,90,128,0,0,0
2022-05-02 18:15,114,47,67,0,0,0
2022-05-02 18:30,97,39,58,0,0,0
2022-05-02 18:45,118,63,55,0,0,0
2022-05-02 19:00,95,42,53,0,0,0
2022-05-02 19:15,64,18,46,0,0,0
2022-05-02 19:30,102,42,60,0,0,0
2022-05-02 19:45,94,33,61,0,0,0
2022-05-02 20:00,99,32,67,0,0,0
2022-05-02 20:15,65,23,42,0,0,0
2022-05-02 20:30,36,13,23,0,0,0
2022-05-02 20:45,36,12,24,0,0,0
2022-05-02 21:00,40,8,32,0,0,0
2022-05-02 21:15,48,21,27,0,0,0
2022-05-02 21:30,35,9,26,0,0,0
2022-05-02 21:45,38,13,25,0,0,0
2022-05-02 22:00,32,12,20,0,0,0
2022-05-02 22:15,46,24,22,0,0,0
2022-05-02 22:30,23,10,13,0,0,0
2022-05-02 22:45,16,2,14,0,0,0
2022-05-02 23:00,23,7,16,0,0,0
2022-05-02 23:15,10,7,3,0,0,0
2022-05-02 23:30,1,0,1,0,0,0
2022-05-02 23:45,5,2,3,0,0,0
2022-05-03 00:00,2,2,0,0,0,0
2022-05-03 00:15,4,2,2,0,0,0
2022-05-03 00:30,2,0,2,0,0,0
2022-05-03 00:45,6,1,5,0,0,0
2022-05-03 01:00,3,0,3,0,0,0
2022-05-03 01:15,3,3,0,0,0,0
2022-05-03 01:30,1,1,0,0,0,0
2022-05-03 01:45,2,1,1,0,0,0
2022-05-03 02:00,0,0,0,0,0,0
2022-05-03 02:15,1,1,0,0,0,0
2022-05-03 02:30,1,1,0,0,0,0
2022-05-03 02:45,0,0,0,0,0,0
2022-05-03 03:00,1,0,1,0,0,0
2022-05-03 03:15,0,0,0,0,0,0
2022-05-03 03:30,0,0,0,0,0,0
2022-05-03 03:45,0,0,0,0,0,0
2022-05-03 04:00,0,0,0,0,0,0
2022-05-03 04:15,1,0,1,0,0,0
2022-05-03 04:30,4,0,4,0,0,0
2022-05-03 04:45,2,0,2,0,0,0
2022-05-03 05:00,1,1,0,0,0,0
2022-05-03 05:15,2,1,1,0,0,0
2022-05-03 05:30,4,1,3,0,0,0
2022-05-03 05:45,19,10,9,0,0,0
2022-05-03 06:00,13,4,9,0,0,0
2022-05-03 06:15,21,8,13,0,0,0
2022-05-03 06:30,52,20,32,0,0,0
2022-05-03 06:45,56,24,32,0,0,0
2022-05-03 07:00,88,33,55,0,0,0
2022-05-03 07:15,129,67,62,0,0,0
2022-05-03 07:30,263,180,83,0,0,0
2022-05-03 07:45,241,102,139,0,0,0
2022-05-03 08:00,314,133,181,0,0,0
2022-05-03 08:15,172,98,74,0,0,0
2022-05-03 08:30,127,59,68,0,0,0
2022-05-03 08:45,145,57,88,0,0,0
2022-05-03 09:00,103,49,54,0,0,0
2022-05-03 09:15,90,43,47,0,0,0
2022-05-03 09:30,111,60,51,0,0,0
2022-05-03 09:45,224,78,146,0,0,0
2022-05-03 10:00,245,97,148,0,0,0
2022-05-03 10:15,100,45,55,0,0,0
2022-05-03 10:30,81,40,41,0,0,0
2022-05-03 10:45,64,36,28,0,0,0
2022-05-03 11:00,81,47,34,0,0,0
2022-05-03 11:15,99,50,49,0,0,0
2022-05-03 11:30,99,58,41,0,0,0
2022-05-03 11:45,266,141,125,0,0,0
2022-05-03 12:00,200,90,110,0,0,0
2022-05-03 12:15,138,63,75,0,0,0
2022-05-03 12:30,96,35,61,0,0,0
2022-05-03 12:45,107,46,61,0,0,0
2022-05-03 13:00,171,63,108,0,0,0
2022-05-03 13:15,181,55,126,0,0,0
2022-05-03 13:30,150,60,90,0,0,0
2022-05-03 13:45,297,144,153,0,0,0
2022-05-03 14:00,198,88,110,0,0,0
2022-05-03 14:15,128,53,75,0,0,0
2022-05-03 14:30,126,82,44,0,0,0
2022-05-03 14:45,139,56,83,0,0,0
2022-05-03 15:00,122,50,72,0,0,0
2022-05-03 15:15,155,95,60,0,0,0
2022-05-03 15:30,164,81,83,0,0,0
2022-05-03 15:45,318,156,162,0,0,0
2022-05-03 16:00,249,143,106,0,0,0
2022-05-03 16:15,200,109,91,0,0,0
2022-05-03 16:30,172,86,86,0,0,0
2022-05-03 16:45,152,82,70,0,0,0
2022-05-03 17:00,159,86,73,0,0,0
2022-05-03 17:15,157,91,66,0,0,0
2022-05-03 17:30,204,113,91,0,0,0
2022-05-03 17:45,280,147,133,0,0,0
2022-05-03 18:00,198,103,95,0,0,0
2022-05-03 18:15,120,58,62,0,0,0
2022-05-03 18:30,119,51,68,0,0,0
2022-05-03 18:45,118,41,77,0,0,0
2022-05-03 19:00,77,36,41,0,0,0
2022-05-03 19:15,98,42,56,0,0,0
2022-05-03 19:30,91,30,61,0,0,0
2022-05-03 19:45,102,38,64,0,0,0
2022-05-03 20:00,96,32,64,0,0,0
2022-05-03 20:15,70,30,40,0,0,0
2022-05-03 20:30,51,22,29,0,0,0
2022-05-03 20:45,38,15,23,0,0,0
2022-05-03 21:00,40,23,17,0,0,0
2022-05-03 21:15,41,13,28,0,0,0
2022-05-03 21:30,26,10,16,0,0,0
2022-05-03 21:45,59,9,50,0,0,0
2022-05-03 22:00,34,10,24,0,0,0
2022-05-03 22:15,53,14,39,0,0,0
2022-05-03 22:30,30,6,24,0,0,0
2022-05-03 22:45,24,2,22,0,0,0
2022-05-03 23:00,10,1,9,0,0,0
2022-05-03 23:15,15,4,11,0,0,0
2022-05-03 23:30,14,0,14,0,0,0
2022-05-03 23:45,14,3,11,0,0,0
2022-05-04 00:00,8,2,6,0,0,0
2022-05-04 00:15,8,1,7,0,0,0
2022-05-04 00:30,5,1,4,0,0,0
2022-05-04 00:45,5,1,4,0,0,0
2022-05-04 01:00,1,0,1,0,0,0
2022-05-04 01:15,1,0,1,0,0,0
2022-05-04 01:30,2,0,2,0,0,0
2022-05-04 01:45,0,0,0,0,0,0
2022-05-04 02:00,0,0,0,0,0,0
2022-05-04 02:15,1,0,1,0,0,0
2022-05-04 02:30,2,0,2,0,0,0
2022-05-04 02:45,3,0,3,0,0,0
2022-05-04 03:00,0,0,0,0,0,0
2022-05-04 03:15,6,1,5,0,0,0
2022-05-04 03:30,0,0,0,0,0,0
2022-05-04 03:45,1,1,0,0,0,0
2022-05-04 04:00,1,0,1,0,0,0
2022-05-04 04:15,0,0,0,0,0,0
2022-05-04 04:30,2,1,1,0,0,0
2022-05-04 04:45,0,0,0,0,0,0
2022-05-04 05:00,1,1,0,0,0,0
2022-05-04 05:15,10,1,9,0,0,0
2022-05-04 05:30,12,6,6,0,0,0
2022-05-04 05:45,14,6,8,0,0,0
2022-05-04 06:00,18,7,11,0,0,0
2022-05-04 06:15,32,16,16,0,0,0
2022-05-04 06:30,48,25,23,0,0,0
2022-05-04 06:45,73,27,46,0,0,0
2022-05-04 07:00,76,35,41,0,0,0
2022-05-04 07:15,119,66,53,0,0,0
2022-05-04 07:30,266,184,82,0,0,0
2022-05-04 07:45,250,98,152,0,0,0
2022-05-04 08:00,251,83,168,0,0,0
2022-05-04 08:15,154,75,79,0,0,0
2022-05-04 08:30,157,81,76,0,0,0
2022-05-04 08:45,211,114,97,0,0,0
2022-05-04 09:00,140,70,70,0,0,0
2022-05-04 09:15,92,43,49,0,0,0
2022-05-04 09:30,139,77,62,0,0,0
2022-05-04 09:45,245,136,109,0,0,0
2022-05-04 10:00,221,110,111,0,0,0
2022-05-04 10:15,96,57,39,0,0,0
2022-05-04 10:30,66,33,33,0,0,0
2022-05-04 10:45,71,31,40,0,0,0
2022-05-04 11:00,84,45,39,0,0,0
2022-05-04 11:15,108,58,50,0,0,0
2022-05-04 11:30,118,50,68,0,0,0
2022-05-04 11:45,239,121,118,0,0,0
2022-05-04 12:00,177,76,101,0,0,0
2022-05-04 12:15,171,71,100,0,0,0
2022-05-04 12:30,163,69,94,0,0,0
2022-05-04 12:45,185,82,103,0,0,0
2022-05-04 13:00,190,65,125,0,0,0
2022-05-04 13:15,197,79,118,0,0,0
2022-05-04 13:30,170,70,100,0,0,0
2022-05-04 13:45,298,137,161,0,0,0
2022-05-04 14:00,228,87,141,0,0,0
2022-05-04 14:15,121,62,59,0,0,0
2022-05-04 14:30,148,61,87,0,0,0
2022-05-04 14:45,125,61,64,0,0,0
2022-05-04 15:00,170,93,77,0,0,0
2022-05-04 15:15,150,89,61,0,0,0
2022-05-04 15:30,189,98,91,0,0,0
2022-05-04 15:45,239,140,99,0,0,0
2022-05-04 16:00,211,109,102,0,0,0
2022-05-04 16:15,203,99,104,0,0,0
2022-05-04 16:30,191,117,74,0,0,0
2022-05-04 16:45,198,96,102,0,0,0
2022-05-04 17:00,179,94,85,0,0,0
2022-05-04 17:15,172,100,72,0,0,0
2022-05-04 17:30,199,96,103,0,0,0
2022-05-04 17:45,213,92,121,0,0,0
2022-05-04 18:00,268,125,143,0,0,0
2022-05-04 18:15,146,54,92,0,0,0
2022-05-04 18:30,114,47,67,0,0,0
2022-05-04 18:45,133,51,82,0,0,0
2022-05-04 19:00,110,48,62,0,0,0
2022-05-04 19:15,85,34,51,0,0,0
2022-05-04 19:30,100,38,62,0,0,0
2022-05-04 19:45,127,60,67,0,0,0
2022-05-04 20:00,112,50,62,0,0,0
2022-05-04 20:15,83,38,45,0,0,0
2022-05-04 20:30,68,35,33,0,0,0
2022-05-04 20:45,76,27,49,0,0,0
2022-05-04 21:00,66,34,32,0,0,0
2022-05-04 21:15,39,14,25,0,0,0
2022-05-04 21:30,62,22,40,0,0,0
2022-05-04 21:45,55,14,41,0,0,0
2022-05-04 22:00,43,16,27,0,0,0
2022-05-04 22:15,43,17,26,0,0,0
2022-05-04 22:30,40,9,31,0,0,0
2022-05-04 22:45,33,11,22,0,0,0
2022-05-04 23:00,34,19,15,0,0,0
2022-05-04 23:15,45,24,21,0,0,0
2022-05-04 23:30,43,29,14,0,0,0
2022-05-04 23:45,22,7,15,0,0,0
2022-05-05 00:00,72,54,18,0,0,0
2022-05-05 00:15,25,19,6,0,0,0
2022-05-05 00:30,16,10,6,0,0,0
2022-05-05 00:45,19,16,3,0,0,0
2022-05-05 01:00,9,1,8,0,0,0
2022-05-05 01:15,7,0,7,0,0,0
2022-05-05 01:30,5,1,4,0,0,0
2022-05-05 01:45,5,0,5,0,0,0
2022-05-05 02:00,3,1,2,0,0,0
2022-05-05 02:15,6,0,6,0,0,0
2022-05-05 02:30,12,0,12,0,0,0
2022-05-05 02:45,5,0,5,0,0,0
2022-05-05 03:00,9,0,9,0,0,0
2022-05-05 03:15,16,0,16,0,0,0
2022-05-05 03:30,18,1,17,0,0,0
2022-05-05 03:45,18,3,15,0,0,0
2022-05-05 04:00,28,0,28,0,0,0
2022-05-05 04:15,33,0,33,0,0,0
2022-05-05 04:30,6,1,5,0,0,0
2022-05-05 04:45,19,1,18,0,0,0
2022-05-05 05:00,11,1,10,0,0,0
2022-05-05 05:15,22,1,21,0,0,0
2022-05-05 05:30,23,3,20,0,0,0
2022-05-05 05:45,16,6,10,0,0,0
2022-05-05 06:00,19,7,12,0,0,0
2022-05-05 06:15,38,7,31,0,0,0
2022-05-05 06:30,38,14,24,0,0,0
2022-05-05 06:45,53,16,37,0,0,0
2022-05-05 07:00,74,31,43,0,0,0
2022-05-05 07:15,125,58,67,0,0,0
2022-05-05 07:30,262,169,93,0,0,0
2022-05-05 07:45,237,102,135,0,0,0
2022-05-05 08:00,269,76,193,0,0,0
2022-05-05 08:15,166,57,109,0,0,0
2022-05-05 08:30,102,59,43,0,0,0
2022-05-05 08:45,123,61,62,0,0,0
2022-05-05 09:00,97,48,49,0,0,0
2022-05-05 09:15,101,55,46,0,0,0
2022-05-05 09:30,83,40,43,0,0,0
2022-05-05 09:45,224,144,80,0,0,0
2022-05-05 10:00,201,78,123,0,0,0
2022-05-05 10:15,70,34,36,0,0,0
2022-05-05 10:30,83,44,39,0,0,0
2022-05-05 10:45,84,42,42,0,0,0
2022-05-05 11:00,80,49,31,0,0,0
2022-05-05 11:15,98,50,48,0,0,0
2022-05-05 11:30,112,61,51,0,0,0
2022-05-05 11:45,183,89,94,0,0,0
2022-05-05 12:00,202,96,106,0,0,0
2022-05-05 12:15,133,68,65,0,0,0
2022-05-05 12:30,112,50,62,0,0,0
2022-05-05 12:45,132,73,59,0,0,0
2022-05-05 13:00,178,74,104,0,0,0
2022-05-05 13:15,130,51,79,0,0,0
2022-05-05 13:30,121,64,57,0,0,0
2022-05-05 13:45,222,103,119,0,0,0
2022-05-05 14:00,217,95,122,0,0,0
2022-05-05 14:15,146,67,79,0,0,0
2022-05-05 14:30,124,55,69,0,0,0
2022-05-05 14:45,168,83,85,0,0,0
2022-05-05 15:00,126,51,75,0,0,0
2022-05-05 15:15,143,75,68,0,0,0
2022-05-05 15:30,167,79,88,0,0,0
2022-05-05 15:45,238,119,119,0,0,0
2022-05-05 16:00,207,118,89,0,0,0
2022-05-05 16:15,172,91,81,0,0,0
2022-05-05 16:30,160,92,68,0,0,0
2022-05-05 16:45,190,101,89,0,0,0
2022-05-05 17:00,149,73,76,0,0,0
2022-05-05 17:15,170,91,79,0,0,0
2022-05-05 17:30,183,89,94,0,0,0
2022-05-05 17:45,224,116,108,0,0,0
2022-05-05 18:00,159,81,78,0,0,0
2022-05-05 18:15,125,67,58,0,0,0
2022-05-05 18:30,113,52,61,0,0,0
2022-05-05 18:45,117,48,69,0,0,0
2022-05-05 19:00,98,53,45,0,0,0
2022-05-05 19:15,97,42,55,0,0,0
2022-05-05 19:30,88,42,46,0,0,0
2022-05-05 19:45,98,52,46,0,0,0
2022-05-05 20:00,69,25,44,0,0,0
2022-05-05 20:15,68,27,41,0,0,0
2022-05-05 20:30,46,15,31,0,0,0
2022-05-05 20:45,36,14,22,0,0,0
2022-05-05 21:00,34,11,23,0,0,0
2022-05-05 21:15,60,22,38,0,0,0
2022-05-05 21:30,43,15,28,0,0,0
2022-05-05 21:45,33,10,23,0,0,0
2022-05-05 22:00,45,19,26,0,0,0
2022-05-05 22:15,25,9,16,0,0,0
2022-05-05 22:30,49,8,41,0,0,0
2022-05-05 22:45,21,1,20,0,0,0
2022-05-05 23:00,21,1,20,0,0,0
2022-05-05 23:15,19,3,16,0,0,0
2022-05-05 23:30,26,3,23,0,0,0
2022-05-05 23:45,20,5,15,0,0,0
2022-05-06 00:00,6,2,4,0,0,0
2022-05-06 00:15,10,3,7,0,0,0
2022-05-06 00:30,6,1,5,0,0,0
2022-05-06 00:45,3,1,2,0,0,0
2022-05-06 01:00,5,1,4,0,0,0
2022-05-06 01:15,5,0,5,0,0,0
2022-05-06 01:30,6,1,5,0,0,0
2022-05-06 01:45,5,3,2,0,0,0
2022-05-06 02:00,1,1,0,0,0,0
2022-05-06 02:15,1,0,1,0,0,0
2022-05-06 02:30,5,0,5,0,0,0
2022-05-06 02:45,4,1,3,0,0,0
2022-05-06 03:00,2,0,2,0,0,0
2022-05-06 03:15,3,1,2,0,0,0
2022-05-06 03:30,6,1,5,0,0,0
2022-05-06 03:45,5,0,5,0,0,0
2022-05-06 04:00,0,0,0,0,0,0
2022-05-06 04:15,2,0,2,0,0,0
2022-05-06 04:30,2,0,2,0,0,0
2022-05-06 04:45,3,1,2,0,0,0
2022-05-06 05:00,2,2,0,0,0,0
2022-05-06 05:15,3,0,3,0,0,0
2022-05-06 05:30,10,5,5,0,0,0
2022-05-06 05:45,11,3,8,0,0,0
2022-05-06 06:00,14,7,7,0,0,0
2022-05-06 06:15,16,7,9,0,0,0
2022-05-06 06:30,45,17,28,0,0,0
2022-05-06 06:45,40,14,26,0,0,0
2022-05-06 07:00,62,18,44,0,0,0
2022-05-06 07:15,85,47,38,0,0,0
2022-05-06 07:30,276,199,77,0,0,0
2022-05-06 07:45,195,78,117,0,0,0
2022-05-06 08:00,226,58,168,0,0,0
2022-05-06 08:15,145,66,79,0,0,0
2022-05-06 08:30,136,57,79,0,0,0
2022-05-06 08:45,153,68,85,0,0,0
2022-05-06 09:00,90,42,48,0,0,0
2022-05-06 09:15,58,27,31,0,0,0
2022-05-06 09:30,92,59,33,0,0,0
2022-05-06 09:45,185,116,69,0,0,0
2022-05-06 10:00,168,84,84,0,0,0
2022-05-06 10:15,79,50,29,0,0,0
2022-05-06 10:30,62,30,32,0,0,0
2022-05-06 10:45,82,51,31,0,0,0
2022-05-06 11:00,96,63,33,0,0,0
2022-05-06 11:15,90,44,46,0,0,0
2022-05-06 11:30,99,51,48,0,0,0
2022-05-06 11:45,156,92,64,0,0,0
2022-05-06 12:00,148,79,69,0,0,0
2022-05-06 12:15,144,44,100,0,0,0
2022-05-06 12:30,140,68,72,0,0,0
2022-05-06 12:45,123,56,67,0,0,0
2022-05-06 13:00,226,74,152,0,0,0
2022-05-06 13:15,177,61,116,0,0,0
2022-05-06 13:30,120,46,74,0,0,0
2022-05-06 13:45,174,80,94,0,0,0
2022-05-06 14:00,196,87,109,0,0,0
2022-05-06 14:15,129,71,58,0,0,0
2022-05-06 14:30,154,84,70,0,0,0
2022-05-06 14:45,178,80,98,0,0,0
2022-05-06 15:00,164,94,70,0,0,0
2022-05-06 15:15,129,75,54,0,0,0
2022-05-06 15:30,146,88,58,0,0,0
2022-05-06 15:45,174,106,68,0,0,0
2022-05-06 16:00,171,108,63,0,0,0
2022-05-06 16:15,134,76,58,0,0,0
2022-05-06 16:30,130,72,58,0,0,0
2022-05-06 16:45,130,74,56,0,0,0
2022-05-06 17:00,118,71,47,0,0,0
2022-05-06 17:15,119,45,74,0,0,0
2022-05-06 17:30,116,71,45,0,0,0
2022-05-06 17:45,124,61,63,0,0,0
2022-05-06 18:00,144,58,86,0,0,0
2022-05-06 18:15,109,44,65,0,0,0
2022-05-06 18:30,93,42,51,0,0,0
2022-05-06 18:45,108,45,63,0,0,0
2022-05-06 19:00,72,29,43,0,0,0
2022-05-06 19:15,67,30,37,0,0,0
2022-05-06 19:30,74,34,40,0,0,0
2022-05-06 19:45,81,32,49,0,0,0
2022-05-06 20:00,75,41,34,0,0,0
2022-05-06 20:15,72,23,49,0,0,0
2022-05-06 20:30,50,36,14,0,0,0
2022-05-06 20:45,64,22,42,0,0,0
2022-05-06 21:00,65,30,35,0,0,0
2022-05-06 21:15,48,19,29,0,0,0
2022-05-06 21:30,37,10,27,0,0,0
2022-05-06 21:45,38,10,28,0,0,0
2022-05-06 22:00,41,12,29,0,0,0
2022-05-06 22:15,33,9,24,0,0,0
2022-05-06 22:30,44,8,36,0,0,0
2022-05-06 22:45,40,12,28,0,0,0
2022-05-06 23:00,29,4,25,0,0,0
2022-05-06 23:15,49,8,41,0,0,0
2022-05-06 23:30,35,16,19,0,0,0
2022-05-06 23:45,20,3,17,0,0,0
2022-05-07 00:00,20,2,18,0,0,0
2022-05-07 00:15,25,5,20,0,0,0
2022-05-07 00:30,25,11,14,0,0,0
2022-05-07 00:45,21,2,19,0,0,0
2022-05-07 01:00,12,1,11,0,0,0
2022-05-07 01:15,25,7,18,0,0,0
2022-05-07 01:30,16,2,14,0,0,0
2022-05-07 01:45,13,1,12,0,0,0
2022-05-07 02:00,8,3,5,0,0,0
2022-05-07 02:15,10,3,7,0,0,0
2022-05-07 02:30,15,5,10,0,0,0
2022-05-07 02:45,11,2,9,0,0,0
2022-05-07 03:00,10,7,3,0,0,0
2022-05-07 03:15,11,5,6,0,0,0
2022-05-07 03:30,5,1,4,0,0,0
2022-05-07 03:45,2,0,2,0,0,0
2022-05-07 04:00,4,0,4,0,0,0
2022-05-07 04:15,6,3,3,0,0,0
2022-05-07 04:30,8,1,7,0,0,0
2022-05-07 04:45,1,0,1,0,0,0
2022-05-07 05:00,2,0,2,0,0,0
2022-05-07 05:15,9,6,3,0,0,0
2022-05-07 05:30,8,1,7,0,0,0
2022-05-07 05:45,10,6,4,0,0,0
2022-05-07 06:00,5,2,3,0,0,0
2022-05-07 06:15,2,1,1,0,0,0
2022-05-07 06:30,7,6,1,0,0,0
2022-05-07 06:45,25,18,7,0,0,0
2022-05-07 07:00,13,13,0,0,0,0
2022-05-07 07:15,15,11,4,0,0,0
2022-05-07 07:30,22,15,7,0,0,0
2022-05-07 07:45,26,8,18,0,0,0
2022-05-07 08:00,19,11,8,0,0,0
2022-05-07 08:15,34,27,7,0,0,0
2022-05-07 08:30,65,38,27,0,0,0
2022-05-07 08:45,79,43,36,0,0,0
2022-05-07 09:00,71,37,34,0,0,0
2022-05-07 09:15,72,53,19,0,0,0
2022-05-07 09:30,65,46,19,0,0,0
2022-05-07 09:45,102,67,35,0,0,0
2022-05-07 10:00,90,62,28,0,0,0
2022-05-07 10:15,76,52,24,0,0,0
2022-05-07 10:30,97,47,50,0,0,0
2022-05-07 10:45,108,80,28,0,0,0
2022-05-07 11:00,106,67,39,0,0,0
2022-05-07 11:15,121,66,55,0,0,0
2022-05-07 11:30,91,51,40,0,0,0
2022-05-07 11:45,121,80,41,0,0,0
2022-05-07 12:00,102,58,44,0,0,0
2022-05-07 12:15,112,49,63,0,0,0
2022-05-07 12:30,132,60,72,0,0,0
2022-05-07 12:45,104,60,44,0,0,0
2022-05-07 13:00,99,49,50,0,0,0
2022-05-07 13:15,105,52,53,0,0,0
2022-05-07 13:30,122,45,77,0,0,0
2022-05-07 13:45,99,45,54,0,0,0
2022-05-07 14:00,108,42,66,0,0,0
2022-05-07 14:15,86,35,51,0,0,0
2022-05-07 14:30,101,43,58,0,0,0
2022-05-07 14:45,144,66,78,0,0,0
2022-05-07 15:00,79,30,49,0,0,0
2022-05-07 15:15,73,26,47,0,0,0
2022-05-07 15:30,84,36,48,0,0,0
2022-05-07 15:45,84,34,50,0,0,0
2022-05-07 16:00,76,28,48,0,0,0
2022-05-07 16:15,76,37,39,0,0,0
2022-05-07 16:30,71,29,42,0,0,0
2022-05-07 16:45,88,32,56,0,0,0
2022-05-07 17:00,90,41,49,0,0,0
2022-05-07 17:15,78,27,51,0,0,0
2022-05-07 17:30,44,17,27,0,0,0
2022-05-07 17:45,76,29,47,0,0,0
2022-05-07 18:00,60,20,40,0,0,0
2022-05-07 18:15,65,12,53,0,0,0
2022-05-07 18:30,58,18,40,0,0,0
2022-05-07 18:45,53,24,29,0,0,0
2022-05-07 19:00,76,31,45,0,0,0
2022-05-07 19:15,50,18,32,0,0,0
2022-05-07 19:30,36,20,16,0,0,0
2022-05-07 19:45,61,30,31,0,0,0
2022-05-07 20:00,55,16,39,0,0,0
2022-05-07 20:15,43,13,30,0,0,0
2022-05-07 20:30,21,10,11,0,0,0
2022-05-07 20:45,27,10,17,0,0,0
2022-05-07 21:00,33,10,23,0,0,0
2022-05-07 21:15,34,14,20,0,0,0
2022-05-07 21:30,32,10,22,0,0,0
2022-05-07 21:45,21,6,15,0,0,0
2022-05-07 22:00,18,6,12,0,0,0
2022-05-07 22:15,36,7,29,0,0,0
2022-05-07 22:30,20,3,17,0,0,0
2022-05-07 22:45,23,7,16,0,0,0
2022-05-07 23:00,13,2,11,0,0,0
2022-05-07 23:15,18,7,11,0,0,0
2022-05-07 23:30,21,1,20,0,0,0
2022-05-07 23:45,21,11,10,0,0,0
2022-05-08 00:00,22,10,12,0,0,0
2022-05-08 00:15,14,3,11,0,0,0
2022-05-08 00:30,11,6,5,0,0,0
2022-05-08 00:45,7,6,1,0,0,0
2022-05-08 01:00,9,2,7,0,0,0
2022-05-08 01:15,17,8,9,0,0,0
2022-05-08 01:30,4,0,4,0,0,0
2022-05-08 01:45,4,0,4,0,0,0
2022-05-08 02:00,18,3,15,0,0,0
2022-05-08 02:15,12,2,10,0,0,0
2022-05-08 02:30,9,2,7,0,0,0
2022-05-08 02:45,8,2,6,0,0,0
2022-05-08 03:00,4,2,2,0,0,0
2022-05-08 03:15,3,0,3,0,0,0
2022-05-08 03:30,3,1,2,0,0,0
2022-05-08 03:45,11,2,9,0,0,0
2022-05-08 04:00,6,3,3,0,0,0
2022-05-08 04:15,4,4,0,0,0,0
2022-05-08 04:30,1,0,1,0,0,0
2022-05-08 04:45,2,0,2,0,0,0
2022-05-08 05:00,4,0,4,0,0,0
2022-05-08 05:15,4,1,3,0,0,0
2022-05-08 05:30,2,0,2,0,0,0
2022-05-08 05:45,4,0,4,0,0,0
2022-05-08 06:00,1,0,1,0,0,0
2022-05-08 06:15,3,3,0,0,0,0
2022-05-08 06:30,6,3,3,0,0,0
2022-05-08 06:45,9,4,5,0,0,0
2022-05-08 07:00,4,3,1,0,0,0
2022-05-08 07:15,2,1,1,0,0,0
2022-05-08 07:30,2,1,1,0,0,0
2022-05-08 07:45,10,4,6,0,0,0
2022-05-08 08:00,17,15,2,0,0,0
2022-05-08 08:15,5,2,3,0,0,0
2022-05-08 08:30,12,6,6,0,0,0
2022-05-08 08:45,21,12,9,0,0,0
2022-05-08 09:00,14,9,5,0,0,0
2022-05-08 09:15,22,14,8,0,0,0
2022-05-08 09:30,23,15,8,0,0,0
2022-05-08 09:45,37,26,11,0,0,0
2022-05-08 10:00,33,20,13,0,0,0
2022-05-08 10:15,23,16,7,0,0,0
2022-05-08 10:30,38,25,13,0,0,0
2022-05-08 10:45,36,21,15,0,0,0
2022-05-08 11:00,34,8,26,0,0,0
2022-05-08 11:15,43,24,19,0,0,0
2022-05-08 11:30,42,30,12,0,0,0
2022-05-08 11:45,59,34,25,0,0,0
2022-05-08 12:00,30,18,12,0,0,0
2022-05-08 12:15,63,16,47,0,0,0
2022-05-08 12:30,72,24,48,0,0,0
2022-05-08 12:45,55,24,31,0,0,0
2022-05-08 13:00,43,16,27,0,0,0
2022-05-08 13:15,64,22,42,0,0,0
2022-05-08 13:30,52,28,24,0,0,0
2022-05-08 13:45,57,16,41,0,0,0
2022-05-08 14:00,40,24,16,0,0,0
2022-05-08 14:15,53,27,26,0,0,0
2022-05-08 14:30,49,23,26,0,0,0
2022-05-08 14:45,78,44,34,0,0,0
2022-05-08 15:00,64,21,43,0,0,0
2022-05-08 15:15,66,30,36,0,0,0
2022-05-08 15:30,68,24,44,0,0,0
2022-05-08 15:45,59,35,24,0,0,0
2022-05-08 16:00,75,39,36,0,0,0
2022-05-08 16:15,54,23,31,0,0,0
2022-05-08 16:30,80,24,56,0,0,0
2022-05-08 16:45,58,26,32,0,0,0
2022-05-08 17:00,73,29,44,0,0,0
2022-05-08 17:15,81,27,54,0,0,0
2022-05-08 17:30,66,27,39,0,0,0
2022-05-08 17:45,61,22,39,0,0,0
2022-05-08 18:00,66,25,41,0,0,0
2022-05-08 18:15,45,21,24,0,0,0
2022-05-08 18:30,41,19,22,0,0,0
2022-05-08 18:45,44,18,26,0,0,0
2022-05-08 19:00,58,26,32,0,0,0
2022-05-08 19:15,47,18,29,0,0,0
2022-05-08 19:30,65,19,46,0,0,0
2022-05-08 19:45,39,14,25,0,0,0
2022-05-08 20:00,57,23,34,0,0,0
2022-05-08 20:15,52,18,34,0,0,0
2022-05-08 20:30,37,6,31,0,0,0
2022-05-08 20:45,34,14,20,0,0,0
2022-05-08 21:00,20,6,14,0,0,0
2022-05-08 21:15,32,12,20,0,0,0
2022-05-08 21:30,23,7,16,0,0,0
2022-05-08 21:45,9,2,7,0,0,0
2022-05-08 22:00,24,3,21,0,0,0
2022-05-08 22:15,15,2,13,0,0,0
2022-05-08 22:30,12,0,12,0,0,0
2022-05-08 22:45,23,1,22,0,0,0
2022-05-08 23:00,12,4,8,0,0,0
2022-05-08 23:15,14,7,7,0,0,0
2022-05-08 23:30,7,3,4,0,0,0
2022-05-08 23:45,3,1,2,0,0,0
2022-05-09 00:00,6,2,4,0,0,0
2022-05-09 00:15,6,2,4,0,0,0
2022-05-09 00:30,3,2,1,0,0,0
2022-05-09 00:45,1,0,1,0,0,0
2022-05-09 01:00,1,1,0,0,0,0
2022-05-09 01:15,2,0,2,0,0,0
2022-05-09 01:30,1,0,1,0,0,0
2022-05-09 01:45,5,3,2,0,0,0
2022-05-09 02:00,0,0,0,0,0,0
2022-05-09 02:15,2,2,0,0,0,0
2022-05-09 02:30,0,0,0,0,0,0
2022-05-09 02:45,0,0,0,0,0,0
2022-05-09 03:00,0,0,0,0,0,0
2022-05-09 03:15,0,0,0,0,0,0
2022-05-09 03:30,1,0,1,0,0,0
2022-05-09 03:45,1,0,1,0,0,0
2022-05-09 04:00,1,0,1,0,0,0
2022-05-09 04:15,1,0,1,0,0,0
2022-05-09 04:30,0,0,0,0,0,0
2022-05-09 04:45,1,1,0,0,0,0
2022-05-09 05:00,2,2,0,0,0,0
2022-05-09 05:15,1,1,0,0,0,0
2022-05-09 05:30,15,5,10,0,0,0
2022-05-09 05:45,15,6,9,0,0,0
2022-05-09 06:00,10,6,4,0,0,0
2022-05-09 06:15,19,5,14,0,0,0
2022-05-09 06:30,48,17,31,0,0,0
2022-05-09 06:45,65,26,39,0,0,0
2022-05-09 07:00,62,17,45,0,0,0
2022-05-09 07:15,115,62,53,0,0,0
2022-05-09 07:30,281,211,70,0,0,0
2022-05-09 07:45,232,107,125,0,0,0
2022-05-09 08:00,205,70,135,0,0,0
2022-05-09 08:15,174,68,106,0,0,0
2022-05-09 08:30,123,62,61,0,0,0
2022-05-09 08:45,151,72,79,0,0,0
2022-05-09 09:00,121,54,67,0,0,0
2022-05-09 09:15,93,38,55,0,0,0
2022-05-09 09:30,109,55,54,0,0,0
2022-05-09 09:45,197,77,120,0,0,0
2022-05-09 10:00,243,89,154,0,0,0
2022-05-09 10:15,80,44,36,0,0,0
2022-05-09 10:30,61,31,30,0,0,0
2022-05-09 10:45,64,33,31,0,0,0
2022-05-09 11:00,51,27,24,0,0,0
2022-05-09 11:15,87,49,38,0,0,0
2022-05-09 11:30,118,60,58,0,0,0
2022-05-09 11:45,220,121,99,0,0,0
2022-05-09 12:00,167,103,64,0,0,0
2022-05-09 12:15,157,59,98,0,0,0
2022-05-09 12:30,102,38,64,0,0,0
2022-05-09 12:45,154,83,71,0,0,0
2022-05-09 13:00,175,54,121,0,0,0
2022-05-09 13:15,130,56,74,0,0,0
2022-05-09 13:30,137,67,70,0,0,0
2022-05-09 13:45,224,99,125,0,0,0
2022-05-09 14:00,257,95,162,0,0,0
2022-05-09 14:15,120,47,73,0,0,0
2022-05-09 14:30,114,59,55,0,0,0
2022-05-09 14:45,138,57,81,0,0,0
2022-05-09 15:00,115,67,48,0,0,0
2022-05-09 15:15,122,83,39,0,0,0
2022-05-09 15:30,181,87,94,0,0,0
2022-05-09 15:45,263,157,106,0,0,0
2022-05-09 16:00,234,144,90,0,0,0
2022-05-09 16:15,168,107,61,0,0,0
2022-05-09 16:30,146,84,62,0,0,0
2022-05-09 16:45,173,91,82,0,0,0
2022-05-09 17:00,156,78,78,0,0,0
2022-05-09 17:15,147,80,67,0,0,0
2022-05-09 17:30,166,79,87,0,0,0
2022-05-09 17:45,260,116,144,0,0,0
2022-05-09 18:00,184,93,91,0,0,0
2022-05-09 18:15,132,58,74,0,0,0
2022-05-09 18:30,108,43,65,0,0,0
2022-05-09 18:45,116,45,71,0,0,0
2022-05-09 19:00,85,32,53,0,0,0
2022-05-09 19:15,93,35,58,0,0,0
2022-05-09 19:30,103,37,66,0,0,0
2022-05-09 19:45,104,34,70,0,0,0
2022-05-09 20:00,91,32,59,0,0,0
2022-05-09 20:15,75,30,45,0,0,0
2022-05-09 20:30,64,14,50,0,0,0
2022-05-09 20:45,34,15,19,0,0,0
2022-05-09 21:00,51,18,33,0,0,0
2022-05-09 21:15,48,20,28,0,0,0
2022-05-09 21:30,53,13,40,0,0,0
2022-05-09 21:45,60,20,40,0,0,0
2022-05-09 22:00,59,21,38,0,0,0
2022-05-09 22:15,42,14,28,0,0,0
2022-05-09 22:30,21,4,17,0,0,0
2022-05-09 22:45,36,10,26,0,0,0
2022-05-09 23:00,19,6,13,0,0,0
2022-05-09 23:15,20,5,15,0,0,0
2022-05-09 23:30,14,1,13,0,0,0
2022-05-09 23:45,5,2,3,0,0,0
2022-05-10 00:00,12,0,12,0,0,0
2022-05-10 00:15,20,7,13,0,0,0
2022-05-10 00:30,4,0,4,0,0,0
2022-05-10 00:45,3,1,2,0,0,0
2022-05-10 01:00,6,1,5,0,0,0
2022-05-10 01:15,5,0,5,0,0,0
2022-05-10 01:30,5,1,4,0,0,0
2022-05-10 01:45,2,1,1,0,0,0
2022-05-10 02:00,8,0,8,0,0,0
2022-05-10 02:15,4,1,3,0,0,0
2022-05-10 02:30,1,0,1,0,0,0
2022-05-10 02:45,1,1,0,0,0,0
2022-05-10 03:00,2,0,2,0,0,0
2022-05-10 03:15,1,0,1,0,0,0
2022-05-10 03:30,2,0,2,0,0,0
2022-05-10 03:45,0,0,0,0,0,0
2022-05-10 04:00,5,3,2,0,0,0
2022-05-10 04:15,0,0,0,0,0,0
2022-05-10 04:30,0,0,0,0,0,0
2022-05-10 04:45,0,0,0,0,0,0
2022-05-10 05:00,1,1,0,0,0,0
2022-05-10 05:15,4,4,0,0,0,0
2022-05-10 05:30,14,3,11,0,0,0
2022-05-10 05:45,17,5,12,0,0,0
2022-05-10 06:00,15,10,5,0,0,0
2022-05-10 06:15,27,8,19,0,0,0
2022-05-10 06:30,36,14,22,0,0,0
2022-05-10 06:45,69,26,43,0,0,0
2022-05-10 07:00,60,15,45,0,0,0
2022-05-10 07:15,120,56,64,0,0,0
2022-05-10 07:30,256,177,79,0,0,0
2022-05-10 07:45,239,107,132,0,0,0
2022-05-10 08:00,273,115,158,0,0,0
2022-05-10 08:15,184,82,102,0,0,0
2022-05-10 08:30,151,72,79,0,0,0
2022-05-10 08:45,160,75,85,0,0,0
2022-05-10 09:00,120,51,69,0,0,0
2022-05-10 09:15,84,43,41,0,0,0
2022-05-10 09:30,160,64,96,0,0,0
2022-05-10 09:45,182,83,99,0,0,0
2022-05-10 10:00,235,78,157,0,0,0
2022-05-10 10:15,86,40,46,0,0,0
2022-05-10 10:30,72,39,33,0,0,0
2022-05-10 10:45,76,32,44,0,0,0
2022-05-10 11:00,79,37,42,0,0,0
2022-05-10 11:15,96,50,46,0,0,0
2022-05-10 11:30,102,37,65,0,0,0
2022-05-10 11:45,297,150,147,0,0,0
2022-05-10 12:00,213,114,99,0,0,0
2022-05-10 12:15,148,79,69,0,0,0
2022-05-10 12:30,117,50,67,0,0,0
2022-05-10 12:45,146,65,81,0,0,0
2022-05-10 13:00,167,55,112,0,0,0
2022-05-10 13:15,180,36,144,0,0,0
2022-05-10 13:30,148,66,82,0,0,0
2022-05-10 13:45,308,147,161,0,0,0
2022-05-10 14:00,215,81,134,0,0,0
2022-05-10 14:15,129,49,80,0,0,0
2022-05-10 14:30,121,54,67,0,0,0
2022-05-10 14:45,137,64,73,0,0,0
2022-05-10 15:00,130,70,60,0,0,0
2022-05-10 15:15,148,76,72,0,0,0
2022-05-10 15:30,210,84,126,0,0,0
2022-05-10 15:45,286,155,131,0,0,0
2022-05-10 16:00,221,129,92,0,0,0
2022-05-10 16:15,188,123,65,0,0,0
2022-05-10 16:30,177,86,91,0,0,0
2022-05-10 16:45,209,104,105,0,0,0
2022-05-10 17:00,181,109,72,0,0,0
2022-05-10 17:15,181,90,91,0,0,0
2022-05-10 17:30,138,71,67,0,0,0
2022-05-10 17:45,244,111,133,0,0,0
2022-05-10 18:00,186,103,83,0,0,0
2022-05-10 18:15,98,40,58,0,0,0
2022-05-10 18:30,107,46,61,0,0,0
2022-05-10 18:45,112,41,71,0,0,0
2022-05-10 19:00,94,39,55,0,0,0
2022-05-10 19:15,87,37,50,0,0,0
2022-05-10 19:30,121,61,60,0,0,0
2022-05-10 19:45,92,38,54,0,0,0
2022-05-10 20:00,93,35,58,0,0,0
2022-05-10 20:15,61,16,45,0,0,0
2022-05-10 20:30,59,22,37,0,0,0
2022-05-10 20:45,21,9,12,0,0,0
2022-05-10 21:00,72,21,51,0,0,0
2022-05-10 21:15,59,16,43,0,0,0
2022-05-10 21:30,40,16,24,0,0,0
2022-05-10 21:45,36,3,33,0,0,0
2022-05-10 22:00,49,5,44,0,0,0
2022-05-10 22:15,36,10,26,0,0,0
2022-05-10 22:30,35,4,31,0,0,0
2022-05-10 22:45,32,5,27,0,0,0
2022-05-10 23:00,18,2,16,0,0,0
2022-05-10 23:15,22,4,18,0,0,0
2022-05-10 23:30,17,8,9,0,0,0
2022-05-10 23:45,16,6,10,0,0,0
2022-05-11 00:00,7,2,5,0,0,0
2022-05-11 00:15,7,2,5,0,0,0
2022-05-11 00:30,7,0,7,0,0,0
2022-05-11 00:45,13,2,11,0,0,0
2022-05-11 01:00,2,2,0,0,0,0
2022-05-11 01:15,1,1,0,0,0,0
2022-05-11 01:30,6,3,3,0,0,0
2022-05-11 01:45,11,0,11,0,0,0
2022-05-11 02:00,0,0,0,0,0,0
2022-05-11 02:15,2,1,1,0,0,0
2022-05-11 02:30,5,3,2,0,0,0
2022-05-11 02:45,0,0,0,0,0,0
2022-05-11 03:00,0,0,0,0,0,0
2022-05-11 03:15,1,1,0,0,0,0
2022-05-11 03:30,0,0,0,0,0,0
2022-05-11 03:45,0,0,0,0,0,0
2022-05-11 04:00,3,0,3,0,0,0
2022-05-11 04:15,2,1,1,0,0,0
2022-05-11 04:30,0,0,0,0,0,0
2022-05-11 04:45,0,0,0,0,0,0
2022-05-11 05:00,1,1,0,0,0,0
2022-05-11 05:15,9,6,3,0,0,0
2022-05-11 05:30,24,8,16,0,0,0
2022-05-11 05:45,15,6,9,0,0,0
2022-05-11 06:00,16,8,8,0,0,0
2022-05-11 06:15,23,14,9,0,0,0
2022-05-11 06:30,48,26,22,0,0,0
2022-05-11 06:45,73,31,42,0,0,0
2022-05-11 07:00,79,27,52,0,0,0
2022-05-11 07:15,125,63,62,0,0,0
2022-05-11 07:30,281,193,88,0,0,0
2022-05-11 07:45,258,110,148,0,0,0
2022-05-11 08:00,265,84,181,0,0,0
2022-05-11 08:15,191,78,113,0,0,0
2022-05-11 08:30,157,76,81,0,0,0
2022-05-11 08:45,159,86,73,0,0,0
2022-05-11 09:00,125,64,61,0,0,0
2022-05-11 09:15,121,50,71,0,0,0
2022-05-11 09:30,131,73,58,0,0,0
2022-05-11 09:45,196,94,102,0,0,0
2022-05-11 10:00,238,100,138,0,0,0
2022-05-11 10:15,114,73,41,0,0,0
2022-05-11 10:30,100,52,48,0,0,0
2022-05-11 10:45,114,56,58,0,0,0
2022-05-11 11:00,78,47,31,0,0,0
2022-05-11 11:15,133,68,65,0,0,0
2022-05-11 11:30,130,56,74,0,0,0
2022-05-11 11:45,234,120,114,0,0,0
2022-05-11 12:00,185,94,91,0,0,0
2022-05-11 12:15,154,77,77,0,0,0
2022-05-11 12:30,172,81,91,0,0,0
2022-05-11 12:45,145,62,83,0,0,0
2022-05-11 13:00,203,78,125,0,0,0
2022-05-11 13:15,207,74,133,0,0,0
2022-05-11 13:30,178,74,104,0,0,0
2022-05-11 13:45,276,115,161,0,0,0
2022-05-11 14:00,200,71,129,0,0,0
2022-05-11 14:15,140,61,79,0,0,0
2022-05-11 14:30,113,49,64,0,0,0
2022-05-11 14:45,137,65,72,0,0,0
2022-05-11 15:00,132,65,67,0,0,0
2022-05-11 15:15,170,94,76,0,0,0
2022-05-11 15:30,193,83,110,0,0,0
2022-05-11 15:45,270,135,135,0,0,0
2022-05-11 16:00,263,157,106,0,0,0
2022-05-11 16:15,185,100,85,0,0,0
2022-05-11 16:30,186,92,94,0,0,0
2022-05-11 16:45,180,88,92,0,0,0
2022-05-11 17:00,150,82,68,0,0,0
2022-05-11 17:15,167,91,76,0,0,0
2022-05-11 17:30,206,108,98,0,0,0
2022-05-11 17:45,245,125,120,0,0,0
2022-05-11 18:00,185,99,86,0,0,0
2022-05-11 18:15,158,70,88,0,0,0
2022-05-11 18:30,102,42,60,0,0,0
2022-05-11 18:45,150,82,68,0,0,0
2022-05-11 19:00,98,45,53,0,0,0
2022-05-11 19:15,82,38,44,0,0,0
2022-05-11 19:30,100,60,40,0,0,0
2022-05-11 19:45,118,58,60,0,0,0
2022-05-11 20:00,84,35,49,0,0,0
2022-05-11 20:15,90,39,51,0,0,0
2022-05-11 20:30,58,21,37,0,0,0
2022-05-11 20:45,53,15,38,0,0,0
2022-05-11 21:00,55,21,34,0,0,0
2022-05-11 21:15,46,12,34,0,0,0
2022-05-11 21:30,42,11,31,0,0,0
2022-05-11 21:45,42,13,29,0,0,0
2022-05-11 22:00,62,15,47,0,0,0
2022-05-11 22:15,73,11,62,0,0,0
2022-05-11 22:30,59,11,48,0,0,0
2022-05-11 22:45,41,16,25,0,0,0
2022-05-11 23:00,40,6,34,0,0,0
2022-05-11 23:15,28,10,18,0,0,0
2022-05-11 23:30,20,5,15,0,0,0
2022-05-11 23:45,18,2,16,0,0,0
2022-05-12 00:00,19,5,14,0,0,0
2022-05-12 00:15,15,2,13,0,0,0
2022-05-12 00:30,11,2,9,0,0,0
2022-05-12 00:45,6,3,3,0,0,0
2022-05-12 01:00,5,2,3,0,0,0
2022-05-12 01:15,9,3,6,0,0,0
2022-05-12 01:30,2,0,2,0,0,0
2022-05-12 01:45,6,0,6,0,0,0
2022-05-12 02:00,13,6,7,0,0,0
2022-05-12 02:15,6,0,6,0,0,0
2022-05-12 02:30,2,1,1,0,0,0
2022-05-12 02:45,5,0,5,0,0,0
2022-05-12 03:00,1,0,1,0,0,0
2022-05-12 03:15,5,0,5,0,0,0
2022-05-12 03:30,7,0,7,0,0,0
2022-05-12 03:45,1,1,0,0,0,0
2022-05-12 04:00,1,0,1,0,0,0
2022-05-12 04:15,2,0,2,0,0,0
2022-05-12 04:30,3,0,3,0,0,0
2022-05-12 04:45,6,2,4,0,0,0
2022-05-12 05:00,1,1,0,0,0,0
2022-05-12 05:15,6,4,2,0,0,0
2022-05-12 05:30,15,1,14,0,0,0
2022-05-12 05:45,17,4,13,0,0,0
2022-05-12 06:00,16,13,3,0,0,0
2022-05-12 06:15,20,7,13,0,0,0
2022-05-12 06:30,37,17,20,0,0,0
2022-05-12 06:45,68,29,39,0,0,0
2022-05-12 07:00,70,25,45,0,0,0
2022-05-12 07:15,105,46,59,0,0,0
2022-05-12 07:30,237,168,69,0,0,0
2022-05-12 07:45,247,98,149,0,0,0
2022-05-12 08:00,253,72,181,0,0,0
2022-05-12 08:15,159,67,92,0,0,0
2022-05-12 08:30,131,72,59,0,0,0
2022-05-12 08:45,152,67,85,0,0,0
2022-05-12 09:00,85,41,44,0,0,0
2022-05-12 09:15,90,45,45,0,0,0
2022-05-12 09:30,106,62,44,0,0,0
2022-05-12 09:45,226,145,81,0,0,0
2022-05-12 10:00,262,88,174,0,0,0
2022-05-12 10:15,104,49,55,0,0,0
2022-05-12 10:30,79,32,47,0,0,0
2022-05-12 10:45,80,35,45,0,0,0
2022-05-12 11:00,69,34,35,0,0,0
2022-05-12 11:15,109,42,67,0,0,0
2022-05-12 11:30,83,40,43,0,0,0
2022-05-12 11:45,197,92,105,0,0,0
2022-05-12 12:00,227,124,103,0,0,0
2022-05-12 12:15,151,57,94,0,0,0
2022-05-12 12:30,111,37,74,0,0,0
2022-05-12 12:45,119,63,56,0,0,0
2022-05-12 13:00,155,55,100,0,0,0
2022-05-12 13:15,122,44,78,0,0,0
2022-05-12 13:30,172,75,97,0,0,0
2022-05-12 13:45,224,98,126,0,0,0
2022-05-12 14:00,218,78,140,0,0,0
2022-05-12 14:15,144,67,77,0,0,0
2022-05-12 14:30,138,69,69,0,0,0
2022-05-12 14:45,124,59,65,0,0,0
2022-05-12 15:00,136,75,61,0,0,0
2022-05-12 15:15,146,90,56,0,0,0
2022-05-12 15:30,157,71,86,0,0,0
2022-05-12 15:45,218,108,110,0,0,0
2022-05-12 16:00,190,105,85,0,0,0
2022-05-12 16:15,150,82,68,0,0,0
2022-05-12 16:30,139,68,71,0,0,0
2022-05-12 16:45,188,114,74,0,0,0
2022-05-12 17:00,175,86,89,0,0,0
2022-05-12 17:15,175,97,78,0,0,0
2022-05-12 17:30,154,80,74,0,0,0
2022-05-12 17:45,230,101,129,0,0,0
2022-05-12 18:00,157,77,80,0,0,0
2022-05-12 18:15,161,86,75,0,0,0
2022-05-12 18:30,124,42,82,0,0,0
2022-05-12 18:45,100,41,59,0,0,0
2022-05-12 19:00,116,68,48,0,0,0
2022-05-12 19:15,120,71,49,0,0,0
2022-05-12 19:30,97,34,63,0,0,0
2022-05-12 19:45,87,32,55,0,0,0
2022-05-12 20:00,74,23,51,0,0,0
2022-05-12 20:15,69,28,41,0,0,0
2022-05-12 20:30,53,19,34,0,0,0
2022-05-12 20:45,53,30,23,0,0,0
2022-05-12 21:00,79,29,50,0,0,0
2022-05-12 21:15,46,15,31,0,0,0
2022-05-12 21:30,54,22,32,0,0,0
2022-05-12 21:45,34,15,19,0,0,0
2022-05-12 22:00,44,17,27,0,0,0
2022-05-12 22:15,44,11,33,0,0,0
2022-05-12 22:30,41,10,31,0,0,0
2022-05-12 22:45,41,4,37,0,0,0
2022-05-12 23:00,27,2,25,0,0,0
2022-05-12 23:15,27,6,21,0,0,0
2022-05-12 23:30,18,4,14,0,0,0
2022-05-12 23:45,14,3,11,0,0,0
2022-05-13 00:00,8,2,6,0,0,0
2022-05-13 00:15,8,2,6,0,0,0
2022-05-13 00:30,9,5,4,0,0,0
2022-05-13 00:45,3,0,3,0,0,0
2022-05-13 01:00,2,0,2,0,0,0
2022-05-13 01:15,6,3,3,0,0,0
2022-05-13 01:30,6,0,6,0,0,0
2022-05-13 01:45,5,1,4,0,0,0
2022-05-13 02:00,7,2,5,0,0,0
2022-05-13 02:15,6,1,5,0,0,0
2022-05-13 02:30,4,0,4,0,0,0
2022-05-13 02:45,5,1,4,0,0,0
2022-05-13 03:00,2,0,2,0,0,0
2022-05-13 03:15,0,0,0,0,0,0
2022-05-13 03:30,6,0,6,0,0,0
2022-05-13 03:45,6,0,6,0,0,0
2022-05-13 04:00,2,0,2,0,0,0
2022-05-13 04:15,1,0,1,0,0,0
2022-05-13 04:30,2,1,1,0,0,0
2022-05-13 04:45,3,1,2,0,0,0
2022-05-13 05:00,3,2,1,0,0,0
2022-05-13 05:15,12,7,5,0,0,0
2022-05-13 05:30,14,1,13,0,0,0
2022-05-13 05:45,12,5,7,0,0,0
2022-05-13 06:00,13,6,7,0,0,0
2022-05-13 06:15,18,5,13,0,0,0
2022-05-13 06:30,39,18,21,0,0,0
2022-05-13 06:45,46,21,25,0,0,0
2022-05-13 07:00,70,21,49,0,0,0
2022-05-13 07:15,114,68,46,0,0,0
2022-05-13 07:30,237,169,68,0,0,0
2022-05-13 07:45,233,104,129,0,0,0
2022-05-13 08:00,228,65,163,0,0,0
2022-05-13 08:15,146,77,69,0,0,0
2022-05-13 08:30,141,68,73,0,0,0
2022-05-13 08:45,134,62,72,0,0,0
2022-05-13 09:00,109,56,53,0,0,0
2022-05-13 09:15,96,48,48,0,0,0
2022-05-13 09:30,74,40,34,0,0,0
2022-05-13 09:45,202,112,90,0,0,0
2022-05-13 10:00,200,58,142,0,0,0
2022-05-13 10:15,71,43,28,0,0,0
2022-05-13 10:30,72,35,37,0,0,0
2022-05-13 10:45,70,41,29,0,0,0
2022-05-13 11:00,94,40,54,0,0,0
2022-05-13 11:15,80,44,36,0,0,0
2022-05-13 11:30,93,46,47,0,0,0
2022-05-13 11:45,152,85,67,0,0,0
2022-05-13 12:00,121,64,57,0,0,0
2022-05-13 12:15,133,59,74,0,0,0
2022-05-13 12:30,154,77,77,0,0,0
2022-05-13 12:45,154,96,58,0,0,0
2022-05-13 13:00,195,67,128,0,0,0
2022-05-13 13:15,163,65,98,0,0,0
2022-05-13 13:30,132,56,76,0,0,0
2022-05-13 13:45,192,81,111,0,0,0
2022-05-13 14:00,206,93,113,0,0,0
2022-05-13 14:15,153,86,67,0,0,0
2022-05-13 14:30,115,54,61,0,0,0
2022-05-13 14:45,144,75,69,0,0,0
2022-05-13 15:00,165,92,73,0,0,0
2022-05-13 15:15,146,104,42,0,0,0
2022-05-13 15:30,112,54,58,0,0,0
2022-05-13 15:45,137,73,64,0,0,0
2022-05-13 16:00,153,85,68,0,0,0
2022-05-13 16:15,160,100,60,0,0,0
2022-05-13 16:30,115,53,62,0,0,0
2022-05-13 16:45,123,71,52,0,0,0
2022-05-13 17:00,103,45,58,0,0,0
2022-05-13 17:15,100,48,52,0,0,0
2022-05-13 17:30,116,62,54,0,0,0
2022-05-13 17:45,105,50,55,0,0,0
2022-05-13 18:00,105,47,58,0,0,0
2022-05-13 18:15,91,50,41,0,0,0
2022-05-13 18:30,106,57,49,0,0,0
2022-05-13 18:45,100,50,50,0,0,0
2022-05-13 19:00,108,67,41,0,0,0
2022-05-13 19:15,94,37,57,0,0,0
2022-05-13 19:30,68,33,35,0,0,0
2022-05-13 19:45,82,42,40,0,0,0
2022-05-13 20:00,89,36,53,0,0,0
2022-05-13 20:15,46,13,33,0,0,0
2022-05-13 20:30,63,23,40,0,0,0
2022-05-13 20:45,43,13,30,0,0,0
2022-05-13 21:00,32,11,21,0,0,0
2022-05-13 21:15,37,9,28,0,0,0
2022-05-13 21:30,57,27,30,0,0,0
2022-05-13 21:45,32,9,23,0,0,0
2022-05-13 22:00,45,12,33,0,0,0
2022-05-13 22:15,20,5,15,0,0,0
2022-05-13 22:30,35,14,21,0,0,0
2022-05-13 22:45,23,7,16,0,0,0
2022-05-13 23:00,34,4,30,0,0,0
2022-05-13 23:15,22,7,15,0,0,0
2022-05-13 23:30,29,4,25,0,0,0
2022-05-13 23:45,25,4,21,0,0,0
2022-05-14 00:00,28,6,22,0,0,0
2022-05-14 00:15,23,0,23,0,0,0
2022-05-14 00:30,18,4,14,0,0,0
2022-05-14 00:45,25,6,19,0,0,0
2022-05-14 01:00,20,3,17,0,0,0
2022-05-14 01:15,15,1,14,0,0,0
2022-05-14 01:30,23,2,21,0,0,0
2022-05-14 01:45,11,3,8,0,0,0
2022-05-14 02:00,7,2,5,0,0,0
2022-05-14 02:15,10,2,8,0,0,0
2022-05-14 02:30,10,2,8,0,0,0
2022-05-14 02:45,8,1,7,0,0,0
2022-05-14 03:00,6,0,6,0,0,0
2022-05-14 03:15,8,0,8,0,0,0
2022-05-14 03:30,3,0,3,0,0,0
2022-05-14 03:45,7,2,5,0,0,0
2022-05-14 04:00,6,1,5,0,0,0
2022-05-14 04:15,6,1,5,0,0,0
2022-05-14 04:30,9,4,5,0,0,0
2022-05-14 04:45,6,3,3,0,0,0
2022-05-14 05:00,3,0,3,0,0,0
2022-05-14 05:15,11,4,7,0,0,0
2022-05-14 05:30,5,0,5,0,0,0
2022-05-14 05:45,15,9,6,0,0,0
2022-05-14 06:00,4,4,0,0,0,0
2022-05-14 06:15,10,8,2,0,0,0
2022-05-14 06:30,6,5,1,0,0,0
2022-05-14 06:45,9,8,1,0,0,0
2022-05-14 07:00,15,14,1,0,0,0
2022-05-14 07:15,21,13,8,0,0,0
2022-05-14 07:30,21,14,7,0,0,0
2022-05-14 07:45,32,15,17,0,0,0
2022-05-14 08:00,21,14,7,0,0,0
2022-05-14 08:15,39,30,9,0,0,0
2022-05-14 08:30,45,30,15,0,0,0
2022-05-14 08:45,77,37,40,0,0,0
2022-05-14 09:00,56,30,26,0,0,0
2022-05-14 09:15,60,45,15,0,0,0
2022-05-14 09:30,63,43,20,0,0,0
2022-05-14 09:45,83,49,34,0,0,0
2022-05-14 10:00,94,70,24,0,0,0
2022-05-14 10:15,79,55,24,0,0,0
2022-05-14 10:30,99,65,34,0,0,0
2022-05-14 10:45,94,59,35,0,0,0
2022-05-14 11:00,98,58,40,0,0,0
2022-05-14 11:15,91,71,20,0,0,0
2022-05-14 11:30,98,63,35,0,0,0
2022-05-14 11:45,94,51,43,0,0,0
2022-05-14 12:00,122,66,56,0,0,0
2022-05-14 12:15,92,45,47,0,0,0
2022-05-14 12:30,118,62,56,0,0,0
2022-05-14 12:45,115,69,46,0,0,0
2022-05-14 13:00,95,39,56,0,0,0
2022-05-14 13:15,125,51,74,0,0,0
2022-05-14 13:30,102,42,60,0,0,0
2022-05-14 13:45,126,65,61,0,0,0
2022-05-14 14:00,98,43,55,0,0,0
2022-05-14 14:15,130,63,67,0,0,0
2022-05-14 14:30,104,42,62,0,0,0
2022-05-14 14:45,108,51,57,0,0,0
2022-05-14 15:00,127,71,56,0,0,0
2022-05-14 15:15,83,43,40,0,0,0
2022-05-14 15:30,59,22,37,0,0,0
2022-05-14 15:45,97,47,50,0,0,0
2022-05-14 16:00,75,36,39,0,0,0
2022-05-14 16:15,110,49,61,0,0,0
2022-05-14 16:30,75,44,31,0,0,0
2022-05-14 16:45,97,38,59,0,0,0
2022-05-14 17:00,90,41,49,0,0,0
2022-05-14 17:15,78,21,57,0,0,0
2022-05-14 17:30,83,31,52,0,0,0
2022-05-14 17:45,84,28,56,0,0,0
2022-05-14 18:00,98,38,60,0,0,0
2022-05-14 18:15,111,27,84,0,0,0
2022-05-14 18:30,96,32,64,0,0,0
2022-05-14 18:45,93,33,60,0,0,0
2022-05-14 19:00,71,26,45,0,0,0
2022-05-14 19:15,81,26,55,0,0,0
2022-05-14 19:30,53,19,34,0,0,0
2022-05-14 19:45,65,36,29,0,0,0
2022-05-14 20:00,73,26,47,0,0,0
2022-05-14 20:15,70,21,49,0,0,0
2022-05-14 20:30,57,35,22,0,0,0
2022-05-14 20:45,45,24,21,0,0,0
2022-05-14 21:00,29,8,21,0,0,0
2022-05-14 21:15,35,10,25,0,0,0
2022-05-14 21:30,42,23,19,0,0,0
2022-05-14 21:45,22,11,11,0,0,0
2022-05-14 22:00,36,6,30,0,0,0
2022-05-14 22:15,35,11,24,0,0,0
2022-05-14 22:30,40,6,34,0,0,0
2022-05-14 22:45,38,6,32,0,0,0
2022-05-14 23:00,27,5,22,0,0,0
2022-05-14 23:15,50,13,37,0,0,0
2022-05-14 23:30,30,6,24,0,0,0
2022-05-14 23:45,26,6,20,0,0,0
2022-05-15 00:00,21,3,18,0,0,0
2022-05-15 00:15,19,5,14,0,0,0
2022-05-15 00:30,14,4,10,0,0,0
2022-05-15 00:45,14,4,10,0,0,0
2022-05-15 01:00,21,3,18,0,0,0
2022-05-15 01:15,31,11,20,0,0,0
2022-05-15 01:30,21,6,15,0,0,0
2022-05-15 01:45,10,0,10,0,0,0
2022-05-15 02:00,11,2,9,0,0,0
2022-05-15 02:15,7,0,7,0,0,0
2022-05-15 02:30,11,2,9,0,0,0
2022-05-15 02:45,7,3,4,0,0,0
2022-05-15 03:00,2,0,2,0,0,0
2022-05-15 03:15,3,0,3,0,0,0
2022-05-15 03:30,10,1,9,0,0,0
2022-05-15 03:45,7,2,5,0,0,0
2022-05-15 04:00,3,0,3,0,0,0
2022-05-15 04:15,5,0,5,0,0,0
2022-05-15 04:30,1,0,1,0,0,0
2022-05-15 04:45,7,2,5,0,0,0
2022-05-15 05:00,3,0,3,0,0,0
2022-05-15 05:15,4,0,4,0,0,0
2022-05-15 05:30,7,2,5,0,0,0
2022-05-15 05:45,7,0,7,0,0,0
2022-05-15 06:00,3,1,2,0,0,0
2022-05-15 06:15,2,1,1,0,0,0
2022-05-15 06:30,7,4,3,0,0,0
2022-05-15 06:45,4,1,3,0,0,0
2022-05-15 07:00,6,3,3,0,0,0
2022-05-15 07:15,7,5,2,0,0,0
2022-05-15 07:30,9,5,4,0,0,0
2022-05-15 07:45,6,3,3,0,0,0
2022-05-15 08:00,12,8,4,0,0,0
2022-05-15 08:15,11,6,5,0,0,0
2022-05-15 08:30,21,20,1,0,0,0
2022-05-15 08:45,15,7,8,0,0,0
2022-05-15 09:00,23,12,11,0,0,0
2022-05-15 09:15,27,9,18,0,0,0
2022-05-15 09:30,24,14,10,0,0,0
2022-05-15 09:45,37,20,17,0,0,0
2022-05-15 10:00,37,18,19,0,0,0
2022-05-15 10:15,50,34,16,0,0,0
2022-05-15 10:30,46,26,20,0,0,0
2022-05-15 10:45,43,31,12,0,0,0
2022-05-15 11:00,45,22,23,0,0,0
2022-05-15 11:15,53,29,24,0,0,0
2022-05-15 11:30,48,18,30,0,0,0
2022-05-15 11:45,45,21,24,0,0,0
2022-05-15 12:00,62,18,44,0,0,0
2022-05-15 12:15,71,24,47,0,0,0
2022-05-15 12:30,71,15,56,0,0,0
2022-05-15 12:45,62,32,30,0,0,0
2022-05-15 13:00,66,21,45,0,0,0
2022-05-15 13:15,68,32,36,0,0,0
2022-05-15 13:30,68,34,34,0,0,0
2022-05-15 13:45,72,38,34,0,0,0
2022-05-15 14:00,58,33,25,0,0,0
2022-05-15 14:15,82,32,50,0,0,0
2022-05-15 14:30,86,33,53,0,0,0
2022-05-15 14:45,96,41,55,0,0,0
2022-05-15 15:00,82,46,36,0,0,0
2022-05-15 15:15,62,34,28,0,0,0
2022-05-15 15:30,47,30,17,0,0,0
2022-05-15 15:45,83,42,41,0,0,0
2022-05-15 16:00,63,29,34,0,0,0
2022-05-15 16:15,68,19,49,0,0,0
2022-05-15 16:30,80,37,43,0,0,0
2022-05-15 16:45,51,24,27,0,0,0
2022-05-15 17:00,67,16,51,0,0,0
2022-05-15 17:15,82,42,40,0,0,0
2022-05-15 17:30,100,49,51,0,0,0
2022-05-15 17:45,76,34,42,0,0,0
2022-05-15 18:00,69,36,33,0,0,0
2022-05-15 18:15,47,22,25,0,0,0
2022-05-15 18:30,55,25,30,0,0,0
2022-05-15 18:45,48,17,31,0,0,0
2022-05-15 19:00,47,14,33,0,0,0
2022-05-15 19:15,46,14,32,0,0,0
2022-05-15 19:30,50,23,27,0,0,0
2022-05-15 19:45,56,26,30,0,0,0
2022-05-15 20:00,46,20,26,0,0,0
2022-05-15 20:15,62,20,42,0,0,0
2022-05-15 20:30,43,10,33,0,0,0
2022-05-15 20:45,27,14,13,0,0,0
2022-05-15 21:00,50,14,36,0,0,0
2022-05-15 21:15,36,8,28,0,0,0
2022-05-15 21:30,27,6,21,0,0,0
2022-05-15 21:45,31,17,14,0,0,0
2022-05-15 22:00,28,19,9,0,0,0
2022-05-15 22:15,22,2,20,0,0,0
2022-05-15 22:30,18,7,11,0,0,0
2022-05-15 22:45,31,6,25,0,0,0
2022-05-15 23:00,14,3,11,0,0,0
2022-05-15 23:15,13,4,9,0,0,0
2022-05-15 23:30,3,1,2,0,0,0
2022-05-15 23:45,7,2,5,0,0,0
2022-05-16 00:00,10,0,10,0,0,0
2022-05-16 00:15,9,0,9,0,0,0
2022-05-16 00:30,8,0,8,0,0,0
2022-05-16 00:45,2,1,1,0,0,0
2022-05-16 01:00,3,0,3,0,0,0
2022-05-16 01:15,6,2,4,0,0,0
2022-05-16 01:30,3,0,3,0,0,0
2022-05-16 01:45,0,0,0,0,0,0
2022-05-16 02:00,1,0,1,0,0,0
2022-05-16 02:15,2,0,2,0,0,0
2022-05-16 02:30,0,0,0,0,0,0
2022-05-16 02:45,0,0,0,0,0,0
2022-05-16 03:00,3,2,1,0,0,0
2022-05-16 03:15,1,1,0,0,0,0
2022-05-16 03:30,0,0,0,0,0,0
2022-05-16 03:45,0,0,0,0,0,0
2022-05-16 04:00,0,0,0,0,0,0
2022-05-16 04:15,2,0,2,0,0,0
2022-05-16 04:30,4,4,0,0,0,0
2022-05-16 04:45,0,0,0,0,0,0
2022-05-16 05:00,1,0,1,0,0,0
2022-05-16 05:15,7,3,4,0,0,0
2022-05-16 05:30,9,3,6,0,0,0
2022-05-16 05:45,13,2,11,0,0,0
2022-05-16 06:00,8,2,6,0,0,0
2022-05-16 06:15,30,13,17,0,0,0
2022-05-16 06:30,46,11,35,0,0,0
2022-05-16 06:45,45,15,30,0,0,0
2022-05-16 07:00,65,22,43,0,0,0
2022-05-16 07:15,79,34,45,0,0,0
2022-05-16 07:30,255,170,85,0,0,0
2022-05-16 07:45,189,100,89,0,0,0
2022-05-16 08:00,245,79,166,0,0,0
2022-05-16 08:15,158,56,102,0,0,0
2022-05-16 08:30,142,69,73,0,0,0
2022-05-16 08:45,145,69,76,0,0,0
2022-05-16 09:00,111,56,55,0,0,0
2022-05-16 09:15,89,57,32,0,0,0
2022-05-16 09:30,101,47,54,0,0,0
2022-05-16 09:45,162,76,86,0,0,0
2022-05-16 10:00,215,92,123,0,0,0
2022-05-16 10:15,82,52,30,0,0,0
2022-05-16 10:30,87,47,40,0,0,0
2022-05-16 10:45,82,48,34,0,0,0
2022-05-16 11:00,70,36,34,0,0,0
2022-05-16 11:15,82,45,37,0,0,0
2022-05-16 11:30,110,57,53,0,0,0
2022-05-16 11:45,179,97,82,0,0,0
2022-05-16 12:00,188,96,92,0,0,0
2022-05-16 12:15,160,51,109,0,0,0
2022-05-16 12:30,112,43,69,0,0,0
2022-05-16 12:45,109,52,57,0,0,0
2022-05-16 13:00,168,49,119,0,0,0
2022-05-16 13:15,121,37,84,0,0,0
2022-05-16 13:30,136,63,73,0,0,0
2022-05-16 13:45,233,103,130,0,0,0
2022-05-16 14:00,184,76,108,0,0,0
2022-05-16 14:15,98,43,55,0,0,0
2022-05-16 14:30,106,52,54,0,0,0
2022-05-16 14:45,104,49,55,0,0,0
2022-05-16 15:00,99,63,36,0,0,0
2022-05-16 15:15,115,62,53,0,0,0
2022-05-16 15:30,139,83,56,0,0,0
2022-05-16 15:45,258,145,113,0,0,0
2022-05-16 16:00,222,132,90,0,0,0
2022-05-16 16:15,153,71,82,0,0,0
2022-05-16 16:30,123,62,61,0,0,0
2022-05-16 16:45,124,73,51,0,0,0
2022-05-16 17:00,120,63,57,0,0,0
2022-05-16 17:15,127,49,78,0,0,0
2022-05-16 17:30,143,84,59,0,0,0
2022-05-16 17:45,168,79,89,0,0,0
2022-05-16 18:00,160,84,76,0,0,0
2022-05-16 18:15,90,42,48,0,0,0
2022-05-16 18:30,76,32,44,0,0,0
2022-05-16 18:45,62,24,38,0,0,0
2022-05-16 19:00,64,30,34,0,0,0
2022-05-16 19:15,61,28,33,0,0,0
2022-05-16 19:30,90,31,59,0,0,0
2022-05-16 19:45,73,29,44,0,0,0
2022-05-16 20:00,61,24,37,0,0,0
2022-05-16 20:15,49,15,34,0,0,0
2022-05-16 20:30,34,7,27,0,0,0
2022-05-16 20:45,26,11,15,0,0,0
2022-05-16 21:00,37,21,16,0,0,0
2022-05-16 21:15,42,17,25,0,0,0
2022-05-16 21:30,41,11,30,0,0,0
2022-05-16 21:45,30,12,18,0,0,0
2022-05-16 22:00,25,7,18,0,0,0
2022-05-16 22:15,28,8,20,0,0,0
2022-05-16 22:30,24,6,18,0,0,0
2022-05-16 22:45,9,1,8,0,0,0
2022-05-16 23:00,11,1,10,0,0,0
2022-05-16 23:15,11,4,7,0,0,0
2022-05-16 23:30,12,5,7,0,0,0
2022-05-16 23:45,11,8,3,0,0,0
2022-05-17 00:00,7,3,4,0,0,0
2022-05-17 00:15,1,0,1,0,0,0
2022-05-17 00:30,4,1,3,0,0,0
2022-05-17 00:45,9,2,7,0,0,0
2022-05-17 01:00,5,3,2,0,0,0
2022-05-17 01:15,2,0,2,0,0,0
2022-05-17 01:30,3,2,1,0,0,0
2022-05-17 01:45,0,0,0,0,0,0
2022-05-17 02:00,2,1,1,0,0,0
2022-05-17 02:15,1,1,0,0,0,0
2022-05-17 02:30,1,1,0,0,0,0
2022-05-17 02:45,0,0,0,0,0,0
2022-05-17 03:00,0,0,0,0,0,0
2022-05-17 03:15,0,0,0,0,0,0
2022-05-17 03:30,3,1,2,0,0,0
2022-05-17 03:45,1,1,0,0,0,0
2022-05-17 04:00,1,1,0,0,0,0
2022-05-17 04:15,5,1,4,0,0,0
2022-05-17 04:30,1,1,0,0,0,0
2022-05-17 04:45,0,0,0,0,0,0
2022-05-17 05:00,1,1,0,0,0,0
2022-05-17 05:15,9,4,5,0,0,0
2022-05-17 05:30,11,1,10,0,0,0
2022-05-17 05:45,12,4,8,0,0,0
2022-05-17 06:00,9,4,5,0,0,0
2022-05-17 06:15,22,4,18,0,0,0
2022-05-17 06:30,44,20,24,0,0,0
2022-05-17 06:45,68,29,39,0,0,0
2022-05-17 07:00,77,20,57,0,0,0
2022-05-17 07:15,90,38,52,0,0,0
2022-05-17 07:30,171,75,96,0,0,0
2022-05-17 07:45,228,75,153,0,0,0
2022-05-17 08:00,272,106,166,0,0,0
2022-05-17 08:15,181,84,97,0,0,0
2022-05-17 08:30,134,65,69,0,0,0
2022-05-17 08:45,142,63,79,0,0,0
2022-05-17 09:00,105,46,59,0,0,0
2022-05-17 09:15,116,45,71,0,0,0
2022-05-17 09:30,120,66,54,0,0,0
2022-05-17 09:45,211,106,105,0,0,0
2022-05-17 10:00,217,82,135,0,0,0
2022-05-17 10:15,99,41,58,0,0,0
2022-05-17 10:30,75,44,31,0,0,0
2022-05-17 10:45,85,40,45,0,0,0
2022-05-17 11:00,89,43,46,0,0,0
2022-05-17 11:15,67,36,31,0,0,0
2022-05-17 11:30,128,70,58,0,0,0
2022-05-17 11:45,259,124,135,0,0,0
2022-05-17 12:00,180,92,88,0,0,0
2022-05-17 12:15,121,53,68,0,0,0
2022-05-17 12:30,111,42,69,0,0,0
2022-05-17 12:45,117,44,73,0,0,0
2022-05-17 13:00,132,55,77,0,0,0
2022-05-17 13:15,121,46,75,0,0,0
2022-05-17 13:30,125,53,72,0,0,0
2022-05-17 13:45,290,117,173,0,0,0
2022-05-17 14:00,228,118,110,0,0,0
2022-05-17 14:15,130,74,56,0,0,0
2022-05-17 14:30,111,49,62,0,0,0
2022-05-17 14:45,136,69,67,0,0,0
2022-05-17 15:00,127,72,55,0,0,0
2022-05-17 15:15,163,77,86,0,0,0
2022-05-17 15:30,119,71,48,0,0,0
2022-05-17 15:45,308,157,151,0,0,0
2022-05-17 16:00,227,130,97,0,0,0
2022-05-17 16:15,131,93,38,0,0,0
2022-05-17 16:30,140,80,60,0,0,0
2022-05-17 16:45,155,75,80,0,0,0
2022-05-17 17:00,181,106,75,0,0,0
2022-05-17 17:15,166,88,78,0,0,0
2022-05-17 17:30,188,100,88,0,0,0
2022-05-17 17:45,255,137,118,0,0,0
2022-05-17 18:00,162,72,90,0,0,0
2022-05-17 18:15,144,60,84,0,0,0
2022-05-17 18:30,114,46,68,0,0,0
2022-05-17 18:45,96,49,47,0,0,0
2022-05-17 19:00,132,58,74,0,0,0
2022-05-17 19:15,103,52,51,0,0,0
2022-05-17 19:30,97,30,67,0,0,0
2022-05-17 19:45,136,62,74,0,0,0
2022-05-17 20:00,83,28,55,0,0,0
2022-05-17 20:15,76,25,51,0,0,0
2022-05-17 20:30,68,31,37,0,0,0
2022-05-17 20:45,51,7,44,0,0,0
2022-05-17 21:00,68,37,31,0,0,0
2022-05-17 21:15,65,24,41,0,0,0
2022-05-17 21:30,46,11,35,0,0,0
2022-05-17 21:45,43,13,30,0,0,0
2022-05-17 22:00,51,20,31,0,0,0
2022-05-17 22:15,39,7,32,0,0,0
2022-05-17 22:30,43,10,33,0,0,0
2022-05-17 22:45,26,6,20,0,0,0
2022-05-17 23:00,21,3,18,0,0,0
2022-05-17 23:15,29,10,19,0,0,0
2022-05-17 23:30,33,17,16,0,0,0
2022-05-17 23:45,15,6,9,0,0,0
2022-05-18 00:00,12,1,11,0,0,0
2022-05-18 00:15,8,3,5,0,0,0
2022-05-18 00:30,6,1,5,0,0,0
2022-05-18 00:45,4,2,2,0,0,0
2022-05-18 01:00,6,0,6,0,0,0
2022-05-18 01:15,1,1,0,0,0,0
2022-05-18 01:30,2,0,2,0,0,0
2022-05-18 01:45,4,0,4,0,0,0
2022-05-18 02:00,3,1,2,0,0,0
2022-05-18 02:15,1,0,1,0,0,0
2022-05-18 02:30,1,0,1,0,0,0
2022-05-18 02:45,2,2,0,0,0,0
2022-05-18 03:00,2,0,2,0,0,0
2022-05-18 03:15,9,0,9,0,0,0
2022-05-18 03:30,5,1,4,0,0,0
2022-05-18 03:45,0,0,0,0,0,0
2022-05-18 04:00,1,0,1,0,0,0
2022-05-18 04:15,5,0,5,0,0,0
2022-05-18 04:30,2,1,1,0,0,0
2022-05-18 04:45,4,2,2,0,0,0
2022-05-18 05:00,2,1,1,0,0,0
2022-05-18 05:15,9,4,5,0,0,0
2022-05-18 05:30,15,2,13,0,0,0
2022-05-18 05:45,16,5,11,0,0,0
2022-05-18 06:00,14,9,5,0,0,0
2022-05-18 06:15,23,10,13,0,0,0
2022-05-18 06:30,49,27,22,0,0,0
2022-05-18 06:45,82,41,41,0,0,0
2022-05-18 07:00,90,28,62,0,0,0
2022-05-18 07:15,105,70,35,0,0,0
2022-05-18 07:30,259,167,92,0,0,0
2022-05-18 07:45,257,116,141,0,0,0
2022-05-18 08:00,244,75,169,0,0,0
2022-05-18 08:15,164,73,91,0,0,0
2022-05-18 08:30,142,70,72,0,0,0
2022-05-18 08:45,167,95,72,0,0,0
2022-05-18 09:00,148,61,87,0,0,0
2022-05-18 09:15,179,101,78,0,0,0
2022-05-18 09:30,136,64,72,0,0,0
2022-05-18 09:45,180,79,101,0,0,0
2022-05-18 10:00,207,93,114,0,0,0
2022-05-18 10:15,106,58,48,0,0,0
2022-05-18 10:30,99,53,46,0,0,0
2022-05-18 10:45,114,54,60,0,0,0
2022-05-18 11:00,91,56,35,0,0,0
2022-05-18 11:15,124,72,52,0,0,0
2022-05-18 11:30,108,44,64,0,0,0
2022-05-18 11:45,210,101,109,0,0,0
2022-05-18 12:00,180,80,100,0,0,0
2022-05-18 12:15,188,77,111,0,0,0
2022-05-18 12:30,129,44,85,0,0,0
2022-05-18 12:45,175,84,91,0,0,0
2022-05-18 13:00,194,59,135,0,0,0
2022-05-18 13:15,169,68,101,0,0,0
2022-05-18 13:30,139,47,92,0,0,0
2022-05-18 13:45,276,122,154,0,0,0
2022-05-18 14:00,204,85,119,0,0,0
2022-05-18 14:15,149,68,81,0,0,0
2022-05-18 14:30,136,66,70,0,0,0
2022-05-18 14:45,152,83,69,0,0,0
2022-05-18 15:00,141,86,55,0,0,0
2022-05-18 15:15,156,99,57,0,0,0
2022-05-18 15:30,184,90,94,0,0,0
2022-05-18 15:45,257,108,149,0,0,0
2022-05-18 16:00,223,126,97,0,0,0
2022-05-18 16:15,205,102,103,0,0,0
2022-05-18 16:30,185,87,98,0,0,0
2022-05-18 16:45,159,76,83,0,0,0
2022-05-18 17:00,173,100,73,0,0,0
2022-05-18 17:15,144,72,72,0,0,0
2022-05-18 17:30,192,102,90,0,0,0
2022-05-18 17:45,223,115,108,0,0,0
2022-05-18 18:00,210,104,106,0,0,0
2022-05-18 18:15,136,60,76,0,0,0
2022-05-18 18:30,129,63,66,0,0,0
2022-05-18 18:45,114,64,50,0,0,0
2022-05-18 19:00,132,71,61,0,0,0
2022-05-18 19:15,108,48,60,0,0,0
2022-05-18 19:30,90,44,46,0,0,0
2022-05-18 19:45,139,69,70,0,0,0
2022-05-18 20:00,100,44,56,0,0,0
2022-05-18 20:15,91,37,54,0,0,0
2022-05-18 20:30,75,27,48,0,0,0
2022-05-18 20:45,56,16,40,0,0,0
2022-05-18 21:00,67,27,40,0,0,0
2022-05-18 21:15,64,19,45,0,0,0
2022-05-18 21:30,53,23,30,0,0,0
2022-05-18 21:45,40,4,36,0,0,0
2022-05-18 22:00,58,16,42,0,0,0
2022-05-18 22:15,53,14,39,0,0,0
2022-05-18 22:30,63,7,56,0,0,0
2022-05-18 22:45,58,17,41,0,0,0
2022-05-18 23:00,48,13,35,0,0,0
2022-05-18 23:15,25,2,23,0,0,0
2022-05-18 23:30,29,2,27,0,0,0
2022-05-18 23:45,18,4,14,0,0,0
2022-05-19 00:00,28,7,21,0,0,0
2022-05-19 00:15,39,10,29,0,0,0
2022-05-19 00:30,22,1,21,0,0,0
2022-05-19 00:45,19,6,13,0,0,0
2022-05-19 01:00,8,1,7,0,0,0
2022-05-19 01:15,13,1,12,0,0,0
2022-05-19 01:30,9,0,9,0,0,0
2022-05-19 01:45,5,0,5,0,0,0
2022-05-19 02:00,8,3,5,0,0,0
2022-05-19 02:15,2,0,2,0,0,0
2022-05-19 02:30,4,0,4,0,0,0
2022-05-19 02:45,5,1,4,0,0,0
2022-05-19 03:00,3,0,3,0,0,0
2022-05-19 03:15,2,0,2,0,0,0
2022-05-19 03:30,5,1,4,0,0,0
2022-05-19 03:45,0,0,0,0,0,0
2022-05-19 04:00,1,0,1,0,0,0
2022-05-19 04:15,2,2,0,0,0,0
2022-05-19 04:30,5,2,3,0,0,0
2022-05-19 04:45,3,0,3,0,0,0
2022-05-19 05:00,2,2,0,0,0,0
2022-05-19 05:15,7,3,4,0,0,0
2022-05-19 05:30,11,4,7,0,0,0
2022-05-19 05:45,12,7,5,0,0,0
2022-05-19 06:00,9,3,6,0,0,0
2022-05-19 06:15,17,6,11,0,0,0
2022-05-19 06:30,38,19,19,0,0,0
2022-05-19 06:45,61,19,42,0,0,0
2022-05-19 07:00,69,20,49,0,0,0
2022-05-19 07:15,105,55,50,0,0,0
2022-05-19 07:30,286,192,94,0,0,0
2022-05-19 07:45,230,90,140,0,0,0
2022-05-19 08:00,227,71,156,0,0,0
2022-05-19 08:15,147,58,89,0,0,0
2022-05-19 08:30,129,55,74,0,0,0
2022-05-19 08:45,156,68,88,0,0,0
2022-05-19 09:00,95,41,54,0,0,0
2022-05-19 09:15,94,54,40,0,0,0
2022-05-19 09:30,117,57,60,0,0,0
2022-05-19 09:45,158,83,75,0,0,0
2022-05-19 10:00,208,100,108,0,0,0
2022-05-19 10:15,88,37,51,0,0,0
2022-05-19 10:30,84,36,48,0,0,0
2022-05-19 10:45,86,45,41,0,0,0
2022-05-19 11:00,78,41,37,0,0,0
2022-05-19 11:15,88,38,50,0,0,0
2022-05-19 11:30,122,49,73,0,0,0
2022-05-19 11:45,193,112,81,0,0,0
2022-05-19 12:00,201,97,104,0,0,0
2022-05-19 12:15,157,51,106,0,0,0
2022-05-19 12:30,176,47,129,0,0,0
2022-05-19 12:45,146,81,65,0,0,0
2022-05-19 13:00,155,46,109,0,0,0
2022-05-19 13:15,166,49,117,0,0,0
2022-05-19 13:30,143,53,90,0,0,0
2022-05-19 13:45,192,79,113,0,0,0
2022-05-19 14:00,201,78,123,0,0,0
2022-05-19 14:15,122,54,68,0,0,0
2022-05-19 14:30,166,98,68,0,0,0
2022-05-19 14:45,133,61,72,0,0,0
2022-05-19 15:00,126,52,74,0,0,0
2022-05-19 15:15,132,78,54,0,0,0
2022-05-19 15:30,209,112,97,0,0,0
2022-05-19 15:45,146,78,68,0,0,0
2022-05-19 16:00,82,35,47,0,0,0
2022-05-19 16:15,69,44,25,0,0,0
2022-05-19 16:30,122,83,39,0,0,0
2022-05-19 16:45,128,83,45,0,0,0
2022-05-19 17:00,87,45,42,0,0,0
2022-05-19 17:15,118,54,64,0,0,0
2022-05-19 17:30,115,56,59,0,0,0
2022-05-19 17:45,135,59,76,0,0,0
2022-05-19 18:00,120,74,46,0,0,0
2022-05-19 18:15,105,52,53,0,0,0
2022-05-19 18:30,93,50,43,0,0,0
2022-05-19 18:45,93,41,52,0,0,0
2022-05-19 19:00,88,46,42,0,0,0
2022-05-19 19:15,71,34,37,0,0,0
2022-05-19 19:30,56,25,31,0,0,0
2022-05-19 19:45,64,31,33,0,0,0
2022-05-19 20:00,59,26,33,0,0,0
2022-05-19 20:15,63,28,35,0,0,0
2022-05-19 20:30,35,8,27,0,0,0
2022-05-19 20:45,26,10,16,0,0,0
2022-05-19 21:00,25,16,9,0,0,0
2022-05-19 21:15,22,11,11,0,0,0
2022-05-19 21:30,41,14,27,0,0,0
2022-05-19 21:45,23,12,11,0,0,0
2022-05-19 22:00,28,15,13,0,0,0
2022-05-19 22:15,33,6,27,0,0,0
2022-05-19 22:30,23,6,17,0,0,0
2022-05-19 22:45,44,16,28,0,0,0
2022-05-19 23:00,19,6,13,0,0,0
2022-05-19 23:15,13,2,11,0,0,0
2022-05-19 23:30,28,11,17,0,0,0
2022-05-19 23:45,11,2,9,0,0,0
2022-05-20 00:00,9,0,9,0,0,0
2022-05-20 00:15,9,0,9,0,0,0
2022-05-20 00:30,7,1,6,0,0,0
2022-05-20 00:45,7,1,6,0,0,0
2022-05-20 01:00,2,1,1,0,0,0
2022-05-20 01:15,7,0,7,0,0,0
2022-05-20 01:30,2,0,2,0,0,0
2022-05-20 01:45,6,0,6,0,0,0
2022-05-20 02:00,6,0,6,0,0,0
2022-05-20 02:15,3,0,3,0,0,0
2022-05-20 02:30,7,0,7,0,0,0
2022-05-20 02:45,2,0,2,0,0,0
2022-05-20 03:00,1,0,1,0,0,0
2022-05-20 03:15,2,0,2,0,0,0
2022-05-20 03:30,2,1,1,0,0,0
2022-05-20 03:45,7,2,5,0,0,0
2022-05-20 04:00,1,0,1,0,0,0
2022-05-20 04:15,2,0,2,0,0,0
2022-05-20 04:30,2,1,1,0,0,0
2022-05-20 04:45,3,0,3,0,0,0
2022-05-20 05:00,0,0,0,0,0,0
2022-05-20 05:15,2,1,1,0,0,0
2022-05-20 05:30,15,2,13,0,0,0
2022-05-20 05:45,14,6,8,0,0,0
2022-05-20 06:00,7,2,5,0,0,0
2022-05-20 06:15,17,5,12,0,0,0
2022-05-20 06:30,34,16,18,0,0,0
2022-05-20 06:45,43,12,31,0,0,0
2022-05-20 07:00,44,13,31,0,0,0
2022-05-20 07:15,76,41,35,0,0,0
2022-05-20 07:30,221,145,76,0,0,0
2022-05-20 07:45,186,74,112,0,0,0
2022-05-20 08:00,216,52,164,0,0,0
2022-05-20 08:15,126,51,75,0,0,0
2022-05-20 08:30,120,53,67,0,0,0
2022-05-20 08:45,107,39,68,0,0,0
2022-05-20 09:00,92,43,49,0,0,0
2022-05-20 09:15,94,50,44,0,0,0
2022-05-20 09:30,81,34,47,0,0,0
2022-05-20 09:45,181,118,63,0,0,0
2022-05-20 10:00,182,78,104,0,0,0
2022-05-20 10:15,86,47,39,0,0,0
2022-05-20 10:30,75,31,44,0,0,0
2022-05-20 10:45,75,36,39,0,0,0
2022-05-20 11:00,75,34,41,0,0,0
2022-05-20 11:15,78,39,39,0,0,0
2022-05-20 11:30,119,69,50,0,0,0
2022-05-20 11:45,129,71,58,0,0,0
2022-05-20 12:00,159,72,87,0,0,0
2022-05-20 12:15,133,72,61,0,0,0
2022-05-20 12:30,127,62,65,0,0,0
2022-05-20 12:45,144,55,89,0,0,0
2022-05-20 13:00,205,73,132,0,0,0
2022-05-20 13:15,176,51,125,0,0,0
2022-05-20 13:30,125,45,80,0,0,0
2022-05-20 13:45,129,52,77,0,0,0
2022-05-20 14:00,147,65,82,0,0,0
2022-05-20 14:15,134,68,66,0,0,0
2022-05-20 14:30,115,54,61,0,0,0
2022-05-20 14:45,125,63,62,0,0,0
2022-05-20 15:00,140,75,65,0,0,0
2022-05-20 15:15,116,63,53,0,0,0
2022-05-20 15:30,132,52,80,0,0,0
2022-05-20 15:45,112,56,56,0,0,0
2022-05-20 16:00,88,57,31,0,0,0
2022-05-20 16:15,32,19,13,0,0,0
2022-05-20 16:30,28,15,13,0,0,0
2022-05-20 16:45,63,42,21,0,0,0
2022-05-20 17:00,62,30,32,0,0,0
2022-05-20 17:15,48,27,21,0,0,0
2022-05-20 17:30,38,14,24,0,0,0
2022-05-20 17:45,60,26,34,0,0,0
2022-05-20 18:00,56,24,32,0,0,0
2022-05-20 18:15,60,30,30,0,0,0
2022-05-20 18:30,42,23,19,0,0,0
2022-05-20 18:45,73,35,38,0,0,0
2022-05-20 19:00,53,29,24,0,0,0
2022-05-20 19:15,42,27,15,0,0,0
2022-05-20 19:30,37,9,28,0,0,0
2022-05-20 19:45,50,36,14,0,0,0
2022-05-20 20:00,44,21,23,0,0,0
2022-05-20 20:15,28,11,17,0,0,0
2022-05-20 20:30,33,17,16,0,0,0
2022-05-20 20:45,23,7,16,0,0,0
2022-05-20 21:00,35,15,20,0,0,0
2022-05-20 21:15,29,16,13,0,0,0
2022-05-20 21:30,23,15,8,0,0,0
2022-05-20 21:45,22,11,11,0,0,0
2022-05-20 22:00,28,11,17,0,0,0
2022-05-20 22:15,32,14,18,0,0,0
2022-05-20 22:30,20,12,8,0,0,0
2022-05-20 22:45,25,10,15,0,0,0
2022-05-20 23:00,23,8,15,0,0,0
2022-05-20 23:15,27,5,22,0,0,0
2022-05-20 23:30,18,7,11,0,0,0
2022-05-20 23:45,20,7,13,0,0,0
2022-05-21 00:00,14,5,9,0,0,0
2022-05-21 00:15,16,4,12,0,0,0
2022-05-21 00:30,8,1,7,0,0,0
2022-05-21 00:45,23,10,13,0,0,0
2022-05-21 01:00,18,5,13,0,0,0
2022-05-21 01:15,11,6,5,0,0,0
2022-05-21 01:30,5,1,4,0,0,0
2022-05-21 01:45,9,2,7,0,0,0
2022-05-21 02:00,13,7,6,0,0,0
2022-05-21 02:15,3,0,3,0,0,0
2022-05-21 02:30,12,4,8,0,0,0
2022-05-21 02:45,3,1,2,0,0,0
2022-05-21 03:00,8,6,2,0,0,0
2022-05-21 03:15,14,2,12,0,0,0
2022-05-21 03:30,8,3,5,0,0,0
2022-05-21 03:45,9,1,8,0,0,0
2022-05-21 04:00,3,1,2,0,0,0
2022-05-21 04:15,4,0,4,0,0,0
2022-05-21 04:30,3,0,3,0,0,0
2022-05-21 04:45,3,1,2,0,0,0
2022-05-21 05:00,4,0,4,0,0,0
2022-05-21 05:15,5,3,2,0,0,0
2022-05-21 05:30,12,3,9,0,0,0
2022-05-21 05:45,13,9,4,0,0,0
2022-05-21 06:00,7,5,2,0,0,0
2022-05-21 06:15,5,4,1,0,0,0
2022-05-21 06:30,9,9,0,0,0,0
2022-05-21 06:45,17,13,4,0,0,0
2022-05-21 07:00,10,9,1,0,0,0
2022-05-21 07:15,21,17,4,0,0,0
2022-05-21 07:30,23,17,6,0,0,0
2022-05-21 07:45,37,18,19,0,0,0
2022-05-21 08:00,24,15,9,0,0,0
2022-05-21 08:15,34,25,9,0,0,0
2022-05-21 08:30,43,23,20,0,0,0
2022-05-21 08:45,62,41,21,0,0,0
2022-05-21 09:00,69,37,32,0,0,0
2022-05-21 09:15,64,50,14,0,0,0
2022-05-21 09:30,99,67,32,0,0,0
2022-05-21 09:45,86,59,27,0,0,0
2022-05-21 10:00,92,74,18,0,0,0
2022-05-21 10:15,90,62,28,0,0,0
2022-05-21 10:30,109,71,38,0,0,0
2022-05-21 10:45,109,74,35,0,0,0
2022-05-21 11:00,125,69,56,0,0,0
2022-05-21 11:15,125,70,55,0,0,0
2022-05-21 11:30,110,48,62,0,0,0
2022-05-21 11:45,113,60,53,0,0,0
2022-05-21 12:00,117,44,73,0,0,0
2022-05-21 12:15,89,42,47,0,0,0
2022-05-21 12:30,121,55,66,0,0,0
2022-05-21 12:45,124,73,51,0,0,0
2022-05-21 13:00,91,48,43,0,0,0
2022-05-21 13:15,108,40,68,0,0,0
2022-05-21 13:30,107,46,61,0,0,0
2022-05-21 13:45,99,42,57,0,0,0
2022-05-21 14:00,101,29,72,0,0,0
2022-05-21 14:15,100,48,52,0,0,0
2022-05-21 14:30,122,30,92,0,0,0
2022-05-21 14:45,80,32,48,0,0,0
2022-05-21 15:00,62,19,43,0,0,0
2022-05-21 15:15,111,36,75,0,0,0
2022-05-21 15:30,96,31,65,0,0,0
2022-05-21 15:45,98,35,63,0,0,0
2022-05-21 16:00,67,26,41,0,0,0
2022-05-21 16:15,71,32,39,0,0,0
2022-05-21 16:30,76,25,51,0,0,0
2022-05-21 16:45,70,29,41,0,0,0
2022-05-21 17:00,77,23,54,0,0,0
2022-05-21 17:15,60,22,38,0,0,0
2022-05-21 17:30,69,14,55,0,0,0
2022-05-21 17:45,72,29,43,0,0,0
2022-05-21 18:00,57,16,41,0,0,0
2022-05-21 18:15,79,28,51,0,0,0
2022-05-21 18:30,85,33,52,0,0,0
2022-05-21 18:45,74,39,35,0,0,0
2022-05-21 19:00,58,24,34,0,0,0
2022-05-21 19:15,65,34,31,0,0,0
2022-05-21 19:30,51,22,29,0,0,0
2022-05-21 19:45,38,12,26,0,0,0
2022-05-21 20:00,62,22,40,0,0,0
2022-05-21 20:15,41,18,23,0,0,0
2022-05-21 20:30,51,17,34,0,0,0
2022-05-21 20:45,51,13,38,0,0,0
2022-05-21 21:00,23,10,13,0,0,0
2022-05-21 21:15,41,6,35,0,0,0
2022-05-21 21:30,33,14,19,0,0,0
2022-05-21 21:45,31,17,14,0,0,0
2022-05-21 22:00,22,9,13,0,0,0
2022-05-21 22:15,28,10,18,0,0,0
2022-05-21 22:30,18,3,15,0,0,0
2022-05-21 22:45,29,5,24,0,0,0
2022-05-21 23:00,17,7,10,0,0,0
2022-05-21 23:15,13,2,11,0,0,0
2022-05-21 23:30,21,5,16,0,0,0
2022-05-21 23:45,28,5,23,0,0,0
2022-05-22 00:00,36,19,17,0,0,0
2022-05-22 00:15,24,8,16,0,0,0
2022-05-22 00:30,15,3,12,0,0,0
2022-05-22 00:45,21,5,16,0,0,0
2022-05-22 01:00,16,2,14,0,0,0
2022-05-22 01:15,15,3,12,0,0,0
2022-05-22 01:30,19,7,12,0,0,0
2022-05-22 01:45,10,4,6,0,0,0
2022-05-22 02:00,7,2,5,0,0,0
2022-05-22 02:15,11,4,7,0,0,0
2022-05-22 02:30,2,0,2,0,0,0
2022-05-22 02:45,19,2,17,0,0,0
2022-05-22 03:00,21,2,19,0,0,0
2022-05-22 03:15,12,3,9,0,0,0
2022-05-22 03:30,6,0,6,0,0,0
2022-05-22 03:45,9,0,9,0,0,0
2022-05-22 04:00,3,0,3,0,0,0
2022-05-22 04:15,4,2,2,0,0,0
2022-05-22 04:30,7,1,6,0,0,0
2022-05-22 04:45,6,1,5,0,0,0
2022-05-22 05:00,2,0,2,0,0,0
2022-05-22 05:15,5,1,4,0,0,0
2022-05-22 05:30,9,3,6,0,0,0
2022-05-22 05:45,8,1,7,0,0,0
2022-05-22 06:00,1,0,1,0,0,0
2022-05-22 06:15,7,3,4,0,0,0
2022-05-22 06:30,9,6,3,0,0,0
2022-05-22 06:45,2,1,1,0,0,0
2022-05-22 07:00,3,0,3,0,0,0
2022-05-22 07:15,13,9,4,0,0,0
2022-05-22 07:30,12,5,7,0,0,0
2022-05-22 07:45,14,4,10,0,0,0
2022-05-22 08:00,7,2,5,0,0,0
2022-05-22 08:15,8,3,5,0,0,0
2022-05-22 08:30,13,9,4,0,0,0
2022-05-22 08:45,11,9,2,0,0,0
2022-05-22 09:00,21,13,8,0,0,0
2022-05-22 09:15,17,11,6,0,0,0
2022-05-22 09:30,26,18,8,0,0,0
2022-05-22 09:45,33,23,10,0,0,0
2022-05-22 10:00,45,26,19,0,0,0
2022-05-22 10:15,34,22,12,0,0,0
2022-05-22 10:30,33,19,14,0,0,0
2022-05-22 10:45,50,31,19,0,0,0
2022-05-22 11:00,41,30,11,0,0,0
2022-05-22 11:15,57,35,22,0,0,0
2022-05-22 11:30,43,17,26,0,0,0
2022-05-22 11:45,50,25,25,0,0,0
2022-05-22 12:00,58,27,31,0,0,0
2022-05-22 12:15,39,15,24,0,0,0
2022-05-22 12:30,57,24,33,0,0,0
2022-05-22 12:45,72,33,39,0,0,0
2022-05-22 13:00,57,31,26,0,0,0
2022-05-22 13:15,76,35,41,0,0,0
2022-05-22 13:30,62,27,35,0,0,0
2022-05-22 13:45,53,28,25,0,0,0
2022-05-22 14:00,68,45,23,0,0,0
2022-05-22 14:15,77,37,40,0,0,0
2022-05-22 14:30,107,60,47,0,0,0
2022-05-22 14:45,95,62,33,0,0,0
2022-05-22 15:00,75,44,31,0,0,0
2022-05-22 15:15,66,32,34,0,0,0
2022-05-22 15:30,84,38,46,0,0,0
2022-05-22 15:45,93,50,43,0,0,0
2022-05-22 16:00,70,26,44,0,0,0
2022-05-22 16:15,82,36,46,0,0,0
2022-05-22 16:30,83,36,47,0,0,0
2022-05-22 16:45,101,37,64,0,0,0
2022-05-22 17:00,55,16,39,0,0,0
2022-05-22 17:15,51,19,32,0,0,0
2022-05-22 17:30,69,30,39,0,0,0
2022-05-22 17:45,60,24,36,0,0,0
2022-05-22 18:00,61,21,40,0,0,0
2022-05-22 18:15,71,28,43,0,0,0
2022-05-22 18:30,62,16,46,0,0,0
2022-05-22 18:45,85,36,49,0,0,0
2022-05-22 19:00,54,26,28,0,0,0
2022-05-22 19:15,45,22,23,0,0,0
2022-05-22 19:30,64,28,36,0,0,0
2022-05-22 19:45,53,19,34,0,0,0
2022-05-22 20:00,53,23,30,0,0,0
2022-05-22 20:15,45,17,28,0,0,0
2022-05-22 20:30,42,3,39,0,0,0
2022-05-22 20:45,41,14,27,0,0,0
2022-05-22 21:00,31,19,12,0,0,0
2022-05-22 21:15,28,11,17,0,0,0
2022-05-22 21:30,38,1,37,0,0,0
2022-05-22 21:45,16,7,9,0,0,0
2022-05-22 22:00,33,10,23,0,0,0
2022-05-22 22:15,14,2,12,0,0,0
2022-05-22 22:30,17,2,15,0,0,0
2022-05-22 22:45,16,3,13,0,0,0
2022-05-22 23:00,8,1,7,0,0,0
2022-05-22 23:15,16,4,12,0,0,0
2022-05-22 23:30,5,2,3,0,0,0
2022-05-22 23:45,4,1,3,0,0,0
2022-05-23 00:00,16,4,12,0,0,0
2022-05-23 00:15,2,0,2,0,0,0
2022-05-23 00:30,4,1,3,0,0,0
2022-05-23 00:45,3,1,2,0,0,0
2022-05-23 01:00,2,0,2,0,0,0
2022-05-23 01:15,1,1,0,0,0,0
2022-05-23 01:30,2,0,2,0,0,0
2022-05-23 01:45,1,1,0,0,0,0
2022-05-23 02:00,1,1,0,0,0,0
2022-05-23 02:15,2,1,1,0,0,0
2022-05-23 02:30,0,0,0,0,0,0
2022-05-23 02:45,0,0,0,0,0,0
2022-05-23 03:00,0,0,0,0,0,0
2022-05-23 03:15,0,0,0,0,0,0
2022-05-23 03:30,0,0,0,0,0,0
2022-05-23 03:45,2,1,1,0,0,0
2022-05-23 04:00,0,0,0,0,0,0
2022-05-23 04:15,2,1,1,0,0,0
2022-05-23 04:30,1,1,0,0,0,0
2022-05-23 04:45,0,0,0,0,0,0
2022-05-23 05:00,0,0,0,0,0,0
2022-05-23 05:15,4,2,2,0,0,0
2022-05-23 05:30,14,4,10,0,0,0
2022-05-23 05:45,16,5,11,0,0,0
2022-05-23 06:00,10,4,6,0,0,0
2022-05-23 06:15,25,5,20,0,0,0
2022-05-23 06:30,32,7,25,0,0,0
2022-05-23 06:45,52,16,36,0,0,0
2022-05-23 07:00,64,18,46,0,0,0
2022-05-23 07:15,93,43,50,0,0,0
2022-05-23 07:30,234,152,82,0,0,0
2022-05-23 07:45,173,67,106,0,0,0
2022-05-23 08:00,202,56,146,0,0,0
2022-05-23 08:15,145,54,91,0,0,0
2022-05-23 08:30,111,41,70,0,0,0
2022-05-23 08:45,165,71,94,0,0,0
2022-05-23 09:00,122,46,76,0,0,0
2022-05-23 09:15,66,41,25,0,0,0
2022-05-23 09:30,90,30,60,0,0,0
2022-05-23 09:45,196,74,122,0,0,0
2022-05-23 10:00,221,69,152,0,0,0
2022-05-23 10:15,102,65,37,0,0,0
2022-05-23 10:30,70,37,33,0,0,0
2022-05-23 10:45,83,46,37,0,0,0
2022-05-23 11:00,68,22,46,0,0,0
2022-05-23 11:15,88,40,48,0,0,0
2022-05-23 11:30,89,46,43,0,0,0
2022-05-23 11:45,204,102,102,0,0,0
2022-05-23 12:00,176,91,85,0,0,0
2022-05-23 12:15,157,57,100,0,0,0
2022-05-23 12:30,132,49,83,0,0,0
2022-05-23 12:45,125,57,68,0,0,0
2022-05-23 13:00,185,58,127,0,0,0
2022-05-23 13:15,110,41,69,0,0,0
2022-05-23 13:30,111,53,58,0,0,0
2022-05-23 13:45,223,92,131,0,0,0
2022-05-23 14:00,206,103,103,0,0,0
2022-05-23 14:15,103,49,54,0,0,0
2022-05-23 14:30,118,51,67,0,0,0
2022-05-23 14:45,130,61,69,0,0,0
2022-05-23 15:00,147,74,73,0,0,0
2022-05-23 15:15,129,85,44,0,0,0
2022-05-23 15:30,116,53,63,0,0,0
2022-05-23 15:45,209,120,89,0,0,0
2022-05-23 16:00,216,135,81,0,0,0
2022-05-23 16:15,161,95,66,0,0,0
2022-05-23 16:30,180,104,76,0,0,0
2022-05-23 16:45,143,64,79,0,0,0
2022-05-23 17:00,133,69,64,0,0,0
2022-05-23 17:15,116,50,66,0,0,0
2022-05-23 17:30,171,74,97,0,0,0
2022-05-23 17:45,186,89,97,0,0,0
2022-05-23 18:00,128,55,73,0,0,0
2022-05-23 18:15,99,57,42,0,0,0
2022-05-23 18:30,88,38,50,0,0,0
2022-05-23 18:45,93,35,58,0,0,0
2022-05-23 19:00,39,17,22,0,0,0
2022-05-23 19:15,55,19,36,0,0,0
2022-05-23 19:30,35,11,24,0,0,0
2022-05-23 19:45,83,27,56,0,0,0
2022-05-23 20:00,60,23,37,0,0,0
2022-05-23 20:15,45,22,23,0,0,0
2022-05-23 20:30,31,7,24,0,0,0
2022-05-23 20:45,20,9,11,0,0,0
2022-05-23 21:00,36,15,21,0,0,0
2022-05-23 21:15,30,16,14,0,0,0
2022-05-23 21:30,16,3,13,0,0,0
2022-05-23 21:45,19,3,16,0,0,0
2022-05-23 22:00,28,12,16,0,0,0
2022-05-23 22:15,22,9,13,0,0,0
2022-05-23 22:30,18,1,17,0,0,0
2022-05-23 22:45,17,4,13,0,0,0
2022-05-23 23:00,12,5,7,0,0,0
2022-05-23 23:15,26,13,13,0,0,0
2022-05-23 23:30,4,2,2,0,0,0
2022-05-23 23:45,8,6,2,0,0,0
2022-05-24 00:00,7,4,3,0,0,0
2022-05-24 00:15,1,0,1,0,0,0
2022-05-24 00:30,5,2,3,0,0,0
2022-05-24 00:45,4,0,4,0,0,0
2022-05-24 01:00,2,0,2,0,0,0
2022-05-24 01:15,1,0,1,0,0,0
2022-05-24 01:30,1,0,1,0,0,0
2022-05-24 01:45,1,1,0,0,0,0
2022-05-24 02:00,1,1,0,0,0,0
2022-05-24 02:15,1,0,1,0,0,0
2022-05-24 02:30,3,1,2,0,0,0
2022-05-24 02:45,1,0,1,0,0,0
2022-05-24 03:00,0,0,0,0,0,0
2022-05-24 03:15,3,2,1,0,0,0
2022-05-24 03:30,0,0,0,0,0,0
2022-05-24 03:45,1,0,1,0,0,0
2022-05-24 04:00,1,1,0,0,0,0
2022-05-24 04:15,2,0,2,0,0,0
2022-05-24 04:30,2,0,2,0,0,0
2022-05-24 04:45,1,1,0,0,0,0
2022-05-24 05:00,0,0,0,0,0,0
2022-05-24 05:15,5,3,2,0,0,0
2022-05-24 05:30,15,2,13,0,0,0
2022-05-24 05:45,12,4,8,0,0,0
2022-05-24 06:00,12,3,9,0,0,0
2022-05-24 06:15,14,3,11,0,0,0
2022-05-24 06:30,37,16,21,0,0,0
2022-05-24 06:45,53,16,37,0,0,0
2022-05-24 07:00,82,26,56,0,0,0
2022-05-24 07:15,103,51,52,0,0,0
2022-05-24 07:30,274,192,82,0,0,0
2022-05-24 07:45,232,81,151,0,0,0
2022-05-24 08:00,260,97,163,0,0,0
2022-05-24 08:15,154,69,85,0,0,0
2022-05-24 08:30,106,42,64,0,0,0
2022-05-24 08:45,116,38,78,0,0,0
2022-05-24 09:00,90,35,55,0,0,0
2022-05-24 09:15,72,26,46,0,0,0
2022-05-24 09:30,73,25,48,0,0,0
2022-05-24 09:45,149,62,87,0,0,0
2022-05-24 10:00,170,61,109,0,0,0
2022-05-24 10:15,78,32,46,0,0,0
2022-05-24 10:30,47,18,29,0,0,0
2022-05-24 10:45,47,25,22,0,0,0
2022-05-24 11:00,56,33,23,0,0,0
2022-05-24 11:15,73,41,32,0,0,0
2022-05-24 11:30,82,34,48,0,0,0
2022-05-24 11:45,178,96,82,0,0,0
2022-05-24 12:00,199,112,87,0,0,0
2022-05-24 12:15,106,42,64,0,0,0
2022-05-24 12:30,128,57,71,0,0,0
2022-05-24 12:45,109,45,64,0,0,0
2022-05-24 13:00,164,52,112,0,0,0
2022-05-24 13:15,144,50,94,0,0,0
2022-05-24 13:30,90,28,62,0,0,0
2022-05-24 13:45,225,101,124,0,0,0
2022-05-24 14:00,207,81,126,0,0,0
2022-05-24 14:15,122,55,67,0,0,0
2022-05-24 14:30,108,51,57,0,0,0
2022-05-24 14:45,125,44,81,0,0,0
2022-05-24 15:00,125,61,64,0,0,0
2022-05-24 15:15,156,73,83,0,0,0
2022-05-24 15:30,136,68,68,0,0,0
2022-05-24 15:45,227,129,98,0,0,0
2022-05-24 16:00,187,104,83,0,0,0
2022-05-24 16:15,129,68,61,0,0,0
2022-05-24 16:30,121,64,57,0,0,0
2022-05-24 16:45,109,64,45,0,0,0
2022-05-24 17:00,183,99,84,0,0,0
2022-05-24 17:15,109,66,43,0,0,0
2022-05-24 17:30,175,95,80,0,0,0
2022-05-24 17:45,208,110,98,0,0,0
2022-05-24 18:00,149,78,71,0,0,0
2022-05-24 18:15,106,48,58,0,0,0
2022-05-24 18:30,104,61,43,0,0,0
2022-05-24 18:45,85,41,44,0,0,0
2022-05-24 19:00,82,39,43,0,0,0
2022-05-24 19:15,82,34,48,0,0,0
2022-05-24 19:30,107,49,58,0,0,0
2022-05-24 19:45,83,37,46,0,0,0
2022-05-24 20:00,61,13,48,0,0,0
2022-05-24 20:15,66,21,45,0,0,0
2022-05-24 20:30,33,14,19,0,0,0
2022-05-24 20:45,37,14,23,0,0,0
2022-05-24 21:00,46,25,21,0,0,0
2022-05-24 21:15,46,14,32,0,0,0
2022-05-24 21:30,38,12,26,0,0,0
2022-05-24 21:45,44,8,36,0,0,0
2022-05-24 22:00,29,7,22,0,0,0
2022-05-24 22:15,32,8,24,0,0,0
2022-05-24 22:30,33,3,30,0,0,0
2022-05-24 22:45,23,6,17,0,0,0
2022-05-24 23:00,23,2,21,0,0,0
2022-05-24 23:15,15,4,11,0,0,0
2022-05-24 23:30,11,3,8,0,0,0
2022-05-24 23:45,18,5,13,0,0,0
2022-05-25 00:00,13,5,8,0,0,0
2022-05-25 00:15,7,1,6,0,0,0
2022-05-25 00:30,5,0,5,0,0,0
2022-05-25 00:45,4,0,4,0,0,0
2022-05-25 01:00,4,0,4,0,0,0
2022-05-25 01:15,3,0,3,0,0,0
2022-05-25 01:30,0,0,0,0,0,0
2022-05-25 01:45,0,0,0,0,0,0
2022-05-25 02:00,2,0,2,0,0,0
2022-05-25 02:15,1,0,1,0,0,0
2022-05-25 02:30,1,1,0,0,0,0
2022-05-25 02:45,0,0,0,0,0,0
2022-05-25 03:00,0,0,0,0,0,0
2022-05-25 03:15,1,0,1,0,0,0
2022-05-25 03:30,0,0,0,0,0,0
2022-05-25 03:45,1,1,0,0,0,0
2022-05-25 04:00,0,0,0,0,0,0
2022-05-25 04:15,2,0,2,0,0,0
2022-05-25 04:30,1,0,1,0,0,0
2022-05-25 04:45,2,0,2,0,0,0
2022-05-25 05:00,1,1,0,0,0,0
2022-05-25 05:15,2,1,1,0,0,0
2022-05-25 05:30,13,4,9,0,0,0
2022-05-25 05:45,20,7,13,0,0,0
2022-05-25 06:00,17,9,8,0,0,0
2022-05-25 06:15,32,12,20,0,0,0
2022-05-25 06:30,41,15,26,0,0,0
2022-05-25 06:45,64,28,36,0,0,0
2022-05-25 07:00,77,23,54,0,0,0
2022-05-25 07:15,135,76,59,0,0,0
2022-05-25 07:30,278,187,91,0,0,0
2022-05-25 07:45,244,92,152,0,0,0
2022-05-25 08:00,219,67,152,0,0,0
2022-05-25 08:15,144,59,85,0,0,0
2022-05-25 08:30,109,44,65,0,0,0
2022-05-25 08:45,152,64,88,0,0,0
2022-05-25 09:00,125,72,53,0,0,0
2022-05-25 09:15,145,82,63,0,0,0
2022-05-25 09:30,122,60,62,0,0,0
2022-05-25 09:45,191,104,87,0,0,0
2022-05-25 10:00,201,74,127,0,0,0
2022-05-25 10:15,105,58,47,0,0,0
2022-05-25 10:30,102,51,51,0,0,0
2022-05-25 10:45,98,48,50,0,0,0
2022-05-25 11:00,87,42,45,0,0,0
2022-05-25 11:15,147,69,78,0,0,0
2022-05-25 11:30,156,81,75,0,0,0
2022-05-25 11:45,191,97,94,0,0,0
2022-05-25 12:00,196,85,111,0,0,0
2022-05-25 12:15,136,68,68,0,0,0
2022-05-25 12:30,153,64,89,0,0,0
2022-05-25 12:45,141,69,72,0,0,0
2022-05-25 13:00,217,64,153,0,0,0
2022-05-25 13:15,193,53,140,0,0,0
2022-05-25 13:30,166,66,100,0,0,0
2022-05-25 13:45,216,83,133,0,0,0
2022-05-25 14:00,244,120,124,0,0,0
2022-05-25 14:15,148,71,77,0,0,0
2022-05-25 14:30,125,43,82,0,0,0
2022-05-25 14:45,139,82,57,0,0,0
2022-05-25 15:00,143,66,77,0,0,0
2022-05-25 15:15,126,60,66,0,0,0
2022-05-25 15:30,163,74,89,0,0,0
2022-05-25 15:45,196,94,102,0,0,0
2022-05-25 16:00,216,102,114,0,0,0
2022-05-25 16:15,128,65,63,0,0,0
2022-05-25 16:30,173,97,76,0,0,0
2022-05-25 16:45,181,74,107,0,0,0
2022-05-25 17:00,141,70,71,0,0,0
2022-05-25 17:15,131,62,69,0,0,0
2022-05-25 17:30,120,48,72,0,0,0
2022-05-25 17:45,156,73,83,0,0,0
2022-05-25 18:00,161,88,73,0,0,0
2022-05-25 18:15,89,25,64,0,0,0
2022-05-25 18:30,105,50,55,0,0,0
2022-05-25 18:45,108,44,64,0,0,0
2022-05-25 19:00,106,54,52,0,0,0
2022-05-25 19:15,76,37,39,0,0,0
2022-05-25 19:30,70,30,40,0,0,0
2022-05-25 19:45,87,50,37,0,0,0
2022-05-25 20:00,83,34,49,0,0,0
2022-05-25 20:15,58,25,33,0,0,0
2022-05-25 20:30,46,21,25,0,0,0
2022-05-25 20:45,45,18,27,0,0,0
2022-05-25 21:00,43,22,21,0,0,0
2022-05-25 21:15,38,24,14,0,0,0
2022-05-25 21:30,39,14,25,0,0,0
2022-05-25 21:45,35,21,14,0,0,0
2022-05-25 22:00,35,16,19,0,0,0
2022-05-25 22:15,26,8,18,0,0,0
2022-05-25 22:30,34,12,22,0,0,0
2022-05-25 22:45,31,6,25,0,0,0
2022-05-25 23:00,39,10,29,0,0,0
2022-05-25 23:15,29,9,20,0,0,0
2022-05-25 23:30,22,2,20,0,0,0
2022-05-25 23:45,28,14,14,0,0,0
2022-05-26 00:00,31,23,8,0,0,0
2022-05-26 00:15,31,15,16,0,0,0
2022-05-26 00:30,22,3,19,0,0,0
2022-05-26 00:45,13,6,7,0,0,0
2022-05-26 01:00,15,1,14,0,0,0
2022-05-26 01:15,11,0,11,0,0,0
2022-05-26 01:30,13,2,11,0,0,0
2022-05-26 01:45,9,2,7,0,0,0
2022-05-26 02:00,24,3,21,0,0,0
2022-05-26 02:15,13,3,10,0,0,0
2022-05-26 02:30,16,4,12,0,0,0
2022-05-26 02:45,11,6,5,0,0,0
2022-05-26 03:00,11,0,11,0,0,0
2022-05-26 03:15,9,0,9,0,0,0
2022-05-26 03:30,8,0,8,0,0,0
2022-05-26 03:45,6,0,6,0,0,0
2022-05-26 04:00,9,2,7,0,0,0
2022-05-26 04:15,7,2,5,0,0,0
2022-05-26 04:30,4,0,4,0,0,0
2022-05-26 04:45,8,3,5,0,0,0
2022-05-26 05:00,6,1,5,0,0,0
2022-05-26 05:15,1,1,0,0,0,0
2022-05-26 05:30,6,2,4,0,0,0
2022-05-26 05:45,12,3,9,0,0,0
2022-05-26 06:00,3,1,2,0,0,0
2022-05-26 06:15,7,2,5,0,0,0
2022-05-26 06:30,2,2,0,0,0,0
2022-05-26 06:45,6,0,6,0,0,0
2022-05-26 07:00,4,1,3,0,0,0
2022-05-26 07:15,11,4,7,0,0,0
2022-05-26 07:30,18,9,9,0,0,0
2022-05-26 07:45,7,3,4,0,0,0
2022-05-26 08:00,14,9,5,0,0,0
2022-05-26 08:15,11,5,6,0,0,0
2022-05-26 08:30,8,4,4,0,0,0
2022-05-26 08:45,15,10,5,0,0,0
2022-05-26 09:00,29,16,13,0,0,0
2022-05-26 09:15,24,20,4,0,0,0
2022-05-26 09:30,15,10,5,0,0,0
2022-05-26 09:45,36,19,17,0,0,0
2022-05-26 10:00,22,10,12,0,0,0
2022-05-26 10:15,35,20,15,0,0,0
2022-05-26 10:30,28,17,11,0,0,0
2022-05-26 10:45,29,15,14,0,0,0
2022-05-26 11:00,34,19,15,0,0,0
2022-05-26 11:15,23,12,11,0,0,0
2022-05-26 11:30,27,9,18,0,0,0
2022-05-26 11:45,43,18,25,0,0,0
2022-05-26 12:00,40,21,19,0,0,0
2022-05-26 12:15,53,22,31,0,0,0
2022-05-26 12:30,46,15,31,0,0,0
2022-05-26 12:45,38,15,23,0,0,0
2022-05-26 13:00,50,12,38,0,0,0
2022-05-26 13:15,57,30,27,0,0,0
2022-05-26 13:30,39,23,16,0,0,0
2022-05-26 13:45,60,28,32,0,0,0
2022-05-26 14:00,43,19,24,0,0,0
2022-05-26 14:15,44,25,19,0,0,0
2022-05-26 14:30,44,23,21,0,0,0
2022-05-26 14:45,45,22,23,0,0,0
2022-05-26 15:00,48,15,33,0,0,0
2022-05-26 15:15,49,24,25,0,0,0
2022-05-26 15:30,46,14,32,0,0,0
2022-05-26 15:45,62,31,31,0,0,0
2022-05-26 16:00,47,28,19,0,0,0
2022-05-26 16:15,53,24,29,0,0,0
2022-05-26 16:30,56,31,25,0,0,0
2022-05-26 16:45,72,36,36,0,0,0
2022-05-26 17:00,63,32,31,0,0,0
2022-05-26 17:15,67,22,45,0,0,0
2022-05-26 17:30,42,11,31,0,0,0
2022-05-26 17:45,47,21,26,0,0,0
2022-05-26 18:00,59,22,37,0,0,0
2022-05-26 18:15,55,17,38,0,0,0
2022-05-26 18:30,57,36,21,0,0,0
2022-05-26 18:45,61,19,42,0,0,0
2022-05-26 19:00,35,18,17,0,0,0
2022-05-26 19:15,42,11,31,0,0,0
2022-05-26 19:30,29,13,16,0,0,0
2022-05-26 19:45,40,16,24,0,0,0
2022-05-26 20:00,33,13,20,0,0,0
2022-05-26 20:15,38,14,24,0,0,0
2022-05-26 20:30,28,9,19,0,0,0
2022-05-26 20:45,41,15,26,0,0,0
2022-05-26 21:00,42,19,23,0,0,0
2022-05-26 21:15,31,6,25,0,0,0
2022-05-26 21:30,30,11,19,0,0,0
2022-05-26 21:45,30,8,22,0,0,0
2022-05-26 22:00,27,3,24,0,0,0
2022-05-26 22:15,24,8,16,0,0,0
2022-05-26 22:30,25,7,18,0,0,0
2022-05-26 22:45,24,7,17,0,0,0
2022-05-26 23:00,7,3,4,0,0,0
2022-05-26 23:15,11,1,10,0,0,0
2022-05-26 23:30,11,1,10,0,0,0
2022-05-26 23:45,15,2,13,0,0,0
2022-05-27 00:00,12,7,5,0,0,0
2022-05-27 00:15,6,1,5,0,0,0
2022-05-27 00:30,11,3,8,0,0,0
2022-05-27 00:45,3,0,3,0,0,0
2022-05-27 01:00,6,0,6,0,0,0
2022-05-27 01:15,8,5,3,0,0,0
2022-05-27 01:30,4,0,4,0,0,0
2022-05-27 01:45,2,0,2,0,0,0
2022-05-27 02:00,1,0,1,0,0,0
2022-05-27 02:15,4,2,2,0,0,0
2022-05-27 02:30,0,0,0,0,0,0
2022-05-27 02:45,1,1,0,0,0,0
2022-05-27 03:00,1,0,1,0,0,0
2022-05-27 03:15,0,0,0,0,0,0
2022-05-27 03:30,2,0,2,0,0,0
2022-05-27 03:45,1,1,0,0,0,0
2022-05-27 04:00,0,0,0,0,0,0
2022-05-27 04:15,1,1,0,0,0,0
2022-05-27 04:30,0,0,0,0,0,0
2022-05-27 04:45,1,0,1,0,0,0
2022-05-27 05:00,2,2,0,0,0,0
2022-05-27 05:15,1,0,1,0,0,0
2022-05-27 05:30,6,2,4,0,0,0
2022-05-27 05:45,8,3,5,0,0,0
2022-05-27 06:00,11,5,6,0,0,0
2022-05-27 06:15,12,4,8,0,0,0
2022-05-27 06:30,19,8,11,0,0,0
2022-05-27 06:45,44,12,32,0,0,0
2022-05-27 07:00,33,7,26,0,0,0
2022-05-27 07:15,41,20,21,0,0,0
2022-05-27 07:30,67,24,43,0,0,0
2022-05-27 07:45,86,30,56,0,0,0
2022-05-27 08:00,121,29,92,0,0,0
2022-05-27 08:15,77,35,42,0,0,0
2022-05-27 08:30,57,24,33,0,0,0
2022-05-27 08:45,61,31,30,0,0,0
2022-05-27 09:00,81,28,53,0,0,0
2022-05-27 09:15,69,39,30,0,0,0
2022-05-27 09:30,54,29,25,0,0,0
2022-05-27 09:45,119,70,49,0,0,0
2022-05-27 10:00,123,54,69,0,0,0
2022-05-27 10:15,72,40,32,0,0,0
2022-05-27 10:30,61,38,23,0,0,0
2022-05-27 10:45,69,36,33,0,0,0
2022-05-27 11:00,62,37,25,0,0,0
2022-05-27 11:15,73,31,42,0,0,0
2022-05-27 11:30,89,44,45,0,0,0
2022-05-27 11:45,121,62,59,0,0,0
2022-05-27 12:00,120,62,58,0,0,0
2022-05-27 12:15,88,45,43,0,0,0
2022-05-27 12:30,120,55,65,0,0,0
2022-05-27 12:45,135,80,55,0,0,0
2022-05-27 13:00,110,54,56,0,0,0
2022-05-27 13:15,113,58,55,0,0,0
2022-05-27 13:30,88,39,49,0,0,0
2022-05-27 13:45,111,38,73,0,0,0
2022-05-27 14:00,104,47,57,0,0,0
2022-05-27 14:15,94,44,50,0,0,0
2022-05-27 14:30,107,56,51,0,0,0
2022-05-27 14:45,134,68,66,0,0,0
2022-05-27 15:00,106,52,54,0,0,0
2022-05-27 15:15,88,48,40,0,0,0
2022-05-27 15:30,98,55,43,0,0,0
2022-05-27 15:45,94,57,37,0,0,0
2022-05-27 16:00,104,59,45,0,0,0
2022-05-27 16:15,107,47,60,0,0,0
2022-05-27 16:30,97,38,59,0,0,0
2022-05-27 16:45,143,85,58,0,0,0
2022-05-27 17:00,95,44,51,0,0,0
2022-05-27 17:15,77,35,42,0,0,0
2022-05-27 17:30,93,51,42,0,0,0
2022-05-27 17:45,99,31,68,0,0,0
2022-05-27 18:00,78,31,47,0,0,0
2022-05-27 18:15,79,33,46,0,0,0
2022-05-27 18:30,72,33,39,0,0,0
2022-05-27 18:45,90,43,47,0,0,0
2022-05-27 19:00,76,24,52,0,0,0
2022-05-27 19:15,89,43,46,0,0,0
2022-05-27 19:30,65,28,37,0,0,0
2022-05-27 19:45,81,34,47,0,0,0
2022-05-27 20:00,68,24,44,0,0,0
2022-05-27 20:15,60,22,38,0,0,0
2022-05-27 20:30,55,21,34,0,0,0
2022-05-27 20:45,53,25,28,0,0,0
2022-05-27 21:00,46,23,23,0,0,0
2022-05-27 21:15,46,30,16,0,0,0
2022-05-27 21:30,37,14,23,0,0,0
2022-05-27 21:45,33,15,18,0,0,0
2022-05-27 22:00,24,5,19,0,0,0
2022-05-27 22:15,18,5,13,0,0,0
2022-05-27 22:30,24,4,20,0,0,0
2022-05-27 22:45,28,6,22,0,0,0
2022-05-27 23:00,26,6,20,0,0,0
2022-05-27 23:15,31,8,23,0,0,0
2022-05-27 23:30,29,3,26,0,0,0
2022-05-27 23:45,29,4,25,0,0,0
2022-05-28 00:00,12,3,9,0,0,0
2022-05-28 00:15,19,6,13,0,0,0
2022-05-28 00:30,13,4,9,0,0,0
2022-05-28 00:45,17,3,14,0,0,0
2022-05-28 01:00,18,7,11,0,0,0
2022-05-28 01:15,13,1,12,0,0,0
2022-05-28 01:30,14,4,10,0,0,0
2022-05-28 01:45,4,0,4,0,0,0
2022-05-28 02:00,2,1,1,0,0,0
2022-05-28 02:15,14,0,14,0,0,0
2022-05-28 02:30,6,1,5,0,0,0
2022-05-28 02:45,6,0,6,0,0,0
2022-05-28 03:00,6,1,5,0,0,0
2022-05-28 03:15,6,1,5,0,0,0
2022-05-28 03:30,3,0,3,0,0,0
2022-05-28 03:45,6,0,6,0,0,0
2022-05-28 04:00,2,0,2,0,0,0
2022-05-28 04:15,1,1,0,0,0,0
2022-05-28 04:30,2,1,1,0,0,0
2022-05-28 04:45,1,0,1,0,0,0
2022-05-28 05:00,8,2,6,0,0,0
2022-05-28 05:15,6,2,4,0,0,0
2022-05-28 05:30,11,2,9,0,0,0
2022-05-28 05:45,6,3,3,0,0,0
2022-05-28 06:00,8,4,4,0,0,0
2022-05-28 06:15,10,3,7,0,0,0
2022-05-28 06:30,4,2,2,0,0,0
2022-05-28 06:45,7,4,3,0,0,0
2022-05-28 07:00,6,4,2,0,0,0
2022-05-28 07:15,11,8,3,0,0,0
2022-05-28 07:30,18,13,5,0,0,0
2022-05-28 07:45,14,8,6,0,0,0
2022-05-28 08:00,13,10,3,0,0,0
2022-05-28 08:15,23,15,8,0,0,0
2022-05-28 08:30,23,15,8,0,0,0
2022-05-28 08:45,30,20,10,0,0,0
2022-05-28 09:00,44,35,9,0,0,0
2022-05-28 09:15,50,35,15,0,0,0
2022-05-28 09:30,53,29,24,0,0,0
2022-05-28 09:45,59,42,17,0,0,0
2022-05-28 10:00,89,64,25,0,0,0
2022-05-28 10:15,67,44,23,0,0,0
2022-05-28 10:30,58,32,26,0,0,0
2022-05-28 10:45,75,49,26,0,0,0
2022-05-28 11:00,85,49,36,0,0,0
2022-05-28 11:15,77,43,34,0,0,0
2022-05-28 11:30,88,34,54,0,0,0
2022-05-28 11:45,106,58,48,0,0,0
2022-05-28 12:00,67,32,35,0,0,0
2022-05-28 12:15,76,34,42,0,0,0
2022-05-28 12:30,78,40,38,0,0,0
2022-05-28 12:45,91,45,46,0,0,0
2022-05-28 13:00,94,53,41,0,0,0
2022-05-28 13:15,75,35,40,0,0,0
2022-05-28 13:30,99,45,54,0,0,0
2022-05-28 13:45,104,49,55,0,0,0
2022-05-28 14:00,81,26,55,0,0,0
2022-05-28 14:15,48,13,35,0,0,0
2022-05-28 14:30,72,15,57,0,0,0
2022-05-28 14:45,81,32,49,0,0,0
2022-05-28 15:00,78,23,55,0,0,0
2022-05-28 15:15,76,27,49,0,0,0
2022-05-28 15:30,80,52,28,0,0,0
2022-05-28 15:45,75,26,49,0,0,0
2022-05-28 16:00,90,43,47,0,0,0
2022-05-28 16:15,50,24,26,0,0,0
2022-05-28 16:30,66,34,32,0,0,0
2022-05-28 16:45,76,31,45,0,0,0
2022-05-28 17:00,87,38,49,0,0,0
2022-05-28 17:15,53,24,29,0,0,0
2022-05-28 17:30,92,36,56,0,0,0
2022-05-28 17:45,70,33,37,0,0,0
2022-05-28 18:00,51,17,34,0,0,0
2022-05-28 18:15,67,27,40,0,0,0
2022-05-28 18:30,70,19,51,0,0,0
2022-05-28 18:45,65,27,38,0,0,0
2022-05-28 19:00,56,23,33,0,0,0
2022-05-28 19:15,46,15,31,0,0,0
2022-05-28 19:30,42,18,24,0,0,0
2022-05-28 19:45,61,25,36,0,0,0
2022-05-28 20:00,42,18,24,0,0,0
2022-05-28 20:15,36,8,28,0,0,0
2022-05-28 20:30,44,23,21,0,0,0
2022-05-28 20:45,47,20,27,0,0,0
2022-05-28 21:00,31,13,18,0,0,0
2022-05-28 21:15,29,15,14,0,0,0
2022-05-28 21:30,20,9,11,0,0,0
2022-05-28 21:45,22,8,14,0,0,0
2022-05-28 22:00,14,8,6,0,0,0
2022-05-28 22:15,16,1,15,0,0,0
2022-05-28 22:30,23,9,14,0,0,0
2022-05-28 22:45,42,10,32,0,0,0
2022-05-28 23:00,23,11,12,0,0,0
2022-05-28 23:15,10,3,7,0,0,0
2022-05-28 23:30,19,5,14,0,0,0
2022-05-28 23:45,24,2,22,0,0,0
2022-05-29 00:00,22,2,20,0,0,0
2022-05-29 00:15,23,6,17,0,0,0
2022-05-29 00:30,16,5,11,0,0,0
2022-05-29 00:45,10,2,8,0,0,0
2022-05-29 01:00,7,1,6,0,0,0
2022-05-29 01:15,9,5,4,0,0,0
2022-05-29 01:30,11,7,4,0,0,0
2022-05-29 01:45,6,0,6,0,0,0
2022-05-29 02:00,5,0,5,0,0,0
2022-05-29 02:15,3,1,2,0,0,0
2022-05-29 02:30,9,1,8,0,0,0
2022-05-29 02:45,6,0,6,0,0,0
2022-05-29 03:00,10,0,10,0,0,0
2022-05-29 03:15,10,0,10,0,0,0
2022-05-29 03:30,8,2,6,0,0,0
2022-05-29 03:45,9,0,9,0,0,0
2022-05-29 04:00,7,1,6,0,0,0
2022-05-29 04:15,2,1,1,0,0,0
2022-05-29 04:30,1,1,0,0,0,0
2022-05-29 04:45,1,0,1,0,0,0
2022-05-29 05:00,4,0,4,0,0,0
2022-05-29 05:15,5,2,3,0,0,0
2022-05-29 05:30,13,3,10,0,0,0
2022-05-29 05:45,5,0,5,0,0,0
2022-05-29 06:00,3,2,1,0,0,0
2022-05-29 06:15,6,3,3,0,0,0
2022-05-29 06:30,3,2,1,0,0,0
2022-05-29 06:45,3,1,2,0,0,0
2022-05-29 07:00,9,7,2,0,0,0
2022-05-29 07:15,3,2,1,0,0,0
2022-05-29 07:30,10,5,5,0,0,0
2022-05-29 07:45,3,1,2,0,0,0
2022-05-29 08:00,11,7,4,0,0,0
2022-05-29 08:15,11,4,7,0,0,0
2022-05-29 08:30,9,6,3,0,0,0
2022-05-29 08:45,11,3,8,0,0,0
2022-05-29 09:00,13,5,8,0,0,0
2022-05-29 09:15,23,16,7,0,0,0
2022-05-29 09:30,10,4,6,0,0,0
2022-05-29 09:45,25,15,10,0,0,0
2022-05-29 10:00,17,10,7,0,0,0
2022-05-29 10:15,24,13,11,0,0,0
2022-05-29 10:30,23,17,6,0,0,0
2022-05-29 10:45,22,13,9,0,0,0
2022-05-29 11:00,20,13,7,0,0,0
2022-05-29 11:15,20,12,8,0,0,0
2022-05-29 11:30,40,20,20,0,0,0
2022-05-29 11:45,29,13,16,0,0,0
2022-05-29 12:00,23,15,8,0,0,0
2022-05-29 12:15,38,11,27,0,0,0
2022-05-29 12:30,30,14,16,0,0,0
2022-05-29 12:45,19,13,6,0,0,0
2022-05-29 13:00,36,6,30,0,0,0
2022-05-29 13:15,30,14,16,0,0,0
2022-05-29 13:30,28,14,14,0,0,0
2022-05-29 13:45,43,17,26,0,0,0
2022-05-29 14:00,30,19,11,0,0,0
2022-05-29 14:15,39,21,18,0,0,0
2022-05-29 14:30,48,27,21,0,0,0
2022-05-29 14:45,53,25,28,0,0,0
2022-05-29 15:00,39,11,28,0,0,0
2022-05-29 15:15,37,21,16,0,0,0
2022-05-29 15:30,35,15,20,0,0,0
2022-05-29 15:45,44,20,24,0,0,0
2022-05-29 16:00,43,14,29,0,0,0
2022-05-29 16:15,34,18,16,0,0,0
2022-05-29 16:30,43,15,28,0,0,0
2022-05-29 16:45,44,11,33,0,0,0
2022-05-29 17:00,41,13,28,0,0,0
2022-05-29 17:15,50,29,21,0,0,0
2022-05-29 17:30,40,16,24,0,0,0
2022-05-29 17:45,41,17,24,0,0,0
2022-05-29 18:00,35,13,22,0,0,0
2022-05-29 18:15,30,17,13,0,0,0
2022-05-29 18:30,40,18,22,0,0,0
2022-05-29 18:45,29,5,24,0,0,0
2022-05-29 19:00,32,13,19,0,0,0
2022-05-29 19:15,36,17,19,0,0,0
2022-05-29 19:30,27,16,11,0,0,0
2022-05-29 19:45,33,9,24,0,0,0
2022-05-29 20:00,39,11,28,0,0,0
2022-05-29 20:15,30,8,22,0,0,0
2022-05-29 20:30,39,14,25,0,0,0
2022-05-29 20:45,12,5,7,0,0,0
2022-05-29 21:00,26,8,18,0,0,0
2022-05-29 21:15,18,11,7,0,0,0
2022-05-29 21:30,15,5,10,0,0,0
2022-05-29 21:45,14,3,11,0,0,0
2022-05-29 22:00,13,3,10,0,0,0
2022-05-29 22:15,8,3,5,0,0,0
2022-05-29 22:30,9,1,8,0,0,0
2022-05-29 22:45,10,0,10,0,0,0
2022-05-29 23:00,9,4,5,0,0,0
2022-05-29 23:15,15,7,8,0,0,0
2022-05-29 23:30,7,5,2,0,0,0
2022-05-29 23:45,13,6,7,0,0,0
2022-05-30 00:00,2,0,2,0,0,0
2022-05-30 00:15,4,2,2,0,0,0
2022-05-30 00:30,1,0,1,0,0,0
2022-05-30 00:45,4,0,4,0,0,0
2022-05-30 01:00,1,0,1,0,0,0
2022-05-30 01:15,1,0,1,0,0,0
2022-05-30 01:30,0,0,0,0,0,0
2022-05-30 01:45,2,2,0,0,0,0
2022-05-30 02:00,0,0,0,0,0,0
2022-05-30 02:15,2,0,2,0,0,0
2022-05-30 02:30,3,1,2,0,0,0
2022-05-30 02:45,1,1,0,0,0,0
2022-05-30 03:00,0,0,0,0,0,0
2022-05-30 03:15,0,0,0,0,0,0
2022-05-30 03:30,0,0,0,0,0,0
2022-05-30 03:45,3,2,1,0,0,0
2022-05-30 04:00,2,0,2,0,0,0
2022-05-30 04:15,1,0,1,0,0,0
2022-05-30 04:30,3,3,0,0,0,0
2022-05-30 04:45,1,1,0,0,0,0
2022-05-30 05:00,0,0,0,0,0,0
2022-05-30 05:15,12,5,7,0,0,0
2022-05-30 05:30,15,5,10,0,0,0
2022-05-30 05:45,16,6,10,0,0,0
2022-05-30 06:00,12,6,6,0,0,0
2022-05-30 06:15,22,6,16,0,0,0
2022-05-30 06:30,27,7,20,0,0,0
2022-05-30 06:45,56,24,32,0,0,0
2022-05-30 07:00,70,26,44,0,0,0
2022-05-30 07:15,107,57,50,0,0,0
2022-05-30 07:30,266,175,91,0,0,0
2022-05-30 07:45,204,79,125,0,0,0
2022-05-30 08:00,187,58,129,0,0,0
2022-05-30 08:15,129,66,63,0,0,0
2022-05-30 08:30,109,49,60,0,0,0
2022-05-30 08:45,96,38,58,0,0,0
2022-05-30 09:00,110,52,58,0,0,0
2022-05-30 09:15,85,41,44,0,0,0
2022-05-30 09:30,71,40,31,0,0,0
2022-05-30 09:45,147,68,79,0,0,0
2022-05-30 10:00,190,70,120,0,0,0
2022-05-30 10:15,76,30,46,0,0,0
2022-05-30 10:30,60,27,33,0,0,0
2022-05-30 10:45,65,34,31,0,0,0
2022-05-30 11:00,60,31,29,0,0,0
2022-05-30 11:15,55,30,25,0,0,0
2022-05-30 11:30,71,34,37,0,0,0
2022-05-30 11:45,134,64,70,0,0,0
2022-05-30 12:00,198,82,116,0,0,0
2022-05-30 12:15,159,46,113,0,0,0
2022-05-30 12:30,99,41,58,0,0,0
2022-05-30 12:45,103,60,43,0,0,0
2022-05-30 13:00,139,57,82,0,0,0
2022-05-30 13:15,119,45,74,0,0,0
2022-05-30 13:30,108,54,54,0,0,0
2022-05-30 13:45,178,70,108,0,0,0
2022-05-30 14:00,214,94,120,0,0,0
2022-05-30 14:15,104,75,29,0,0,0
2022-05-30 14:30,108,68,40,0,0,0
2022-05-30 14:45,119,61,58,0,0,0
2022-05-30 15:00,108,66,42,0,0,0
2022-05-30 15:15,143,78,65,0,0,0
2022-05-30 15:30,147,58,89,0,0,0
2022-05-30 15:45,218,125,93,0,0,0
2022-05-30 16:00,234,133,101,0,0,0
2022-05-30 16:15,147,86,61,0,0,0
2022-05-30 16:30,144,85,59,0,0,0
2022-05-30 16:45,131,67,64,0,0,0
2022-05-30 17:00,128,65,63,0,0,0
2022-05-30 17:15,118,64,54,0,0,0
2022-05-30 17:30,150,69,81,0,0,0
2022-05-30 17:45,236,124,112,0,0,0
2022-05-30 18:00,160,71,89,0,0,0
2022-05-30 18:15,101,41,60,0,0,0
2022-05-30 18:30,88,36,52,0,0,0
2022-05-30 18:45,114,42,72,0,0,0
2022-05-30 19:00,88,38,50,0,0,0
2022-05-30 19:15,70,29,41,0,0,0
2022-05-30 19:30,66,28,38,0,0,0
2022-05-30 19:45,70,21,49,0,0,0
2022-05-30 20:00,69,22,47,0,0,0
2022-05-30 20:15,76,20,56,0,0,0
2022-05-30 20:30,35,13,22,0,0,0
2022-05-30 20:45,56,23,33,0,0,0
2022-05-30 21:00,38,21,17,0,0,0
2022-05-30 21:15,44,20,24,0,0,0
2022-05-30 21:30,43,11,32,0,0,0
2022-05-30 21:45,33,13,20,0,0,0
2022-05-30 22:00,51,26,25,0,0,0
2022-05-30 22:15,19,8,11,0,0,0
2022-05-30 22:30,32,8,24,0,0,0
2022-05-30 22:45,18,3,15,0,0,0
2022-05-30 23:00,14,3,11,0,0,0
2022-05-30 23:15,21,7,14,0,0,0
2022-05-30 23:30,9,3,6,0,0,0
2022-05-30 23:45,7,2,5,0,0,0
