Datetime,100034982 (Hüfferstraße),101034982 (Hüfferstraße stadteinwärts),102034982 (Hüfferstraße stadtauswärts),100034982-status,101034982-status,102034982-status
2022-06-01 00:00,10,4,6,0,0,0
2022-06-01 00:15,6,1,5,0,0,0
2022-06-01 00:30,4,2,2,0,0,0
2022-06-01 00:45,3,0,3,0,0,0
2022-06-01 01:00,1,0,1,0,0,0
2022-06-01 01:15,9,1,8,0,0,0
2022-06-01 01:30,3,0,3,0,0,0
2022-06-01 01:45,5,1,4,0,0,0
2022-06-01 02:00,1,1,0,0,0,0
2022-06-01 02:15,2,2,0,0,0,0
2022-06-01 02:30,0,0,0,0,0,0
2022-06-01 02:45,0,0,0,0,0,0
2022-06-01 03:00,3,2,1,0,0,0
2022-06-01 03:15,4,4,0,0,0,0
2022-06-01 03:30,1,0,1,0,0,0
2022-06-01 03:45,3,1,2,0,0,0
2022-06-01 04:00,2,1,1,0,0,0
2022-06-01 04:15,4,3,1,0,0,0
2022-06-01 04:30,0,0,0,0,0,0
2022-06-01 04:45,1,1,0,0,0,0
2022-06-01 05:00,0,0,0,0,0,0
2022-06-01 05:15,4,3,1,0,0,0
2022-06-01 05:30,17,1,16,0,0,0
2022-06-01 05:45,17,7,10,0,0,0
2022-06-01 06:00,20,11,9,0,0,0
2022-06-01 06:15,22,11,11,0,0,0
2022-06-01 06:30,37,12,25,0,0,0
2022-06-01 06:45,45,22,23,0,0,0
2022-06-01 07:00,63,23,40,0,0,0
2022-06-01 07:15,126,61,65,0,0,0
2022-06-01 07:30,264,186,78,0,0,0
2022-06-01 07:45,242,93,149,0,0,0
2022-06-01 08:00,232,92,140,0,0,0
2022-06-01 08:15,152,70,82,0,0,0
2022-06-01 08:30,126,50,76,0,0,0
2022-06-01 08:45,171,94,77,0,0,0
2022-06-01 09:00,119,47,72,0,0,0
2022-06-01 09:15,107,55,52,0,0,0
2022-06-01 09:30,120,63,57,0,0,0
2022-06-01 09:45,158,69,89,0,0,0
2022-06-01 10:00,249,87,162,0,0,0
2022-06-01 10:15,110,74,36,0,0,0
2022-06-01 10:30,80,47,33,0,0,0
2022-06-01 10:45,93,50,43,0,0,0
2022-06-01 11:00,94,44,50,0,0,0
2022-06-01 11:15,104,62,42,0,0,0
2022-06-01 11:30,139,69,70,0,0,0
2022-06-01 11:45,203,103,100,0,0,0
2022-06-01 12:00,169,80,89,0,0,0
2022-06-01 12:15,168,84,84,0,0,0
2022-06-01 12:30,153,65,88,0,0,0
2022-06-01 12:45,158,65,93,0,0,0
2022-06-01 13:00,168,61,107,0,0,0
2022-06-01 13:15,187,62,125,0,0,0
2022-06-01 13:30,123,45,78,0,0,0
2022-06-01 13:45,225,119,106,0,0,0
2022-06-01 14:00,198,70,128,0,0,0
2022-06-01 14:15,130,53,77,0,0,0
2022-06-01 14:30,157,74,83,0,0,0
2022-06-01 14:45,142,65,77,0,0,0
2022-06-01 15:00,100,45,55,0,0,0
2022-06-01 15:15,90,47,43,0,0,0
2022-06-01 15:30,147,73,74,0,0,0
2022-06-01 15:45,184,84,100,0,0,0
2022-06-01 16:00,191,104,87,0,0,0
2022-06-01 16:15,167,99,68,0,0,0
2022-06-01 16:30,153,72,81,0,0,0
2022-06-01 16:45,149,84,65,0,0,0
2022-06-01 17:00,133,75,58,0,0,0
2022-06-01 17:15,122,58,64,0,0,0
2022-06-01 17:30,136,72,64,0,0,0
2022-06-01 17:45,186,89,97,0,0,0
2022-06-01 18:00,148,76,72,0,0,0
2022-06-01 18:15,135,50,85,0,0,0
2022-06-01 18:30,60,29,31,0,0,0
2022-06-01 18:45,80,31,49,0,0,0
2022-06-01 19:00,59,19,40,0,0,0
2022-06-01 19:15,58,26,32,0,0,0
2022-06-01 19:30,62,25,37,0,0,0
2022-06-01 19:45,89,39,50,0,0,0
2022-06-01 20:00,75,26,49,0,0,0
2022-06-01 20:15,56,25,31,0,0,0
2022-06-01 20:30,43,19,24,0,0,0
2022-06-01 20:45,50,18,32,0,0,0
2022-06-01 21:00,47,20,27,0,0,0
2022-06-01 21:15,36,20,16,0,0,0
2022-06-01 21:30,42,16,26,0,0,0
2022-06-01 21:45,36,8,28,0,0,0
2022-06-01 22:00,34,16,18,0,0,0
2022-06-01 22:15,26,14,12,0,0,0
2022-06-01 22:30,35,12,23,0,0,0
2022-06-01 22:45,31,14,17,0,0,0
2022-06-01 23:00,28,6,22,0,0,0
2022-06-01 23:15,13,6,7,0,0,0
2022-06-01 23:30,36,22,14,0,0,0
2022-06-01 23:45,14,6,8,0,0,0
2022-06-02 00:00,13,6,7,0,0,0
2022-06-02 00:15,9,6,3,0,0,0
2022-06-02 00:30,16,3,13,0,0,0
2022-06-02 00:45,4,0,4,0,0,0
2022-06-02 01:00,5,2,3,0,0,0
2022-06-02 01:15,9,4,5,0,0,0
2022-06-02 01:30,5,0,5,0,0,0
2022-06-02 01:45,3,1,2,0,0,0
2022-06-02 02:00,8,1,7,0,0,0
2022-06-02 02:15,10,4,6,0,0,0
2022-06-02 02:30,11,0,11,0,0,0
2022-06-02 02:45,7,2,5,0,0,0
2022-06-02 03:00,12,1,11,0,0,0
2022-06-02 03:15,10,1,9,0,0,0
2022-06-02 03:30,11,1,10,0,0,0
2022-06-02 03:45,11,1,10,0,0,0
2022-06-02 04:00,10,2,8,0,0,0
2022-06-02 04:15,10,0,10,0,0,0
2022-06-02 04:30,6,0,6,0,0,0
2022-06-02 04:45,11,2,9,0,0,0
2022-06-02 05:00,2,0,2,0,0,0
2022-06-02 05:15,9,3,6,0,0,0
2022-06-02 05:30,19,2,17,0,0,0
2022-06-02 05:45,20,8,12,0,0,0
2022-06-02 06:00,15,8,7,0,0,0
2022-06-02 06:15,22,6,16,0,0,0
2022-06-02 06:30,33,15,18,0,0,0
2022-06-02 06:45,52,15,37,0,0,0
2022-06-02 07:00,66,21,45,0,0,0
2022-06-02 07:15,115,64,51,0,0,0
2022-06-02 07:30,245,156,89,0,0,0
2022-06-02 07:45,208,89,119,0,0,0
2022-06-02 08:00,208,83,125,0,0,0
2022-06-02 08:15,147,67,80,0,0,0
2022-06-02 08:30,140,55,85,0,0,0
2022-06-02 08:45,136,63,73,0,0,0
2022-06-02 09:00,72,31,41,0,0,0
2022-06-02 09:15,99,46,53,0,0,0
2022-06-02 09:30,112,54,58,0,0,0
2022-06-02 09:45,175,94,81,0,0,0
2022-06-02 10:00,210,102,108,0,0,0
2022-06-02 10:15,97,54,43,0,0,0
2022-06-02 10:30,58,32,26,0,0,0
2022-06-02 10:45,78,45,33,0,0,0
2022-06-02 11:00,82,50,32,0,0,0
2022-06-02 11:15,92,51,41,0,0,0
2022-06-02 11:30,92,51,41,0,0,0
2022-06-02 11:45,202,110,92,0,0,0
2022-06-02 12:00,187,92,95,0,0,0
2022-06-02 12:15,142,42,100,0,0,0
2022-06-02 12:30,101,37,64,0,0,0
2022-06-02 12:45,122,69,53,0,0,0
2022-06-02 13:00,149,51,98,0,0,0
2022-06-02 13:15,133,38,95,0,0,0
2022-06-02 13:30,147,77,70,0,0,0
2022-06-02 13:45,237,84,153,0,0,0
2022-06-02 14:00,227,81,146,0,0,0
2022-06-02 14:15,129,70,59,0,0,0
2022-06-02 14:30,141,67,74,0,0,0
2022-06-02 14:45,155,66,89,0,0,0
2022-06-02 15:00,134,82,52,0,0,0
2022-06-02 15:15,148,77,71,0,0,0
2022-06-02 15:30,180,82,98,0,0,0
2022-06-02 15:45,221,107,114,0,0,0
2022-06-02 16:00,223,109,114,0,0,0
2022-06-02 16:15,166,104,62,0,0,0
2022-06-02 16:30,164,85,79,0,0,0
2022-06-02 16:45,145,87,58,0,0,0
2022-06-02 17:00,147,79,68,0,0,0
2022-06-02 17:15,147,72,75,0,0,0
2022-06-02 17:30,146,86,60,0,0,0
2022-06-02 17:45,188,93,95,0,0,0
2022-06-02 18:00,162,90,72,0,0,0
2022-06-02 18:15,156,71,85,0,0,0
2022-06-02 18:30,130,44,86,0,0,0
2022-06-02 18:45,152,51,101,0,0,0
2022-06-02 19:00,96,44,52,0,0,0
2022-06-02 19:15,88,37,51,0,0,0
2022-06-02 19:30,80,26,54,0,0,0
2022-06-02 19:45,93,28,65,0,0,0
2022-06-02 20:00,87,40,47,0,0,0
2022-06-02 20:15,82,23,59,0,0,0
2022-06-02 20:30,39,11,28,0,0,0
2022-06-02 20:45,42,16,26,0,0,0
2022-06-02 21:00,66,27,39,0,0,0
2022-06-02 21:15,45,16,29,0,0,0
2022-06-02 21:30,46,22,24,0,0,0
2022-06-02 21:45,30,15,15,0,0,0
2022-06-02 22:00,41,8,33,0,0,0
2022-06-02 22:15,31,8,23,0,0,0
2022-06-02 22:30,37,6,31,0,0,0
2022-06-02 22:45,38,6,32,0,0,0
2022-06-02 23:00,23,3,20,0,0,0
2022-06-02 23:15,33,9,24,0,0,0
2022-06-02 23:30,24,8,16,0,0,0
2022-06-02 23:45,23,7,16,0,0,0
2022-06-03 00:00,17,7,10,0,0,0
2022-06-03 00:15,10,2,8,0,0,0
2022-06-03 00:30,13,2,11,0,0,0
2022-06-03 00:45,11,3,8,0,0,0
2022-06-03 01:00,4,1,3,0,0,0
2022-06-03 01:15,1,1,0,0,0,0
2022-06-03 01:30,2,1,1,0,0,0
2022-06-03 01:45,6,1,5,0,0,0
2022-06-03 02:00,4,1,3,0,0,0
2022-06-03 02:15,2,1,1,0,0,0
2022-06-03 02:30,7,0,7,0,0,0
2022-06-03 02:45,8,3,5,0,0,0
2022-06-03 03:00,4,0,4,0,0,0
2022-06-03 03:15,2,1,1,0,0,0
2022-06-03 03:30,3,0,3,0,0,0
2022-06-03 03:45,11,2,9,0,0,0
2022-06-03 04:00,6,2,4,0,0,0
2022-06-03 04:15,2,2,0,0,0,0
2022-06-03 04:30,2,0,2,0,0,0
2022-06-03 04:45,0,0,0,0,0,0
2022-06-03 05:00,0,0,0,0,0,0
2022-06-03 05:15,10,8,2,0,0,0
2022-06-03 05:30,21,3,18,0,0,0
2022-06-03 05:45,15,3,12,0,0,0
2022-06-03 06:00,10,3,7,0,0,0
2022-06-03 06:15,18,7,11,0,0,0
2022-06-03 06:30,33,16,17,0,0,0
2022-06-03 06:45,41,14,27,0,0,0
2022-06-03 07:00,66,18,48,0,0,0
2022-06-03 07:15,90,50,40,0,0,0
2022-06-03 07:30,183,89,94,0,0,0
2022-06-03 07:45,170,51,119,0,0,0
2022-06-03 08:00,189,77,112,0,0,0
2022-06-03 08:15,143,62,81,0,0,0
2022-06-03 08:30,124,56,68,0,0,0
2022-06-03 08:45,135,64,71,0,0,0
2022-06-03 09:00,123,63,60,0,0,0
2022-06-03 09:15,76,44,32,0,0,0
2022-06-03 09:30,104,55,49,0,0,0
2022-06-03 09:45,104,50,54,0,0,0
2022-06-03 10:00,159,63,96,0,0,0
2022-06-03 10:15,83,43,40,0,0,0
2022-06-03 10:30,96,53,43,0,0,0
2022-06-03 10:45,78,42,36,0,0,0
2022-06-03 11:00,66,31,35,0,0,0
2022-06-03 11:15,60,21,39,0,0,0
2022-06-03 11:30,95,65,30,0,0,0
2022-06-03 11:45,157,98,59,0,0,0
2022-06-03 12:00,142,79,63,0,0,0
2022-06-03 12:15,165,71,94,0,0,0
2022-06-03 12:30,149,76,73,0,0,0
2022-06-03 12:45,144,80,64,0,0,0
2022-06-03 13:00,164,69,95,0,0,0
2022-06-03 13:15,141,60,81,0,0,0
2022-06-03 13:30,141,45,96,0,0,0
2022-06-03 13:45,150,85,65,0,0,0
2022-06-03 14:00,177,72,105,0,0,0
2022-06-03 14:15,137,72,65,0,0,0
2022-06-03 14:30,123,71,52,0,0,0
2022-06-03 14:45,131,71,60,0,0,0
2022-06-03 15:00,150,77,73,0,0,0
2022-06-03 15:15,143,73,70,0,0,0
2022-06-03 15:30,143,77,66,0,0,0
2022-06-03 15:45,153,83,70,0,0,0
2022-06-03 16:00,120,62,58,0,0,0
2022-06-03 16:15,120,58,62,0,0,0
2022-06-03 16:30,92,51,41,0,0,0
2022-06-03 16:45,109,63,46,0,0,0
2022-06-03 17:00,115,62,53,0,0,0
2022-06-03 17:15,97,47,50,0,0,0
2022-06-03 17:30,101,53,48,0,0,0
2022-06-03 17:45,123,53,70,0,0,0
2022-06-03 18:00,79,40,39,0,0,0
2022-06-03 18:15,83,42,41,0,0,0
2022-06-03 18:30,95,49,46,0,0,0
2022-06-03 18:45,93,48,45,0,0,0
2022-06-03 19:00,88,41,47,0,0,0
2022-06-03 19:15,54,35,19,0,0,0
2022-06-03 19:30,56,19,37,0,0,0
2022-06-03 19:45,61,26,35,0,0,0
2022-06-03 20:00,74,37,37,0,0,0
2022-06-03 20:15,57,23,34,0,0,0
2022-06-03 20:30,48,26,22,0,0,0
2022-06-03 20:45,49,24,25,0,0,0
2022-06-03 21:00,45,21,24,0,0,0
2022-06-03 21:15,50,26,24,0,0,0
2022-06-03 21:30,50,14,36,0,0,0
2022-06-03 21:45,30,8,22,0,0,0
2022-06-03 22:00,35,14,21,0,0,0
2022-06-03 22:15,37,5,32,0,0,0
2022-06-03 22:30,38,10,28,0,0,0
2022-06-03 22:45,51,17,34,0,0,0
2022-06-03 23:00,28,5,23,0,0,0
2022-06-03 23:15,23,6,17,0,0,0
2022-06-03 23:30,14,5,9,0,0,0
2022-06-03 23:45,25,9,16,0,0,0
2022-06-04 00:00,19,7,12,0,0,0
2022-06-04 00:15,23,6,17,0,0,0
2022-06-04 00:30,16,0,16,0,0,0
2022-06-04 00:45,17,10,7,0,0,0
2022-06-04 01:00,13,3,10,0,0,0
2022-06-04 01:15,28,9,19,0,0,0
2022-06-04 01:30,20,14,6,0,0,0
2022-06-04 01:45,11,0,11,0,0,0
2022-06-04 02:00,14,3,11,0,0,0
2022-06-04 02:15,12,1,11,0,0,0
2022-06-04 02:30,8,0,8,0,0,0
2022-06-04 02:45,6,2,4,0,0,0
2022-06-04 03:00,9,1,8,0,0,0
2022-06-04 03:15,4,0,4,0,0,0
2022-06-04 03:30,3,1,2,0,0,0
2022-06-04 03:45,4,1,3,0,0,0
2022-06-04 04:00,8,0,8,0,0,0
2022-06-04 04:15,2,0,2,0,0,0
2022-06-04 04:30,4,0,4,0,0,0
2022-06-04 04:45,5,1,4,0,0,0
2022-06-04 05:00,2,0,2,0,0,0
2022-06-04 05:15,4,3,1,0,0,0
2022-06-04 05:30,14,8,6,0,0,0
2022-06-04 05:45,14,6,8,0,0,0
2022-06-04 06:00,5,5,0,0,0,0
2022-06-04 06:15,11,4,7,0,0,0
2022-06-04 06:30,13,8,5,0,0,0
2022-06-04 06:45,16,8,8,0,0,0
2022-06-04 07:00,9,8,1,0,0,0
2022-06-04 07:15,18,13,5,0,0,0
2022-06-04 07:30,22,10,12,0,0,0
2022-06-04 07:45,33,22,11,0,0,0
2022-06-04 08:00,28,17,11,0,0,0
2022-06-04 08:15,20,16,4,0,0,0
2022-06-04 08:30,35,23,12,0,0,0
2022-06-04 08:45,59,46,13,0,0,0
2022-06-04 09:00,31,15,16,0,0,0
2022-06-04 09:15,51,24,27,0,0,0
2022-06-04 09:30,73,54,19,0,0,0
2022-06-04 09:45,85,64,21,0,0,0
2022-06-04 10:00,63,47,16,0,0,0
2022-06-04 10:15,61,37,24,0,0,0
2022-06-04 10:30,89,44,45,0,0,0
2022-06-04 10:45,109,80,29,0,0,0
2022-06-04 11:00,76,37,39,0,0,0
2022-06-04 11:15,144,76,68,0,0,0
2022-06-04 11:30,101,58,43,0,0,0
2022-06-04 11:45,116,69,47,0,0,0
2022-06-04 12:00,92,47,45,0,0,0
2022-06-04 12:15,86,48,38,0,0,0
2022-06-04 12:30,104,36,68,0,0,0
2022-06-04 12:45,86,43,43,0,0,0
2022-06-04 13:00,114,60,54,0,0,0
2022-06-04 13:15,96,41,55,0,0,0
2022-06-04 13:30,80,31,49,0,0,0
2022-06-04 13:45,112,48,64,0,0,0
2022-06-04 14:00,76,37,39,0,0,0
2022-06-04 14:15,82,32,50,0,0,0
2022-06-04 14:30,84,35,49,0,0,0
2022-06-04 14:45,77,39,38,0,0,0
2022-06-04 15:00,102,41,61,0,0,0
2022-06-04 15:15,84,46,38,0,0,0
2022-06-04 15:30,96,39,57,0,0,0
2022-06-04 15:45,78,34,44,0,0,0
2022-06-04 16:00,85,40,45,0,0,0
2022-06-04 16:15,69,37,32,0,0,0
2022-06-04 16:30,92,30,62,0,0,0
2022-06-04 16:45,72,30,42,0,0,0
2022-06-04 17:00,66,26,40,0,0,0
2022-06-04 17:15,68,21,47,0,0,0
2022-06-04 17:30,59,24,35,0,0,0
2022-06-04 17:45,88,10,78,0,0,0
2022-06-04 18:00,78,39,39,0,0,0
2022-06-04 18:15,92,37,55,0,0,0
2022-06-04 18:30,55,19,36,0,0,0
2022-06-04 18:45,67,33,34,0,0,0
2022-06-04 19:00,46,19,27,0,0,0
2022-06-04 19:15,46,15,31,0,0,0
2022-06-04 19:30,43,13,30,0,0,0
2022-06-04 19:45,53,24,29,0,0,0
2022-06-04 20:00,43,12,31,0,0,0
2022-06-04 20:15,45,19,26,0,0,0
2022-06-04 20:30,60,20,40,0,0,0
2022-06-04 20:45,42,12,30,0,0,0
2022-06-04 21:00,28,15,13,0,0,0
2022-06-04 21:15,20,14,6,0,0,0
2022-06-04 21:30,21,5,16,0,0,0
2022-06-04 21:45,13,4,9,0,0,0
2022-06-04 22:00,35,12,23,0,0,0
2022-06-04 22:15,39,12,27,0,0,0
2022-06-04 22:30,27,15,12,0,0,0
2022-06-04 22:45,18,8,10,0,0,0
2022-06-04 23:00,30,4,26,0,0,0
2022-06-04 23:15,18,7,11,0,0,0
2022-06-04 23:30,25,7,18,0,0,0
2022-06-04 23:45,20,3,17,0,0,0
2022-06-05 00:00,17,2,15,0,0,0
2022-06-05 00:15,27,7,20,0,0,0
2022-06-05 00:30,19,3,16,0,0,0
2022-06-05 00:45,16,6,10,0,0,0
2022-06-05 01:00,26,9,17,0,0,0
2022-06-05 01:15,15,1,14,0,0,0
2022-06-05 01:30,16,5,11,0,0,0
2022-06-05 01:45,3,1,2,0,0,0
2022-06-05 02:00,7,1,6,0,0,0
2022-06-05 02:15,10,2,8,0,0,0
2022-06-05 02:30,9,1,8,0,0,0
2022-06-05 02:45,1,0,1,0,0,0
2022-06-05 03:00,5,0,5,0,0,0
2022-06-05 03:15,3,1,2,0,0,0
2022-06-05 03:30,8,1,7,0,0,0
2022-06-05 03:45,5,2,3,0,0,0
2022-06-05 04:00,4,2,2,0,0,0
2022-06-05 04:15,2,0,2,0,0,0
2022-06-05 04:30,6,0,6,0,0,0
2022-06-05 04:45,2,0,2,0,0,0
2022-06-05 05:00,1,0,1,0,0,0
2022-06-05 05:15,2,1,1,0,0,0
2022-06-05 05:30,4,0,4,0,0,0
2022-06-05 05:45,7,3,4,0,0,0
2022-06-05 06:00,2,0,2,0,0,0
2022-06-05 06:15,7,3,4,0,0,0
2022-06-05 06:30,3,1,2,0,0,0
2022-06-05 06:45,1,0,1,0,0,0
2022-06-05 07:00,7,3,4,0,0,0
2022-06-05 07:15,3,2,1,0,0,0
2022-06-05 07:30,4,1,3,0,0,0
2022-06-05 07:45,8,5,3,0,0,0
2022-06-05 08:00,9,5,4,0,0,0
2022-06-05 08:15,7,5,2,0,0,0
2022-06-05 08:30,7,4,3,0,0,0
2022-06-05 08:45,15,10,5,0,0,0
2022-06-05 09:00,10,5,5,0,0,0
2022-06-05 09:15,18,14,4,0,0,0
2022-06-05 09:30,13,6,7,0,0,0
2022-06-05 09:45,20,7,13,0,0,0
2022-06-05 10:00,34,17,17,0,0,0
2022-06-05 10:15,24,19,5,0,0,0
2022-06-05 10:30,20,5,15,0,0,0
2022-06-05 10:45,39,25,14,0,0,0
2022-06-05 11:00,53,17,36,0,0,0
2022-06-05 11:15,40,26,14,0,0,0
2022-06-05 11:30,47,26,21,0,0,0
2022-06-05 11:45,40,30,10,0,0,0
2022-06-05 12:00,40,21,19,0,0,0
2022-06-05 12:15,42,24,18,0,0,0
2022-06-05 12:30,67,20,47,0,0,0
2022-06-05 12:45,48,22,26,0,0,0
2022-06-05 13:00,31,15,16,0,0,0
2022-06-05 13:15,35,11,24,0,0,0
2022-06-05 13:30,36,7,29,0,0,0
2022-06-05 13:45,26,13,13,0,0,0
2022-06-05 14:00,39,12,27,0,0,0
2022-06-05 14:15,36,17,19,0,0,0
2022-06-05 14:30,16,5,11,0,0,0
2022-06-05 14:45,15,4,11,0,0,0
2022-06-05 15:00,36,8,28,0,0,0
2022-06-05 15:15,22,10,12,0,0,0
2022-06-05 15:30,29,22,7,0,0,0
2022-06-05 15:45,26,13,13,0,0,0
2022-06-05 16:00,22,14,8,0,0,0
2022-06-05 16:15,24,10,14,0,0,0
2022-06-05 16:30,21,7,14,0,0,0
2022-06-05 16:45,21,8,13,0,0,0
2022-06-05 17:00,29,11,18,0,0,0
2022-06-05 17:15,11,7,4,0,0,0
2022-06-05 17:30,18,5,13,0,0,0
2022-06-05 17:45,16,5,11,0,0,0
2022-06-05 18:00,19,4,15,0,0,0
2022-06-05 18:15,11,2,9,0,0,0
2022-06-05 18:30,15,6,9,0,0,0
2022-06-05 18:45,17,5,12,0,0,0
2022-06-05 19:00,17,13,4,0,0,0
2022-06-05 19:15,20,13,7,0,0,0
2022-06-05 19:30,29,15,14,0,0,0
2022-06-05 19:45,21,10,11,0,0,0
2022-06-05 20:00,15,8,7,0,0,0
2022-06-05 20:15,15,3,12,0,0,0
2022-06-05 20:30,29,7,22,0,0,0
2022-06-05 20:45,18,7,11,0,0,0
2022-06-05 21:00,12,6,6,0,0,0
2022-06-05 21:15,11,7,4,0,0,0
2022-06-05 21:30,5,2,3,0,0,0
2022-06-05 21:45,8,4,4,0,0,0
2022-06-05 22:00,16,8,8,0,0,0
2022-06-05 22:15,11,3,8,0,0,0
2022-06-05 22:30,6,1,5,0,0,0
2022-06-05 22:45,10,7,3,0,0,0
2022-06-05 23:00,12,6,6,0,0,0
2022-06-05 23:15,8,2,6,0,0,0
2022-06-05 23:30,11,7,4,0,0,0
2022-06-05 23:45,9,2,7,0,0,0
2022-06-06 00:00,9,0,9,0,0,0
2022-06-06 00:15,4,3,1,0,0,0
2022-06-06 00:30,6,1,5,0,0,0
2022-06-06 00:45,10,4,6,0,0,0
2022-06-06 01:00,1,0,1,0,0,0
2022-06-06 01:15,1,1,0,0,0,0
2022-06-06 01:30,2,0,2,0,0,0
2022-06-06 01:45,6,1,5,0,0,0
2022-06-06 02:00,4,2,2,0,0,0
2022-06-06 02:15,1,0,1,0,0,0
2022-06-06 02:30,4,0,4,0,0,0
2022-06-06 02:45,1,1,0,0,0,0
2022-06-06 03:00,0,0,0,0,0,0
2022-06-06 03:15,0,0,0,0,0,0
2022-06-06 03:30,0,0,0,0,0,0
2022-06-06 03:45,2,1,1,0,0,0
2022-06-06 04:00,2,0,2,0,0,0
2022-06-06 04:15,0,0,0,0,0,0
2022-06-06 04:30,1,1,0,0,0,0
2022-06-06 04:45,0,0,0,0,0,0
2022-06-06 05:00,0,0,0,0,0,0
2022-06-06 05:15,2,0,2,0,0,0
2022-06-06 05:30,5,1,4,0,0,0
2022-06-06 05:45,2,1,1,0,0,0
2022-06-06 06:00,1,1,0,0,0,0
2022-06-06 06:15,6,4,2,0,0,0
2022-06-06 06:30,4,4,0,0,0,0
2022-06-06 06:45,9,6,3,0,0,0
2022-06-06 07:00,4,1,3,0,0,0
2022-06-06 07:15,2,2,0,0,0,0
2022-06-06 07:30,6,3,3,0,0,0
2022-06-06 07:45,11,7,4,0,0,0
2022-06-06 08:00,6,5,1,0,0,0
2022-06-06 08:15,6,2,4,0,0,0
2022-06-06 08:30,7,1,6,0,0,0
2022-06-06 08:45,14,8,6,0,0,0
2022-06-06 09:00,13,8,5,0,0,0
2022-06-06 09:15,15,9,6,0,0,0
2022-06-06 09:30,20,13,7,0,0,0
2022-06-06 09:45,22,12,10,0,0,0
2022-06-06 10:00,25,13,12,0,0,0
2022-06-06 10:15,28,11,17,0,0,0
2022-06-06 10:30,17,10,7,0,0,0
2022-06-06 10:45,44,26,18,0,0,0
2022-06-06 11:00,36,18,18,0,0,0
2022-06-06 11:15,31,13,18,0,0,0
2022-06-06 11:30,40,22,18,0,0,0
2022-06-06 11:45,43,18,25,0,0,0
2022-06-06 12:00,32,14,18,0,0,0
2022-06-06 12:15,65,16,49,0,0,0
2022-06-06 12:30,28,9,19,0,0,0
2022-06-06 12:45,49,22,27,0,0,0
2022-06-06 13:00,48,15,33,0,0,0
2022-06-06 13:15,41,4,37,0,0,0
2022-06-06 13:30,47,18,29,0,0,0
2022-06-06 13:45,47,16,31,0,0,0
2022-06-06 14:00,60,24,36,0,0,0
2022-06-06 14:15,32,14,18,0,0,0
2022-06-06 14:30,39,21,18,0,0,0
2022-06-06 14:45,42,23,19,0,0,0
2022-06-06 15:00,39,15,24,0,0,0
2022-06-06 15:15,38,15,23,0,0,0
2022-06-06 15:30,42,19,23,0,0,0
2022-06-06 15:45,31,12,19,0,0,0
2022-06-06 16:00,39,17,22,0,0,0
2022-06-06 16:15,46,23,23,0,0,0
2022-06-06 16:30,50,17,33,0,0,0
2022-06-06 16:45,43,20,23,0,0,0
2022-06-06 17:00,33,13,20,0,0,0
2022-06-06 17:15,20,10,10,0,0,0
2022-06-06 17:30,35,17,18,0,0,0
2022-06-06 17:45,30,14,16,0,0,0
2022-06-06 18:00,35,13,22,0,0,0
2022-06-06 18:15,51,33,18,0,0,0
2022-06-06 18:30,40,18,22,0,0,0
2022-06-06 18:45,40,19,21,0,0,0
2022-06-06 19:00,40,16,24,0,0,0
2022-06-06 19:15,39,11,28,0,0,0
2022-06-06 19:30,32,17,15,0,0,0
2022-06-06 19:45,45,15,30,0,0,0
2022-06-06 20:00,28,9,19,0,0,0
2022-06-06 20:15,34,9,25,0,0,0
2022-06-06 20:30,22,7,15,0,0,0
2022-06-06 20:45,34,13,21,0,0,0
2022-06-06 21:00,37,19,18,0,0,0
2022-06-06 21:15,24,8,16,0,0,0
2022-06-06 21:30,28,9,19,0,0,0
2022-06-06 21:45,8,2,6,0,0,0
2022-06-06 22:00,3,1,2,0,0,0
2022-06-06 22:15,13,6,7,0,0,0
2022-06-06 22:30,13,7,6,0,0,0
2022-06-06 22:45,7,2,5,0,0,0
2022-06-06 23:00,4,1,3,0,0,0
2022-06-06 23:15,4,0,4,0,0,0
2022-06-06 23:30,2,2,0,0,0,0
2022-06-06 23:45,6,3,3,0,0,0
2022-06-07 00:00,3,0,3,0,0,0
2022-06-07 00:15,4,2,2,0,0,0
2022-06-07 00:30,3,3,0,0,0,0
2022-06-07 00:45,6,1,5,0,0,0
2022-06-07 01:00,1,1,0,0,0,0
2022-06-07 01:15,0,0,0,0,0,0
2022-06-07 01:30,2,0,2,0,0,0
2022-06-07 01:45,3,1,2,0,0,0
2022-06-07 02:00,1,1,0,0,0,0
2022-06-07 02:15,1,1,0,0,0,0
2022-06-07 02:30,0,0,0,0,0,0
2022-06-07 02:45,0,0,0,0,0,0
2022-06-07 03:00,5,1,4,0,0,0
2022-06-07 03:15,1,0,1,0,0,0
2022-06-07 03:30,0,0,0,0,0,0
2022-06-07 03:45,1,0,1,0,0,0
2022-06-07 04:00,1,1,0,0,0,0
2022-06-07 04:15,0,0,0,0,0,0
2022-06-07 04:30,2,0,2,0,0,0
2022-06-07 04:45,1,1,0,0,0,0
2022-06-07 05:00,1,0,1,0,0,0
2022-06-07 05:15,6,3,3,0,0,0
2022-06-07 05:30,12,5,7,0,0,0
2022-06-07 05:45,17,7,10,0,0,0
2022-06-07 06:00,16,9,7,0,0,0
2022-06-07 06:15,16,4,12,0,0,0
2022-06-07 06:30,41,8,33,0,0,0
2022-06-07 06:45,70,30,40,0,0,0
2022-06-07 07:00,75,22,53,0,0,0
2022-06-07 07:15,98,48,50,0,0,0
2022-06-07 07:30,141,70,71,0,0,0
2022-06-07 07:45,133,51,82,0,0,0
2022-06-07 08:00,104,29,75,0,0,0
2022-06-07 08:15,117,48,69,0,0,0
2022-06-07 08:30,119,59,60,0,0,0
2022-06-07 08:45,102,31,71,0,0,0
2022-06-07 09:00,83,33,50,0,0,0
2022-06-07 09:15,68,37,31,0,0,0
2022-06-07 09:30,90,45,45,0,0,0
2022-06-07 09:45,85,33,52,0,0,0
2022-06-07 10:00,70,35,35,0,0,0
2022-06-07 10:15,56,33,23,0,0,0
2022-06-07 10:30,63,27,36,0,0,0
2022-06-07 10:45,64,37,27,0,0,0
2022-06-07 11:00,42,18,24,0,0,0
2022-06-07 11:15,53,26,27,0,0,0
2022-06-07 11:30,80,44,36,0,0,0
2022-06-07 11:45,74,42,32,0,0,0
2022-06-07 12:00,94,39,55,0,0,0
2022-06-07 12:15,97,38,59,0,0,0
2022-06-07 12:30,115,34,81,0,0,0
2022-06-07 12:45,105,55,50,0,0,0
2022-06-07 13:00,89,31,58,0,0,0
2022-06-07 13:15,86,22,64,0,0,0
2022-06-07 13:30,98,44,54,0,0,0
2022-06-07 13:45,89,37,52,0,0,0
2022-06-07 14:00,78,40,38,0,0,0
2022-06-07 14:15,72,46,26,0,0,0
2022-06-07 14:30,100,53,47,0,0,0
2022-06-07 14:45,110,53,57,0,0,0
2022-06-07 15:00,80,48,32,0,0,0
2022-06-07 15:15,99,45,54,0,0,0
2022-06-07 15:30,107,59,48,0,0,0
2022-06-07 15:45,131,60,71,0,0,0
2022-06-07 16:00,131,70,61,0,0,0
2022-06-07 16:15,108,59,49,0,0,0
2022-06-07 16:30,138,75,63,0,0,0
2022-06-07 16:45,121,57,64,0,0,0
2022-06-07 17:00,120,79,41,0,0,0
2022-06-07 17:15,91,43,48,0,0,0
2022-06-07 17:30,104,43,61,0,0,0
2022-06-07 17:45,116,56,60,0,0,0
2022-06-07 18:00,94,40,54,0,0,0
2022-06-07 18:15,84,34,50,0,0,0
2022-06-07 18:30,79,29,50,0,0,0
2022-06-07 18:45,85,35,50,0,0,0
2022-06-07 19:00,80,34,46,0,0,0
2022-06-07 19:15,88,33,55,0,0,0
2022-06-07 19:30,61,21,40,0,0,0
2022-06-07 19:45,63,20,43,0,0,0
2022-06-07 20:00,56,22,34,0,0,0
2022-06-07 20:15,48,10,38,0,0,0
2022-06-07 20:30,38,16,22,0,0,0
2022-06-07 20:45,35,17,18,0,0,0
2022-06-07 21:00,41,17,24,0,0,0
2022-06-07 21:15,37,18,19,0,0,0
2022-06-07 21:30,30,10,20,0,0,0
2022-06-07 21:45,29,4,25,0,0,0
2022-06-07 22:00,31,8,23,0,0,0
2022-06-07 22:15,18,4,14,0,0,0
2022-06-07 22:30,34,6,28,0,0,0
2022-06-07 22:45,19,1,18,0,0,0
2022-06-07 23:00,18,5,13,0,0,0
2022-06-07 23:15,7,1,6,0,0,0
2022-06-07 23:30,17,5,12,0,0,0
2022-06-07 23:45,13,0,13,0,0,0
2022-06-08 00:00,5,1,4,0,0,0
2022-06-08 00:15,8,3,5,0,0,0
2022-06-08 00:30,7,1,6,0,0,0
2022-06-08 00:45,11,4,7,0,0,0
2022-06-08 01:00,7,4,3,0,0,0
2022-06-08 01:15,7,7,0,0,0,0
2022-06-08 01:30,0,0,0,0,0,0
2022-06-08 01:45,3,3,0,0,0,0
2022-06-08 02:00,1,1,0,0,0,0
2022-06-08 02:15,2,1,1,0,0,0
2022-06-08 02:30,2,2,0,0,0,0
2022-06-08 02:45,0,0,0,0,0,0
2022-06-08 03:00,0,0,0,0,0,0
2022-06-08 03:15,0,0,0,0,0,0
2022-06-08 03:30,1,1,0,0,0,0
2022-06-08 03:45,0,0,0,0,0,0
2022-06-08 04:00,4,1,3,0,0,0
2022-06-08 04:15,0,0,0,0,0,0
2022-06-08 04:30,1,0,1,0,0,0
2022-06-08 04:45,1,1,0,0,0,0
2022-06-08 05:00,0,0,0,0,0,0
2022-06-08 05:15,2,0,2,0,0,0
2022-06-08 05:30,16,0,16,0,0,0
2022-06-08 05:45,12,3,9,0,0,0
2022-06-08 06:00,13,5,8,0,0,0
2022-06-08 06:15,25,10,15,0,0,0
2022-06-08 06:30,34,5,29,0,0,0
2022-06-08 06:45,51,11,40,0,0,0
2022-06-08 07:00,61,16,45,0,0,0
2022-06-08 07:15,82,38,44,0,0,0
2022-06-08 07:30,98,25,73,0,0,0
2022-06-08 07:45,164,45,119,0,0,0
2022-06-08 08:00,228,150,78,0,0,0
2022-06-08 08:15,155,84,71,0,0,0
2022-06-08 08:30,98,44,54,0,0,0
2022-06-08 08:45,132,56,76,0,0,0
2022-06-08 09:00,105,53,52,0,0,0
2022-06-08 09:15,135,81,54,0,0,0
2022-06-08 09:30,130,69,61,0,0,0
2022-06-08 09:45,118,69,49,0,0,0
2022-06-08 10:00,108,57,51,0,0,0
2022-06-08 10:15,94,50,44,0,0,0
2022-06-08 10:30,83,40,43,0,0,0
2022-06-08 10:45,97,52,45,0,0,0
2022-06-08 11:00,98,53,45,0,0,0
2022-06-08 11:15,89,40,49,0,0,0
2022-06-08 11:30,78,37,41,0,0,0
2022-06-08 11:45,85,34,51,0,0,0
2022-06-08 12:00,93,30,63,0,0,0
2022-06-08 12:15,116,44,72,0,0,0
2022-06-08 12:30,141,57,84,0,0,0
2022-06-08 12:45,120,58,62,0,0,0
2022-06-08 13:00,168,62,106,0,0,0
2022-06-08 13:15,143,50,93,0,0,0
2022-06-08 13:30,114,44,70,0,0,0
2022-06-08 13:45,96,29,67,0,0,0
2022-06-08 14:00,110,36,74,0,0,0
2022-06-08 14:15,100,49,51,0,0,0
2022-06-08 14:30,84,41,43,0,0,0
2022-06-08 14:45,117,56,61,0,0,0
2022-06-08 15:00,98,45,53,0,0,0
2022-06-08 15:15,107,59,48,0,0,0
2022-06-08 15:30,101,43,58,0,0,0
2022-06-08 15:45,97,35,62,0,0,0
2022-06-08 16:00,100,30,70,0,0,0
2022-06-08 16:15,105,45,60,0,0,0
2022-06-08 16:30,102,41,61,0,0,0
2022-06-08 16:45,119,68,51,0,0,0
2022-06-08 17:00,103,52,51,0,0,0
2022-06-08 17:15,94,47,47,0,0,0
2022-06-08 17:30,86,34,52,0,0,0
2022-06-08 17:45,121,54,67,0,0,0
2022-06-08 18:00,58,24,34,0,0,0
2022-06-08 18:15,93,46,47,0,0,0
2022-06-08 18:30,72,31,41,0,0,0
2022-06-08 18:45,71,35,36,0,0,0
2022-06-08 19:00,46,19,27,0,0,0
2022-06-08 19:15,70,37,33,0,0,0
2022-06-08 19:30,55,27,28,0,0,0
2022-06-08 19:45,64,33,31,0,0,0
2022-06-08 20:00,36,13,23,0,0,0
2022-06-08 20:15,38,15,23,0,0,0
2022-06-08 20:30,25,10,15,0,0,0
2022-06-08 20:45,33,15,18,0,0,0
2022-06-08 21:00,23,6,17,0,0,0
2022-06-08 21:15,21,12,9,0,0,0
2022-06-08 21:30,22,16,6,0,0,0
2022-06-08 21:45,26,4,22,0,0,0
2022-06-08 22:00,18,3,15,0,0,0
2022-06-08 22:15,16,7,9,0,0,0
2022-06-08 22:30,19,5,14,0,0,0
2022-06-08 22:45,13,9,4,0,0,0
2022-06-08 23:00,10,3,7,0,0,0
2022-06-08 23:15,6,2,4,0,0,0
2022-06-08 23:30,17,7,10,0,0,0
2022-06-08 23:45,9,6,3,0,0,0
2022-06-09 00:00,7,2,5,0,0,0
2022-06-09 00:15,6,4,2,0,0,0
2022-06-09 00:30,6,3,3,0,0,0
2022-06-09 00:45,5,4,1,0,0,0
2022-06-09 01:00,6,5,1,0,0,0
2022-06-09 01:15,1,0,1,0,0,0
2022-06-09 01:30,1,1,0,0,0,0
2022-06-09 01:45,4,4,0,0,0,0
2022-06-09 02:00,2,2,0,0,0,0
2022-06-09 02:15,3,1,2,0,0,0
2022-06-09 02:30,3,0,3,0,0,0
2022-06-09 02:45,3,1,2,0,0,0
2022-06-09 03:00,1,1,0,0,0,0
2022-06-09 03:15,2,0,2,0,0,0
2022-06-09 03:30,4,2,2,0,0,0
2022-06-09 03:45,0,0,0,0,0,0
2022-06-09 04:00,3,0,3,0,0,0
2022-06-09 04:15,3,0,3,0,0,0
2022-06-09 04:30,3,2,1,0,0,0
2022-06-09 04:45,0,0,0,0,0,0
2022-06-09 05:00,0,0,0,0,0,0
2022-06-09 05:15,4,0,4,0,0,0
2022-06-09 05:30,18,0,18,0,0,0
2022-06-09 05:45,25,8,17,0,0,0
2022-06-09 06:00,13,6,7,0,0,0
2022-06-09 06:15,21,3,18,0,0,0
2022-06-09 06:30,40,10,30,0,0,0
2022-06-09 06:45,51,19,32,0,0,0
2022-06-09 07:00,57,15,42,0,0,0
2022-06-09 07:15,106,53,53,0,0,0
2022-06-09 07:30,192,132,60,0,0,0
2022-06-09 07:45,162,64,98,0,0,0
2022-06-09 08:00,141,46,95,0,0,0
2022-06-09 08:15,123,43,80,0,0,0
2022-06-09 08:30,104,42,62,0,0,0
2022-06-09 08:45,113,52,61,0,0,0
2022-06-09 09:00,82,35,47,0,0,0
2022-06-09 09:15,81,41,40,0,0,0
2022-06-09 09:30,89,56,33,0,0,0
2022-06-09 09:45,117,68,49,0,0,0
2022-06-09 10:00,81,36,45,0,0,0
2022-06-09 10:15,43,18,25,0,0,0
2022-06-09 10:30,62,19,43,0,0,0
2022-06-09 10:45,69,33,36,0,0,0
2022-06-09 11:00,56,30,26,0,0,0
2022-06-09 11:15,85,40,45,0,0,0
2022-06-09 11:30,54,22,32,0,0,0
2022-06-09 11:45,85,46,39,0,0,0
2022-06-09 12:00,101,41,60,0,0,0
2022-06-09 12:15,113,40,73,0,0,0
2022-06-09 12:30,88,32,56,0,0,0
2022-06-09 12:45,104,58,46,0,0,0
2022-06-09 13:00,101,33,68,0,0,0
2022-06-09 13:15,116,42,74,0,0,0
2022-06-09 13:30,85,43,42,0,0,0
2022-06-09 13:45,96,43,53,0,0,0
2022-06-09 14:00,125,45,80,0,0,0
2022-06-09 14:15,93,37,56,0,0,0
2022-06-09 14:30,90,43,47,0,0,0
2022-06-09 14:45,124,73,51,0,0,0
2022-06-09 15:00,93,41,52,0,0,0
2022-06-09 15:15,97,45,52,0,0,0
2022-06-09 15:30,132,58,74,0,0,0
2022-06-09 15:45,99,55,44,0,0,0
2022-06-09 16:00,137,76,61,0,0,0
2022-06-09 16:15,120,67,53,0,0,0
2022-06-09 16:30,128,58,70,0,0,0
2022-06-09 16:45,150,89,61,0,0,0
2022-06-09 17:00,123,62,61,0,0,0
2022-06-09 17:15,136,77,59,0,0,0
2022-06-09 17:30,125,68,57,0,0,0
2022-06-09 17:45,133,72,61,0,0,0
2022-06-09 18:00,129,55,74,0,0,0
2022-06-09 18:15,120,51,69,0,0,0
2022-06-09 18:30,86,33,53,0,0,0
2022-06-09 18:45,89,45,44,0,0,0
2022-06-09 19:00,91,44,47,0,0,0
2022-06-09 19:15,73,27,46,0,0,0
2022-06-09 19:30,82,36,46,0,0,0
2022-06-09 19:45,51,24,27,0,0,0
2022-06-09 20:00,53,18,35,0,0,0
2022-06-09 20:15,58,23,35,0,0,0
2022-06-09 20:30,34,10,24,0,0,0
2022-06-09 20:45,46,12,34,0,0,0
2022-06-09 21:00,46,14,32,0,0,0
2022-06-09 21:15,38,17,21,0,0,0
2022-06-09 21:30,30,7,23,0,0,0
2022-06-09 21:45,40,12,28,0,0,0
2022-06-09 22:00,36,17,19,0,0,0
2022-06-09 22:15,30,7,23,0,0,0
2022-06-09 22:30,30,15,15,0,0,0
2022-06-09 22:45,23,9,14,0,0,0
2022-06-09 23:00,15,4,11,0,0,0
2022-06-09 23:15,22,3,19,0,0,0
2022-06-09 23:30,29,9,20,0,0,0
2022-06-09 23:45,14,5,9,0,0,0
2022-06-10 00:00,4,1,3,0,0,0
2022-06-10 00:15,7,2,5,0,0,0
2022-06-10 00:30,7,0,7,0,0,0
2022-06-10 00:45,5,2,3,0,0,0
2022-06-10 01:00,7,1,6,0,0,0
2022-06-10 01:15,2,2,0,0,0,0
2022-06-10 01:30,0,0,0,0,0,0
2022-06-10 01:45,2,1,1,0,0,0
2022-06-10 02:00,3,0,3,0,0,0
2022-06-10 02:15,2,0,2,0,0,0
2022-06-10 02:30,0,0,0,0,0,0
2022-06-10 02:45,2,1,1,0,0,0
2022-06-10 03:00,0,0,0,0,0,0
2022-06-10 03:15,1,0,1,0,0,0
2022-06-10 03:30,0,0,0,0,0,0
2022-06-10 03:45,3,0,3,0,0,0
2022-06-10 04:00,3,1,2,0,0,0
2022-06-10 04:15,1,0,1,0,0,0
2022-06-10 04:30,2,1,1,0,0,0
2022-06-10 04:45,2,1,1,0,0,0
2022-06-10 05:00,4,2,2,0,0,0
2022-06-10 05:15,4,2,2,0,0,0
2022-06-10 05:30,21,3,18,0,0,0
2022-06-10 05:45,14,8,6,0,0,0
2022-06-10 06:00,9,5,4,0,0,0
2022-06-10 06:15,28,5,23,0,0,0
2022-06-10 06:30,42,18,24,0,0,0
2022-06-10 06:45,55,20,35,0,0,0
2022-06-10 07:00,56,15,41,0,0,0
2022-06-10 07:15,99,60,39,0,0,0
2022-06-10 07:30,231,159,72,0,0,0
2022-06-10 07:45,166,68,98,0,0,0
2022-06-10 08:00,130,30,100,0,0,0
2022-06-10 08:15,110,43,67,0,0,0
2022-06-10 08:30,111,44,67,0,0,0
2022-06-10 08:45,133,44,89,0,0,0
2022-06-10 09:00,65,33,32,0,0,0
2022-06-10 09:15,72,41,31,0,0,0
2022-06-10 09:30,85,49,36,0,0,0
2022-06-10 09:45,115,77,38,0,0,0
2022-06-10 10:00,86,41,45,0,0,0
2022-06-10 10:15,69,34,35,0,0,0
2022-06-10 10:30,60,22,38,0,0,0
2022-06-10 10:45,72,31,41,0,0,0
2022-06-10 11:00,64,35,29,0,0,0
2022-06-10 11:15,77,33,44,0,0,0
2022-06-10 11:30,70,40,30,0,0,0
2022-06-10 11:45,102,53,49,0,0,0
2022-06-10 12:00,75,32,43,0,0,0
2022-06-10 12:15,101,49,52,0,0,0
2022-06-10 12:30,156,71,85,0,0,0
2022-06-10 12:45,108,44,64,0,0,0
2022-06-10 13:00,136,40,96,0,0,0
2022-06-10 13:15,135,47,88,0,0,0
2022-06-10 13:30,96,39,57,0,0,0
2022-06-10 13:45,102,39,63,0,0,0
2022-06-10 14:00,121,54,67,0,0,0
2022-06-10 14:15,104,59,45,0,0,0
2022-06-10 14:30,94,47,47,0,0,0
2022-06-10 14:45,124,50,74,0,0,0
2022-06-10 15:00,117,55,62,0,0,0
2022-06-10 15:15,132,78,54,0,0,0
2022-06-10 15:30,109,52,57,0,0,0
2022-06-10 15:45,105,56,49,0,0,0
2022-06-10 16:00,144,71,73,0,0,0
2022-06-10 16:15,135,71,64,0,0,0
2022-06-10 16:30,109,58,51,0,0,0
2022-06-10 16:45,119,69,50,0,0,0
2022-06-10 17:00,102,51,51,0,0,0
2022-06-10 17:15,92,53,39,0,0,0
2022-06-10 17:30,118,45,73,0,0,0
2022-06-10 17:45,109,53,56,0,0,0
2022-06-10 18:00,89,31,58,0,0,0
2022-06-10 18:15,105,40,65,0,0,0
2022-06-10 18:30,76,27,49,0,0,0
2022-06-10 18:45,88,44,44,0,0,0
2022-06-10 19:00,70,32,38,0,0,0
2022-06-10 19:15,70,26,44,0,0,0
2022-06-10 19:30,49,21,28,0,0,0
2022-06-10 19:45,70,33,37,0,0,0
2022-06-10 20:00,71,25,46,0,0,0
2022-06-10 20:15,51,24,27,0,0,0
2022-06-10 20:30,33,15,18,0,0,0
2022-06-10 20:45,33,12,21,0,0,0
2022-06-10 21:00,45,13,32,0,0,0
2022-06-10 21:15,41,11,30,0,0,0
2022-06-10 21:30,37,8,29,0,0,0
2022-06-10 21:45,26,3,23,0,0,0
2022-06-10 22:00,46,12,34,0,0,0
2022-06-10 22:15,22,6,16,0,0,0
2022-06-10 22:30,24,11,13,0,0,0
2022-06-10 22:45,33,8,25,0,0,0
2022-06-10 23:00,26,10,16,0,0,0
2022-06-10 23:15,34,9,25,0,0,0
2022-06-10 23:30,42,4,38,0,0,0
2022-06-10 23:45,23,1,22,0,0,0
2022-06-11 00:00,24,2,22,0,0,0
2022-06-11 00:15,15,2,13,0,0,0
2022-06-11 00:30,14,4,10,0,0,0
2022-06-11 00:45,15,1,14,0,0,0
2022-06-11 01:00,16,5,11,0,0,0
2022-06-11 01:15,12,2,10,0,0,0
2022-06-11 01:30,5,1,4,0,0,0
2022-06-11 01:45,20,5,15,0,0,0
2022-06-11 02:00,19,6,13,0,0,0
2022-06-11 02:15,10,0,10,0,0,0
2022-06-11 02:30,11,1,10,0,0,0
2022-06-11 02:45,5,0,5,0,0,0
2022-06-11 03:00,7,1,6,0,0,0
2022-06-11 03:15,5,1,4,0,0,0
2022-06-11 03:30,6,1,5,0,0,0
2022-06-11 03:45,6,1,5,0,0,0
2022-06-11 04:00,4,1,3,0,0,0
2022-06-11 04:15,5,0,5,0,0,0
2022-06-11 04:30,1,0,1,0,0,0
2022-06-11 04:45,2,1,1,0,0,0
2022-06-11 05:00,7,2,5,0,0,0
2022-06-11 05:15,2,1,1,0,0,0
2022-06-11 05:30,6,1,5,0,0,0
2022-06-11 05:45,8,1,7,0,0,0
2022-06-11 06:00,3,1,2,0,0,0
2022-06-11 06:15,7,5,2,0,0,0
2022-06-11 06:30,7,5,2,0,0,0
2022-06-11 06:45,13,9,4,0,0,0
2022-06-11 07:00,10,8,2,0,0,0
2022-06-11 07:15,4,2,2,0,0,0
2022-06-11 07:30,20,13,7,0,0,0
2022-06-11 07:45,27,15,12,0,0,0
2022-06-11 08:00,13,9,4,0,0,0
2022-06-11 08:15,38,23,15,0,0,0
2022-06-11 08:30,41,32,9,0,0,0
2022-06-11 08:45,49,33,16,0,0,0
2022-06-11 09:00,48,37,11,0,0,0
2022-06-11 09:15,47,32,15,0,0,0
2022-06-11 09:30,61,37,24,0,0,0
2022-06-11 09:45,87,56,31,0,0,0
2022-06-11 10:00,83,56,27,0,0,0
2022-06-11 10:15,91,69,22,0,0,0
2022-06-11 10:30,86,56,30,0,0,0
2022-06-11 10:45,71,52,19,0,0,0
2022-06-11 11:00,81,56,25,0,0,0
2022-06-11 11:15,70,40,30,0,0,0
2022-06-11 11:30,95,38,57,0,0,0
2022-06-11 11:45,112,63,49,0,0,0
2022-06-11 12:00,82,59,23,0,0,0
2022-06-11 12:15,118,56,62,0,0,0
2022-06-11 12:30,109,53,56,0,0,0
2022-06-11 12:45,102,40,62,0,0,0
2022-06-11 13:00,105,47,58,0,0,0
2022-06-11 13:15,92,50,42,0,0,0
2022-06-11 13:30,89,44,45,0,0,0
2022-06-11 13:45,105,51,54,0,0,0
2022-06-11 14:00,93,32,61,0,0,0
2022-06-11 14:15,106,59,47,0,0,0
2022-06-11 14:30,98,50,48,0,0,0
2022-06-11 14:45,96,54,42,0,0,0
2022-06-11 15:00,86,35,51,0,0,0
2022-06-11 15:15,78,41,37,0,0,0
2022-06-11 15:30,74,43,31,0,0,0
2022-06-11 15:45,79,31,48,0,0,0
2022-06-11 16:00,79,37,42,0,0,0
2022-06-11 16:15,52,24,28,0,0,0
2022-06-11 16:30,82,24,58,0,0,0
2022-06-11 16:45,73,31,42,0,0,0
2022-06-11 17:00,79,32,47,0,0,0
2022-06-11 17:15,69,31,38,0,0,0
2022-06-11 17:30,74,18,56,0,0,0
2022-06-11 17:45,62,19,43,0,0,0
2022-06-11 18:00,70,15,55,0,0,0
2022-06-11 18:15,97,37,60,0,0,0
2022-06-11 18:30,66,22,44,0,0,0
2022-06-11 18:45,65,26,39,0,0,0
2022-06-11 19:00,57,23,34,0,0,0
2022-06-11 19:15,53,19,34,0,0,0
2022-06-11 19:30,58,14,44,0,0,0
2022-06-11 19:45,51,20,31,0,0,0
2022-06-11 20:00,70,29,41,0,0,0
2022-06-11 20:15,43,17,26,0,0,0
2022-06-11 20:30,27,10,17,0,0,0
2022-06-11 20:45,31,16,15,0,0,0
2022-06-11 21:00,41,17,24,0,0,0
2022-06-11 21:15,23,14,9,0,0,0
2022-06-11 21:30,42,12,30,0,0,0
2022-06-11 21:45,27,4,23,0,0,0
2022-06-11 22:00,27,8,19,0,0,0
2022-06-11 22:15,49,13,36,0,0,0
2022-06-11 22:30,23,7,16,0,0,0
2022-06-11 22:45,25,5,20,0,0,0
2022-06-11 23:00,31,9,22,0,0,0
2022-06-11 23:15,32,8,24,0,0,0
2022-06-11 23:30,23,7,16,0,0,0
2022-06-11 23:45,26,6,20,0,0,0
2022-06-12 00:00,14,2,12,0,0,0
2022-06-12 00:15,16,4,12,0,0,0
2022-06-12 00:30,14,2,12,0,0,0
2022-06-12 00:45,10,3,7,0,0,0
2022-06-12 01:00,20,0,20,0,0,0
2022-06-12 01:15,20,4,16,0,0,0
2022-06-12 01:30,15,1,14,0,0,0
2022-06-12 01:45,12,1,11,0,0,0
2022-06-12 02:00,18,2,16,0,0,0
2022-06-12 02:15,14,3,11,0,0,0
2022-06-12 02:30,7,1,6,0,0,0
2022-06-12 02:45,10,1,9,0,0,0
2022-06-12 03:00,13,4,9,0,0,0
2022-06-12 03:15,10,3,7,0,0,0
2022-06-12 03:30,4,0,4,0,0,0
2022-06-12 03:45,6,3,3,0,0,0
2022-06-12 04:00,2,1,1,0,0,0
2022-06-12 04:15,4,0,4,0,0,0
2022-06-12 04:30,1,0,1,0,0,0
2022-06-12 04:45,8,1,7,0,0,0
2022-06-12 05:00,0,0,0,0,0,0
2022-06-12 05:15,5,0,5,0,0,0
2022-06-12 05:30,9,2,7,0,0,0
2022-06-12 05:45,7,1,6,0,0,0
2022-06-12 06:00,6,0,6,0,0,0
2022-06-12 06:15,7,3,4,0,0,0
2022-06-12 06:30,8,7,1,0,0,0
2022-06-12 06:45,9,4,5,0,0,0
2022-06-12 07:00,3,0,3,0,0,0
2022-06-12 07:15,1,1,0,0,0,0
2022-06-12 07:30,8,5,3,0,0,0
2022-06-12 07:45,20,12,8,0,0,0
2022-06-12 08:00,4,3,1,0,0,0
2022-06-12 08:15,14,8,6,0,0,0
2022-06-12 08:30,15,7,8,0,0,0
2022-06-12 08:45,23,10,13,0,0,0
2022-06-12 09:00,15,9,6,0,0,0
2022-06-12 09:15,10,7,3,0,0,0
2022-06-12 09:30,40,26,14,0,0,0
2022-06-12 09:45,34,18,16,0,0,0
2022-06-12 10:00,24,16,8,0,0,0
2022-06-12 10:15,36,23,13,0,0,0
2022-06-12 10:30,26,15,11,0,0,0
2022-06-12 10:45,38,21,17,0,0,0
2022-06-12 11:00,47,23,24,0,0,0
2022-06-12 11:15,41,28,13,0,0,0
2022-06-12 11:30,77,26,51,0,0,0
2022-06-12 11:45,43,20,23,0,0,0
2022-06-12 12:00,51,21,30,0,0,0
2022-06-12 12:15,66,20,46,0,0,0
2022-06-12 12:30,67,16,51,0,0,0
2022-06-12 12:45,75,31,44,0,0,0
2022-06-12 13:00,64,19,45,0,0,0
2022-06-12 13:15,55,22,33,0,0,0
2022-06-12 13:30,60,30,30,0,0,0
2022-06-12 13:45,49,14,35,0,0,0
2022-06-12 14:00,59,30,29,0,0,0
2022-06-12 14:15,76,31,45,0,0,0
2022-06-12 14:30,100,58,42,0,0,0
2022-06-12 14:45,82,49,33,0,0,0
2022-06-12 15:00,58,27,31,0,0,0
2022-06-12 15:15,70,35,35,0,0,0
2022-06-12 15:30,53,21,32,0,0,0
2022-06-12 15:45,70,39,31,0,0,0
2022-06-12 16:00,62,27,35,0,0,0
2022-06-12 16:15,72,26,46,0,0,0
2022-06-12 16:30,73,24,49,0,0,0
2022-06-12 16:45,69,22,47,0,0,0
2022-06-12 17:00,77,21,56,0,0,0
2022-06-12 17:15,55,21,34,0,0,0
2022-06-12 17:30,74,19,55,0,0,0
2022-06-12 17:45,83,35,48,0,0,0
2022-06-12 18:00,56,20,36,0,0,0
2022-06-12 18:15,61,20,41,0,0,0
2022-06-12 18:30,40,22,18,0,0,0
2022-06-12 18:45,52,31,21,0,0,0
2022-06-12 19:00,52,22,30,0,0,0
2022-06-12 19:15,52,30,22,0,0,0
2022-06-12 19:30,47,12,35,0,0,0
2022-06-12 19:45,48,12,36,0,0,0
2022-06-12 20:00,54,19,35,0,0,0
2022-06-12 20:15,36,11,25,0,0,0
2022-06-12 20:30,43,8,35,0,0,0
2022-06-12 20:45,37,7,30,0,0,0
2022-06-12 21:00,32,9,23,0,0,0
2022-06-12 21:15,28,10,18,0,0,0
2022-06-12 21:30,17,2,15,0,0,0
2022-06-12 21:45,24,8,16,0,0,0
2022-06-12 22:00,18,2,16,0,0,0
2022-06-12 22:15,9,1,8,0,0,0
2022-06-12 22:30,26,9,17,0,0,0
2022-06-12 22:45,24,7,17,0,0,0
2022-06-12 23:00,20,14,6,0,0,0
2022-06-12 23:15,6,0,6,0,0,0
2022-06-12 23:30,10,5,5,0,0,0
2022-06-12 23:45,7,4,3,0,0,0
2022-06-13 00:00,7,0,7,0,0,0
2022-06-13 00:15,6,2,4,0,0,0
2022-06-13 00:30,1,0,1,0,0,0
2022-06-13 00:45,1,1,0,0,0,0
2022-06-13 01:00,3,1,2,0,0,0
2022-06-13 01:15,3,2,1,0,0,0
2022-06-13 01:30,0,0,0,0,0,0
2022-06-13 01:45,3,0,3,0,0,0
2022-06-13 02:00,1,0,1,0,0,0
2022-06-13 02:15,2,1,1,0,0,0
2022-06-13 02:30,0,0,0,0,0,0
2022-06-13 02:45,2,0,2,0,0,0
2022-06-13 03:00,1,0,1,0,0,0
2022-06-13 03:15,0,0,0,0,0,0
2022-06-13 03:30,0,0,0,0,0,0
2022-06-13 03:45,0,0,0,0,0,0
2022-06-13 04:00,2,1,1,0,0,0
2022-06-13 04:15,1,0,1,0,0,0
2022-06-13 04:30,3,0,3,0,0,0
2022-06-13 04:45,0,0,0,0,0,0
2022-06-13 05:00,6,1,5,0,0,0
2022-06-13 05:15,3,1,2,0,0,0
2022-06-13 05:30,24,4,20,0,0,0
2022-06-13 05:45,15,6,9,0,0,0
2022-06-13 06:00,10,3,7,0,0,0
2022-06-13 06:15,20,8,12,0,0,0
2022-06-13 06:30,37,12,25,0,0,0
2022-06-13 06:45,53,20,33,0,0,0
2022-06-13 07:00,78,29,49,0,0,0
2022-06-13 07:15,88,41,47,0,0,0
2022-06-13 07:30,158,76,82,0,0,0
2022-06-13 07:45,170,66,104,0,0,0
2022-06-13 08:00,193,51,142,0,0,0
2022-06-13 08:15,142,51,91,0,0,0
2022-06-13 08:30,115,64,51,0,0,0
2022-06-13 08:45,157,84,73,0,0,0
2022-06-13 09:00,139,69,70,0,0,0
2022-06-13 09:15,72,34,38,0,0,0
2022-06-13 09:30,103,43,60,0,0,0
2022-06-13 09:45,173,60,113,0,0,0
2022-06-13 10:00,187,66,121,0,0,0
2022-06-13 10:15,93,44,49,0,0,0
2022-06-13 10:30,46,24,22,0,0,0
2022-06-13 10:45,58,31,27,0,0,0
2022-06-13 11:00,66,32,34,0,0,0
2022-06-13 11:15,49,27,22,0,0,0
2022-06-13 11:30,78,48,30,0,0,0
2022-06-13 11:45,145,65,80,0,0,0
2022-06-13 12:00,157,79,78,0,0,0
2022-06-13 12:15,120,58,62,0,0,0
2022-06-13 12:30,109,59,50,0,0,0
2022-06-13 12:45,95,35,60,0,0,0
2022-06-13 13:00,114,43,71,0,0,0
2022-06-13 13:15,115,39,76,0,0,0
2022-06-13 13:30,122,51,71,0,0,0
2022-06-13 13:45,180,86,94,0,0,0
2022-06-13 14:00,162,76,86,0,0,0
2022-06-13 14:15,103,49,54,0,0,0
2022-06-13 14:30,124,61,63,0,0,0
2022-06-13 14:45,129,61,68,0,0,0
2022-06-13 15:00,123,77,46,0,0,0
2022-06-13 15:15,108,58,50,0,0,0
2022-06-13 15:30,119,74,45,0,0,0
2022-06-13 15:45,194,104,90,0,0,0
2022-06-13 16:00,192,111,81,0,0,0
2022-06-13 16:15,168,92,76,0,0,0
2022-06-13 16:30,123,79,44,0,0,0
2022-06-13 16:45,116,55,61,0,0,0
2022-06-13 17:00,131,71,60,0,0,0
2022-06-13 17:15,131,64,67,0,0,0
2022-06-13 17:30,149,75,74,0,0,0
2022-06-13 17:45,229,108,121,0,0,0
2022-06-13 18:00,142,62,80,0,0,0
2022-06-13 18:15,115,57,58,0,0,0
2022-06-13 18:30,99,42,57,0,0,0
2022-06-13 18:45,92,44,48,0,0,0
2022-06-13 19:00,91,48,43,0,0,0
2022-06-13 19:15,108,49,59,0,0,0
2022-06-13 19:30,81,41,40,0,0,0
2022-06-13 19:45,94,30,64,0,0,0
2022-06-13 20:00,92,21,71,0,0,0
2022-06-13 20:15,75,20,55,0,0,0
2022-06-13 20:30,34,11,23,0,0,0
2022-06-13 20:45,30,11,19,0,0,0
2022-06-13 21:00,39,20,19,0,0,0
2022-06-13 21:15,36,15,21,0,0,0
2022-06-13 21:30,43,19,24,0,0,0
2022-06-13 21:45,48,16,32,0,0,0
2022-06-13 22:00,62,11,51,0,0,0
2022-06-13 22:15,52,3,49,0,0,0
2022-06-13 22:30,26,5,21,0,0,0
2022-06-13 22:45,18,9,9,0,0,0
2022-06-13 23:00,23,4,19,0,0,0
2022-06-13 23:15,9,3,6,0,0,0
2022-06-13 23:30,19,3,16,0,0,0
2022-06-13 23:45,7,0,7,0,0,0
2022-06-14 00:00,7,3,4,0,0,0
2022-06-14 00:15,4,1,3,0,0,0
2022-06-14 00:30,4,0,4,0,0,0
2022-06-14 00:45,6,5,1,0,0,0
2022-06-14 01:00,1,1,0,0,0,0
2022-06-14 01:15,2,2,0,0,0,0
2022-06-14 01:30,1,0,1,0,0,0
2022-06-14 01:45,3,0,3,0,0,0
2022-06-14 02:00,0,0,0,0,0,0
2022-06-14 02:15,1,1,0,0,0,0
2022-06-14 02:30,0,0,0,0,0,0
2022-06-14 02:45,1,1,0,0,0,0
2022-06-14 03:00,1,1,0,0,0,0
2022-06-14 03:15,0,0,0,0,0,0
2022-06-14 03:30,1,0,1,0,0,0
2022-06-14 03:45,0,0,0,0,0,0
2022-06-14 04:00,0,0,0,0,0,0
2022-06-14 04:15,3,1,2,0,0,0
2022-06-14 04:30,2,2,0,0,0,0
2022-06-14 04:45,0,0,0,0,0,0
2022-06-14 05:00,2,1,1,0,0,0
2022-06-14 05:15,5,4,1,0,0,0
2022-06-14 05:30,19,4,15,0,0,0
2022-06-14 05:45,20,4,16,0,0,0
2022-06-14 06:00,18,9,9,0,0,0
2022-06-14 06:15,30,8,22,0,0,0
2022-06-14 06:30,39,13,26,0,0,0
2022-06-14 06:45,76,31,45,0,0,0
2022-06-14 07:00,59,21,38,0,0,0
2022-06-14 07:15,82,36,46,0,0,0
2022-06-14 07:30,188,100,88,0,0,0
2022-06-14 07:45,184,67,117,0,0,0
2022-06-14 08:00,235,97,138,0,0,0
2022-06-14 08:15,168,75,93,0,0,0
2022-06-14 08:30,133,57,76,0,0,0
2022-06-14 08:45,154,73,81,0,0,0
2022-06-14 09:00,109,57,52,0,0,0
2022-06-14 09:15,106,62,44,0,0,0
2022-06-14 09:30,83,34,49,0,0,0
2022-06-14 09:45,170,75,95,0,0,0
2022-06-14 10:00,237,105,132,0,0,0
2022-06-14 10:15,93,41,52,0,0,0
2022-06-14 10:30,79,40,39,0,0,0
2022-06-14 10:45,93,40,53,0,0,0
2022-06-14 11:00,88,47,41,0,0,0
2022-06-14 11:15,105,57,48,0,0,0
2022-06-14 11:30,100,53,47,0,0,0
2022-06-14 11:45,236,104,132,0,0,0
2022-06-14 12:00,217,101,116,0,0,0
2022-06-14 12:15,119,49,70,0,0,0
2022-06-14 12:30,129,49,80,0,0,0
2022-06-14 12:45,121,45,76,0,0,0
2022-06-14 13:00,121,47,74,0,0,0
2022-06-14 13:15,153,68,85,0,0,0
2022-06-14 13:30,140,47,93,0,0,0
2022-06-14 13:45,236,91,145,0,0,0
2022-06-14 14:00,225,119,106,0,0,0
2022-06-14 14:15,118,64,54,0,0,0
2022-06-14 14:30,129,71,58,0,0,0
2022-06-14 14:45,143,80,63,0,0,0
2022-06-14 15:00,147,76,71,0,0,0
2022-06-14 15:15,152,80,72,0,0,0
2022-06-14 15:30,157,90,67,0,0,0
2022-06-14 15:45,237,116,121,0,0,0
2022-06-14 16:00,233,124,109,0,0,0
2022-06-14 16:15,171,111,60,0,0,0
2022-06-14 16:30,151,87,64,0,0,0
2022-06-14 16:45,166,80,86,0,0,0
2022-06-14 17:00,165,99,66,0,0,0
2022-06-14 17:15,157,74,83,0,0,0
2022-06-14 17:30,148,67,81,0,0,0
2022-06-14 17:45,201,103,98,0,0,0
2022-06-14 18:00,191,91,100,0,0,0
2022-06-14 18:15,139,67,72,0,0,0
2022-06-14 18:30,133,54,79,0,0,0
2022-06-14 18:45,141,68,73,0,0,0
2022-06-14 19:00,88,40,48,0,0,0
2022-06-14 19:15,109,46,63,0,0,0
2022-06-14 19:30,109,71,38,0,0,0
2022-06-14 19:45,123,65,58,0,0,0
2022-06-14 20:00,55,21,34,0,0,0
2022-06-14 20:15,73,20,53,0,0,0
2022-06-14 20:30,55,17,38,0,0,0
2022-06-14 20:45,65,18,47,0,0,0
2022-06-14 21:00,55,24,31,0,0,0
2022-06-14 21:15,47,20,27,0,0,0
2022-06-14 21:30,61,23,38,0,0,0
2022-06-14 21:45,51,13,38,0,0,0
2022-06-14 22:00,62,16,46,0,0,0
2022-06-14 22:15,83,12,71,0,0,0
2022-06-14 22:30,51,10,41,0,0,0
2022-06-14 22:45,23,7,16,0,0,0
2022-06-14 23:00,23,3,20,0,0,0
2022-06-14 23:15,20,7,13,0,0,0
2022-06-14 23:30,16,7,9,0,0,0
2022-06-14 23:45,16,6,10,0,0,0
2022-06-15 00:00,22,4,18,0,0,0
2022-06-15 00:15,6,0,6,0,0,0
2022-06-15 00:30,2,1,1,0,0,0
2022-06-15 00:45,4,3,1,0,0,0
2022-06-15 01:00,6,0,6,0,0,0
2022-06-15 01:15,2,2,0,0,0,0
2022-06-15 01:30,3,2,1,0,0,0
2022-06-15 01:45,2,0,2,0,0,0
2022-06-15 02:00,4,2,2,0,0,0
2022-06-15 02:15,2,0,2,0,0,0
2022-06-15 02:30,0,0,0,0,0,0
2022-06-15 02:45,0,0,0,0,0,0
2022-06-15 03:00,11,3,8,0,0,0
2022-06-15 03:15,6,0,6,0,0,0
2022-06-15 03:30,1,1,0,0,0,0
2022-06-15 03:45,2,1,1,0,0,0
2022-06-15 04:00,1,0,1,0,0,0
2022-06-15 04:15,4,2,2,0,0,0
2022-06-15 04:30,1,0,1,0,0,0
2022-06-15 04:45,1,1,0,0,0,0
2022-06-15 05:00,3,2,1,0,0,0
2022-06-15 05:15,4,2,2,0,0,0
2022-06-15 05:30,25,7,18,0,0,0
2022-06-15 05:45,21,7,14,0,0,0
2022-06-15 06:00,15,5,10,0,0,0
2022-06-15 06:15,34,22,12,0,0,0
2022-06-15 06:30,54,19,35,0,0,0
2022-06-15 06:45,76,36,40,0,0,0
2022-06-15 07:00,102,32,70,0,0,0
2022-06-15 07:15,116,47,69,0,0,0
2022-06-15 07:30,164,66,98,0,0,0
2022-06-15 07:45,237,88,149,0,0,0
2022-06-15 08:00,220,74,146,0,0,0
2022-06-15 08:15,209,87,122,0,0,0
2022-06-15 08:30,143,79,64,0,0,0
2022-06-15 08:45,188,88,100,0,0,0
2022-06-15 09:00,126,64,62,0,0,0
2022-06-15 09:15,122,65,57,0,0,0
2022-06-15 09:30,131,66,65,0,0,0
2022-06-15 09:45,176,94,82,0,0,0
2022-06-15 10:00,215,86,129,0,0,0
2022-06-15 10:15,135,67,68,0,0,0
2022-06-15 10:30,109,65,44,0,0,0
2022-06-15 10:45,126,75,51,0,0,0
2022-06-15 11:00,127,56,71,0,0,0
2022-06-15 11:15,96,40,56,0,0,0
2022-06-15 11:30,115,66,49,0,0,0
2022-06-15 11:45,208,79,129,0,0,0
2022-06-15 12:00,171,89,82,0,0,0
2022-06-15 12:15,157,78,79,0,0,0
2022-06-15 12:30,151,52,99,0,0,0
2022-06-15 12:45,143,53,90,0,0,0
2022-06-15 13:00,141,76,65,0,0,0
2022-06-15 13:15,152,65,87,0,0,0
2022-06-15 13:30,165,76,89,0,0,0
2022-06-15 13:45,203,78,125,0,0,0
2022-06-15 14:00,189,70,119,0,0,0
2022-06-15 14:15,124,67,57,0,0,0
2022-06-15 14:30,125,56,69,0,0,0
2022-06-15 14:45,147,78,69,0,0,0
2022-06-15 15:00,120,59,61,0,0,0
2022-06-15 15:15,121,71,50,0,0,0
2022-06-15 15:30,130,60,70,0,0,0
2022-06-15 15:45,233,143,90,0,0,0
2022-06-15 16:00,207,105,102,0,0,0
2022-06-15 16:15,168,84,84,0,0,0
2022-06-15 16:30,157,93,64,0,0,0
2022-06-15 16:45,137,66,71,0,0,0
2022-06-15 17:00,129,68,61,0,0,0
2022-06-15 17:15,152,70,82,0,0,0
2022-06-15 17:30,157,74,83,0,0,0
2022-06-15 17:45,176,77,99,0,0,0
2022-06-15 18:00,169,81,88,0,0,0
2022-06-15 18:15,139,73,66,0,0,0
2022-06-15 18:30,105,40,65,0,0,0
2022-06-15 18:45,131,82,49,0,0,0
2022-06-15 19:00,123,56,67,0,0,0
2022-06-15 19:15,118,57,61,0,0,0
2022-06-15 19:30,98,46,52,0,0,0
2022-06-15 19:45,97,41,56,0,0,0
2022-06-15 20:00,97,37,60,0,0,0
2022-06-15 20:15,64,26,38,0,0,0
2022-06-15 20:30,70,27,43,0,0,0
2022-06-15 20:45,39,19,20,0,0,0
2022-06-15 21:00,74,35,39,0,0,0
2022-06-15 21:15,42,22,20,0,0,0
2022-06-15 21:30,50,12,38,0,0,0
2022-06-15 21:45,57,31,26,0,0,0
2022-06-15 22:00,92,26,66,0,0,0
2022-06-15 22:15,48,7,41,0,0,0
2022-06-15 22:30,52,12,40,0,0,0
2022-06-15 22:45,38,12,26,0,0,0
2022-06-15 23:00,30,11,19,0,0,0
2022-06-15 23:15,41,11,30,0,0,0
2022-06-15 23:30,31,2,29,0,0,0
2022-06-15 23:45,32,6,26,0,0,0
2022-06-16 00:00,35,20,15,0,0,0
2022-06-16 00:15,20,1,19,0,0,0
2022-06-16 00:30,22,7,15,0,0,0
2022-06-16 00:45,22,4,18,0,0,0
2022-06-16 01:00,9,2,7,0,0,0
2022-06-16 01:15,25,6,19,0,0,0
2022-06-16 01:30,25,3,22,0,0,0
2022-06-16 01:45,9,1,8,0,0,0
2022-06-16 02:00,12,0,12,0,0,0
2022-06-16 02:15,19,7,12,0,0,0
2022-06-16 02:30,20,1,19,0,0,0
2022-06-16 02:45,18,1,17,0,0,0
2022-06-16 03:00,8,3,5,0,0,0
2022-06-16 03:15,4,0,4,0,0,0
2022-06-16 03:30,12,4,8,0,0,0
2022-06-16 03:45,10,2,8,0,0,0
2022-06-16 04:00,13,1,12,0,0,0
2022-06-16 04:15,15,5,10,0,0,0
2022-06-16 04:30,4,1,3,0,0,0
2022-06-16 04:45,4,2,2,0,0,0
2022-06-16 05:00,5,1,4,0,0,0
2022-06-16 05:15,14,2,12,0,0,0
2022-06-16 05:30,8,2,6,0,0,0
2022-06-16 05:45,6,1,5,0,0,0
2022-06-16 06:00,8,7,1,0,0,0
2022-06-16 06:15,6,3,3,0,0,0
2022-06-16 06:30,4,2,2,0,0,0
2022-06-16 06:45,11,7,4,0,0,0
2022-06-16 07:00,7,1,6,0,0,0
2022-06-16 07:15,10,6,4,0,0,0
2022-06-16 07:30,11,5,6,0,0,0
2022-06-16 07:45,8,2,6,0,0,0
2022-06-16 08:00,6,5,1,0,0,0
2022-06-16 08:15,15,11,4,0,0,0
2022-06-16 08:30,28,16,12,0,0,0
2022-06-16 08:45,15,8,7,0,0,0
2022-06-16 09:00,26,14,12,0,0,0
2022-06-16 09:15,24,16,8,0,0,0
2022-06-16 09:30,23,14,9,0,0,0
2022-06-16 09:45,54,35,19,0,0,0
2022-06-16 10:00,29,14,15,0,0,0
2022-06-16 10:15,27,20,7,0,0,0
2022-06-16 10:30,42,23,19,0,0,0
2022-06-16 10:45,47,20,27,0,0,0
2022-06-16 11:00,70,43,27,0,0,0
2022-06-16 11:15,39,19,20,0,0,0
2022-06-16 11:30,70,37,33,0,0,0
2022-06-16 11:45,39,10,29,0,0,0
2022-06-16 12:00,58,28,30,0,0,0
2022-06-16 12:15,79,21,58,0,0,0
2022-06-16 12:30,60,37,23,0,0,0
2022-06-16 12:45,72,45,27,0,0,0
2022-06-16 13:00,50,30,20,0,0,0
2022-06-16 13:15,60,32,28,0,0,0
2022-06-16 13:30,72,31,41,0,0,0
2022-06-16 13:45,68,35,33,0,0,0
2022-06-16 14:00,67,33,34,0,0,0
2022-06-16 14:15,61,23,38,0,0,0
2022-06-16 14:30,68,17,51,0,0,0
2022-06-16 14:45,85,36,49,0,0,0
2022-06-16 15:00,69,32,37,0,0,0
2022-06-16 15:15,69,37,32,0,0,0
2022-06-16 15:30,79,48,31,0,0,0
2022-06-16 15:45,64,34,30,0,0,0
2022-06-16 16:00,85,55,30,0,0,0
2022-06-16 16:15,72,33,39,0,0,0
2022-06-16 16:30,87,32,55,0,0,0
2022-06-16 16:45,81,37,44,0,0,0
2022-06-16 17:00,58,29,29,0,0,0
2022-06-16 17:15,78,28,50,0,0,0
2022-06-16 17:30,53,30,23,0,0,0
2022-06-16 17:45,69,38,31,0,0,0
2022-06-16 18:00,85,31,54,0,0,0
2022-06-16 18:15,54,22,32,0,0,0
2022-06-16 18:30,54,21,33,0,0,0
2022-06-16 18:45,43,25,18,0,0,0
2022-06-16 19:00,72,31,41,0,0,0
2022-06-16 19:15,77,40,37,0,0,0
2022-06-16 19:30,53,28,25,0,0,0
2022-06-16 19:45,69,41,28,0,0,0
2022-06-16 20:00,45,20,25,0,0,0
2022-06-16 20:15,43,9,34,0,0,0
2022-06-16 20:30,51,16,35,0,0,0
2022-06-16 20:45,52,17,35,0,0,0
2022-06-16 21:00,45,13,32,0,0,0
2022-06-16 21:15,32,6,26,0,0,0
2022-06-16 21:30,26,5,21,0,0,0
2022-06-16 21:45,47,17,30,0,0,0
2022-06-16 22:00,61,6,55,0,0,0
2022-06-16 22:15,28,5,23,0,0,0
2022-06-16 22:30,26,1,25,0,0,0
2022-06-16 22:45,41,9,32,0,0,0
2022-06-16 23:00,19,2,17,0,0,0
2022-06-16 23:15,17,2,15,0,0,0
2022-06-16 23:30,12,1,11,0,0,0
2022-06-16 23:45,15,0,15,0,0,0
2022-06-17 00:00,8,0,8,0,0,0
2022-06-17 00:15,11,6,5,0,0,0
2022-06-17 00:30,0,0,0,0,0,0
2022-06-17 00:45,7,0,7,0,0,0
2022-06-17 01:00,2,0,2,0,0,0
2022-06-17 01:15,5,1,4,0,0,0
2022-06-17 01:30,7,4,3,0,0,0
2022-06-17 01:45,8,3,5,0,0,0
2022-06-17 02:00,1,0,1,0,0,0
2022-06-17 02:15,7,3,4,0,0,0
2022-06-17 02:30,0,0,0,0,0,0
2022-06-17 02:45,1,0,1,0,0,0
2022-06-17 03:00,3,2,1,0,0,0
2022-06-17 03:15,3,0,3,0,0,0
2022-06-17 03:30,0,0,0,0,0,0
2022-06-17 03:45,3,1,2,0,0,0
2022-06-17 04:00,0,0,0,0,0,0
2022-06-17 04:15,2,1,1,0,0,0
2022-06-17 04:30,3,1,2,0,0,0
2022-06-17 04:45,1,1,0,0,0,0
2022-06-17 05:00,0,0,0,0,0,0
2022-06-17 05:15,3,0,3,0,0,0
2022-06-17 05:30,15,1,14,0,0,0
2022-06-17 05:45,12,7,5,0,0,0
2022-06-17 06:00,9,7,2,0,0,0
2022-06-17 06:15,22,8,14,0,0,0
2022-06-17 06:30,36,19,17,0,0,0
2022-06-17 06:45,32,12,20,0,0,0
2022-06-17 07:00,55,18,37,0,0,0
2022-06-17 07:15,71,35,36,0,0,0
2022-06-17 07:30,214,126,88,0,0,0
2022-06-17 07:45,124,49,75,0,0,0
2022-06-17 08:00,135,34,101,0,0,0
2022-06-17 08:15,101,38,63,0,0,0
2022-06-17 08:30,91,48,43,0,0,0
2022-06-17 08:45,102,43,59,0,0,0
2022-06-17 09:00,71,38,33,0,0,0
2022-06-17 09:15,69,41,28,0,0,0
2022-06-17 09:30,78,50,28,0,0,0
2022-06-17 09:45,173,115,58,0,0,0
2022-06-17 10:00,119,49,70,0,0,0
2022-06-17 10:15,95,52,43,0,0,0
2022-06-17 10:30,106,56,50,0,0,0
2022-06-17 10:45,70,35,35,0,0,0
2022-06-17 11:00,85,49,36,0,0,0
2022-06-17 11:15,97,44,53,0,0,0
2022-06-17 11:30,88,52,36,0,0,0
2022-06-17 11:45,105,53,52,0,0,0
2022-06-17 12:00,151,73,78,0,0,0
2022-06-17 12:15,122,56,66,0,0,0
2022-06-17 12:30,121,51,70,0,0,0
2022-06-17 12:45,87,44,43,0,0,0
2022-06-17 13:00,179,52,127,0,0,0
2022-06-17 13:15,107,43,64,0,0,0
2022-06-17 13:30,99,44,55,0,0,0
2022-06-17 13:45,123,73,50,0,0,0
2022-06-17 14:00,108,47,61,0,0,0
2022-06-17 14:15,134,79,55,0,0,0
2022-06-17 14:30,139,83,56,0,0,0
2022-06-17 14:45,110,59,51,0,0,0
2022-06-17 15:00,115,59,56,0,0,0
2022-06-17 15:15,91,48,43,0,0,0
2022-06-17 15:30,96,44,52,0,0,0
2022-06-17 15:45,117,60,57,0,0,0
2022-06-17 16:00,115,54,61,0,0,0
2022-06-17 16:15,107,56,51,0,0,0
2022-06-17 16:30,128,57,71,0,0,0
2022-06-17 16:45,115,58,57,0,0,0
2022-06-17 17:00,98,52,46,0,0,0
2022-06-17 17:15,137,71,66,0,0,0
2022-06-17 17:30,99,52,47,0,0,0
2022-06-17 17:45,127,55,72,0,0,0
2022-06-17 18:00,86,35,51,0,0,0
2022-06-17 18:15,135,70,65,0,0,0
2022-06-17 18:30,88,37,51,0,0,0
2022-06-17 18:45,86,52,34,0,0,0
2022-06-17 19:00,94,50,44,0,0,0
2022-06-17 19:15,79,26,53,0,0,0
2022-06-17 19:30,103,60,43,0,0,0
2022-06-17 19:45,102,61,41,0,0,0
2022-06-17 20:00,119,58,61,0,0,0
2022-06-17 20:15,67,34,33,0,0,0
2022-06-17 20:30,56,29,27,0,0,0
2022-06-17 20:45,58,37,21,0,0,0
2022-06-17 21:00,72,33,39,0,0,0
2022-06-17 21:15,52,24,28,0,0,0
2022-06-17 21:30,59,16,43,0,0,0
2022-06-17 21:45,59,18,41,0,0,0
2022-06-17 22:00,76,9,67,0,0,0
2022-06-17 22:15,55,13,42,0,0,0
2022-06-17 22:30,51,15,36,0,0,0
2022-06-17 22:45,61,18,43,0,0,0
2022-06-17 23:00,55,15,40,0,0,0
2022-06-17 23:15,44,11,33,0,0,0
2022-06-17 23:30,42,11,31,0,0,0
2022-06-17 23:45,65,3,62,0,0,0
2022-06-18 00:00,38,8,30,0,0,0
2022-06-18 00:15,39,5,34,0,0,0
2022-06-18 00:30,60,8,52,0,0,0
2022-06-18 00:45,27,4,23,0,0,0
2022-06-18 01:00,31,5,26,0,0,0
2022-06-18 01:15,29,10,19,0,0,0
2022-06-18 01:30,21,6,15,0,0,0
2022-06-18 01:45,27,4,23,0,0,0
2022-06-18 02:00,21,4,17,0,0,0
2022-06-18 02:15,8,1,7,0,0,0
2022-06-18 02:30,7,1,6,0,0,0
2022-06-18 02:45,19,1,18,0,0,0
2022-06-18 03:00,10,0,10,0,0,0
2022-06-18 03:15,14,1,13,0,0,0
2022-06-18 03:30,8,1,7,0,0,0
2022-06-18 03:45,3,1,2,0,0,0
2022-06-18 04:00,7,1,6,0,0,0
2022-06-18 04:15,3,1,2,0,0,0
2022-06-18 04:30,4,1,3,0,0,0
2022-06-18 04:45,7,0,7,0,0,0
2022-06-18 05:00,2,0,2,0,0,0
2022-06-18 05:15,3,3,0,0,0,0
2022-06-18 05:30,9,1,8,0,0,0
2022-06-18 05:45,11,3,8,0,0,0
2022-06-18 06:00,5,4,1,0,0,0
2022-06-18 06:15,8,3,5,0,0,0
2022-06-18 06:30,13,9,4,0,0,0
2022-06-18 06:45,17,9,8,0,0,0
2022-06-18 07:00,13,9,4,0,0,0
2022-06-18 07:15,19,15,4,0,0,0
2022-06-18 07:30,23,13,10,0,0,0
2022-06-18 07:45,31,23,8,0,0,0
2022-06-18 08:00,42,34,8,0,0,0
2022-06-18 08:15,38,22,16,0,0,0
2022-06-18 08:30,59,36,23,0,0,0
2022-06-18 08:45,52,28,24,0,0,0
2022-06-18 09:00,71,48,23,0,0,0
2022-06-18 09:15,107,84,23,0,0,0
2022-06-18 09:30,75,51,24,0,0,0
2022-06-18 09:45,101,61,40,0,0,0
2022-06-18 10:00,82,49,33,0,0,0
2022-06-18 10:15,85,46,39,0,0,0
2022-06-18 10:30,107,65,42,0,0,0
2022-06-18 10:45,126,77,49,0,0,0
2022-06-18 11:00,109,65,44,0,0,0
2022-06-18 11:15,68,31,37,0,0,0
2022-06-18 11:30,82,34,48,0,0,0
2022-06-18 11:45,125,65,60,0,0,0
2022-06-18 12:00,121,72,49,0,0,0
2022-06-18 12:15,105,50,55,0,0,0
2022-06-18 12:30,90,37,53,0,0,0
2022-06-18 12:45,96,45,51,0,0,0
2022-06-18 13:00,100,40,60,0,0,0
2022-06-18 13:15,71,29,42,0,0,0
2022-06-18 13:30,92,26,66,0,0,0
2022-06-18 13:45,107,42,65,0,0,0
2022-06-18 14:00,88,26,62,0,0,0
2022-06-18 14:15,83,33,50,0,0,0
2022-06-18 14:30,102,47,55,0,0,0
2022-06-18 14:45,55,17,38,0,0,0
2022-06-18 15:00,61,21,40,0,0,0
2022-06-18 15:15,59,26,33,0,0,0
2022-06-18 15:30,76,30,46,0,0,0
2022-06-18 15:45,58,30,28,0,0,0
2022-06-18 16:00,60,24,36,0,0,0
2022-06-18 16:15,61,28,33,0,0,0
2022-06-18 16:30,37,13,24,0,0,0
2022-06-18 16:45,68,25,43,0,0,0
2022-06-18 17:00,69,25,44,0,0,0
2022-06-18 17:15,74,18,56,0,0,0
2022-06-18 17:30,70,33,37,0,0,0
2022-06-18 17:45,65,26,39,0,0,0
2022-06-18 18:00,61,25,36,0,0,0
2022-06-18 18:15,84,43,41,0,0,0
2022-06-18 18:30,36,11,25,0,0,0
2022-06-18 18:45,45,15,30,0,0,0
2022-06-18 19:00,61,28,33,0,0,0
2022-06-18 19:15,57,27,30,0,0,0
2022-06-18 19:30,36,13,23,0,0,0
2022-06-18 19:45,59,22,37,0,0,0
2022-06-18 20:00,50,13,37,0,0,0
2022-06-18 20:15,50,14,36,0,0,0
2022-06-18 20:30,34,12,22,0,0,0
2022-06-18 20:45,50,10,40,0,0,0
2022-06-18 21:00,31,17,14,0,0,0
2022-06-18 21:15,31,9,22,0,0,0
2022-06-18 21:30,28,15,13,0,0,0
2022-06-18 21:45,13,1,12,0,0,0
2022-06-18 22:00,27,5,22,0,0,0
2022-06-18 22:15,35,13,22,0,0,0
2022-06-18 22:30,24,6,18,0,0,0
2022-06-18 22:45,33,11,22,0,0,0
2022-06-18 23:00,18,3,15,0,0,0
2022-06-18 23:15,31,9,22,0,0,0
2022-06-18 23:30,28,8,20,0,0,0
2022-06-18 23:45,38,9,29,0,0,0
2022-06-19 00:00,33,3,30,0,0,0
2022-06-19 00:15,26,6,20,0,0,0
2022-06-19 00:30,18,2,16,0,0,0
2022-06-19 00:45,25,9,16,0,0,0
2022-06-19 01:00,33,11,22,0,0,0
2022-06-19 01:15,19,7,12,0,0,0
2022-06-19 01:30,5,1,4,0,0,0
2022-06-19 01:45,6,2,4,0,0,0
2022-06-19 02:00,24,5,19,0,0,0
2022-06-19 02:15,9,0,9,0,0,0
2022-06-19 02:30,5,0,5,0,0,0
2022-06-19 02:45,10,2,8,0,0,0
2022-06-19 03:00,5,0,5,0,0,0
2022-06-19 03:15,7,4,3,0,0,0
2022-06-19 03:30,5,4,1,0,0,0
2022-06-19 03:45,1,0,1,0,0,0
2022-06-19 04:00,11,3,8,0,0,0
2022-06-19 04:15,1,0,1,0,0,0
2022-06-19 04:30,1,0,1,0,0,0
2022-06-19 04:45,5,0,5,0,0,0
2022-06-19 05:00,5,0,5,0,0,0
2022-06-19 05:15,4,2,2,0,0,0
2022-06-19 05:30,5,1,4,0,0,0
2022-06-19 05:45,7,1,6,0,0,0
2022-06-19 06:00,2,2,0,0,0,0
2022-06-19 06:15,2,1,1,0,0,0
2022-06-19 06:30,7,2,5,0,0,0
2022-06-19 06:45,4,2,2,0,0,0
2022-06-19 07:00,4,1,3,0,0,0
2022-06-19 07:15,2,2,0,0,0,0
2022-06-19 07:30,9,7,2,0,0,0
2022-06-19 07:45,12,5,7,0,0,0
2022-06-19 08:00,10,6,4,0,0,0
2022-06-19 08:15,11,6,5,0,0,0
2022-06-19 08:30,14,6,8,0,0,0
2022-06-19 08:45,18,10,8,0,0,0
2022-06-19 09:00,10,5,5,0,0,0
2022-06-19 09:15,19,18,1,0,0,0
2022-06-19 09:30,21,14,7,0,0,0
2022-06-19 09:45,28,16,12,0,0,0
2022-06-19 10:00,40,26,14,0,0,0
2022-06-19 10:15,53,31,22,0,0,0
2022-06-19 10:30,34,20,14,0,0,0
2022-06-19 10:45,30,18,12,0,0,0
2022-06-19 11:00,12,6,6,0,0,0
2022-06-19 11:15,45,20,25,0,0,0
2022-06-19 11:30,43,18,25,0,0,0
2022-06-19 11:45,34,21,13,0,0,0
2022-06-19 12:00,29,6,23,0,0,0
2022-06-19 12:15,53,21,32,0,0,0
2022-06-19 12:30,40,13,27,0,0,0
2022-06-19 12:45,37,21,16,0,0,0
2022-06-19 13:00,36,23,13,0,0,0
2022-06-19 13:15,48,23,25,0,0,0
2022-06-19 13:30,54,29,25,0,0,0
2022-06-19 13:45,48,21,27,0,0,0
2022-06-19 14:00,51,21,30,0,0,0
2022-06-19 14:15,66,39,27,0,0,0
2022-06-19 14:30,36,17,19,0,0,0
2022-06-19 14:45,27,12,15,0,0,0
2022-06-19 15:00,52,17,35,0,0,0
2022-06-19 15:15,81,47,34,0,0,0
2022-06-19 15:30,51,37,14,0,0,0
2022-06-19 15:45,35,14,21,0,0,0
2022-06-19 16:00,60,28,32,0,0,0
2022-06-19 16:15,50,18,32,0,0,0
2022-06-19 16:30,42,17,25,0,0,0
2022-06-19 16:45,49,17,32,0,0,0
2022-06-19 17:00,49,20,29,0,0,0
2022-06-19 17:15,48,17,31,0,0,0
2022-06-19 17:30,63,26,37,0,0,0
2022-06-19 17:45,79,37,42,0,0,0
2022-06-19 18:00,41,14,27,0,0,0
2022-06-19 18:15,35,12,23,0,0,0
2022-06-19 18:30,46,20,26,0,0,0
2022-06-19 18:45,57,22,35,0,0,0
2022-06-19 19:00,38,10,28,0,0,0
2022-06-19 19:15,32,15,17,0,0,0
2022-06-19 19:30,42,17,25,0,0,0
2022-06-19 19:45,22,6,16,0,0,0
2022-06-19 20:00,30,11,19,0,0,0
2022-06-19 20:15,19,4,15,0,0,0
2022-06-19 20:30,38,12,26,0,0,0
2022-06-19 20:45,16,4,12,0,0,0
2022-06-19 21:00,25,7,18,0,0,0
2022-06-19 21:15,17,3,14,0,0,0
2022-06-19 21:30,15,5,10,0,0,0
2022-06-19 21:45,13,6,7,0,0,0
2022-06-19 22:00,14,0,14,0,0,0
2022-06-19 22:15,20,7,13,0,0,0
2022-06-19 22:30,23,5,18,0,0,0
2022-06-19 22:45,8,2,6,0,0,0
2022-06-19 23:00,6,0,6,0,0,0
2022-06-19 23:15,8,0,8,0,0,0
2022-06-19 23:30,11,1,10,0,0,0
2022-06-19 23:45,5,3,2,0,0,0
2022-06-20 00:00,4,2,2,0,0,0
2022-06-20 00:15,5,1,4,0,0,0
2022-06-20 00:30,4,1,3,0,0,0
2022-06-20 00:45,4,4,0,0,0,0
2022-06-20 01:00,7,4,3,0,0,0
2022-06-20 01:15,0,0,0,0,0,0
2022-06-20 01:30,3,2,1,0,0,0
2022-06-20 01:45,1,1,0,0,0,0
2022-06-20 02:00,1,0,1,0,0,0
2022-06-20 02:15,1,0,1,0,0,0
2022-06-20 02:30,0,0,0,0,0,0
2022-06-20 02:45,0,0,0,0,0,0
2022-06-20 03:00,3,2,1,0,0,0
2022-06-20 03:15,1,0,1,0,0,0
2022-06-20 03:30,0,0,0,0,0,0
2022-06-20 03:45,0,0,0,0,0,0
2022-06-20 04:00,2,0,2,0,0,0
2022-06-20 04:15,4,0,4,0,0,0
2022-06-20 04:30,1,0,1,0,0,0
2022-06-20 04:45,1,1,0,0,0,0
2022-06-20 05:00,0,0,0,0,0,0
2022-06-20 05:15,10,6,4,0,0,0
2022-06-20 05:30,13,4,9,0,0,0
2022-06-20 05:45,18,10,8,0,0,0
2022-06-20 06:00,13,7,6,0,0,0
2022-06-20 06:15,20,4,16,0,0,0
2022-06-20 06:30,38,12,26,0,0,0
2022-06-20 06:45,59,21,38,0,0,0
2022-06-20 07:00,69,21,48,0,0,0
2022-06-20 07:15,108,55,53,0,0,0
2022-06-20 07:30,214,148,66,0,0,0
2022-06-20 07:45,191,81,110,0,0,0
2022-06-20 08:00,193,66,127,0,0,0
2022-06-20 08:15,155,68,87,0,0,0
2022-06-20 08:30,165,55,110,0,0,0
2022-06-20 08:45,143,79,64,0,0,0
2022-06-20 09:00,101,41,60,0,0,0
2022-06-20 09:15,73,26,47,0,0,0
2022-06-20 09:30,102,53,49,0,0,0
2022-06-20 09:45,143,60,83,0,0,0
2022-06-20 10:00,165,63,102,0,0,0
2022-06-20 10:15,77,35,42,0,0,0
2022-06-20 10:30,70,28,42,0,0,0
2022-06-20 10:45,76,43,33,0,0,0
2022-06-20 11:00,77,35,42,0,0,0
2022-06-20 11:15,61,33,28,0,0,0
2022-06-20 11:30,105,47,58,0,0,0
2022-06-20 11:45,133,73,60,0,0,0
2022-06-20 12:00,173,103,70,0,0,0
2022-06-20 12:15,159,62,97,0,0,0
2022-06-20 12:30,143,80,63,0,0,0
2022-06-20 12:45,125,54,71,0,0,0
2022-06-20 13:00,150,63,87,0,0,0
2022-06-20 13:15,146,59,87,0,0,0
2022-06-20 13:30,136,55,81,0,0,0
2022-06-20 13:45,203,83,120,0,0,0
2022-06-20 14:00,219,97,122,0,0,0
2022-06-20 14:15,115,48,67,0,0,0
2022-06-20 14:30,114,66,48,0,0,0
2022-06-20 14:45,100,52,48,0,0,0
2022-06-20 15:00,137,64,73,0,0,0
2022-06-20 15:15,114,62,52,0,0,0
2022-06-20 15:30,104,59,45,0,0,0
2022-06-20 15:45,237,146,91,0,0,0
2022-06-20 16:00,179,100,79,0,0,0
2022-06-20 16:15,157,90,67,0,0,0
2022-06-20 16:30,146,83,63,0,0,0
2022-06-20 16:45,118,72,46,0,0,0
2022-06-20 17:00,140,76,64,0,0,0
2022-06-20 17:15,139,70,69,0,0,0
2022-06-20 17:30,167,90,77,0,0,0
2022-06-20 17:45,223,107,116,0,0,0
2022-06-20 18:00,162,55,107,0,0,0
2022-06-20 18:15,130,60,70,0,0,0
2022-06-20 18:30,123,52,71,0,0,0
2022-06-20 18:45,125,54,71,0,0,0
2022-06-20 19:00,94,29,65,0,0,0
2022-06-20 19:15,107,51,56,0,0,0
2022-06-20 19:30,92,35,57,0,0,0
2022-06-20 19:45,57,16,41,0,0,0
2022-06-20 20:00,76,22,54,0,0,0
2022-06-20 20:15,65,16,49,0,0,0
2022-06-20 20:30,49,19,30,0,0,0
2022-06-20 20:45,34,9,25,0,0,0
2022-06-20 21:00,44,18,26,0,0,0
2022-06-20 21:15,43,15,28,0,0,0
2022-06-20 21:30,32,12,20,0,0,0
2022-06-20 21:45,41,10,31,0,0,0
2022-06-20 22:00,37,8,29,0,0,0
2022-06-20 22:15,21,4,17,0,0,0
2022-06-20 22:30,21,8,13,0,0,0
2022-06-20 22:45,31,13,18,0,0,0
2022-06-20 23:00,26,4,22,0,0,0
2022-06-20 23:15,15,4,11,0,0,0
2022-06-20 23:30,15,1,14,0,0,0
2022-06-20 23:45,18,6,12,0,0,0
2022-06-21 00:00,16,5,11,0,0,0
2022-06-21 00:15,1,0,1,0,0,0
2022-06-21 00:30,6,1,5,0,0,0
2022-06-21 00:45,4,1,3,0,0,0
2022-06-21 01:00,1,1,0,0,0,0
2022-06-21 01:15,3,0,3,0,0,0
2022-06-21 01:30,3,0,3,0,0,0
2022-06-21 01:45,0,0,0,0,0,0
2022-06-21 02:00,3,0,3,0,0,0
2022-06-21 02:15,0,0,0,0,0,0
2022-06-21 02:30,3,2,1,0,0,0
2022-06-21 02:45,1,0,1,0,0,0
2022-06-21 03:00,2,0,2,0,0,0
2022-06-21 03:15,2,0,2,0,0,0
2022-06-21 03:30,3,0,3,0,0,0
2022-06-21 03:45,1,0,1,0,0,0
2022-06-21 04:00,1,0,1,0,0,0
2022-06-21 04:15,0,0,0,0,0,0
2022-06-21 04:30,0,0,0,0,0,0
2022-06-21 04:45,0,0,0,0,0,0
2022-06-21 05:00,0,0,0,0,0,0
2022-06-21 05:15,6,3,3,0,0,0
2022-06-21 05:30,16,5,11,0,0,0
2022-06-21 05:45,13,7,6,0,0,0
2022-06-21 06:00,13,6,7,0,0,0
2022-06-21 06:15,24,7,17,0,0,0
2022-06-21 06:30,40,18,22,0,0,0
2022-06-21 06:45,67,29,38,0,0,0
2022-06-21 07:00,75,25,50,0,0,0
2022-06-21 07:15,105,51,54,0,0,0
2022-06-21 07:30,215,135,80,0,0,0
2022-06-21 07:45,230,72,158,0,0,0
2022-06-21 08:00,257,102,155,0,0,0
2022-06-21 08:15,152,65,87,0,0,0
2022-06-21 08:30,123,61,62,0,0,0
2022-06-21 08:45,187,85,102,0,0,0
2022-06-21 09:00,155,74,81,0,0,0
2022-06-21 09:15,98,43,55,0,0,0
2022-06-21 09:30,109,33,76,0,0,0
2022-06-21 09:45,175,68,107,0,0,0
2022-06-21 10:00,239,87,152,0,0,0
2022-06-21 10:15,113,47,66,0,0,0
2022-06-21 10:30,92,46,46,0,0,0
2022-06-21 10:45,93,48,45,0,0,0
2022-06-21 11:00,87,43,44,0,0,0
2022-06-21 11:15,77,39,38,0,0,0
2022-06-21 11:30,93,43,50,0,0,0
2022-06-21 11:45,198,91,107,0,0,0
2022-06-21 12:00,201,99,102,0,0,0
2022-06-21 12:15,132,45,87,0,0,0
2022-06-21 12:30,109,40,69,0,0,0
2022-06-21 12:45,125,57,68,0,0,0
2022-06-21 13:00,210,80,130,0,0,0
2022-06-21 13:15,149,61,88,0,0,0
2022-06-21 13:30,152,76,76,0,0,0
2022-06-21 13:45,218,105,113,0,0,0
2022-06-21 14:00,195,107,88,0,0,0
2022-06-21 14:15,124,65,59,0,0,0
2022-06-21 14:30,152,95,57,0,0,0
2022-06-21 14:45,126,68,58,0,0,0
2022-06-21 15:00,131,56,75,0,0,0
2022-06-21 15:15,119,61,58,0,0,0
2022-06-21 15:30,167,85,82,0,0,0
2022-06-21 15:45,283,160,123,0,0,0
2022-06-21 16:00,213,123,90,0,0,0
2022-06-21 16:15,157,91,66,0,0,0
2022-06-21 16:30,159,92,67,0,0,0
2022-06-21 16:45,160,93,67,0,0,0
2022-06-21 17:00,152,90,62,0,0,0
2022-06-21 17:15,141,79,62,0,0,0
2022-06-21 17:30,179,84,95,0,0,0
2022-06-21 17:45,209,111,98,0,0,0
2022-06-21 18:00,159,70,89,0,0,0
2022-06-21 18:15,117,53,64,0,0,0
2022-06-21 18:30,106,45,61,0,0,0
2022-06-21 18:45,116,62,54,0,0,0
2022-06-21 19:00,115,50,65,0,0,0
2022-06-21 19:15,102,48,54,0,0,0
2022-06-21 19:30,89,42,47,0,0,0
2022-06-21 19:45,99,40,59,0,0,0
2022-06-21 20:00,108,41,67,0,0,0
2022-06-21 20:15,82,25,57,0,0,0
2022-06-21 20:30,46,12,34,0,0,0
2022-06-21 20:45,51,20,31,0,0,0
2022-06-21 21:00,45,20,25,0,0,0
2022-06-21 21:15,57,21,36,0,0,0
2022-06-21 21:30,50,21,29,0,0,0
2022-06-21 21:45,44,7,37,0,0,0
2022-06-21 22:00,45,10,35,0,0,0
2022-06-21 22:15,24,6,18,0,0,0
2022-06-21 22:30,31,8,23,0,0,0
2022-06-21 22:45,43,21,22,0,0,0
2022-06-21 23:00,34,7,27,0,0,0
2022-06-21 23:15,16,2,14,0,0,0
2022-06-21 23:30,15,5,10,0,0,0
2022-06-21 23:45,28,9,19,0,0,0
2022-06-22 00:00,13,3,10,0,0,0
2022-06-22 00:15,14,3,11,0,0,0
2022-06-22 00:30,4,0,4,0,0,0
2022-06-22 00:45,4,0,4,0,0,0
2022-06-22 01:00,5,2,3,0,0,0
2022-06-22 01:15,8,0,8,0,0,0
2022-06-22 01:30,0,0,0,0,0,0
2022-06-22 01:45,4,0,4,0,0,0
2022-06-22 02:00,1,0,1,0,0,0
2022-06-22 02:15,3,0,3,0,0,0
2022-06-22 02:30,0,0,0,0,0,0
2022-06-22 02:45,1,0,1,0,0,0
2022-06-22 03:00,0,0,0,0,0,0
2022-06-22 03:15,0,0,0,0,0,0
2022-06-22 03:30,1,1,0,0,0,0
2022-06-22 03:45,2,1,1,0,0,0
2022-06-22 04:00,1,0,1,0,0,0
2022-06-22 04:15,0,0,0,0,0,0
2022-06-22 04:30,7,0,7,0,0,0
2022-06-22 04:45,1,1,0,0,0,0
2022-06-22 05:00,3,3,0,0,0,0
2022-06-22 05:15,13,11,2,0,0,0
2022-06-22 05:30,25,7,18,0,0,0
2022-06-22 05:45,22,8,14,0,0,0
2022-06-22 06:00,14,4,10,0,0,0
2022-06-22 06:15,28,13,15,0,0,0
2022-06-22 06:30,43,18,25,0,0,0
2022-06-22 06:45,81,40,41,0,0,0
2022-06-22 07:00,74,31,43,0,0,0
2022-06-22 07:15,96,46,50,0,0,0
2022-06-22 07:30,162,74,88,0,0,0
2022-06-22 07:45,248,86,162,0,0,0
2022-06-22 08:00,254,74,180,0,0,0
2022-06-22 08:15,173,73,100,0,0,0
2022-06-22 08:30,167,77,90,0,0,0
2022-06-22 08:45,187,97,90,0,0,0
2022-06-22 09:00,133,65,68,0,0,0
2022-06-22 09:15,111,56,55,0,0,0
2022-06-22 09:30,132,66,66,0,0,0
2022-06-22 09:45,172,93,79,0,0,0
2022-06-22 10:00,222,108,114,0,0,0
2022-06-22 10:15,111,58,53,0,0,0
2022-06-22 10:30,115,64,51,0,0,0
2022-06-22 10:45,110,59,51,0,0,0
2022-06-22 11:00,94,37,57,0,0,0
2022-06-22 11:15,117,64,53,0,0,0
2022-06-22 11:30,162,97,65,0,0,0
2022-06-22 11:45,181,92,89,0,0,0
2022-06-22 12:00,189,94,95,0,0,0
2022-06-22 12:15,154,76,78,0,0,0
2022-06-22 12:30,174,76,98,0,0,0
2022-06-22 12:45,203,87,116,0,0,0
2022-06-22 13:00,180,71,109,0,0,0
2022-06-22 13:15,143,62,81,0,0,0
2022-06-22 13:30,162,71,91,0,0,0
2022-06-22 13:45,240,108,132,0,0,0
2022-06-22 14:00,250,116,134,0,0,0
2022-06-22 14:15,121,61,60,0,0,0
2022-06-22 14:30,111,44,67,0,0,0
2022-06-22 14:45,158,77,81,0,0,0
2022-06-22 15:00,117,59,58,0,0,0
2022-06-22 15:15,134,77,57,0,0,0
2022-06-22 15:30,158,83,75,0,0,0
2022-06-22 15:45,235,126,109,0,0,0
2022-06-22 16:00,211,98,113,0,0,0
2022-06-22 16:15,195,98,97,0,0,0
2022-06-22 16:30,156,82,74,0,0,0
2022-06-22 16:45,150,79,71,0,0,0
2022-06-22 17:00,115,45,70,0,0,0
2022-06-22 17:15,145,53,92,0,0,0
2022-06-22 17:30,158,78,80,0,0,0
2022-06-22 17:45,205,106,99,0,0,0
2022-06-22 18:00,186,91,95,0,0,0
2022-06-22 18:15,143,84,59,0,0,0
2022-06-22 18:30,111,64,47,0,0,0
2022-06-22 18:45,159,75,84,0,0,0
2022-06-22 19:00,122,56,66,0,0,0
2022-06-22 19:15,119,63,56,0,0,0
2022-06-22 19:30,86,42,44,0,0,0
2022-06-22 19:45,102,46,56,0,0,0
2022-06-22 20:00,92,33,59,0,0,0
2022-06-22 20:15,82,39,43,0,0,0
2022-06-22 20:30,53,21,32,0,0,0
2022-06-22 20:45,72,37,35,0,0,0
2022-06-22 21:00,78,39,39,0,0,0
2022-06-22 21:15,55,18,37,0,0,0
2022-06-22 21:30,62,25,37,0,0,0
2022-06-22 21:45,52,14,38,0,0,0
2022-06-22 22:00,68,22,46,0,0,0
2022-06-22 22:15,72,16,56,0,0,0
2022-06-22 22:30,57,21,36,0,0,0
2022-06-22 22:45,50,12,38,0,0,0
2022-06-22 23:00,37,15,22,0,0,0
2022-06-22 23:15,37,15,22,0,0,0
2022-06-22 23:30,19,4,15,0,0,0
2022-06-22 23:45,19,9,10,0,0,0
2022-06-23 00:00,17,6,11,0,0,0
2022-06-23 00:15,22,7,15,0,0,0
2022-06-23 00:30,13,7,6,0,0,0
2022-06-23 00:45,19,9,10,0,0,0
2022-06-23 01:00,18,6,12,0,0,0
2022-06-23 01:15,3,2,1,0,0,0
2022-06-23 01:30,5,4,1,0,0,0
2022-06-23 01:45,5,0,5,0,0,0
2022-06-23 02:00,7,2,5,0,0,0
2022-06-23 02:15,6,0,6,0,0,0
2022-06-23 02:30,16,0,16,0,0,0
2022-06-23 02:45,7,0,7,0,0,0
2022-06-23 03:00,7,0,7,0,0,0
2022-06-23 03:15,11,0,11,0,0,0
2022-06-23 03:30,9,2,7,0,0,0
2022-06-23 03:45,6,0,6,0,0,0
2022-06-23 04:00,13,0,13,0,0,0
2022-06-23 04:15,6,0,6,0,0,0
2022-06-23 04:30,9,1,8,0,0,0
2022-06-23 04:45,6,2,4,0,0,0
2022-06-23 05:00,5,2,3,0,0,0
2022-06-23 05:15,7,3,4,0,0,0
2022-06-23 05:30,25,5,20,0,0,0
2022-06-23 05:45,16,7,9,0,0,0
2022-06-23 06:00,7,2,5,0,0,0
2022-06-23 06:15,22,11,11,0,0,0
2022-06-23 06:30,40,22,18,0,0,0
2022-06-23 06:45,53,25,28,0,0,0
2022-06-23 07:00,61,20,41,0,0,0
2022-06-23 07:15,95,40,55,0,0,0
2022-06-23 07:30,143,62,81,0,0,0
2022-06-23 07:45,214,74,140,0,0,0
2022-06-23 08:00,248,74,174,0,0,0
2022-06-23 08:15,182,72,110,0,0,0
2022-06-23 08:30,194,99,95,0,0,0
2022-06-23 08:45,141,76,65,0,0,0
2022-06-23 09:00,108,48,60,0,0,0
2022-06-23 09:15,104,52,52,0,0,0
2022-06-23 09:30,174,118,56,0,0,0
2022-06-23 09:45,167,89,78,0,0,0
2022-06-23 10:00,208,94,114,0,0,0
2022-06-23 10:15,87,40,47,0,0,0
2022-06-23 10:30,83,47,36,0,0,0
2022-06-23 10:45,93,46,47,0,0,0
2022-06-23 11:00,92,47,45,0,0,0
2022-06-23 11:15,106,39,67,0,0,0
2022-06-23 11:30,110,60,50,0,0,0
2022-06-23 11:45,183,85,98,0,0,0
2022-06-23 12:00,186,87,99,0,0,0
2022-06-23 12:15,120,51,69,0,0,0
2022-06-23 12:30,151,57,94,0,0,0
2022-06-23 12:45,205,116,89,0,0,0
2022-06-23 13:00,175,61,114,0,0,0
2022-06-23 13:15,123,52,71,0,0,0
2022-06-23 13:30,143,69,74,0,0,0
2022-06-23 13:45,189,89,100,0,0,0
2022-06-23 14:00,179,84,95,0,0,0
2022-06-23 14:15,131,70,61,0,0,0
2022-06-23 14:30,75,40,35,0,0,0
2022-06-23 14:45,144,75,69,0,0,0
2022-06-23 15:00,109,52,57,0,0,0
2022-06-23 15:15,161,90,71,0,0,0
2022-06-23 15:30,145,90,55,0,0,0
2022-06-23 15:45,214,104,110,0,0,0
2022-06-23 16:00,156,104,52,0,0,0
2022-06-23 16:15,169,107,62,0,0,0
2022-06-23 16:30,152,80,72,0,0,0
2022-06-23 16:45,122,63,59,0,0,0
2022-06-23 17:00,135,67,68,0,0,0
2022-06-23 17:15,129,60,69,0,0,0
2022-06-23 17:30,132,64,68,0,0,0
2022-06-23 17:45,158,76,82,0,0,0
2022-06-23 18:00,152,81,71,0,0,0
2022-06-23 18:15,158,77,81,0,0,0
2022-06-23 18:30,97,44,53,0,0,0
2022-06-23 18:45,111,41,70,0,0,0
2022-06-23 19:00,110,63,47,0,0,0
2022-06-23 19:15,88,37,51,0,0,0
2022-06-23 19:30,85,35,50,0,0,0
2022-06-23 19:45,110,43,67,0,0,0
2022-06-23 20:00,77,29,48,0,0,0
2022-06-23 20:15,84,37,47,0,0,0
2022-06-23 20:30,54,21,33,0,0,0
2022-06-23 20:45,48,15,33,0,0,0
2022-06-23 21:00,57,24,33,0,0,0
2022-06-23 21:15,52,18,34,0,0,0
2022-06-23 21:30,68,20,48,0,0,0
2022-06-23 21:45,48,8,40,0,0,0
2022-06-23 22:00,40,12,28,0,0,0
2022-06-23 22:15,52,8,44,0,0,0
2022-06-23 22:30,34,9,25,0,0,0
2022-06-23 22:45,34,7,27,0,0,0
2022-06-23 23:00,31,4,27,0,0,0
2022-06-23 23:15,33,15,18,0,0,0
2022-06-23 23:30,17,8,9,0,0,0
2022-06-23 23:45,19,6,13,0,0,0
2022-06-24 00:00,27,10,17,0,0,0
2022-06-24 00:15,11,3,8,0,0,0
2022-06-24 00:30,8,2,6,0,0,0
2022-06-24 00:45,9,2,7,0,0,0
2022-06-24 01:00,10,0,10,0,0,0
2022-06-24 01:15,3,1,2,0,0,0
2022-06-24 01:30,4,0,4,0,0,0
2022-06-24 01:45,3,0,3,0,0,0
2022-06-24 02:00,3,0,3,0,0,0
2022-06-24 02:15,5,1,4,0,0,0
2022-06-24 02:30,5,2,3,0,0,0
2022-06-24 02:45,1,0,1,0,0,0
2022-06-24 03:00,2,0,2,0,0,0
2022-06-24 03:15,2,2,0,0,0,0
2022-06-24 03:30,1,0,1,0,0,0
2022-06-24 03:45,1,0,1,0,0,0
2022-06-24 04:00,1,0,1,0,0,0
2022-06-24 04:15,0,0,0,0,0,0
2022-06-24 04:30,1,0,1,0,0,0
2022-06-24 04:45,3,3,0,0,0,0
2022-06-24 05:00,1,1,0,0,0,0
2022-06-24 05:15,5,3,2,0,0,0
2022-06-24 05:30,23,4,19,0,0,0
2022-06-24 05:45,14,3,11,0,0,0
2022-06-24 06:00,16,12,4,0,0,0
2022-06-24 06:15,20,6,14,0,0,0
2022-06-24 06:30,32,15,17,0,0,0
2022-06-24 06:45,39,16,23,0,0,0
2022-06-24 07:00,36,7,29,0,0,0
2022-06-24 07:15,65,32,33,0,0,0
2022-06-24 07:30,183,113,70,0,0,0
2022-06-24 07:45,142,58,84,0,0,0
2022-06-24 08:00,146,36,110,0,0,0
2022-06-24 08:15,78,24,54,0,0,0
2022-06-24 08:30,70,33,37,0,0,0
2022-06-24 08:45,58,27,31,0,0,0
2022-06-24 09:00,46,23,23,0,0,0
2022-06-24 09:15,33,14,19,0,0,0
2022-06-24 09:30,62,28,34,0,0,0
2022-06-24 09:45,132,92,40,0,0,0
2022-06-24 10:00,138,46,92,0,0,0
2022-06-24 10:15,98,29,69,0,0,0
2022-06-24 10:30,76,24,52,0,0,0
2022-06-24 10:45,52,25,27,0,0,0
2022-06-24 11:00,72,29,43,0,0,0
2022-06-24 11:15,73,38,35,0,0,0
2022-06-24 11:30,92,33,59,0,0,0
2022-06-24 11:45,99,48,51,0,0,0
2022-06-24 12:00,108,51,57,0,0,0
2022-06-24 12:15,96,48,48,0,0,0
2022-06-24 12:30,106,55,51,0,0,0
2022-06-24 12:45,114,47,67,0,0,0
2022-06-24 13:00,100,53,47,0,0,0
2022-06-24 13:15,75,40,35,0,0,0
2022-06-24 13:30,75,44,31,0,0,0
2022-06-24 13:45,109,50,59,0,0,0
2022-06-24 14:00,107,62,45,0,0,0
2022-06-24 14:15,99,42,57,0,0,0
2022-06-24 14:30,84,38,46,0,0,0
2022-06-24 14:45,106,53,53,0,0,0
2022-06-24 15:00,96,51,45,0,0,0
2022-06-24 15:15,100,58,42,0,0,0
2022-06-24 15:30,97,58,39,0,0,0
2022-06-24 15:45,101,51,50,0,0,0
2022-06-24 16:00,99,64,35,0,0,0
2022-06-24 16:15,101,51,50,0,0,0
2022-06-24 16:30,98,58,40,0,0,0
2022-06-24 16:45,141,88,53,0,0,0
2022-06-24 17:00,88,49,39,0,0,0
2022-06-24 17:15,74,45,29,0,0,0
2022-06-24 17:30,92,50,42,0,0,0
2022-06-24 17:45,81,25,56,0,0,0
2022-06-24 18:00,77,24,53,0,0,0
2022-06-24 18:15,94,56,38,0,0,0
2022-06-24 18:30,85,34,51,0,0,0
2022-06-24 18:45,101,48,53,0,0,0
2022-06-24 19:00,74,33,41,0,0,0
2022-06-24 19:15,68,37,31,0,0,0
2022-06-24 19:30,69,26,43,0,0,0
2022-06-24 19:45,58,22,36,0,0,0
2022-06-24 20:00,58,29,29,0,0,0
2022-06-24 20:15,50,13,37,0,0,0
2022-06-24 20:30,34,13,21,0,0,0
2022-06-24 20:45,37,17,20,0,0,0
2022-06-24 21:00,37,17,20,0,0,0
2022-06-24 21:15,22,7,15,0,0,0
2022-06-24 21:30,22,11,11,0,0,0
2022-06-24 21:45,29,10,19,0,0,0
2022-06-24 22:00,41,22,19,0,0,0
2022-06-24 22:15,65,35,30,0,0,0
2022-06-24 22:30,38,6,32,0,0,0
2022-06-24 22:45,39,9,30,0,0,0
2022-06-24 23:00,25,5,20,0,0,0
2022-06-24 23:15,23,10,13,0,0,0
2022-06-24 23:30,31,6,25,0,0,0
2022-06-24 23:45,21,1,20,0,0,0
2022-06-25 00:00,26,7,19,0,0,0
2022-06-25 00:15,33,6,27,0,0,0
2022-06-25 00:30,7,1,6,0,0,0
2022-06-25 00:45,26,3,23,0,0,0
2022-06-25 01:00,16,2,14,0,0,0
2022-06-25 01:15,28,7,21,0,0,0
2022-06-25 01:30,8,4,4,0,0,0
2022-06-25 01:45,15,7,8,0,0,0
2022-06-25 02:00,8,1,7,0,0,0
2022-06-25 02:15,5,1,4,0,0,0
2022-06-25 02:30,15,3,12,0,0,0
2022-06-25 02:45,14,3,11,0,0,0
2022-06-25 03:00,13,2,11,0,0,0
2022-06-25 03:15,2,0,2,0,0,0
2022-06-25 03:30,7,1,6,0,0,0
2022-06-25 03:45,5,1,4,0,0,0
2022-06-25 04:00,7,3,4,0,0,0
2022-06-25 04:15,9,7,2,0,0,0
2022-06-25 04:30,7,0,7,0,0,0
2022-06-25 04:45,1,1,0,0,0,0
2022-06-25 05:00,1,0,1,0,0,0
2022-06-25 05:15,4,0,4,0,0,0
2022-06-25 05:30,9,1,8,0,0,0
2022-06-25 05:45,6,1,5,0,0,0
2022-06-25 06:00,13,7,6,0,0,0
2022-06-25 06:15,11,8,3,0,0,0
2022-06-25 06:30,8,4,4,0,0,0
2022-06-25 06:45,18,13,5,0,0,0
2022-06-25 07:00,9,4,5,0,0,0
2022-06-25 07:15,9,3,6,0,0,0
2022-06-25 07:30,29,17,12,0,0,0
2022-06-25 07:45,32,18,14,0,0,0
2022-06-25 08:00,23,14,9,0,0,0
2022-06-25 08:15,21,13,8,0,0,0
2022-06-25 08:30,41,25,16,0,0,0
2022-06-25 08:45,46,25,21,0,0,0
2022-06-25 09:00,62,41,21,0,0,0
2022-06-25 09:15,57,42,15,0,0,0
2022-06-25 09:30,70,47,23,0,0,0
2022-06-25 09:45,104,58,46,0,0,0
2022-06-25 10:00,103,59,44,0,0,0
2022-06-25 10:15,73,57,16,0,0,0
2022-06-25 10:30,89,55,34,0,0,0
2022-06-25 10:45,73,46,27,0,0,0
2022-06-25 11:00,96,68,28,0,0,0
2022-06-25 11:15,90,55,35,0,0,0
2022-06-25 11:30,82,37,45,0,0,0
2022-06-25 11:45,118,78,40,0,0,0
2022-06-25 12:00,84,45,39,0,0,0
2022-06-25 12:15,95,41,54,0,0,0
2022-06-25 12:30,109,46,63,0,0,0
2022-06-25 12:45,110,51,59,0,0,0
2022-06-25 13:00,90,54,36,0,0,0
2022-06-25 13:15,78,31,47,0,0,0
2022-06-25 13:30,125,44,81,0,0,0
2022-06-25 13:45,71,31,40,0,0,0
2022-06-25 14:00,71,34,37,0,0,0
2022-06-25 14:15,85,40,45,0,0,0
2022-06-25 14:30,81,31,50,0,0,0
2022-06-25 14:45,79,36,43,0,0,0
2022-06-25 15:00,84,49,35,0,0,0
2022-06-25 15:15,72,41,31,0,0,0
2022-06-25 15:30,91,34,57,0,0,0
2022-06-25 15:45,90,45,45,0,0,0
2022-06-25 16:00,70,38,32,0,0,0
2022-06-25 16:15,78,26,52,0,0,0
2022-06-25 16:30,83,23,60,0,0,0
2022-06-25 16:45,93,44,49,0,0,0
2022-06-25 17:00,89,31,58,0,0,0
2022-06-25 17:15,73,26,47,0,0,0
2022-06-25 17:30,50,24,26,0,0,0
2022-06-25 17:45,58,35,23,0,0,0
2022-06-25 18:00,69,24,45,0,0,0
2022-06-25 18:15,62,26,36,0,0,0
2022-06-25 18:30,72,29,43,0,0,0
2022-06-25 18:45,89,40,49,0,0,0
2022-06-25 19:00,69,25,44,0,0,0
2022-06-25 19:15,55,20,35,0,0,0
2022-06-25 19:30,67,33,34,0,0,0
2022-06-25 19:45,70,36,34,0,0,0
2022-06-25 20:00,52,19,33,0,0,0
2022-06-25 20:15,38,10,28,0,0,0
2022-06-25 20:30,43,12,31,0,0,0
2022-06-25 20:45,41,14,27,0,0,0
2022-06-25 21:00,41,12,29,0,0,0
2022-06-25 21:15,43,17,26,0,0,0
2022-06-25 21:30,27,14,13,0,0,0
2022-06-25 21:45,24,4,20,0,0,0
2022-06-25 22:00,42,17,25,0,0,0
2022-06-25 22:15,40,14,26,0,0,0
2022-06-25 22:30,38,9,29,0,0,0
2022-06-25 22:45,38,8,30,0,0,0
2022-06-25 23:00,27,3,24,0,0,0
2022-06-25 23:15,43,12,31,0,0,0
2022-06-25 23:30,34,5,29,0,0,0
2022-06-25 23:45,33,10,23,0,0,0
2022-06-26 00:00,24,1,23,0,0,0
2022-06-26 00:15,19,3,16,0,0,0
2022-06-26 00:30,16,5,11,0,0,0
2022-06-26 00:45,16,2,14,0,0,0
2022-06-26 01:00,27,6,21,0,0,0
2022-06-26 01:15,20,10,10,0,0,0
2022-06-26 01:30,12,3,9,0,0,0
2022-06-26 01:45,6,1,5,0,0,0
2022-06-26 02:00,4,0,4,0,0,0
2022-06-26 02:15,11,3,8,0,0,0
2022-06-26 02:30,6,3,3,0,0,0
2022-06-26 02:45,3,0,3,0,0,0
2022-06-26 03:00,17,4,13,0,0,0
2022-06-26 03:15,16,9,7,0,0,0
2022-06-26 03:30,6,2,4,0,0,0
2022-06-26 03:45,5,3,2,0,0,0
2022-06-26 04:00,10,1,9,0,0,0
2022-06-26 04:15,3,1,2,0,0,0
2022-06-26 04:30,5,5,0,0,0,0
2022-06-26 04:45,3,1,2,0,0,0
2022-06-26 05:00,4,0,4,0,0,0
2022-06-26 05:15,4,3,1,0,0,0
2022-06-26 05:30,11,2,9,0,0,0
2022-06-26 05:45,6,1,5,0,0,0
2022-06-26 06:00,3,1,2,0,0,0
2022-06-26 06:15,0,0,0,0,0,0
2022-06-26 06:30,7,5,2,0,0,0
2022-06-26 06:45,5,3,2,0,0,0
2022-06-26 07:00,7,4,3,0,0,0
2022-06-26 07:15,6,4,2,0,0,0
2022-06-26 07:30,7,3,4,0,0,0
2022-06-26 07:45,6,3,3,0,0,0
2022-06-26 08:00,17,13,4,0,0,0
2022-06-26 08:15,9,4,5,0,0,0
2022-06-26 08:30,20,9,11,0,0,0
2022-06-26 08:45,21,11,10,0,0,0
2022-06-26 09:00,17,14,3,0,0,0
2022-06-26 09:15,11,6,5,0,0,0
2022-06-26 09:30,28,17,11,0,0,0
2022-06-26 09:45,38,17,21,0,0,0
2022-06-26 10:00,37,23,14,0,0,0
2022-06-26 10:15,46,30,16,0,0,0
2022-06-26 10:30,38,25,13,0,0,0
2022-06-26 10:45,58,36,22,0,0,0
2022-06-26 11:00,43,18,25,0,0,0
2022-06-26 11:15,48,20,28,0,0,0
2022-06-26 11:30,67,19,48,0,0,0
2022-06-26 11:45,42,18,24,0,0,0
2022-06-26 12:00,47,26,21,0,0,0
2022-06-26 12:15,60,27,33,0,0,0
2022-06-26 12:30,47,14,33,0,0,0
2022-06-26 12:45,54,15,39,0,0,0
2022-06-26 13:00,61,23,38,0,0,0
2022-06-26 13:15,70,25,45,0,0,0
2022-06-26 13:30,52,21,31,0,0,0
2022-06-26 13:45,61,20,41,0,0,0
2022-06-26 14:00,54,19,35,0,0,0
2022-06-26 14:15,57,21,36,0,0,0
2022-06-26 14:30,42,20,22,0,0,0
2022-06-26 14:45,60,35,25,0,0,0
2022-06-26 15:00,67,16,51,0,0,0
2022-06-26 15:15,55,15,40,0,0,0
2022-06-26 15:30,78,33,45,0,0,0
2022-06-26 15:45,82,36,46,0,0,0
2022-06-26 16:00,55,33,22,0,0,0
2022-06-26 16:15,37,27,10,0,0,0
2022-06-26 16:30,47,15,32,0,0,0
2022-06-26 16:45,36,13,23,0,0,0
2022-06-26 17:00,44,21,23,0,0,0
2022-06-26 17:15,53,18,35,0,0,0
2022-06-26 17:30,98,35,63,0,0,0
2022-06-26 17:45,81,23,58,0,0,0
2022-06-26 18:00,37,17,20,0,0,0
2022-06-26 18:15,40,15,25,0,0,0
2022-06-26 18:30,30,15,15,0,0,0
2022-06-26 18:45,53,25,28,0,0,0
2022-06-26 19:00,58,24,34,0,0,0
2022-06-26 19:15,32,25,7,0,0,0
2022-06-26 19:30,27,11,16,0,0,0
2022-06-26 19:45,34,10,24,0,0,0
2022-06-26 20:00,38,4,34,0,0,0
2022-06-26 20:15,61,47,14,0,0,0
2022-06-26 20:30,66,43,23,0,0,0
2022-06-26 20:45,34,18,16,0,0,0
2022-06-26 21:00,37,22,15,0,0,0
2022-06-26 21:15,35,21,14,0,0,0
2022-06-26 21:30,17,11,6,0,0,0
2022-06-26 21:45,26,7,19,0,0,0
2022-06-26 22:00,27,4,23,0,0,0
2022-06-26 22:15,17,7,10,0,0,0
2022-06-26 22:30,17,5,12,0,0,0
2022-06-26 22:45,19,6,13,0,0,0
2022-06-26 23:00,19,3,16,0,0,0
2022-06-26 23:15,18,3,15,0,0,0
2022-06-26 23:30,12,1,11,0,0,0
2022-06-26 23:45,8,0,8,0,0,0
2022-06-27 00:00,4,2,2,0,0,0
2022-06-27 00:15,4,0,4,0,0,0
2022-06-27 00:30,6,2,4,0,0,0
2022-06-27 00:45,0,0,0,0,0,0
2022-06-27 01:00,2,0,2,0,0,0
2022-06-27 01:15,4,2,2,0,0,0
2022-06-27 01:30,1,0,1,0,0,0
2022-06-27 01:45,0,0,0,0,0,0
2022-06-27 02:00,0,0,0,0,0,0
2022-06-27 02:15,2,0,2,0,0,0
2022-06-27 02:30,1,0,1,0,0,0
2022-06-27 02:45,0,0,0,0,0,0
2022-06-27 03:00,0,0,0,0,0,0
2022-06-27 03:15,0,0,0,0,0,0
2022-06-27 03:30,0,0,0,0,0,0
2022-06-27 03:45,0,0,0,0,0,0
2022-06-27 04:00,2,0,2,0,0,0
2022-06-27 04:15,0,0,0,0,0,0
2022-06-27 04:30,1,1,0,0,0,0
2022-06-27 04:45,1,0,1,0,0,0
2022-06-27 05:00,0,0,0,0,0,0
2022-06-27 05:15,3,3,0,0,0,0
2022-06-27 05:30,21,7,14,0,0,0
2022-06-27 05:45,10,3,7,0,0,0
2022-06-27 06:00,12,2,10,0,0,0
2022-06-27 06:15,16,2,14,0,0,0
2022-06-27 06:30,44,15,29,0,0,0
2022-06-27 06:45,46,14,32,0,0,0
2022-06-27 07:00,61,17,44,0,0,0
2022-06-27 07:15,63,25,38,0,0,0
2022-06-27 07:30,108,36,72,0,0,0
2022-06-27 07:45,143,46,97,0,0,0
2022-06-27 08:00,175,59,116,0,0,0
2022-06-27 08:15,148,54,94,0,0,0
2022-06-27 08:30,115,46,69,0,0,0
2022-06-27 08:45,164,68,96,0,0,0
2022-06-27 09:00,125,60,65,0,0,0
2022-06-27 09:15,77,36,41,0,0,0
2022-06-27 09:30,105,44,61,0,0,0
2022-06-27 09:45,170,84,86,0,0,0
2022-06-27 10:00,188,71,117,0,0,0
2022-06-27 10:15,82,42,40,0,0,0
2022-06-27 10:30,56,27,29,0,0,0
2022-06-27 10:45,50,27,23,0,0,0
2022-06-27 11:00,83,42,41,0,0,0
2022-06-27 11:15,81,45,36,0,0,0
2022-06-27 11:30,95,51,44,0,0,0
2022-06-27 11:45,136,69,67,0,0,0
2022-06-27 12:00,162,81,81,0,0,0
2022-06-27 12:15,110,42,68,0,0,0
2022-06-27 12:30,88,45,43,0,0,0
2022-06-27 12:45,111,62,49,0,0,0
2022-06-27 13:00,89,44,45,0,0,0
2022-06-27 13:15,89,38,51,0,0,0
2022-06-27 13:30,119,53,66,0,0,0
2022-06-27 13:45,197,91,106,0,0,0
2022-06-27 14:00,191,125,66,0,0,0
2022-06-27 14:15,119,57,62,0,0,0
2022-06-27 14:30,133,60,73,0,0,0
2022-06-27 14:45,121,59,62,0,0,0
2022-06-27 15:00,99,54,45,0,0,0
2022-06-27 15:15,120,63,57,0,0,0
2022-06-27 15:30,111,64,47,0,0,0
2022-06-27 15:45,187,116,71,0,0,0
2022-06-27 16:00,190,90,100,0,0,0
2022-06-27 16:15,129,68,61,0,0,0
2022-06-27 16:30,112,59,53,0,0,0
2022-06-27 16:45,136,66,70,0,0,0
2022-06-27 17:00,131,77,54,0,0,0
2022-06-27 17:15,118,69,49,0,0,0
2022-06-27 17:30,135,64,71,0,0,0
2022-06-27 17:45,188,108,80,0,0,0
2022-06-27 18:00,145,74,71,0,0,0
2022-06-27 18:15,104,45,59,0,0,0
2022-06-27 18:30,66,24,42,0,0,0
2022-06-27 18:45,88,27,61,0,0,0
2022-06-27 19:00,81,29,52,0,0,0
2022-06-27 19:15,73,30,43,0,0,0
2022-06-27 19:30,77,28,49,0,0,0
2022-06-27 19:45,72,31,41,0,0,0
2022-06-27 20:00,47,14,33,0,0,0
2022-06-27 20:15,46,16,30,0,0,0
2022-06-27 20:30,38,14,24,0,0,0
2022-06-27 20:45,30,12,18,0,0,0
2022-06-27 21:00,29,14,15,0,0,0
2022-06-27 21:15,35,21,14,0,0,0
2022-06-27 21:30,32,7,25,0,0,0
2022-06-27 21:45,33,12,21,0,0,0
2022-06-27 22:00,17,3,14,0,0,0
2022-06-27 22:15,27,13,14,0,0,0
2022-06-27 22:30,18,2,16,0,0,0
2022-06-27 22:45,17,1,16,0,0,0
2022-06-27 23:00,16,3,13,0,0,0
2022-06-27 23:15,7,2,5,0,0,0
2022-06-27 23:30,17,4,13,0,0,0
2022-06-27 23:45,12,1,11,0,0,0
2022-06-28 00:00,12,3,9,0,0,0
2022-06-28 00:15,3,1,2,0,0,0
2022-06-28 00:30,3,1,2,0,0,0
2022-06-28 00:45,1,0,1,0,0,0
2022-06-28 01:00,1,0,1,0,0,0
2022-06-28 01:15,2,1,1,0,0,0
2022-06-28 01:30,0,0,0,0,0,0
2022-06-28 01:45,0,0,0,0,0,0
2022-06-28 02:00,0,0,0,0,0,0
2022-06-28 02:15,0,0,0,0,0,0
2022-06-28 02:30,2,0,2,0,0,0
2022-06-28 02:45,1,0,1,0,0,0
2022-06-28 03:00,0,0,0,0,0,0
2022-06-28 03:15,0,0,0,0,0,0
2022-06-28 03:30,0,0,0,0,0,0
2022-06-28 03:45,1,0,1,0,0,0
2022-06-28 04:00,2,1,1,0,0,0
2022-06-28 04:15,0,0,0,0,0,0
2022-06-28 04:30,0,0,0,0,0,0
2022-06-28 04:45,1,0,1,0,0,0
2022-06-28 05:00,0,0,0,0,0,0
2022-06-28 05:15,3,3,0,0,0,0
2022-06-28 05:30,16,5,11,0,0,0
2022-06-28 05:45,15,9,6,0,0,0
2022-06-28 06:00,19,7,12,0,0,0
2022-06-28 06:15,24,10,14,0,0,0
2022-06-28 06:30,35,14,21,0,0,0
2022-06-28 06:45,72,26,46,0,0,0
2022-06-28 07:00,71,22,49,0,0,0
2022-06-28 07:15,66,27,39,0,0,0
2022-06-28 07:30,97,39,58,0,0,0
2022-06-28 07:45,189,78,111,0,0,0
2022-06-28 08:00,250,104,146,0,0,0
2022-06-28 08:15,137,54,83,0,0,0
2022-06-28 08:30,130,52,78,0,0,0
2022-06-28 08:45,143,64,79,0,0,0
2022-06-28 09:00,136,57,79,0,0,0
2022-06-28 09:15,83,45,38,0,0,0
2022-06-28 09:30,106,50,56,0,0,0
2022-06-28 09:45,196,76,120,0,0,0
2022-06-28 10:00,201,77,124,0,0,0
2022-06-28 10:15,91,50,41,0,0,0
2022-06-28 10:30,97,50,47,0,0,0
2022-06-28 10:45,79,41,38,0,0,0
2022-06-28 11:00,63,26,37,0,0,0
2022-06-28 11:15,82,52,30,0,0,0
2022-06-28 11:30,104,63,41,0,0,0
2022-06-28 11:45,197,101,96,0,0,0
2022-06-28 12:00,205,91,114,0,0,0
2022-06-28 12:15,126,55,71,0,0,0
2022-06-28 12:30,111,40,71,0,0,0
2022-06-28 12:45,117,37,80,0,0,0
2022-06-28 13:00,119,62,57,0,0,0
2022-06-28 13:15,120,36,84,0,0,0
2022-06-28 13:30,148,68,80,0,0,0
2022-06-28 13:45,234,140,94,0,0,0
2022-06-28 14:00,206,113,93,0,0,0
2022-06-28 14:15,126,69,57,0,0,0
2022-06-28 14:30,100,51,49,0,0,0
2022-06-28 14:45,125,60,65,0,0,0
2022-06-28 15:00,122,65,57,0,0,0
2022-06-28 15:15,145,84,61,0,0,0
2022-06-28 15:30,143,77,66,0,0,0
2022-06-28 15:45,230,141,89,0,0,0
2022-06-28 16:00,256,150,106,0,0,0
2022-06-28 16:15,149,75,74,0,0,0
2022-06-28 16:30,156,84,72,0,0,0
2022-06-28 16:45,149,65,84,0,0,0
2022-06-28 17:00,141,78,63,0,0,0
2022-06-28 17:15,145,78,67,0,0,0
2022-06-28 17:30,160,84,76,0,0,0
2022-06-28 17:45,206,90,116,0,0,0
2022-06-28 18:00,147,72,75,0,0,0
2022-06-28 18:15,137,75,62,0,0,0
2022-06-28 18:30,101,38,63,0,0,0
2022-06-28 18:45,118,62,56,0,0,0
2022-06-28 19:00,86,36,50,0,0,0
2022-06-28 19:15,98,37,61,0,0,0
2022-06-28 19:30,73,32,41,0,0,0
2022-06-28 19:45,134,58,76,0,0,0
2022-06-28 20:00,77,38,39,0,0,0
2022-06-28 20:15,95,37,58,0,0,0
2022-06-28 20:30,43,17,26,0,0,0
2022-06-28 20:45,38,8,30,0,0,0
2022-06-28 21:00,68,28,40,0,0,0
2022-06-28 21:15,51,23,28,0,0,0
2022-06-28 21:30,48,14,34,0,0,0
2022-06-28 21:45,48,18,30,0,0,0
2022-06-28 22:00,35,4,31,0,0,0
2022-06-28 22:15,40,10,30,0,0,0
2022-06-28 22:30,48,6,42,0,0,0
2022-06-28 22:45,29,8,21,0,0,0
2022-06-28 23:00,43,12,31,0,0,0
2022-06-28 23:15,27,18,9,0,0,0
2022-06-28 23:30,20,4,16,0,0,0
2022-06-28 23:45,23,13,10,0,0,0
2022-06-29 00:00,17,4,13,0,0,0
2022-06-29 00:15,10,2,8,0,0,0
2022-06-29 00:30,16,8,8,0,0,0
2022-06-29 00:45,9,3,6,0,0,0
2022-06-29 01:00,10,2,8,0,0,0
2022-06-29 01:15,6,3,3,0,0,0
2022-06-29 01:30,3,2,1,0,0,0
2022-06-29 01:45,6,5,1,0,0,0
2022-06-29 02:00,1,0,1,0,0,0
2022-06-29 02:15,8,1,7,0,0,0
2022-06-29 02:30,1,0,1,0,0,0
2022-06-29 02:45,4,0,4,0,0,0
2022-06-29 03:00,3,0,3,0,0,0
2022-06-29 03:15,2,2,0,0,0,0
2022-06-29 03:30,1,0,1,0,0,0
2022-06-29 03:45,1,0,1,0,0,0
2022-06-29 04:00,2,0,2,0,0,0
2022-06-29 04:15,1,0,1,0,0,0
2022-06-29 04:30,0,0,0,0,0,0
2022-06-29 04:45,0,0,0,0,0,0
2022-06-29 05:00,3,0,3,0,0,0
2022-06-29 05:15,4,3,1,0,0,0
2022-06-29 05:30,17,4,13,0,0,0
2022-06-29 05:45,14,2,12,0,0,0
2022-06-29 06:00,13,3,10,0,0,0
2022-06-29 06:15,27,8,19,0,0,0
2022-06-29 06:30,41,7,34,0,0,0
2022-06-29 06:45,57,28,29,0,0,0
2022-06-29 07:00,65,23,42,0,0,0
2022-06-29 07:15,96,47,49,0,0,0
2022-06-29 07:30,112,36,76,0,0,0
2022-06-29 07:45,203,77,126,0,0,0
2022-06-29 08:00,235,94,141,0,0,0
2022-06-29 08:15,135,53,82,0,0,0
2022-06-29 08:30,143,66,77,0,0,0
2022-06-29 08:45,142,60,82,0,0,0
2022-06-29 09:00,137,70,67,0,0,0
2022-06-29 09:15,128,60,68,0,0,0
2022-06-29 09:30,134,76,58,0,0,0
2022-06-29 09:45,205,112,93,0,0,0
2022-06-29 10:00,185,84,101,0,0,0
2022-06-29 10:15,103,53,50,0,0,0
2022-06-29 10:30,105,51,54,0,0,0
2022-06-29 10:45,114,49,65,0,0,0
2022-06-29 11:00,95,50,45,0,0,0
2022-06-29 11:15,93,36,57,0,0,0
2022-06-29 11:30,152,90,62,0,0,0
2022-06-29 11:45,188,106,82,0,0,0
2022-06-29 12:00,186,100,86,0,0,0
2022-06-29 12:15,176,81,95,0,0,0
2022-06-29 12:30,142,75,67,0,0,0
2022-06-29 12:45,173,63,110,0,0,0
2022-06-29 13:00,127,59,68,0,0,0
2022-06-29 13:15,139,59,80,0,0,0
2022-06-29 13:30,171,67,104,0,0,0
2022-06-29 13:45,223,94,129,0,0,0
2022-06-29 14:00,162,80,82,0,0,0
2022-06-29 14:15,133,67,66,0,0,0
2022-06-29 14:30,119,50,69,0,0,0
2022-06-29 14:45,123,60,63,0,0,0
2022-06-29 15:00,123,49,74,0,0,0
2022-06-29 15:15,124,74,50,0,0,0
2022-06-29 15:30,154,82,72,0,0,0
2022-06-29 15:45,199,109,90,0,0,0
2022-06-29 16:00,184,95,89,0,0,0
2022-06-29 16:15,203,98,105,0,0,0
2022-06-29 16:30,137,65,72,0,0,0
2022-06-29 16:45,161,74,87,0,0,0
2022-06-29 17:00,135,70,65,0,0,0
2022-06-29 17:15,158,77,81,0,0,0
2022-06-29 17:30,149,68,81,0,0,0
2022-06-29 17:45,189,99,90,0,0,0
2022-06-29 18:00,179,79,100,0,0,0
2022-06-29 18:15,146,63,83,0,0,0
2022-06-29 18:30,103,51,52,0,0,0
2022-06-29 18:45,94,42,52,0,0,0
2022-06-29 19:00,96,41,55,0,0,0
2022-06-29 19:15,114,47,67,0,0,0
2022-06-29 19:30,99,45,54,0,0,0
2022-06-29 19:45,89,47,42,0,0,0
2022-06-29 20:00,87,35,52,0,0,0
2022-06-29 20:15,62,17,45,0,0,0
2022-06-29 20:30,48,20,28,0,0,0
2022-06-29 20:45,56,21,35,0,0,0
2022-06-29 21:00,47,20,27,0,0,0
2022-06-29 21:15,56,19,37,0,0,0
2022-06-29 21:30,35,12,23,0,0,0
2022-06-29 21:45,39,8,31,0,0,0
2022-06-29 22:00,37,8,29,0,0,0
2022-06-29 22:15,43,10,33,0,0,0
2022-06-29 22:30,56,12,44,0,0,0
2022-06-29 22:45,37,13,24,0,0,0
2022-06-29 23:00,35,6,29,0,0,0
2022-06-29 23:15,36,5,31,0,0,0
2022-06-29 23:30,38,9,29,0,0,0
2022-06-29 23:45,21,4,17,0,0,0
