Datetime,100034980 (Hammer Straße),101034980 (Hammer Straße stadteinwärts),102034980 (Hammer Straße stadtauswärts),100034980-status,101034980-status,102034980-status
2019-01-01 00:00,0,0,0,0,0,0
2019-01-01 00:15,8,1,7,0,0,0
2019-01-01 00:30,30,8,22,0,0,0
2019-01-01 00:45,18,6,12,0,0,0
2019-01-01 01:00,18,11,7,0,0,0
2019-01-01 01:15,14,5,9,0,0,0
2019-01-01 01:30,25,17,8,0,0,0
2019-01-01 01:45,34,11,23,0,0,0
2019-01-01 02:00,41,13,28,0,0,0
2019-01-01 02:15,44,14,30,0,0,0
2019-01-01 02:30,42,16,26,0,0,0
2019-01-01 02:45,47,15,32,0,0,0
2019-01-01 03:00,41,14,27,0,0,0
2019-01-01 03:15,41,18,23,0,0,0
2019-01-01 03:30,38,12,26,0,0,0
2019-01-01 03:45,32,17,15,0,0,0
2019-01-01 04:00,35,17,18,0,0,0
2019-01-01 04:15,22,7,15,0,0,0
2019-01-01 04:30,23,10,13,0,0,0
2019-01-01 04:45,13,4,9,0,0,0
2019-01-01 05:00,9,1,8,0,0,0
2019-01-01 05:15,11,2,9,0,0,0
2019-01-01 05:30,10,5,5,0,0,0
2019-01-01 05:45,11,2,9,0,0,0
2019-01-01 06:00,10,6,4,0,0,0
2019-01-01 06:15,4,1,3,0,0,0
2019-01-01 06:30,2,1,1,0,0,0
2019-01-01 06:45,8,3,5,0,0,0
2019-01-01 07:00,5,2,3,0,0,0
2019-01-01 07:15,3,1,2,0,0,0
2019-01-01 07:30,6,1,5,0,0,0
2019-01-01 07:45,5,1,4,0,0,0
2019-01-01 08:00,3,3,0,0,0,0
2019-01-01 08:15,4,0,4,0,0,0
2019-01-01 08:30,3,1,2,0,0,0
2019-01-01 08:45,5,3,2,0,0,0
2019-01-01 09:00,2,0,2,0,0,0
2019-01-01 09:15,8,2,6,0,0,0
2019-01-01 09:30,6,4,2,0,0,0
2019-01-01 09:45,3,2,1,0,0,0
2019-01-01 10:00,9,4,5,0,0,0
2019-01-01 10:15,4,1,3,0,0,0
2019-01-01 10:30,8,4,4,0,0,0
2019-01-01 10:45,11,7,4,0,0,0
2019-01-01 11:00,15,10,5,0,0,0
2019-01-01 11:15,11,4,7,0,0,0
2019-01-01 11:30,15,8,7,0,0,0
2019-01-01 11:45,16,10,6,0,0,0
2019-01-01 12:00,11,5,6,0,0,0
2019-01-01 12:15,18,10,8,0,0,0
2019-01-01 12:30,24,9,15,0,0,0
2019-01-01 12:45,17,7,10,0,0,0
2019-01-01 13:00,8,5,3,0,0,0
2019-01-01 13:15,17,6,11,0,0,0
2019-01-01 13:30,30,20,10,0,0,0
2019-01-01 13:45,29,15,14,0,0,0
2019-01-01 14:00,29,15,14,0,0,0
2019-01-01 14:15,43,21,22,0,0,0
2019-01-01 14:30,28,15,13,0,0,0
2019-01-01 14:45,20,9,11,0,0,0
2019-01-01 15:00,43,21,22,0,0,0
2019-01-01 15:15,37,21,16,0,0,0
2019-01-01 15:30,56,37,19,0,0,0
2019-01-01 15:45,25,17,8,0,0,0
2019-01-01 16:00,22,11,11,0,0,0
2019-01-01 16:15,26,12,14,0,0,0
2019-01-01 16:30,22,10,12,0,0,0
2019-01-01 16:45,19,9,10,0,0,0
2019-01-01 17:00,37,6,31,0,0,0
2019-01-01 17:15,15,6,9,0,0,0
2019-01-01 17:30,26,13,13,0,0,0
2019-01-01 17:45,15,9,6,0,0,0
2019-01-01 18:00,27,10,17,0,0,0
2019-01-01 18:15,22,9,13,0,0,0
2019-01-01 18:30,19,8,11,0,0,0
2019-01-01 18:45,36,10,26,0,0,0
2019-01-01 19:00,23,14,9,0,0,0
2019-01-01 19:15,17,8,9,0,0,0
2019-01-01 19:30,22,9,13,0,0,0
2019-01-01 19:45,20,13,7,0,0,0
2019-01-01 20:00,17,6,11,0,0,0
2019-01-01 20:15,12,2,10,0,0,0
2019-01-01 20:30,17,6,11,0,0,0
2019-01-01 20:45,11,7,4,0,0,0
2019-01-01 21:00,14,4,10,0,0,0
2019-01-01 21:15,14,5,9,0,0,0
2019-01-01 21:30,6,0,6,0,0,0
2019-01-01 21:45,4,2,2,0,0,0
2019-01-01 22:00,8,3,5,0,0,0
2019-01-01 22:15,12,5,7,0,0,0
2019-01-01 22:30,12,2,10,0,0,0
2019-01-01 22:45,6,4,2,0,0,0
2019-01-01 23:00,6,1,5,0,0,0
2019-01-01 23:15,5,3,2,0,0,0
2019-01-01 23:30,5,0,5,0,0,0
2019-01-01 23:45,6,0,6,0,0,0
2019-01-02 00:00,5,1,4,0,0,0
2019-01-02 00:15,4,1,3,0,0,0
2019-01-02 00:30,1,0,1,0,0,0
2019-01-02 00:45,0,0,0,0,0,0
2019-01-02 01:00,0,0,0,0,0,0
2019-01-02 01:15,0,0,0,0,0,0
2019-01-02 01:30,1,0,1,0,0,0
2019-01-02 01:45,0,0,0,0,0,0
2019-01-02 02:00,0,0,0,0,0,0
2019-01-02 02:15,0,0,0,0,0,0
2019-01-02 02:30,2,0,2,0,0,0
2019-01-02 02:45,0,0,0,0,0,0
2019-01-02 03:00,0,0,0,0,0,0
2019-01-02 03:15,0,0,0,0,0,0
2019-01-02 03:30,0,0,0,0,0,0
2019-01-02 03:45,3,2,1,0,0,0
2019-01-02 04:00,4,3,1,0,0,0
2019-01-02 04:15,0,0,0,0,0,0
2019-01-02 04:30,0,0,0,0,0,0
2019-01-02 04:45,1,1,0,0,0,0
2019-01-02 05:00,3,3,0,0,0,0
2019-01-02 05:15,9,8,1,0,0,0
2019-01-02 05:30,9,9,0,0,0,0
2019-01-02 05:45,18,16,2,0,0,0
2019-01-02 06:00,16,13,3,0,0,0
2019-01-02 06:15,34,28,6,0,0,0
2019-01-02 06:30,27,19,8,0,0,0
2019-01-02 06:45,38,26,12,0,0,0
2019-01-02 07:00,45,29,16,0,0,0
2019-01-02 07:15,66,53,13,0,0,0
2019-01-02 07:30,68,53,15,0,0,0
2019-01-02 07:45,70,46,24,0,0,0
2019-01-02 08:00,68,46,22,0,0,0
2019-01-02 08:15,81,48,33,0,0,0
2019-01-02 08:30,74,52,22,0,0,0
2019-01-02 08:45,92,64,28,0,0,0
2019-01-02 09:00,67,43,24,0,0,0
2019-01-02 09:15,71,55,16,0,0,0
2019-01-02 09:30,85,62,23,0,0,0
2019-01-02 09:45,93,66,27,0,0,0
2019-01-02 10:00,66,47,19,0,0,0
2019-01-02 10:15,84,50,34,0,0,0
2019-01-02 10:30,78,45,33,0,0,0
2019-01-02 10:45,107,78,29,0,0,0
2019-01-02 11:00,104,59,45,0,0,0
2019-01-02 11:15,108,64,44,0,0,0
2019-01-02 11:30,108,60,48,0,0,0
2019-01-02 11:45,114,64,50,0,0,0
2019-01-02 12:00,127,64,63,0,0,0
2019-01-02 12:15,108,62,46,0,0,0
2019-01-02 12:30,117,50,67,0,0,0
2019-01-02 12:45,119,50,69,0,0,0
2019-01-02 13:00,129,60,69,0,0,0
2019-01-02 13:15,148,65,83,0,0,0
2019-01-02 13:30,113,50,63,0,0,0
2019-01-02 13:45,117,51,66,0,0,0
2019-01-02 14:00,141,70,71,0,0,0
2019-01-02 14:15,151,61,90,0,0,0
2019-01-02 14:30,116,54,62,0,0,0
2019-01-02 14:45,132,55,77,0,0,0
2019-01-02 15:00,138,62,76,0,0,0
2019-01-02 15:15,145,76,69,0,0,0
2019-01-02 15:30,162,70,92,0,0,0
2019-01-02 15:45,138,60,78,0,0,0
2019-01-02 16:00,163,62,101,0,0,0
2019-01-02 16:15,159,62,97,0,0,0
2019-01-02 16:30,154,52,102,0,0,0
2019-01-02 16:45,164,54,110,0,0,0
2019-01-02 17:00,163,48,115,0,0,0
2019-01-02 17:15,124,39,85,0,0,0
2019-01-02 17:30,149,55,94,0,0,0
2019-01-02 17:45,109,47,62,0,0,0
2019-01-02 18:00,116,28,88,0,0,0
2019-01-02 18:15,113,32,81,0,0,0
2019-01-02 18:30,87,27,60,0,0,0
2019-01-02 18:45,81,28,53,0,0,0
2019-01-02 19:00,96,29,67,0,0,0
2019-01-02 19:15,71,19,52,0,0,0
2019-01-02 19:30,61,24,37,0,0,0
2019-01-02 19:45,72,30,42,0,0,0
2019-01-02 20:00,77,33,44,0,0,0
2019-01-02 20:15,52,14,38,0,0,0
2019-01-02 20:30,40,13,27,0,0,0
2019-01-02 20:45,29,8,21,0,0,0
2019-01-02 21:00,30,12,18,0,0,0
2019-01-02 21:15,28,4,24,0,0,0
2019-01-02 21:30,38,21,17,0,0,0
2019-01-02 21:45,35,12,23,0,0,0
2019-01-02 22:00,33,17,16,0,0,0
2019-01-02 22:15,22,7,15,0,0,0
2019-01-02 22:30,28,14,14,0,0,0
2019-01-02 22:45,30,6,24,0,0,0
2019-01-02 23:00,16,3,13,0,0,0
2019-01-02 23:15,21,9,12,0,0,0
2019-01-02 23:30,13,3,10,0,0,0
2019-01-02 23:45,9,4,5,0,0,0
2019-01-03 00:00,12,4,8,0,0,0
2019-01-03 00:15,11,2,9,0,0,0
2019-01-03 00:30,5,3,2,0,0,0
2019-01-03 00:45,9,1,8,0,0,0
2019-01-03 01:00,12,3,9,0,0,0
2019-01-03 01:15,2,0,2,0,0,0
2019-01-03 01:30,6,0,6,0,0,0
2019-01-03 01:45,1,1,0,0,0,0
2019-01-03 02:00,4,0,4,0,0,0
2019-01-03 02:15,1,0,1,0,0,0
2019-01-03 02:30,5,1,4,0,0,0
2019-01-03 02:45,1,1,0,0,0,0
2019-01-03 03:00,2,0,2,0,0,0
2019-01-03 03:15,3,0,3,0,0,0
2019-01-03 03:30,2,0,2,0,0,0
2019-01-03 03:45,4,2,2,0,0,0
2019-01-03 04:00,1,0,1,0,0,0
2019-01-03 04:15,1,1,0,0,0,0
2019-01-03 04:30,1,1,0,0,0,0
2019-01-03 04:45,3,3,0,0,0,0
2019-01-03 05:00,2,1,1,0,0,0
2019-01-03 05:15,9,6,3,0,0,0
2019-01-03 05:30,11,9,2,0,0,0
2019-01-03 05:45,17,17,0,0,0,0
2019-01-03 06:00,17,12,5,0,0,0
2019-01-03 06:15,32,27,5,0,0,0
2019-01-03 06:30,27,20,7,0,0,0
2019-01-03 06:45,50,34,16,0,0,0
2019-01-03 07:00,31,22,9,0,0,0
2019-01-03 07:15,53,35,18,0,0,0
2019-01-03 07:30,64,49,15,0,0,0
2019-01-03 07:45,95,71,24,0,0,0
2019-01-03 08:00,74,65,9,0,0,0
2019-01-03 08:15,85,56,29,0,0,0
2019-01-03 08:30,86,58,28,0,0,0
2019-01-03 08:45,107,78,29,0,0,0
2019-01-03 09:00,73,52,21,0,0,0
2019-01-03 09:15,72,52,20,0,0,0
2019-01-03 09:30,54,46,8,0,0,0
2019-01-03 09:45,83,53,30,0,0,0
2019-01-03 10:00,59,41,18,0,0,0
2019-01-03 10:15,57,33,24,0,0,0
2019-01-03 10:30,58,32,26,0,0,0
2019-01-03 10:45,69,44,25,0,0,0
2019-01-03 11:00,67,41,26,0,0,0
2019-01-03 11:15,66,37,29,0,0,0
2019-01-03 11:30,79,37,42,0,0,0
2019-01-03 11:45,99,57,42,0,0,0
2019-01-03 12:00,108,48,60,0,0,0
2019-01-03 12:15,95,49,46,0,0,0
2019-01-03 12:30,78,37,41,0,0,0
2019-01-03 12:45,96,49,47,0,0,0
2019-01-03 13:00,99,50,49,0,0,0
2019-01-03 13:15,95,50,45,0,0,0
2019-01-03 13:30,89,33,56,0,0,0
2019-01-03 13:45,91,47,44,0,0,0
2019-01-03 14:00,96,36,60,0,0,0
2019-01-03 14:15,112,50,62,0,0,0
2019-01-03 14:30,106,46,60,0,0,0
2019-01-03 14:45,104,46,58,0,0,0
2019-01-03 15:00,112,49,63,0,0,0
2019-01-03 15:15,142,57,85,0,0,0
2019-01-03 15:30,150,67,83,0,0,0
2019-01-03 15:45,159,67,92,0,0,0
2019-01-03 16:00,129,44,85,0,0,0
2019-01-03 16:15,147,61,86,0,0,0
2019-01-03 16:30,162,52,110,0,0,0
2019-01-03 16:45,166,56,110,0,0,0
2019-01-03 17:00,144,47,97,0,0,0
2019-01-03 17:15,133,52,81,0,0,0
2019-01-03 17:30,161,57,104,0,0,0
2019-01-03 17:45,134,51,83,0,0,0
2019-01-03 18:00,138,36,102,0,0,0
2019-01-03 18:15,97,32,65,0,0,0
2019-01-03 18:30,112,44,68,0,0,0
2019-01-03 18:45,93,38,55,0,0,0
2019-01-03 19:00,88,28,60,0,0,0
2019-01-03 19:15,86,33,53,0,0,0
2019-01-03 19:30,69,25,44,0,0,0
2019-01-03 19:45,71,22,49,0,0,0
2019-01-03 20:00,72,21,51,0,0,0
2019-01-03 20:15,49,20,29,0,0,0
2019-01-03 20:30,41,9,32,0,0,0
2019-01-03 20:45,24,10,14,0,0,0
2019-01-03 21:00,29,11,18,0,0,0
2019-01-03 21:15,27,6,21,0,0,0
2019-01-03 21:30,40,20,20,0,0,0
2019-01-03 21:45,32,10,22,0,0,0
2019-01-03 22:00,38,13,25,0,0,0
2019-01-03 22:15,29,12,17,0,0,0
2019-01-03 22:30,38,8,30,0,0,0
2019-01-03 22:45,27,13,14,0,0,0
2019-01-03 23:00,30,11,19,0,0,0
2019-01-03 23:15,31,15,16,0,0,0
2019-01-03 23:30,15,5,10,0,0,0
2019-01-03 23:45,11,6,5,0,0,0
2019-01-04 00:00,8,5,3,0,0,0
2019-01-04 00:15,9,5,4,0,0,0
2019-01-04 00:30,16,5,11,0,0,0
2019-01-04 00:45,1,1,0,0,0,0
2019-01-04 01:00,7,0,7,0,0,0
2019-01-04 01:15,4,2,2,0,0,0
2019-01-04 01:30,2,0,2,0,0,0
2019-01-04 01:45,4,2,2,0,0,0
2019-01-04 02:00,4,1,3,0,0,0
2019-01-04 02:15,1,1,0,0,0,0
2019-01-04 02:30,1,1,0,0,0,0
2019-01-04 02:45,3,3,0,0,0,0
2019-01-04 03:00,2,0,2,0,0,0
2019-01-04 03:15,1,0,1,0,0,0
2019-01-04 03:30,0,0,0,0,0,0
2019-01-04 03:45,2,1,1,0,0,0
2019-01-04 04:00,3,1,2,0,0,0
2019-01-04 04:15,1,0,1,0,0,0
2019-01-04 04:30,4,4,0,0,0,0
2019-01-04 04:45,1,1,0,0,0,0
2019-01-04 05:00,1,1,0,0,0,0
2019-01-04 05:15,9,6,3,0,0,0
2019-01-04 05:30,11,10,1,0,0,0
2019-01-04 05:45,24,24,0,0,0,0
2019-01-04 06:00,19,15,4,0,0,0
2019-01-04 06:15,24,20,4,0,0,0
2019-01-04 06:30,30,19,11,0,0,0
2019-01-04 06:45,45,32,13,0,0,0
2019-01-04 07:00,43,28,15,0,0,0
2019-01-04 07:15,65,47,18,0,0,0
2019-01-04 07:30,70,49,21,0,0,0
2019-01-04 07:45,85,65,20,0,0,0
2019-01-04 08:00,75,61,14,0,0,0
2019-01-04 08:15,60,36,24,0,0,0
2019-01-04 08:30,66,41,25,0,0,0
2019-01-04 08:45,99,62,37,0,0,0
2019-01-04 09:00,54,44,10,0,0,0
2019-01-04 09:15,82,53,29,0,0,0
2019-01-04 09:30,75,53,22,0,0,0
2019-01-04 09:45,96,75,21,0,0,0
2019-01-04 10:00,66,45,21,0,0,0
2019-01-04 10:15,79,49,30,0,0,0
2019-01-04 10:30,73,45,28,0,0,0
2019-01-04 10:45,100,61,39,0,0,0
2019-01-04 11:00,106,66,40,0,0,0
2019-01-04 11:15,103,58,45,0,0,0
2019-01-04 11:30,92,43,49,0,0,0
2019-01-04 11:45,106,52,54,0,0,0
2019-01-04 12:00,79,42,37,0,0,0
2019-01-04 12:15,95,26,69,0,0,0
2019-01-04 12:30,87,41,46,0,0,0
2019-01-04 12:45,121,53,68,0,0,0
2019-01-04 13:00,111,56,55,0,0,0
2019-01-04 13:15,105,39,66,0,0,0
2019-01-04 13:30,103,40,63,0,0,0
2019-01-04 13:45,142,61,81,0,0,0
2019-01-04 14:00,105,43,62,0,0,0
2019-01-04 14:15,105,42,63,0,0,0
2019-01-04 14:30,129,54,75,0,0,0
2019-01-04 14:45,129,56,73,0,0,0
2019-01-04 15:00,119,48,71,0,0,0
2019-01-04 15:15,114,59,55,0,0,0
2019-01-04 15:30,139,59,80,0,0,0
2019-01-04 15:45,137,51,86,0,0,0
2019-01-04 16:00,145,49,96,0,0,0
2019-01-04 16:15,118,58,60,0,0,0
2019-01-04 16:30,117,39,78,0,0,0
2019-01-04 16:45,127,50,77,0,0,0
2019-01-04 17:00,111,41,70,0,0,0
2019-01-04 17:15,119,43,76,0,0,0
2019-01-04 17:30,141,71,70,0,0,0
2019-01-04 17:45,101,36,65,0,0,0
2019-01-04 18:00,100,35,65,0,0,0
2019-01-04 18:15,101,40,61,0,0,0
2019-01-04 18:30,82,40,42,0,0,0
2019-01-04 18:45,107,57,50,0,0,0
2019-01-04 19:00,103,39,64,0,0,0
2019-01-04 19:15,92,42,50,0,0,0
2019-01-04 19:30,62,24,38,0,0,0
2019-01-04 19:45,99,50,49,0,0,0
2019-01-04 20:00,88,34,54,0,0,0
2019-01-04 20:15,71,31,40,0,0,0
2019-01-04 20:30,55,22,33,0,0,0
2019-01-04 20:45,34,14,20,0,0,0
2019-01-04 21:00,25,13,12,0,0,0
2019-01-04 21:15,33,14,19,0,0,0
2019-01-04 21:30,34,8,26,0,0,0
2019-01-04 21:45,53,29,24,0,0,0
2019-01-04 22:00,27,9,18,0,0,0
2019-01-04 22:15,24,11,13,0,0,0
2019-01-04 22:30,31,11,20,0,0,0
2019-01-04 22:45,31,5,26,0,0,0
2019-01-04 23:00,25,7,18,0,0,0
2019-01-04 23:15,35,15,20,0,0,0
2019-01-04 23:30,20,4,16,0,0,0
2019-01-04 23:45,26,6,20,0,0,0
2019-01-05 00:00,24,8,16,0,0,0
2019-01-05 00:15,28,10,18,0,0,0
2019-01-05 00:30,30,5,25,0,0,0
2019-01-05 00:45,33,3,30,0,0,0
2019-01-05 01:00,18,4,14,0,0,0
2019-01-05 01:15,15,5,10,0,0,0
2019-01-05 01:30,15,2,13,0,0,0
2019-01-05 01:45,17,10,7,0,0,0
2019-01-05 02:00,11,1,10,0,0,0
2019-01-05 02:15,13,8,5,0,0,0
2019-01-05 02:30,8,1,7,0,0,0
2019-01-05 02:45,5,0,5,0,0,0
2019-01-05 03:00,6,2,4,0,0,0
2019-01-05 03:15,4,0,4,0,0,0
2019-01-05 03:30,9,4,5,0,0,0
2019-01-05 03:45,4,2,2,0,0,0
2019-01-05 04:00,4,0,4,0,0,0
2019-01-05 04:15,4,2,2,0,0,0
2019-01-05 04:30,5,5,0,0,0,0
2019-01-05 04:45,7,7,0,0,0,0
2019-01-05 05:00,2,2,0,0,0,0
2019-01-05 05:15,9,5,4,0,0,0
2019-01-05 05:30,5,3,2,0,0,0
2019-01-05 05:45,11,7,4,0,0,0
2019-01-05 06:00,3,2,1,0,0,0
2019-01-05 06:15,6,3,3,0,0,0
2019-01-05 06:30,3,2,1,0,0,0
2019-01-05 06:45,6,4,2,0,0,0
2019-01-05 07:00,8,5,3,0,0,0
2019-01-05 07:15,10,8,2,0,0,0
2019-01-05 07:30,10,6,4,0,0,0
2019-01-05 07:45,12,7,5,0,0,0
2019-01-05 08:00,10,9,1,0,0,0
2019-01-05 08:15,14,13,1,0,0,0
2019-01-05 08:30,29,18,11,0,0,0
2019-01-05 08:45,38,23,15,0,0,0
2019-01-05 09:00,35,19,16,0,0,0
2019-01-05 09:15,42,32,10,0,0,0
2019-01-05 09:30,56,39,17,0,0,0
2019-01-05 09:45,68,53,15,0,0,0
2019-01-05 10:00,67,43,24,0,0,0
2019-01-05 10:15,58,40,18,0,0,0
2019-01-05 10:30,73,54,19,0,0,0
2019-01-05 10:45,76,49,27,0,0,0
2019-01-05 11:00,68,39,29,0,0,0
2019-01-05 11:15,81,59,22,0,0,0
2019-01-05 11:30,102,57,45,0,0,0
2019-01-05 11:45,123,71,52,0,0,0
2019-01-05 12:00,76,33,43,0,0,0
2019-01-05 12:15,107,66,41,0,0,0
2019-01-05 12:30,93,43,50,0,0,0
2019-01-05 12:45,117,57,60,0,0,0
2019-01-05 13:00,108,65,43,0,0,0
2019-01-05 13:15,103,46,57,0,0,0
2019-01-05 13:30,92,46,46,0,0,0
2019-01-05 13:45,110,59,51,0,0,0
2019-01-05 14:00,112,49,63,0,0,0
2019-01-05 14:15,113,40,73,0,0,0
2019-01-05 14:30,94,41,53,0,0,0
2019-01-05 14:45,96,46,50,0,0,0
2019-01-05 15:00,112,50,62,0,0,0
2019-01-05 15:15,87,30,57,0,0,0
2019-01-05 15:30,95,36,59,0,0,0
2019-01-05 15:45,113,49,64,0,0,0
2019-01-05 16:00,82,27,55,0,0,0
2019-01-05 16:15,97,32,65,0,0,0
2019-01-05 16:30,83,35,48,0,0,0
2019-01-05 16:45,101,37,64,0,0,0
2019-01-05 17:00,89,34,55,0,0,0
2019-01-05 17:15,85,32,53,0,0,0
2019-01-05 17:30,98,48,50,0,0,0
2019-01-05 17:45,82,45,37,0,0,0
2019-01-05 18:00,77,17,60,0,0,0
2019-01-05 18:15,64,21,43,0,0,0
2019-01-05 18:30,56,15,41,0,0,0
2019-01-05 18:45,64,31,33,0,0,0
2019-01-05 19:00,52,18,34,0,0,0
2019-01-05 19:15,72,34,38,0,0,0
2019-01-05 19:30,68,38,30,0,0,0
2019-01-05 19:45,67,37,30,0,0,0
2019-01-05 20:00,74,35,39,0,0,0
2019-01-05 20:15,56,26,30,0,0,0
2019-01-05 20:30,39,17,22,0,0,0
2019-01-05 20:45,34,12,22,0,0,0
2019-01-05 21:00,23,6,17,0,0,0
2019-01-05 21:15,30,9,21,0,0,0
2019-01-05 21:30,27,13,14,0,0,0
2019-01-05 21:45,23,14,9,0,0,0
2019-01-05 22:00,46,19,27,0,0,0
2019-01-05 22:15,33,15,18,0,0,0
2019-01-05 22:30,32,17,15,0,0,0
2019-01-05 22:45,23,7,16,0,0,0
2019-01-05 23:00,19,1,18,0,0,0
2019-01-05 23:15,23,5,18,0,0,0
2019-01-05 23:30,18,4,14,0,0,0
2019-01-05 23:45,21,9,12,0,0,0
2019-01-06 00:00,15,5,10,0,0,0
2019-01-06 00:15,23,7,16,0,0,0
2019-01-06 00:30,33,15,18,0,0,0
2019-01-06 00:45,21,2,19,0,0,0
2019-01-06 01:00,31,9,22,0,0,0
2019-01-06 01:15,18,7,11,0,0,0
2019-01-06 01:30,17,8,9,0,0,0
2019-01-06 01:45,21,12,9,0,0,0
2019-01-06 02:00,16,6,10,0,0,0
2019-01-06 02:15,15,3,12,0,0,0
2019-01-06 02:30,2,0,2,0,0,0
2019-01-06 02:45,7,0,7,0,0,0
2019-01-06 03:00,13,6,7,0,0,0
2019-01-06 03:15,9,1,8,0,0,0
2019-01-06 03:30,9,3,6,0,0,0
2019-01-06 03:45,5,1,4,0,0,0
2019-01-06 04:00,5,0,5,0,0,0
2019-01-06 04:15,4,1,3,0,0,0
2019-01-06 04:30,9,4,5,0,0,0
2019-01-06 04:45,0,0,0,0,0,0
2019-01-06 05:00,1,1,0,0,0,0
2019-01-06 05:15,8,3,5,0,0,0
2019-01-06 05:30,8,5,3,0,0,0
2019-01-06 05:45,5,3,2,0,0,0
2019-01-06 06:00,4,1,3,0,0,0
2019-01-06 06:15,2,2,0,0,0,0
2019-01-06 06:30,8,3,5,0,0,0
2019-01-06 06:45,2,1,1,0,0,0
2019-01-06 07:00,1,0,1,0,0,0
2019-01-06 07:15,3,0,3,0,0,0
2019-01-06 07:30,4,2,2,0,0,0
2019-01-06 07:45,12,6,6,0,0,0
2019-01-06 08:00,7,4,3,0,0,0
2019-01-06 08:15,1,0,1,0,0,0
2019-01-06 08:30,4,2,2,0,0,0
2019-01-06 08:45,19,14,5,0,0,0
2019-01-06 09:00,10,5,5,0,0,0
2019-01-06 09:15,12,11,1,0,0,0
2019-01-06 09:30,25,12,13,0,0,0
2019-01-06 09:45,55,31,24,0,0,0
2019-01-06 10:00,43,30,13,0,0,0
2019-01-06 10:15,20,11,9,0,0,0
2019-01-06 10:30,31,25,6,0,0,0
2019-01-06 10:45,24,14,10,0,0,0
2019-01-06 11:00,26,11,15,0,0,0
2019-01-06 11:15,18,6,12,0,0,0
2019-01-06 11:30,34,21,13,0,0,0
2019-01-06 11:45,30,17,13,0,0,0
2019-01-06 12:00,31,15,16,0,0,0
2019-01-06 12:15,38,18,20,0,0,0
2019-01-06 12:30,38,22,16,0,0,0
2019-01-06 12:45,41,20,21,0,0,0
2019-01-06 13:00,32,17,15,0,0,0
2019-01-06 13:15,33,17,16,0,0,0
2019-01-06 13:30,48,28,20,0,0,0
2019-01-06 13:45,37,22,15,0,0,0
2019-01-06 14:00,49,21,28,0,0,0
2019-01-06 14:15,42,21,21,0,0,0
2019-01-06 14:30,48,20,28,0,0,0
2019-01-06 14:45,96,35,61,0,0,0
2019-01-06 15:00,86,30,56,0,0,0
2019-01-06 15:15,78,16,62,0,0,0
2019-01-06 15:30,80,43,37,0,0,0
2019-01-06 15:45,66,33,33,0,0,0
2019-01-06 16:00,70,35,35,0,0,0
2019-01-06 16:15,60,24,36,0,0,0
2019-01-06 16:30,62,29,33,0,0,0
2019-01-06 16:45,58,26,32,0,0,0
2019-01-06 17:00,55,21,34,0,0,0
2019-01-06 17:15,42,10,32,0,0,0
2019-01-06 17:30,47,12,35,0,0,0
2019-01-06 17:45,55,26,29,0,0,0
2019-01-06 18:00,113,77,36,0,0,0
2019-01-06 18:15,102,65,37,0,0,0
2019-01-06 18:30,45,21,24,0,0,0
2019-01-06 18:45,49,22,27,0,0,0
2019-01-06 19:00,47,19,28,0,0,0
2019-01-06 19:15,33,10,23,0,0,0
2019-01-06 19:30,40,15,25,0,0,0
2019-01-06 19:45,45,15,30,0,0,0
2019-01-06 20:00,42,11,31,0,0,0
2019-01-06 20:15,24,9,15,0,0,0
2019-01-06 20:30,29,12,17,0,0,0
2019-01-06 20:45,26,6,20,0,0,0
2019-01-06 21:00,30,5,25,0,0,0
2019-01-06 21:15,18,8,10,0,0,0
2019-01-06 21:30,20,6,14,0,0,0
2019-01-06 21:45,20,4,16,0,0,0
2019-01-06 22:00,36,12,24,0,0,0
2019-01-06 22:15,20,6,14,0,0,0
2019-01-06 22:30,13,3,10,0,0,0
2019-01-06 22:45,43,8,35,0,0,0
2019-01-06 23:00,9,3,6,0,0,0
2019-01-06 23:15,7,1,6,0,0,0
2019-01-06 23:30,9,4,5,0,0,0
2019-01-06 23:45,7,1,6,0,0,0
2019-01-07 00:00,5,1,4,0,0,0
2019-01-07 00:15,6,2,4,0,0,0
2019-01-07 00:30,2,1,1,0,0,0
2019-01-07 00:45,4,1,3,0,0,0
2019-01-07 01:00,1,0,1,0,0,0
2019-01-07 01:15,1,1,0,0,0,0
2019-01-07 01:30,1,1,0,0,0,0
2019-01-07 01:45,0,0,0,0,0,0
2019-01-07 02:00,2,1,1,0,0,0
2019-01-07 02:15,4,2,2,0,0,0
2019-01-07 02:30,0,0,0,0,0,0
2019-01-07 02:45,1,0,1,0,0,0
2019-01-07 03:00,3,2,1,0,0,0
2019-01-07 03:15,0,0,0,0,0,0
2019-01-07 03:30,1,0,1,0,0,0
2019-01-07 03:45,1,0,1,0,0,0
2019-01-07 04:00,1,1,0,0,0,0
2019-01-07 04:15,2,2,0,0,0,0
2019-01-07 04:30,1,1,0,0,0,0
2019-01-07 04:45,3,3,0,0,0,0
2019-01-07 05:00,4,4,0,0,0,0
2019-01-07 05:15,6,6,0,0,0,0
2019-01-07 05:30,20,14,6,0,0,0
2019-01-07 05:45,20,19,1,0,0,0
2019-01-07 06:00,20,16,4,0,0,0
2019-01-07 06:15,50,39,11,0,0,0
2019-01-07 06:30,39,29,10,0,0,0
2019-01-07 06:45,73,47,26,0,0,0
2019-01-07 07:00,74,44,30,0,0,0
2019-01-07 07:15,97,66,31,0,0,0
2019-01-07 07:30,165,124,41,0,0,0
2019-01-07 07:45,170,131,39,0,0,0
2019-01-07 08:00,149,110,39,0,0,0
2019-01-07 08:15,146,105,41,0,0,0
2019-01-07 08:30,108,71,37,0,0,0
2019-01-07 08:45,131,102,29,0,0,0
2019-01-07 09:00,100,73,27,0,0,0
2019-01-07 09:15,93,65,28,0,0,0
2019-01-07 09:30,94,64,30,0,0,0
2019-01-07 09:45,101,71,30,0,0,0
2019-01-07 10:00,86,49,37,0,0,0
2019-01-07 10:15,65,38,27,0,0,0
2019-01-07 10:30,70,37,33,0,0,0
2019-01-07 10:45,84,48,36,0,0,0
2019-01-07 11:00,60,33,27,0,0,0
2019-01-07 11:15,91,47,44,0,0,0
2019-01-07 11:30,76,36,40,0,0,0
2019-01-07 11:45,93,43,50,0,0,0
2019-01-07 12:00,90,44,46,0,0,0
2019-01-07 12:15,88,38,50,0,0,0
2019-01-07 12:30,104,48,56,0,0,0
2019-01-07 12:45,101,41,60,0,0,0
2019-01-07 13:00,118,46,72,0,0,0
2019-01-07 13:15,117,34,83,0,0,0
2019-01-07 13:30,106,45,61,0,0,0
2019-01-07 13:45,132,49,83,0,0,0
2019-01-07 14:00,102,44,58,0,0,0
2019-01-07 14:15,102,28,74,0,0,0
2019-01-07 14:30,100,47,53,0,0,0
2019-01-07 14:45,110,52,58,0,0,0
2019-01-07 15:00,120,56,64,0,0,0
2019-01-07 15:15,107,43,64,0,0,0
2019-01-07 15:30,122,51,71,0,0,0
2019-01-07 15:45,165,67,98,0,0,0
2019-01-07 16:00,157,69,88,0,0,0
2019-01-07 16:15,118,46,72,0,0,0
2019-01-07 16:30,165,60,105,0,0,0
2019-01-07 16:45,140,47,93,0,0,0
2019-01-07 17:00,166,46,120,0,0,0
2019-01-07 17:15,141,54,87,0,0,0
2019-01-07 17:30,164,54,110,0,0,0
2019-01-07 17:45,170,65,105,0,0,0
2019-01-07 18:00,157,59,98,0,0,0
2019-01-07 18:15,146,39,107,0,0,0
2019-01-07 18:30,115,46,69,0,0,0
2019-01-07 18:45,109,33,76,0,0,0
2019-01-07 19:00,96,26,70,0,0,0
2019-01-07 19:15,92,25,67,0,0,0
2019-01-07 19:30,66,17,49,0,0,0
2019-01-07 19:45,90,35,55,0,0,0
2019-01-07 20:00,67,25,42,0,0,0
2019-01-07 20:15,54,18,36,0,0,0
2019-01-07 20:30,42,12,30,0,0,0
2019-01-07 20:45,28,9,19,0,0,0
2019-01-07 21:00,33,12,21,0,0,0
2019-01-07 21:15,35,12,23,0,0,0
2019-01-07 21:30,40,9,31,0,0,0
2019-01-07 21:45,27,2,25,0,0,0
2019-01-07 22:00,36,10,26,0,0,0
2019-01-07 22:15,32,10,22,0,0,0
2019-01-07 22:30,35,9,26,0,0,0
2019-01-07 22:45,16,7,9,0,0,0
2019-01-07 23:00,15,1,14,0,0,0
2019-01-07 23:15,8,1,7,0,0,0
2019-01-07 23:30,6,1,5,0,0,0
2019-01-07 23:45,6,3,3,0,0,0
2019-01-08 00:00,5,2,3,0,0,0
2019-01-08 00:15,4,3,1,0,0,0
2019-01-08 00:30,4,2,2,0,0,0
2019-01-08 00:45,3,0,3,0,0,0
2019-01-08 01:00,3,0,3,0,0,0
2019-01-08 01:15,5,0,5,0,0,0
2019-01-08 01:30,2,0,2,0,0,0
2019-01-08 01:45,1,0,1,0,0,0
2019-01-08 02:00,1,0,1,0,0,0
2019-01-08 02:15,5,0,5,0,0,0
2019-01-08 02:30,1,1,0,0,0,0
2019-01-08 02:45,2,0,2,0,0,0
2019-01-08 03:00,1,1,0,0,0,0
2019-01-08 03:15,1,0,1,0,0,0
2019-01-08 03:30,2,0,2,0,0,0
2019-01-08 03:45,2,2,0,0,0,0
2019-01-08 04:00,0,0,0,0,0,0
2019-01-08 04:15,0,0,0,0,0,0
2019-01-08 04:30,1,1,0,0,0,0
2019-01-08 04:45,4,4,0,0,0,0
2019-01-08 05:00,7,7,0,0,0,0
2019-01-08 05:15,8,7,1,0,0,0
2019-01-08 05:30,9,6,3,0,0,0
2019-01-08 05:45,19,14,5,0,0,0
2019-01-08 06:00,22,19,3,0,0,0
2019-01-08 06:15,22,18,4,0,0,0
2019-01-08 06:30,45,34,11,0,0,0
2019-01-08 06:45,56,40,16,0,0,0
2019-01-08 07:00,74,48,26,0,0,0
2019-01-08 07:15,89,56,33,0,0,0
2019-01-08 07:30,149,101,48,0,0,0
2019-01-08 07:45,176,125,51,0,0,0
2019-01-08 08:00,172,125,47,0,0,0
2019-01-08 08:15,155,121,34,0,0,0
2019-01-08 08:30,135,99,36,0,0,0
2019-01-08 08:45,130,100,30,0,0,0
2019-01-08 09:00,89,63,26,0,0,0
2019-01-08 09:15,93,65,28,0,0,0
2019-01-08 09:30,93,63,30,0,0,0
2019-01-08 09:45,117,76,41,0,0,0
2019-01-08 10:00,85,58,27,0,0,0
2019-01-08 10:15,75,38,37,0,0,0
2019-01-08 10:30,71,32,39,0,0,0
2019-01-08 10:45,62,31,31,0,0,0
2019-01-08 11:00,74,42,32,0,0,0
2019-01-08 11:15,69,37,32,0,0,0
2019-01-08 11:30,70,25,45,0,0,0
2019-01-08 11:45,93,50,43,0,0,0
2019-01-08 12:00,106,46,60,0,0,0
2019-01-08 12:15,92,36,56,0,0,0
2019-01-08 12:30,92,25,67,0,0,0
2019-01-08 12:45,102,43,59,0,0,0
2019-01-08 13:00,113,40,73,0,0,0
2019-01-08 13:15,109,44,65,0,0,0
2019-01-08 13:30,78,31,47,0,0,0
2019-01-08 13:45,118,50,68,0,0,0
2019-01-08 14:00,116,41,75,0,0,0
2019-01-08 14:15,87,27,60,0,0,0
2019-01-08 14:30,107,42,65,0,0,0
2019-01-08 14:45,127,58,69,0,0,0
2019-01-08 15:00,99,42,57,0,0,0
2019-01-08 15:15,84,32,52,0,0,0
2019-01-08 15:30,120,55,65,0,0,0
2019-01-08 15:45,175,77,98,0,0,0
2019-01-08 16:00,165,55,110,0,0,0
2019-01-08 16:15,139,35,104,0,0,0
2019-01-08 16:30,162,60,102,0,0,0
2019-01-08 16:45,140,52,88,0,0,0
2019-01-08 17:00,145,42,103,0,0,0
2019-01-08 17:15,138,42,96,0,0,0
2019-01-08 17:30,129,36,93,0,0,0
2019-01-08 17:45,135,34,101,0,0,0
2019-01-08 18:00,127,35,92,0,0,0
2019-01-08 18:15,122,40,82,0,0,0
2019-01-08 18:30,91,26,65,0,0,0
2019-01-08 18:45,87,23,64,0,0,0
2019-01-08 19:00,101,30,71,0,0,0
2019-01-08 19:15,88,29,59,0,0,0
2019-01-08 19:30,71,34,37,0,0,0
2019-01-08 19:45,79,30,49,0,0,0
2019-01-08 20:00,66,20,46,0,0,0
2019-01-08 20:15,47,11,36,0,0,0
2019-01-08 20:30,33,13,20,0,0,0
2019-01-08 20:45,28,10,18,0,0,0
2019-01-08 21:00,44,17,27,0,0,0
2019-01-08 21:15,43,14,29,0,0,0
2019-01-08 21:30,38,13,25,0,0,0
2019-01-08 21:45,32,10,22,0,0,0
2019-01-08 22:00,49,15,34,0,0,0
2019-01-08 22:15,39,9,30,0,0,0
2019-01-08 22:30,33,7,26,0,0,0
2019-01-08 22:45,24,6,18,0,0,0
2019-01-08 23:00,12,2,10,0,0,0
2019-01-08 23:15,16,7,9,0,0,0
2019-01-08 23:30,8,2,6,0,0,0
2019-01-08 23:45,12,4,8,0,0,0
2019-01-09 00:00,7,2,5,0,0,0
2019-01-09 00:15,9,6,3,0,0,0
2019-01-09 00:30,1,1,0,0,0,0
2019-01-09 00:45,5,1,4,0,0,0
2019-01-09 01:00,0,0,0,0,0,0
2019-01-09 01:15,0,0,0,0,0,0
2019-01-09 01:30,1,1,0,0,0,0
2019-01-09 01:45,1,0,1,0,0,0
2019-01-09 02:00,2,1,1,0,0,0
2019-01-09 02:15,0,0,0,0,0,0
2019-01-09 02:30,3,0,3,0,0,0
2019-01-09 02:45,1,0,1,0,0,0
2019-01-09 03:00,0,0,0,0,0,0
2019-01-09 03:15,1,1,0,0,0,0
2019-01-09 03:30,1,0,1,0,0,0
2019-01-09 03:45,0,0,0,0,0,0
2019-01-09 04:00,0,0,0,0,0,0
2019-01-09 04:15,2,2,0,0,0,0
2019-01-09 04:30,0,0,0,0,0,0
2019-01-09 04:45,3,3,0,0,0,0
2019-01-09 05:00,4,4,0,0,0,0
2019-01-09 05:15,14,11,3,0,0,0
2019-01-09 05:30,10,8,2,0,0,0
2019-01-09 05:45,24,19,5,0,0,0
2019-01-09 06:00,26,24,2,0,0,0
2019-01-09 06:15,38,34,4,0,0,0
2019-01-09 06:30,35,30,5,0,0,0
2019-01-09 06:45,59,46,13,0,0,0
2019-01-09 07:00,86,49,37,0,0,0
2019-01-09 07:15,93,61,32,0,0,0
2019-01-09 07:30,148,105,43,0,0,0
2019-01-09 07:45,181,132,49,0,0,0
2019-01-09 08:00,153,107,46,0,0,0
2019-01-09 08:15,167,117,50,0,0,0
2019-01-09 08:30,125,90,35,0,0,0
2019-01-09 08:45,124,87,37,0,0,0
2019-01-09 09:00,102,73,29,0,0,0
2019-01-09 09:15,107,86,21,0,0,0
2019-01-09 09:30,110,81,29,0,0,0
2019-01-09 09:45,129,102,27,0,0,0
2019-01-09 10:00,136,93,43,0,0,0
2019-01-09 10:15,100,60,40,0,0,0
2019-01-09 10:30,90,50,40,0,0,0
2019-01-09 10:45,114,66,48,0,0,0
2019-01-09 11:00,104,62,42,0,0,0
2019-01-09 11:15,93,61,32,0,0,0
2019-01-09 11:30,123,72,51,0,0,0
2019-01-09 11:45,146,80,66,0,0,0
2019-01-09 12:00,160,75,85,0,0,0
2019-01-09 12:15,145,61,84,0,0,0
2019-01-09 12:30,145,61,84,0,0,0
2019-01-09 12:45,125,59,66,0,0,0
2019-01-09 13:00,160,51,109,0,0,0
2019-01-09 13:15,165,59,106,0,0,0
2019-01-09 13:30,165,60,105,0,0,0
2019-01-09 13:45,165,66,99,0,0,0
2019-01-09 14:00,162,63,99,0,0,0
2019-01-09 14:15,135,58,77,0,0,0
2019-01-09 14:30,132,47,85,0,0,0
2019-01-09 14:45,143,64,79,0,0,0
2019-01-09 15:00,133,52,81,0,0,0
2019-01-09 15:15,133,50,83,0,0,0
2019-01-09 15:30,152,59,93,0,0,0
2019-01-09 15:45,162,72,90,0,0,0
2019-01-09 16:00,198,65,133,0,0,0
2019-01-09 16:15,177,76,101,0,0,0
2019-01-09 16:30,174,50,124,0,0,0
2019-01-09 16:45,166,51,115,0,0,0
2019-01-09 17:00,178,62,116,0,0,0
2019-01-09 17:15,168,72,96,0,0,0
2019-01-09 17:30,146,58,88,0,0,0
2019-01-09 17:45,217,81,136,0,0,0
2019-01-09 18:00,142,34,108,0,0,0
2019-01-09 18:15,134,53,81,0,0,0
2019-01-09 18:30,139,48,91,0,0,0
2019-01-09 18:45,126,57,69,0,0,0
2019-01-09 19:00,142,44,98,0,0,0
2019-01-09 19:15,158,56,102,0,0,0
2019-01-09 19:30,114,36,78,0,0,0
2019-01-09 19:45,131,50,81,0,0,0
2019-01-09 20:00,98,32,66,0,0,0
2019-01-09 20:15,72,23,49,0,0,0
2019-01-09 20:30,51,26,25,0,0,0
2019-01-09 20:45,56,19,37,0,0,0
2019-01-09 21:00,51,15,36,0,0,0
2019-01-09 21:15,47,18,29,0,0,0
2019-01-09 21:30,42,14,28,0,0,0
2019-01-09 21:45,39,12,27,0,0,0
2019-01-09 22:00,42,14,28,0,0,0
2019-01-09 22:15,57,20,37,0,0,0
2019-01-09 22:30,70,22,48,0,0,0
2019-01-09 22:45,45,14,31,0,0,0
2019-01-09 23:00,30,11,19,0,0,0
2019-01-09 23:15,29,10,19,0,0,0
2019-01-09 23:30,25,8,17,0,0,0
2019-01-09 23:45,30,4,26,0,0,0
2019-01-10 00:00,14,7,7,0,0,0
2019-01-10 00:15,11,4,7,0,0,0
2019-01-10 00:30,10,1,9,0,0,0
2019-01-10 00:45,4,2,2,0,0,0
2019-01-10 01:00,6,1,5,0,0,0
2019-01-10 01:15,4,0,4,0,0,0
2019-01-10 01:30,4,4,0,0,0,0
2019-01-10 01:45,2,1,1,0,0,0
2019-01-10 02:00,6,0,6,0,0,0
2019-01-10 02:15,0,0,0,0,0,0
2019-01-10 02:30,4,0,4,0,0,0
2019-01-10 02:45,1,0,1,0,0,0
2019-01-10 03:00,0,0,0,0,0,0
2019-01-10 03:15,3,1,2,0,0,0
2019-01-10 03:30,1,0,1,0,0,0
2019-01-10 03:45,4,2,2,0,0,0
2019-01-10 04:00,2,1,1,0,0,0
2019-01-10 04:15,1,0,1,0,0,0
2019-01-10 04:30,3,1,2,0,0,0
2019-01-10 04:45,1,1,0,0,0,0
2019-01-10 05:00,4,3,1,0,0,0
2019-01-10 05:15,13,9,4,0,0,0
2019-01-10 05:30,10,8,2,0,0,0
2019-01-10 05:45,19,16,3,0,0,0
2019-01-10 06:00,21,16,5,0,0,0
2019-01-10 06:15,29,25,4,0,0,0
2019-01-10 06:30,38,28,10,0,0,0
2019-01-10 06:45,56,37,19,0,0,0
2019-01-10 07:00,68,40,28,0,0,0
2019-01-10 07:15,101,64,37,0,0,0
2019-01-10 07:30,132,86,46,0,0,0
2019-01-10 07:45,174,130,44,0,0,0
2019-01-10 08:00,153,104,49,0,0,0
2019-01-10 08:15,147,99,48,0,0,0
2019-01-10 08:30,134,97,37,0,0,0
2019-01-10 08:45,130,90,40,0,0,0
2019-01-10 09:00,97,70,27,0,0,0
2019-01-10 09:15,104,74,30,0,0,0
2019-01-10 09:30,106,67,39,0,0,0
2019-01-10 09:45,120,88,32,0,0,0
2019-01-10 10:00,115,68,47,0,0,0
2019-01-10 10:15,74,36,38,0,0,0
2019-01-10 10:30,77,44,33,0,0,0
2019-01-10 10:45,71,36,35,0,0,0
2019-01-10 11:00,87,45,42,0,0,0
2019-01-10 11:15,82,28,54,0,0,0
2019-01-10 11:30,83,38,45,0,0,0
2019-01-10 11:45,145,78,67,0,0,0
2019-01-10 12:00,122,59,63,0,0,0
2019-01-10 12:15,135,55,80,0,0,0
2019-01-10 12:30,168,53,115,0,0,0
2019-01-10 12:45,123,66,57,0,0,0
2019-01-10 13:00,122,40,82,0,0,0
2019-01-10 13:15,119,39,80,0,0,0
2019-01-10 13:30,129,57,72,0,0,0
2019-01-10 13:45,152,67,85,0,0,0
2019-01-10 14:00,156,64,92,0,0,0
2019-01-10 14:15,127,52,75,0,0,0
2019-01-10 14:30,130,50,80,0,0,0
2019-01-10 14:45,151,80,71,0,0,0
2019-01-10 15:00,131,53,78,0,0,0
2019-01-10 15:15,149,65,84,0,0,0
2019-01-10 15:30,141,60,81,0,0,0
2019-01-10 15:45,196,88,108,0,0,0
2019-01-10 16:00,173,71,102,0,0,0
2019-01-10 16:15,183,67,116,0,0,0
2019-01-10 16:30,168,66,102,0,0,0
2019-01-10 16:45,173,65,108,0,0,0
2019-01-10 17:00,177,58,119,0,0,0
2019-01-10 17:15,168,65,103,0,0,0
2019-01-10 17:30,177,69,108,0,0,0
2019-01-10 17:45,175,70,105,0,0,0
2019-01-10 18:00,175,54,121,0,0,0
2019-01-10 18:15,165,50,115,0,0,0
2019-01-10 18:30,151,42,109,0,0,0
2019-01-10 18:45,130,54,76,0,0,0
2019-01-10 19:00,114,38,76,0,0,0
2019-01-10 19:15,118,51,67,0,0,0
2019-01-10 19:30,110,35,75,0,0,0
2019-01-10 19:45,88,30,58,0,0,0
2019-01-10 20:00,85,29,56,0,0,0
2019-01-10 20:15,67,19,48,0,0,0
2019-01-10 20:30,46,20,26,0,0,0
2019-01-10 20:45,58,18,40,0,0,0
2019-01-10 21:00,41,9,32,0,0,0
2019-01-10 21:15,64,26,38,0,0,0
2019-01-10 21:30,40,17,23,0,0,0
2019-01-10 21:45,42,16,26,0,0,0
2019-01-10 22:00,51,17,34,0,0,0
2019-01-10 22:15,41,16,25,0,0,0
2019-01-10 22:30,33,12,21,0,0,0
2019-01-10 22:45,31,8,23,0,0,0
2019-01-10 23:00,46,14,32,0,0,0
2019-01-10 23:15,25,6,19,0,0,0
2019-01-10 23:30,30,8,22,0,0,0
2019-01-10 23:45,6,1,5,0,0,0
2019-01-11 00:00,22,3,19,0,0,0
2019-01-11 00:15,3,1,2,0,0,0
2019-01-11 00:30,4,1,3,0,0,0
2019-01-11 00:45,5,0,5,0,0,0
2019-01-11 01:00,10,1,9,0,0,0
2019-01-11 01:15,6,2,4,0,0,0
2019-01-11 01:30,7,1,6,0,0,0
2019-01-11 01:45,1,0,1,0,0,0
2019-01-11 02:00,3,2,1,0,0,0
2019-01-11 02:15,0,0,0,0,0,0
2019-01-11 02:30,3,0,3,0,0,0
2019-01-11 02:45,1,0,1,0,0,0
2019-01-11 03:00,1,1,0,0,0,0
2019-01-11 03:15,2,0,2,0,0,0
2019-01-11 03:30,1,1,0,0,0,0
2019-01-11 03:45,5,1,4,0,0,0
2019-01-11 04:00,1,0,1,0,0,0
2019-01-11 04:15,1,1,0,0,0,0
2019-01-11 04:30,3,2,1,0,0,0
2019-01-11 04:45,1,1,0,0,0,0
2019-01-11 05:00,4,4,0,0,0,0
2019-01-11 05:15,10,7,3,0,0,0
2019-01-11 05:30,12,9,3,0,0,0
2019-01-11 05:45,20,17,3,0,0,0
2019-01-11 06:00,19,14,5,0,0,0
2019-01-11 06:15,30,25,5,0,0,0
2019-01-11 06:30,35,24,11,0,0,0
2019-01-11 06:45,50,29,21,0,0,0
2019-01-11 07:00,54,30,24,0,0,0
2019-01-11 07:15,110,65,45,0,0,0
2019-01-11 07:30,126,96,30,0,0,0
2019-01-11 07:45,165,129,36,0,0,0
2019-01-11 08:00,146,110,36,0,0,0
2019-01-11 08:15,132,98,34,0,0,0
2019-01-11 08:30,107,75,32,0,0,0
2019-01-11 08:45,118,78,40,0,0,0
2019-01-11 09:00,78,52,26,0,0,0
2019-01-11 09:15,84,63,21,0,0,0
2019-01-11 09:30,98,67,31,0,0,0
2019-01-11 09:45,113,88,25,0,0,0
2019-01-11 10:00,93,59,34,0,0,0
2019-01-11 10:15,70,41,29,0,0,0
2019-01-11 10:30,84,42,42,0,0,0
2019-01-11 10:45,78,51,27,0,0,0
2019-01-11 11:00,81,31,50,0,0,0
2019-01-11 11:15,75,36,39,0,0,0
2019-01-11 11:30,99,54,45,0,0,0
2019-01-11 11:45,105,50,55,0,0,0
2019-01-11 12:00,116,45,71,0,0,0
2019-01-11 12:15,116,53,63,0,0,0
2019-01-11 12:30,119,43,76,0,0,0
2019-01-11 12:45,108,46,62,0,0,0
2019-01-11 13:00,138,56,82,0,0,0
2019-01-11 13:15,125,37,88,0,0,0
2019-01-11 13:30,121,35,86,0,0,0
2019-01-11 13:45,155,62,93,0,0,0
2019-01-11 14:00,147,53,94,0,0,0
2019-01-11 14:15,135,51,84,0,0,0
2019-01-11 14:30,154,64,90,0,0,0
2019-01-11 14:45,132,55,77,0,0,0
2019-01-11 15:00,166,64,102,0,0,0
2019-01-11 15:15,137,60,77,0,0,0
2019-01-11 15:30,138,52,86,0,0,0
2019-01-11 15:45,137,53,84,0,0,0
2019-01-11 16:00,119,46,73,0,0,0
2019-01-11 16:15,145,55,90,0,0,0
2019-01-11 16:30,128,45,83,0,0,0
2019-01-11 16:45,151,60,91,0,0,0
2019-01-11 17:00,108,45,63,0,0,0
2019-01-11 17:15,134,59,75,0,0,0
2019-01-11 17:30,96,39,57,0,0,0
2019-01-11 17:45,181,83,98,0,0,0
2019-01-11 18:00,108,36,72,0,0,0
2019-01-11 18:15,128,56,72,0,0,0
2019-01-11 18:30,92,34,58,0,0,0
2019-01-11 18:45,125,68,57,0,0,0
2019-01-11 19:00,112,37,75,0,0,0
2019-01-11 19:15,130,56,74,0,0,0
2019-01-11 19:30,74,31,43,0,0,0
2019-01-11 19:45,88,41,47,0,0,0
2019-01-11 20:00,86,41,45,0,0,0
2019-01-11 20:15,67,28,39,0,0,0
2019-01-11 20:30,61,28,33,0,0,0
2019-01-11 20:45,41,21,20,0,0,0
2019-01-11 21:00,56,28,28,0,0,0
2019-01-11 21:15,34,20,14,0,0,0
2019-01-11 21:30,34,17,17,0,0,0
2019-01-11 21:45,43,16,27,0,0,0
2019-01-11 22:00,38,12,26,0,0,0
2019-01-11 22:15,41,12,29,0,0,0
2019-01-11 22:30,49,14,35,0,0,0
2019-01-11 22:45,40,12,28,0,0,0
2019-01-11 23:00,27,10,17,0,0,0
2019-01-11 23:15,49,7,42,0,0,0
2019-01-11 23:30,35,9,26,0,0,0
2019-01-11 23:45,39,18,21,0,0,0
2019-01-12 00:00,43,8,35,0,0,0
2019-01-12 00:15,28,9,19,0,0,0
2019-01-12 00:30,23,7,16,0,0,0
2019-01-12 00:45,32,12,20,0,0,0
2019-01-12 01:00,36,4,32,0,0,0
2019-01-12 01:15,32,8,24,0,0,0
2019-01-12 01:30,28,8,20,0,0,0
2019-01-12 01:45,20,2,18,0,0,0
2019-01-12 02:00,12,4,8,0,0,0
2019-01-12 02:15,15,3,12,0,0,0
2019-01-12 02:30,11,3,8,0,0,0
2019-01-12 02:45,13,5,8,0,0,0
2019-01-12 03:00,13,2,11,0,0,0
2019-01-12 03:15,16,7,9,0,0,0
2019-01-12 03:30,12,1,11,0,0,0
2019-01-12 03:45,13,3,10,0,0,0
2019-01-12 04:00,9,2,7,0,0,0
2019-01-12 04:15,5,1,4,0,0,0
2019-01-12 04:30,5,3,2,0,0,0
2019-01-12 04:45,2,0,2,0,0,0
2019-01-12 05:00,8,4,4,0,0,0
2019-01-12 05:15,12,4,8,0,0,0
2019-01-12 05:30,8,7,1,0,0,0
2019-01-12 05:45,8,5,3,0,0,0
2019-01-12 06:00,7,2,5,0,0,0
2019-01-12 06:15,5,3,2,0,0,0
2019-01-12 06:30,3,2,1,0,0,0
2019-01-12 06:45,8,8,0,0,0,0
2019-01-12 07:00,9,8,1,0,0,0
2019-01-12 07:15,7,5,2,0,0,0
2019-01-12 07:30,17,7,10,0,0,0
2019-01-12 07:45,29,22,7,0,0,0
2019-01-12 08:00,20,11,9,0,0,0
2019-01-12 08:15,32,20,12,0,0,0
2019-01-12 08:30,37,27,10,0,0,0
2019-01-12 08:45,64,44,20,0,0,0
2019-01-12 09:00,52,37,15,0,0,0
2019-01-12 09:15,63,39,24,0,0,0
2019-01-12 09:30,77,56,21,0,0,0
2019-01-12 09:45,108,87,21,0,0,0
2019-01-12 10:00,80,50,30,0,0,0
2019-01-12 10:15,72,53,19,0,0,0
2019-01-12 10:30,105,72,33,0,0,0
2019-01-12 10:45,119,78,41,0,0,0
2019-01-12 11:00,109,53,56,0,0,0
2019-01-12 11:15,87,50,37,0,0,0
2019-01-12 11:30,96,43,53,0,0,0
2019-01-12 11:45,108,69,39,0,0,0
2019-01-12 12:00,95,48,47,0,0,0
2019-01-12 12:15,103,48,55,0,0,0
2019-01-12 12:30,121,55,66,0,0,0
2019-01-12 12:45,95,51,44,0,0,0
2019-01-12 13:00,113,43,70,0,0,0
2019-01-12 13:15,96,53,43,0,0,0
2019-01-12 13:30,102,45,57,0,0,0
2019-01-12 13:45,91,42,49,0,0,0
2019-01-12 14:00,114,43,71,0,0,0
2019-01-12 14:15,87,29,58,0,0,0
2019-01-12 14:30,78,24,54,0,0,0
2019-01-12 14:45,97,35,62,0,0,0
2019-01-12 15:00,79,30,49,0,0,0
2019-01-12 15:15,87,36,51,0,0,0
2019-01-12 15:30,74,29,45,0,0,0
2019-01-12 15:45,77,33,44,0,0,0
2019-01-12 16:00,55,14,41,0,0,0
2019-01-12 16:15,90,32,58,0,0,0
2019-01-12 16:30,52,18,34,0,0,0
2019-01-12 16:45,78,39,39,0,0,0
2019-01-12 17:00,75,35,40,0,0,0
2019-01-12 17:15,69,23,46,0,0,0
2019-01-12 17:30,73,22,51,0,0,0
2019-01-12 17:45,107,53,54,0,0,0
2019-01-12 18:00,82,32,50,0,0,0
2019-01-12 18:15,83,26,57,0,0,0
2019-01-12 18:30,79,41,38,0,0,0
2019-01-12 18:45,88,48,40,0,0,0
2019-01-12 19:00,73,26,47,0,0,0
2019-01-12 19:15,73,43,30,0,0,0
2019-01-12 19:30,56,21,35,0,0,0
2019-01-12 19:45,72,22,50,0,0,0
2019-01-12 20:00,56,24,32,0,0,0
2019-01-12 20:15,40,22,18,0,0,0
2019-01-12 20:30,42,17,25,0,0,0
2019-01-12 20:45,35,17,18,0,0,0
2019-01-12 21:00,24,9,15,0,0,0
2019-01-12 21:15,25,12,13,0,0,0
2019-01-12 21:30,21,12,9,0,0,0
2019-01-12 21:45,30,11,19,0,0,0
2019-01-12 22:00,33,15,18,0,0,0
2019-01-12 22:15,15,8,7,0,0,0
2019-01-12 22:30,41,13,28,0,0,0
2019-01-12 22:45,28,6,22,0,0,0
2019-01-12 23:00,23,12,11,0,0,0
2019-01-12 23:15,19,8,11,0,0,0
2019-01-12 23:30,32,13,19,0,0,0
2019-01-12 23:45,32,15,17,0,0,0
2019-01-13 00:00,21,4,17,0,0,0
2019-01-13 00:15,35,17,18,0,0,0
2019-01-13 00:30,33,16,17,0,0,0
2019-01-13 00:45,19,3,16,0,0,0
2019-01-13 01:00,33,8,25,0,0,0
2019-01-13 01:15,23,7,16,0,0,0
2019-01-13 01:30,15,7,8,0,0,0
2019-01-13 01:45,20,10,10,0,0,0
2019-01-13 02:00,14,4,10,0,0,0
2019-01-13 02:15,16,5,11,0,0,0
2019-01-13 02:30,9,0,9,0,0,0
2019-01-13 02:45,14,2,12,0,0,0
2019-01-13 03:00,10,2,8,0,0,0
2019-01-13 03:15,4,2,2,0,0,0
2019-01-13 03:30,7,3,4,0,0,0
2019-01-13 03:45,5,4,1,0,0,0
2019-01-13 04:00,10,2,8,0,0,0
2019-01-13 04:15,6,1,5,0,0,0
2019-01-13 04:30,5,2,3,0,0,0
2019-01-13 04:45,8,3,5,0,0,0
2019-01-13 05:00,2,1,1,0,0,0
2019-01-13 05:15,7,3,4,0,0,0
2019-01-13 05:30,8,4,4,0,0,0
2019-01-13 05:45,6,3,3,0,0,0
2019-01-13 06:00,6,1,5,0,0,0
2019-01-13 06:15,2,0,2,0,0,0
2019-01-13 06:30,2,1,1,0,0,0
2019-01-13 06:45,4,2,2,0,0,0
2019-01-13 07:00,0,0,0,0,0,0
2019-01-13 07:15,2,1,1,0,0,0
2019-01-13 07:30,5,1,4,0,0,0
2019-01-13 07:45,11,10,1,0,0,0
2019-01-13 08:00,2,1,1,0,0,0
2019-01-13 08:15,5,4,1,0,0,0
2019-01-13 08:30,7,7,0,0,0,0
2019-01-13 08:45,14,6,8,0,0,0
2019-01-13 09:00,17,13,4,0,0,0
2019-01-13 09:15,10,6,4,0,0,0
2019-01-13 09:30,11,9,2,0,0,0
2019-01-13 09:45,45,24,21,0,0,0
2019-01-13 10:00,27,19,8,0,0,0
2019-01-13 10:15,15,10,5,0,0,0
2019-01-13 10:30,18,15,3,0,0,0
2019-01-13 10:45,23,17,6,0,0,0
2019-01-13 11:00,26,16,10,0,0,0
2019-01-13 11:15,20,6,14,0,0,0
2019-01-13 11:30,23,15,8,0,0,0
2019-01-13 11:45,26,17,9,0,0,0
2019-01-13 12:00,21,16,5,0,0,0
2019-01-13 12:15,21,12,9,0,0,0
2019-01-13 12:30,25,13,12,0,0,0
2019-01-13 12:45,27,11,16,0,0,0
2019-01-13 13:00,28,13,15,0,0,0
2019-01-13 13:15,38,11,27,0,0,0
2019-01-13 13:30,26,5,21,0,0,0
2019-01-13 13:45,41,20,21,0,0,0
2019-01-13 14:00,31,15,16,0,0,0
2019-01-13 14:15,43,26,17,0,0,0
2019-01-13 14:30,36,18,18,0,0,0
2019-01-13 14:45,38,21,17,0,0,0
2019-01-13 15:00,27,11,16,0,0,0
2019-01-13 15:15,31,12,19,0,0,0
2019-01-13 15:30,39,21,18,0,0,0
2019-01-13 15:45,33,12,21,0,0,0
2019-01-13 16:00,44,16,28,0,0,0
2019-01-13 16:15,27,14,13,0,0,0
2019-01-13 16:30,47,23,24,0,0,0
2019-01-13 16:45,46,17,29,0,0,0
2019-01-13 17:00,31,14,17,0,0,0
2019-01-13 17:15,48,17,31,0,0,0
2019-01-13 17:30,36,10,26,0,0,0
2019-01-13 17:45,46,23,23,0,0,0
2019-01-13 18:00,35,22,13,0,0,0
2019-01-13 18:15,35,18,17,0,0,0
2019-01-13 18:30,31,13,18,0,0,0
2019-01-13 18:45,32,17,15,0,0,0
2019-01-13 19:00,41,17,24,0,0,0
2019-01-13 19:15,29,8,21,0,0,0
2019-01-13 19:30,34,21,13,0,0,0
2019-01-13 19:45,42,21,21,0,0,0
2019-01-13 20:00,29,9,20,0,0,0
2019-01-13 20:15,25,8,17,0,0,0
2019-01-13 20:30,26,13,13,0,0,0
2019-01-13 20:45,21,7,14,0,0,0
2019-01-13 21:00,16,7,9,0,0,0
2019-01-13 21:15,18,5,13,0,0,0
2019-01-13 21:30,13,5,8,0,0,0
2019-01-13 21:45,11,2,9,0,0,0
2019-01-13 22:00,21,6,15,0,0,0
2019-01-13 22:15,17,6,11,0,0,0
2019-01-13 22:30,10,2,8,0,0,0
2019-01-13 22:45,16,4,12,0,0,0
2019-01-13 23:00,11,3,8,0,0,0
2019-01-13 23:15,6,1,5,0,0,0
2019-01-13 23:30,6,1,5,0,0,0
2019-01-13 23:45,6,1,5,0,0,0
2019-01-14 00:00,10,7,3,0,0,0
2019-01-14 00:15,5,0,5,0,0,0
2019-01-14 00:30,2,1,1,0,0,0
2019-01-14 00:45,3,1,2,0,0,0
2019-01-14 01:00,3,1,2,0,0,0
2019-01-14 01:15,1,0,1,0,0,0
2019-01-14 01:30,0,0,0,0,0,0
2019-01-14 01:45,2,0,2,0,0,0
2019-01-14 02:00,5,0,5,0,0,0
2019-01-14 02:15,2,0,2,0,0,0
2019-01-14 02:30,0,0,0,0,0,0
2019-01-14 02:45,0,0,0,0,0,0
2019-01-14 03:00,0,0,0,0,0,0
2019-01-14 03:15,1,0,1,0,0,0
2019-01-14 03:30,0,0,0,0,0,0
2019-01-14 03:45,3,3,0,0,0,0
2019-01-14 04:00,0,0,0,0,0,0
2019-01-14 04:15,1,1,0,0,0,0
2019-01-14 04:30,0,0,0,0,0,0
2019-01-14 04:45,4,4,0,0,0,0
2019-01-14 05:00,5,5,0,0,0,0
2019-01-14 05:15,7,5,2,0,0,0
2019-01-14 05:30,15,13,2,0,0,0
2019-01-14 05:45,23,14,9,0,0,0
2019-01-14 06:00,20,14,6,0,0,0
2019-01-14 06:15,34,31,3,0,0,0
2019-01-14 06:30,43,28,15,0,0,0
2019-01-14 06:45,58,40,18,0,0,0
2019-01-14 07:00,69,43,26,0,0,0
2019-01-14 07:15,89,67,22,0,0,0
2019-01-14 07:30,157,107,50,0,0,0
2019-01-14 07:45,183,125,58,0,0,0
2019-01-14 08:00,164,117,47,0,0,0
2019-01-14 08:15,164,115,49,0,0,0
2019-01-14 08:30,114,76,38,0,0,0
2019-01-14 08:45,148,104,44,0,0,0
2019-01-14 09:00,103,73,30,0,0,0
2019-01-14 09:15,89,62,27,0,0,0
2019-01-14 09:30,101,68,33,0,0,0
2019-01-14 09:45,133,103,30,0,0,0
2019-01-14 10:00,113,75,38,0,0,0
2019-01-14 10:15,93,46,47,0,0,0
2019-01-14 10:30,83,46,37,0,0,0
2019-01-14 10:45,100,57,43,0,0,0
2019-01-14 11:00,88,42,46,0,0,0
2019-01-14 11:15,104,60,44,0,0,0
2019-01-14 11:30,97,48,49,0,0,0
2019-01-14 11:45,117,61,56,0,0,0
2019-01-14 12:00,131,57,74,0,0,0
2019-01-14 12:15,111,38,73,0,0,0
2019-01-14 12:30,120,43,77,0,0,0
2019-01-14 12:45,121,56,65,0,0,0
2019-01-14 13:00,159,64,95,0,0,0
2019-01-14 13:15,106,40,66,0,0,0
2019-01-14 13:30,141,59,82,0,0,0
2019-01-14 13:45,128,62,66,0,0,0
2019-01-14 14:00,131,43,88,0,0,0
2019-01-14 14:15,99,38,61,0,0,0
2019-01-14 14:30,94,40,54,0,0,0
2019-01-14 14:45,118,59,59,0,0,0
2019-01-14 15:00,123,37,86,0,0,0
2019-01-14 15:15,117,59,58,0,0,0
2019-01-14 15:30,139,60,79,0,0,0
2019-01-14 15:45,146,50,96,0,0,0
2019-01-14 16:00,197,71,126,0,0,0
2019-01-14 16:15,162,66,96,0,0,0
2019-01-14 16:30,152,60,92,0,0,0
2019-01-14 16:45,191,64,127,0,0,0
2019-01-14 17:00,172,69,103,0,0,0
2019-01-14 17:15,158,53,105,0,0,0
2019-01-14 17:30,156,42,114,0,0,0
2019-01-14 17:45,207,81,126,0,0,0
2019-01-14 18:00,163,52,111,0,0,0
2019-01-14 18:15,159,53,106,0,0,0
2019-01-14 18:30,125,44,81,0,0,0
2019-01-14 18:45,114,34,80,0,0,0
2019-01-14 19:00,113,31,82,0,0,0
2019-01-14 19:15,131,45,86,0,0,0
2019-01-14 19:30,87,22,65,0,0,0
2019-01-14 19:45,95,34,61,0,0,0
2019-01-14 20:00,78,23,55,0,0,0
2019-01-14 20:15,62,11,51,0,0,0
2019-01-14 20:30,50,13,37,0,0,0
2019-01-14 20:45,40,11,29,0,0,0
2019-01-14 21:00,59,18,41,0,0,0
2019-01-14 21:15,43,13,30,0,0,0
2019-01-14 21:30,32,13,19,0,0,0
2019-01-14 21:45,38,9,29,0,0,0
2019-01-14 22:00,46,18,28,0,0,0
2019-01-14 22:15,39,6,33,0,0,0
2019-01-14 22:30,33,14,19,0,0,0
2019-01-14 22:45,21,5,16,0,0,0
2019-01-14 23:00,20,9,11,0,0,0
2019-01-14 23:15,15,5,10,0,0,0
2019-01-14 23:30,13,5,8,0,0,0
2019-01-14 23:45,14,5,9,0,0,0
2019-01-15 00:00,7,1,6,0,0,0
2019-01-15 00:15,11,4,7,0,0,0
2019-01-15 00:30,8,2,6,0,0,0
2019-01-15 00:45,8,2,6,0,0,0
2019-01-15 01:00,4,0,4,0,0,0
2019-01-15 01:15,3,2,1,0,0,0
2019-01-15 01:30,2,0,2,0,0,0
2019-01-15 01:45,7,0,7,0,0,0
2019-01-15 02:00,1,0,1,0,0,0
2019-01-15 02:15,0,0,0,0,0,0
2019-01-15 02:30,2,0,2,0,0,0
2019-01-15 02:45,0,0,0,0,0,0
2019-01-15 03:00,1,0,1,0,0,0
2019-01-15 03:15,1,0,1,0,0,0
2019-01-15 03:30,1,1,0,0,0,0
2019-01-15 03:45,1,1,0,0,0,0
2019-01-15 04:00,0,0,0,0,0,0
2019-01-15 04:15,1,1,0,0,0,0
2019-01-15 04:30,1,1,0,0,0,0
2019-01-15 04:45,2,2,0,0,0,0
2019-01-15 05:00,5,5,0,0,0,0
2019-01-15 05:15,10,7,3,0,0,0
2019-01-15 05:30,15,9,6,0,0,0
2019-01-15 05:45,23,20,3,0,0,0
2019-01-15 06:00,23,20,3,0,0,0
2019-01-15 06:15,30,28,2,0,0,0
2019-01-15 06:30,43,30,13,0,0,0
2019-01-15 06:45,67,42,25,0,0,0
2019-01-15 07:00,82,50,32,0,0,0
2019-01-15 07:15,124,86,38,0,0,0
2019-01-15 07:30,175,114,61,0,0,0
2019-01-15 07:45,163,119,44,0,0,0
2019-01-15 08:00,169,123,46,0,0,0
2019-01-15 08:15,182,144,38,0,0,0
2019-01-15 08:30,142,101,41,0,0,0
2019-01-15 08:45,157,120,37,0,0,0
2019-01-15 09:00,95,63,32,0,0,0
2019-01-15 09:15,100,65,35,0,0,0
2019-01-15 09:30,104,65,39,0,0,0
2019-01-15 09:45,143,100,43,0,0,0
2019-01-15 10:00,108,73,35,0,0,0
2019-01-15 10:15,92,54,38,0,0,0
2019-01-15 10:30,90,46,44,0,0,0
2019-01-15 10:45,100,47,53,0,0,0
2019-01-15 11:00,84,44,40,0,0,0
2019-01-15 11:15,101,49,52,0,0,0
2019-01-15 11:30,103,57,46,0,0,0
2019-01-15 11:45,108,44,64,0,0,0
2019-01-15 12:00,133,63,70,0,0,0
2019-01-15 12:15,139,68,71,0,0,0
2019-01-15 12:30,118,49,69,0,0,0
2019-01-15 12:45,128,49,79,0,0,0
2019-01-15 13:00,143,63,80,0,0,0
2019-01-15 13:15,135,56,79,0,0,0
2019-01-15 13:30,132,53,79,0,0,0
2019-01-15 13:45,174,76,98,0,0,0
2019-01-15 14:00,136,59,77,0,0,0
2019-01-15 14:15,139,53,86,0,0,0
2019-01-15 14:30,108,55,53,0,0,0
2019-01-15 14:45,127,57,70,0,0,0
2019-01-15 15:00,150,59,91,0,0,0
2019-01-15 15:15,142,70,72,0,0,0
2019-01-15 15:30,109,44,65,0,0,0
2019-01-15 15:45,218,92,126,0,0,0
2019-01-15 16:00,191,75,116,0,0,0
2019-01-15 16:15,165,58,107,0,0,0
2019-01-15 16:30,180,71,109,0,0,0
2019-01-15 16:45,166,54,112,0,0,0
2019-01-15 17:00,182,61,121,0,0,0
2019-01-15 17:15,173,71,102,0,0,0
2019-01-15 17:30,169,56,113,0,0,0
2019-01-15 17:45,164,65,99,0,0,0
2019-01-15 18:00,165,44,121,0,0,0
2019-01-15 18:15,145,54,91,0,0,0
2019-01-15 18:30,128,40,88,0,0,0
2019-01-15 18:45,127,41,86,0,0,0
2019-01-15 19:00,131,46,85,0,0,0
2019-01-15 19:15,114,39,75,0,0,0
2019-01-15 19:30,90,32,58,0,0,0
2019-01-15 19:45,118,46,72,0,0,0
2019-01-15 20:00,107,29,78,0,0,0
2019-01-15 20:15,67,17,50,0,0,0
2019-01-15 20:30,58,15,43,0,0,0
2019-01-15 20:45,43,20,23,0,0,0
2019-01-15 21:00,45,15,30,0,0,0
2019-01-15 21:15,51,16,35,0,0,0
2019-01-15 21:30,37,14,23,0,0,0
2019-01-15 21:45,62,17,45,0,0,0
2019-01-15 22:00,57,15,42,0,0,0
2019-01-15 22:15,53,15,38,0,0,0
2019-01-15 22:30,44,17,27,0,0,0
2019-01-15 22:45,28,6,22,0,0,0
2019-01-15 23:00,29,8,21,0,0,0
2019-01-15 23:15,15,5,10,0,0,0
2019-01-15 23:30,31,10,21,0,0,0
2019-01-15 23:45,24,12,12,0,0,0
2019-01-16 00:00,20,8,12,0,0,0
2019-01-16 00:15,11,6,5,0,0,0
2019-01-16 00:30,5,4,1,0,0,0
2019-01-16 00:45,11,4,7,0,0,0
2019-01-16 01:00,8,1,7,0,0,0
2019-01-16 01:15,2,1,1,0,0,0
2019-01-16 01:30,1,0,1,0,0,0
2019-01-16 01:45,8,6,2,0,0,0
2019-01-16 02:00,3,1,2,0,0,0
2019-01-16 02:15,1,1,0,0,0,0
2019-01-16 02:30,0,0,0,0,0,0
2019-01-16 02:45,5,2,3,0,0,0
2019-01-16 03:00,0,0,0,0,0,0
2019-01-16 03:15,4,3,1,0,0,0
2019-01-16 03:30,1,0,1,0,0,0
2019-01-16 03:45,1,1,0,0,0,0
2019-01-16 04:00,0,0,0,0,0,0
2019-01-16 04:15,2,2,0,0,0,0
2019-01-16 04:30,0,0,0,0,0,0
2019-01-16 04:45,3,3,0,0,0,0
2019-01-16 05:00,5,5,0,0,0,0
2019-01-16 05:15,11,9,2,0,0,0
2019-01-16 05:30,15,13,2,0,0,0
2019-01-16 05:45,22,17,5,0,0,0
2019-01-16 06:00,26,17,9,0,0,0
2019-01-16 06:15,42,35,7,0,0,0
2019-01-16 06:30,39,31,8,0,0,0
2019-01-16 06:45,74,52,22,0,0,0
2019-01-16 07:00,71,39,32,0,0,0
2019-01-16 07:15,116,77,39,0,0,0
2019-01-16 07:30,155,109,46,0,0,0
2019-01-16 07:45,204,149,55,0,0,0
2019-01-16 08:00,184,133,51,0,0,0
2019-01-16 08:15,176,130,46,0,0,0
2019-01-16 08:30,123,88,35,0,0,0
2019-01-16 08:45,155,108,47,0,0,0
2019-01-16 09:00,104,82,22,0,0,0
2019-01-16 09:15,114,76,38,0,0,0
2019-01-16 09:30,101,83,18,0,0,0
2019-01-16 09:45,149,114,35,0,0,0
2019-01-16 10:00,143,91,52,0,0,0
2019-01-16 10:15,102,65,37,0,0,0
2019-01-16 10:30,108,57,51,0,0,0
2019-01-16 10:45,106,71,35,0,0,0
2019-01-16 11:00,95,47,48,0,0,0
2019-01-16 11:15,119,59,60,0,0,0
2019-01-16 11:30,115,63,52,0,0,0
2019-01-16 11:45,132,62,70,0,0,0
2019-01-16 12:00,151,68,83,0,0,0
2019-01-16 12:15,128,53,75,0,0,0
2019-01-16 12:30,134,43,91,0,0,0
2019-01-16 12:45,133,54,79,0,0,0
2019-01-16 13:00,143,59,84,0,0,0
2019-01-16 13:15,138,54,84,0,0,0
2019-01-16 13:30,134,46,88,0,0,0
2019-01-16 13:45,171,70,101,0,0,0
2019-01-16 14:00,139,45,94,0,0,0
2019-01-16 14:15,151,53,98,0,0,0
2019-01-16 14:30,118,52,66,0,0,0
2019-01-16 14:45,116,49,67,0,0,0
2019-01-16 15:00,135,55,80,0,0,0
2019-01-16 15:15,119,50,69,0,0,0
2019-01-16 15:30,143,59,84,0,0,0
2019-01-16 15:45,167,71,96,0,0,0
2019-01-16 16:00,160,66,94,0,0,0
2019-01-16 16:15,165,56,109,0,0,0
2019-01-16 16:30,161,71,90,0,0,0
2019-01-16 16:45,168,61,107,0,0,0
2019-01-16 17:00,175,57,118,0,0,0
2019-01-16 17:15,170,63,107,0,0,0
2019-01-16 17:30,157,62,95,0,0,0
2019-01-16 17:45,186,65,121,0,0,0
2019-01-16 18:00,174,65,109,0,0,0
2019-01-16 18:15,173,67,106,0,0,0
2019-01-16 18:30,131,43,88,0,0,0
2019-01-16 18:45,154,63,91,0,0,0
2019-01-16 19:00,127,56,71,0,0,0
2019-01-16 19:15,128,49,79,0,0,0
2019-01-16 19:30,106,41,65,0,0,0
2019-01-16 19:45,108,42,66,0,0,0
2019-01-16 20:00,82,21,61,0,0,0
2019-01-16 20:15,73,21,52,0,0,0
2019-01-16 20:30,78,25,53,0,0,0
2019-01-16 20:45,63,11,52,0,0,0
2019-01-16 21:00,62,23,39,0,0,0
2019-01-16 21:15,49,21,28,0,0,0
2019-01-16 21:30,55,18,37,0,0,0
2019-01-16 21:45,50,15,35,0,0,0
2019-01-16 22:00,55,20,35,0,0,0
2019-01-16 22:15,88,22,66,0,0,0
2019-01-16 22:30,61,15,46,0,0,0
2019-01-16 22:45,55,22,33,0,0,0
2019-01-16 23:00,22,7,15,0,0,0
2019-01-16 23:15,28,11,17,0,0,0
2019-01-16 23:30,26,14,12,0,0,0
2019-01-16 23:45,24,6,18,0,0,0
2019-01-17 00:00,11,1,10,0,0,0
2019-01-17 00:15,16,12,4,0,0,0
2019-01-17 00:30,6,2,4,0,0,0
2019-01-17 00:45,8,1,7,0,0,0
2019-01-17 01:00,14,10,4,0,0,0
2019-01-17 01:15,2,0,2,0,0,0
2019-01-17 01:30,5,2,3,0,0,0
2019-01-17 01:45,0,0,0,0,0,0
2019-01-17 02:00,5,0,5,0,0,0
2019-01-17 02:15,4,2,2,0,0,0
2019-01-17 02:30,5,1,4,0,0,0
2019-01-17 02:45,0,0,0,0,0,0
2019-01-17 03:00,4,0,4,0,0,0
2019-01-17 03:15,4,0,4,0,0,0
2019-01-17 03:30,3,1,2,0,0,0
2019-01-17 03:45,3,2,1,0,0,0
2019-01-17 04:00,2,0,2,0,0,0
2019-01-17 04:15,1,1,0,0,0,0
2019-01-17 04:30,0,0,0,0,0,0
2019-01-17 04:45,3,2,1,0,0,0
2019-01-17 05:00,5,5,0,0,0,0
2019-01-17 05:15,7,6,1,0,0,0
2019-01-17 05:30,16,11,5,0,0,0
2019-01-17 05:45,26,20,6,0,0,0
2019-01-17 06:00,13,12,1,0,0,0
2019-01-17 06:15,30,25,5,0,0,0
2019-01-17 06:30,34,25,9,0,0,0
2019-01-17 06:45,60,43,17,0,0,0
2019-01-17 07:00,60,35,25,0,0,0
2019-01-17 07:15,110,69,41,0,0,0
2019-01-17 07:30,146,95,51,0,0,0
2019-01-17 07:45,174,129,45,0,0,0
2019-01-17 08:00,144,96,48,0,0,0
2019-01-17 08:15,142,96,46,0,0,0
2019-01-17 08:30,113,76,37,0,0,0
2019-01-17 08:45,129,90,39,0,0,0
2019-01-17 09:00,93,57,36,0,0,0
2019-01-17 09:15,75,52,23,0,0,0
2019-01-17 09:30,96,69,27,0,0,0
2019-01-17 09:45,129,96,33,0,0,0
2019-01-17 10:00,125,80,45,0,0,0
2019-01-17 10:15,83,54,29,0,0,0
2019-01-17 10:30,77,34,43,0,0,0
2019-01-17 10:45,111,61,50,0,0,0
2019-01-17 11:00,53,31,22,0,0,0
2019-01-17 11:15,80,36,44,0,0,0
2019-01-17 11:30,99,52,47,0,0,0
2019-01-17 11:45,92,40,52,0,0,0
2019-01-17 12:00,88,37,51,0,0,0
2019-01-17 12:15,83,27,56,0,0,0
2019-01-17 12:30,67,15,52,0,0,0
2019-01-17 12:45,84,34,50,0,0,0
2019-01-17 13:00,84,28,56,0,0,0
2019-01-17 13:15,94,34,60,0,0,0
2019-01-17 13:30,87,31,56,0,0,0
2019-01-17 13:45,106,54,52,0,0,0
2019-01-17 14:00,110,40,70,0,0,0
2019-01-17 14:15,81,27,54,0,0,0
2019-01-17 14:30,68,26,42,0,0,0
2019-01-17 14:45,98,44,54,0,0,0
2019-01-17 15:00,86,28,58,0,0,0
2019-01-17 15:15,89,27,62,0,0,0
2019-01-17 15:30,135,58,77,0,0,0
2019-01-17 15:45,158,65,93,0,0,0
2019-01-17 16:00,144,55,89,0,0,0
2019-01-17 16:15,138,52,86,0,0,0
2019-01-17 16:30,150,69,81,0,0,0
2019-01-17 16:45,146,66,80,0,0,0
2019-01-17 17:00,150,57,93,0,0,0
2019-01-17 17:15,119,41,78,0,0,0
2019-01-17 17:30,120,38,82,0,0,0
2019-01-17 17:45,171,54,117,0,0,0
2019-01-17 18:00,185,64,121,0,0,0
2019-01-17 18:15,145,56,89,0,0,0
2019-01-17 18:30,116,38,78,0,0,0
2019-01-17 18:45,113,46,67,0,0,0
2019-01-17 19:00,97,39,58,0,0,0
2019-01-17 19:15,124,49,75,0,0,0
2019-01-17 19:30,89,23,66,0,0,0
2019-01-17 19:45,97,40,57,0,0,0
2019-01-17 20:00,76,26,50,0,0,0
2019-01-17 20:15,56,21,35,0,0,0
2019-01-17 20:30,53,23,30,0,0,0
2019-01-17 20:45,52,11,41,0,0,0
2019-01-17 21:00,45,12,33,0,0,0
2019-01-17 21:15,49,16,33,0,0,0
2019-01-17 21:30,60,13,47,0,0,0
2019-01-17 21:45,56,23,33,0,0,0
2019-01-17 22:00,51,20,31,0,0,0
2019-01-17 22:15,49,20,29,0,0,0
2019-01-17 22:30,31,9,22,0,0,0
2019-01-17 22:45,28,7,21,0,0,0
2019-01-17 23:00,32,16,16,0,0,0
2019-01-17 23:15,22,3,19,0,0,0
2019-01-17 23:30,22,12,10,0,0,0
2019-01-17 23:45,20,5,15,0,0,0
2019-01-18 00:00,9,2,7,0,0,0
2019-01-18 00:15,13,5,8,0,0,0
2019-01-18 00:30,10,6,4,0,0,0
2019-01-18 00:45,3,1,2,0,0,0
2019-01-18 01:00,9,1,8,0,0,0
2019-01-18 01:15,13,2,11,0,0,0
2019-01-18 01:30,4,0,4,0,0,0
2019-01-18 01:45,3,3,0,0,0,0
2019-01-18 02:00,0,0,0,0,0,0
2019-01-18 02:15,7,1,6,0,0,0
2019-01-18 02:30,3,0,3,0,0,0
2019-01-18 02:45,2,0,2,0,0,0
2019-01-18 03:00,2,0,2,0,0,0
2019-01-18 03:15,0,0,0,0,0,0
2019-01-18 03:30,2,2,0,0,0,0
2019-01-18 03:45,3,2,1,0,0,0
2019-01-18 04:00,1,0,1,0,0,0
2019-01-18 04:15,1,1,0,0,0,0
2019-01-18 04:30,0,0,0,0,0,0
2019-01-18 04:45,0,0,0,0,0,0
2019-01-18 05:00,4,4,0,0,0,0
2019-01-18 05:15,10,5,5,0,0,0
2019-01-18 05:30,14,12,2,0,0,0
2019-01-18 05:45,21,17,4,0,0,0
2019-01-18 06:00,17,13,4,0,0,0
2019-01-18 06:15,25,24,1,0,0,0
2019-01-18 06:30,39,27,12,0,0,0
2019-01-18 06:45,52,34,18,0,0,0
2019-01-18 07:00,59,39,20,0,0,0
2019-01-18 07:15,98,64,34,0,0,0
2019-01-18 07:30,148,96,52,0,0,0
2019-01-18 07:45,157,113,44,0,0,0
2019-01-18 08:00,134,103,31,0,0,0
2019-01-18 08:15,130,94,36,0,0,0
2019-01-18 08:30,103,60,43,0,0,0
2019-01-18 08:45,130,92,38,0,0,0
2019-01-18 09:00,92,63,29,0,0,0
2019-01-18 09:15,98,75,23,0,0,0
2019-01-18 09:30,90,64,26,0,0,0
2019-01-18 09:45,132,89,43,0,0,0
2019-01-18 10:00,102,76,26,0,0,0
2019-01-18 10:15,84,47,37,0,0,0
2019-01-18 10:30,70,32,38,0,0,0
2019-01-18 10:45,88,48,40,0,0,0
2019-01-18 11:00,73,42,31,0,0,0
2019-01-18 11:15,104,59,45,0,0,0
2019-01-18 11:30,117,64,53,0,0,0
2019-01-18 11:45,109,53,56,0,0,0
2019-01-18 12:00,118,54,64,0,0,0
2019-01-18 12:15,112,48,64,0,0,0
2019-01-18 12:30,118,50,68,0,0,0
2019-01-18 12:45,158,61,97,0,0,0
2019-01-18 13:00,145,52,93,0,0,0
2019-01-18 13:15,143,41,102,0,0,0
2019-01-18 13:30,140,52,88,0,0,0
2019-01-18 13:45,176,92,84,0,0,0
2019-01-18 14:00,176,66,110,0,0,0
2019-01-18 14:15,145,52,93,0,0,0
2019-01-18 14:30,132,49,83,0,0,0
2019-01-18 14:45,153,64,89,0,0,0
2019-01-18 15:00,144,61,83,0,0,0
2019-01-18 15:15,173,71,102,0,0,0
2019-01-18 15:30,136,59,77,0,0,0
2019-01-18 15:45,150,68,82,0,0,0
2019-01-18 16:00,164,64,100,0,0,0
2019-01-18 16:15,168,83,85,0,0,0
2019-01-18 16:30,154,74,80,0,0,0
2019-01-18 16:45,145,62,83,0,0,0
2019-01-18 17:00,145,63,82,0,0,0
2019-01-18 17:15,143,52,91,0,0,0
2019-01-18 17:30,137,53,84,0,0,0
2019-01-18 17:45,136,61,75,0,0,0
2019-01-18 18:00,139,44,95,0,0,0
2019-01-18 18:15,137,67,70,0,0,0
2019-01-18 18:30,117,43,74,0,0,0
2019-01-18 18:45,139,56,83,0,0,0
2019-01-18 19:00,116,53,63,0,0,0
2019-01-18 19:15,83,33,50,0,0,0
2019-01-18 19:30,82,33,49,0,0,0
2019-01-18 19:45,102,53,49,0,0,0
2019-01-18 20:00,85,27,58,0,0,0
2019-01-18 20:15,96,48,48,0,0,0
2019-01-18 20:30,56,28,28,0,0,0
2019-01-18 20:45,48,25,23,0,0,0
2019-01-18 21:00,50,16,34,0,0,0
2019-01-18 21:15,46,28,18,0,0,0
2019-01-18 21:30,37,14,23,0,0,0
2019-01-18 21:45,30,9,21,0,0,0
2019-01-18 22:00,33,6,27,0,0,0
2019-01-18 22:15,41,14,27,0,0,0
2019-01-18 22:30,46,17,29,0,0,0
2019-01-18 22:45,64,28,36,0,0,0
2019-01-18 23:00,51,15,36,0,0,0
2019-01-18 23:15,48,16,32,0,0,0
2019-01-18 23:30,33,1,32,0,0,0
2019-01-18 23:45,36,12,24,0,0,0
2019-01-19 00:00,46,14,32,0,0,0
2019-01-19 00:15,30,13,17,0,0,0
2019-01-19 00:30,31,7,24,0,0,0
2019-01-19 00:45,23,6,17,0,0,0
2019-01-19 01:00,24,8,16,0,0,0
2019-01-19 01:15,22,7,15,0,0,0
2019-01-19 01:30,24,1,23,0,0,0
2019-01-19 01:45,11,0,11,0,0,0
2019-01-19 02:00,15,4,11,0,0,0
2019-01-19 02:15,14,3,11,0,0,0
2019-01-19 02:30,20,3,17,0,0,0
2019-01-19 02:45,17,2,15,0,0,0
2019-01-19 03:00,9,1,8,0,0,0
2019-01-19 03:15,4,1,3,0,0,0
2019-01-19 03:30,5,1,4,0,0,0
2019-01-19 03:45,5,3,2,0,0,0
2019-01-19 04:00,11,1,10,0,0,0
2019-01-19 04:15,0,0,0,0,0,0
2019-01-19 04:30,5,2,3,0,0,0
2019-01-19 04:45,9,4,5,0,0,0
2019-01-19 05:00,5,2,3,0,0,0
2019-01-19 05:15,5,2,3,0,0,0
2019-01-19 05:30,7,5,2,0,0,0
2019-01-19 05:45,12,7,5,0,0,0
2019-01-19 06:00,7,3,4,0,0,0
2019-01-19 06:15,8,3,5,0,0,0
2019-01-19 06:30,3,2,1,0,0,0
2019-01-19 06:45,6,6,0,0,0,0
2019-01-19 07:00,4,4,0,0,0,0
2019-01-19 07:15,12,10,2,0,0,0
2019-01-19 07:30,11,7,4,0,0,0
2019-01-19 07:45,31,25,6,0,0,0
2019-01-19 08:00,31,23,8,0,0,0
2019-01-19 08:15,14,7,7,0,0,0
2019-01-19 08:30,30,14,16,0,0,0
2019-01-19 08:45,54,34,20,0,0,0
2019-01-19 09:00,42,31,11,0,0,0
2019-01-19 09:15,54,40,14,0,0,0
2019-01-19 09:30,60,40,20,0,0,0
2019-01-19 09:45,103,75,28,0,0,0
2019-01-19 10:00,81,57,24,0,0,0
2019-01-19 10:15,75,55,20,0,0,0
2019-01-19 10:30,113,69,44,0,0,0
2019-01-19 10:45,107,77,30,0,0,0
2019-01-19 11:00,129,76,53,0,0,0
2019-01-19 11:15,98,65,33,0,0,0
2019-01-19 11:30,126,76,50,0,0,0
2019-01-19 11:45,140,71,69,0,0,0
2019-01-19 12:00,130,81,49,0,0,0
2019-01-19 12:15,138,82,56,0,0,0
2019-01-19 12:30,157,74,83,0,0,0
2019-01-19 12:45,162,90,72,0,0,0
2019-01-19 13:00,172,101,71,0,0,0
2019-01-19 13:15,164,75,89,0,0,0
2019-01-19 13:30,153,81,72,0,0,0
2019-01-19 13:45,150,80,70,0,0,0
2019-01-19 14:00,112,47,65,0,0,0
2019-01-19 14:15,114,52,62,0,0,0
2019-01-19 14:30,138,44,94,0,0,0
2019-01-19 14:45,126,55,71,0,0,0
2019-01-19 15:00,142,46,96,0,0,0
2019-01-19 15:15,108,49,59,0,0,0
2019-01-19 15:30,117,46,71,0,0,0
2019-01-19 15:45,146,57,89,0,0,0
2019-01-19 16:00,115,47,68,0,0,0
2019-01-19 16:15,112,48,64,0,0,0
2019-01-19 16:30,101,43,58,0,0,0
2019-01-19 16:45,99,40,59,0,0,0
2019-01-19 17:00,99,44,55,0,0,0
2019-01-19 17:15,94,37,57,0,0,0
2019-01-19 17:30,106,40,66,0,0,0
2019-01-19 17:45,100,28,72,0,0,0
2019-01-19 18:00,112,31,81,0,0,0
2019-01-19 18:15,117,34,83,0,0,0
2019-01-19 18:30,126,35,91,0,0,0
2019-01-19 18:45,129,54,75,0,0,0
2019-01-19 19:00,88,28,60,0,0,0
2019-01-19 19:15,86,38,48,0,0,0
2019-01-19 19:30,74,38,36,0,0,0
2019-01-19 19:45,71,29,42,0,0,0
2019-01-19 20:00,77,27,50,0,0,0
2019-01-19 20:15,49,28,21,0,0,0
2019-01-19 20:30,55,19,36,0,0,0
2019-01-19 20:45,62,26,36,0,0,0
2019-01-19 21:00,52,21,31,0,0,0
2019-01-19 21:15,24,14,10,0,0,0
2019-01-19 21:30,63,50,13,0,0,0
2019-01-19 21:45,74,48,26,0,0,0
2019-01-19 22:00,45,19,26,0,0,0
2019-01-19 22:15,48,8,40,0,0,0
2019-01-19 22:30,41,21,20,0,0,0
2019-01-19 22:45,44,15,29,0,0,0
2019-01-19 23:00,26,12,14,0,0,0
2019-01-19 23:15,36,12,24,0,0,0
2019-01-19 23:30,41,18,23,0,0,0
2019-01-19 23:45,39,6,33,0,0,0
2019-01-20 00:00,27,14,13,0,0,0
2019-01-20 00:15,30,15,15,0,0,0
2019-01-20 00:30,21,9,12,0,0,0
2019-01-20 00:45,23,6,17,0,0,0
2019-01-20 01:00,23,5,18,0,0,0
2019-01-20 01:15,25,8,17,0,0,0
2019-01-20 01:30,19,8,11,0,0,0
2019-01-20 01:45,14,1,13,0,0,0
2019-01-20 02:00,24,6,18,0,0,0
2019-01-20 02:15,16,8,8,0,0,0
2019-01-20 02:30,13,3,10,0,0,0
2019-01-20 02:45,5,1,4,0,0,0
2019-01-20 03:00,23,3,20,0,0,0
2019-01-20 03:15,13,6,7,0,0,0
2019-01-20 03:30,9,3,6,0,0,0
2019-01-20 03:45,8,2,6,0,0,0
2019-01-20 04:00,15,1,14,0,0,0
2019-01-20 04:15,2,0,2,0,0,0
2019-01-20 04:30,4,3,1,0,0,0
2019-01-20 04:45,1,0,1,0,0,0
2019-01-20 05:00,1,1,0,0,0,0
2019-01-20 05:15,4,0,4,0,0,0
2019-01-20 05:30,4,0,4,0,0,0
2019-01-20 05:45,5,2,3,0,0,0
2019-01-20 06:00,3,0,3,0,0,0
2019-01-20 06:15,5,2,3,0,0,0
2019-01-20 06:30,6,3,3,0,0,0
2019-01-20 06:45,4,3,1,0,0,0
2019-01-20 07:00,2,1,1,0,0,0
2019-01-20 07:15,1,1,0,0,0,0
2019-01-20 07:30,10,6,4,0,0,0
2019-01-20 07:45,16,11,5,0,0,0
2019-01-20 08:00,7,2,5,0,0,0
2019-01-20 08:15,8,7,1,0,0,0
2019-01-20 08:30,8,3,5,0,0,0
2019-01-20 08:45,20,13,7,0,0,0
2019-01-20 09:00,9,6,3,0,0,0
2019-01-20 09:15,15,5,10,0,0,0
2019-01-20 09:30,25,13,12,0,0,0
2019-01-20 09:45,48,28,20,0,0,0
2019-01-20 10:00,29,18,11,0,0,0
2019-01-20 10:15,27,9,18,0,0,0
2019-01-20 10:30,28,16,12,0,0,0
2019-01-20 10:45,26,14,12,0,0,0
2019-01-20 11:00,29,17,12,0,0,0
2019-01-20 11:15,29,14,15,0,0,0
2019-01-20 11:30,23,17,6,0,0,0
2019-01-20 11:45,45,22,23,0,0,0
2019-01-20 12:00,34,19,15,0,0,0
2019-01-20 12:15,49,26,23,0,0,0
2019-01-20 12:30,57,34,23,0,0,0
2019-01-20 12:45,58,33,25,0,0,0
2019-01-20 13:00,45,24,21,0,0,0
2019-01-20 13:15,29,13,16,0,0,0
2019-01-20 13:30,43,16,27,0,0,0
2019-01-20 13:45,75,33,42,0,0,0
2019-01-20 14:00,54,27,27,0,0,0
2019-01-20 14:15,63,35,28,0,0,0
2019-01-20 14:30,53,28,25,0,0,0
2019-01-20 14:45,54,27,27,0,0,0
2019-01-20 15:00,57,37,20,0,0,0
2019-01-20 15:15,63,28,35,0,0,0
2019-01-20 15:30,61,27,34,0,0,0
2019-01-20 15:45,67,20,47,0,0,0
2019-01-20 16:00,55,27,28,0,0,0
2019-01-20 16:15,81,31,50,0,0,0
2019-01-20 16:30,49,17,32,0,0,0
2019-01-20 16:45,69,22,47,0,0,0
2019-01-20 17:00,55,17,38,0,0,0
2019-01-20 17:15,67,20,47,0,0,0
2019-01-20 17:30,64,31,33,0,0,0
2019-01-20 17:45,87,35,52,0,0,0
2019-01-20 18:00,50,30,20,0,0,0
2019-01-20 18:15,46,27,19,0,0,0
2019-01-20 18:30,46,23,23,0,0,0
2019-01-20 18:45,50,23,27,0,0,0
2019-01-20 19:00,47,15,32,0,0,0
2019-01-20 19:15,46,15,31,0,0,0
2019-01-20 19:30,45,25,20,0,0,0
2019-01-20 19:45,47,24,23,0,0,0
2019-01-20 20:00,50,14,36,0,0,0
2019-01-20 20:15,21,7,14,0,0,0
2019-01-20 20:30,28,12,16,0,0,0
2019-01-20 20:45,26,8,18,0,0,0
2019-01-20 21:00,21,6,15,0,0,0
2019-01-20 21:15,21,4,17,0,0,0
2019-01-20 21:30,31,7,24,0,0,0
2019-01-20 21:45,23,12,11,0,0,0
2019-01-20 22:00,21,7,14,0,0,0
2019-01-20 22:15,14,9,5,0,0,0
2019-01-20 22:30,22,13,9,0,0,0
2019-01-20 22:45,14,5,9,0,0,0
2019-01-20 23:00,6,3,3,0,0,0
2019-01-20 23:15,18,5,13,0,0,0
2019-01-20 23:30,10,3,7,0,0,0
2019-01-20 23:45,9,1,8,0,0,0
2019-01-21 00:00,1,0,1,0,0,0
2019-01-21 00:15,2,1,1,0,0,0
2019-01-21 00:30,11,4,7,0,0,0
2019-01-21 00:45,4,2,2,0,0,0
2019-01-21 01:00,2,1,1,0,0,0
2019-01-21 01:15,1,1,0,0,0,0
2019-01-21 01:30,3,0,3,0,0,0
2019-01-21 01:45,1,0,1,0,0,0
2019-01-21 02:00,1,0,1,0,0,0
2019-01-21 02:15,0,0,0,0,0,0
2019-01-21 02:30,0,0,0,0,0,0
2019-01-21 02:45,0,0,0,0,0,0
2019-01-21 03:00,0,0,0,0,0,0
2019-01-21 03:15,3,2,1,0,0,0
2019-01-21 03:30,0,0,0,0,0,0
2019-01-21 03:45,5,3,2,0,0,0
2019-01-21 04:00,0,0,0,0,0,0
2019-01-21 04:15,4,1,3,0,0,0
2019-01-21 04:30,1,1,0,0,0,0
2019-01-21 04:45,3,3,0,0,0,0
2019-01-21 05:00,4,4,0,0,0,0
2019-01-21 05:15,15,12,3,0,0,0
2019-01-21 05:30,9,6,3,0,0,0
2019-01-21 05:45,24,22,2,0,0,0
2019-01-21 06:00,19,14,5,0,0,0
2019-01-21 06:15,41,34,7,0,0,0
2019-01-21 06:30,38,24,14,0,0,0
2019-01-21 06:45,57,39,18,0,0,0
2019-01-21 07:00,77,47,30,0,0,0
2019-01-21 07:15,94,68,26,0,0,0
2019-01-21 07:30,141,96,45,0,0,0
2019-01-21 07:45,183,134,49,0,0,0
2019-01-21 08:00,160,112,48,0,0,0
2019-01-21 08:15,154,104,50,0,0,0
2019-01-21 08:30,98,62,36,0,0,0
2019-01-21 08:45,130,96,34,0,0,0
2019-01-21 09:00,80,57,23,0,0,0
2019-01-21 09:15,92,63,29,0,0,0
2019-01-21 09:30,85,69,16,0,0,0
2019-01-21 09:45,86,60,26,0,0,0
2019-01-21 10:00,96,57,39,0,0,0
2019-01-21 10:15,81,43,38,0,0,0
2019-01-21 10:30,82,46,36,0,0,0
2019-01-21 10:45,95,60,35,0,0,0
2019-01-21 11:00,77,45,32,0,0,0
2019-01-21 11:15,77,45,32,0,0,0
2019-01-21 11:30,107,56,51,0,0,0
2019-01-21 11:45,114,61,53,0,0,0
2019-01-21 12:00,119,55,64,0,0,0
2019-01-21 12:15,98,49,49,0,0,0
2019-01-21 12:30,112,46,66,0,0,0
2019-01-21 12:45,81,31,50,0,0,0
2019-01-21 13:00,125,49,76,0,0,0
2019-01-21 13:15,115,49,66,0,0,0
2019-01-21 13:30,97,42,55,0,0,0
2019-01-21 13:45,150,69,81,0,0,0
2019-01-21 14:00,134,60,74,0,0,0
2019-01-21 14:15,133,70,63,0,0,0
2019-01-21 14:30,127,54,73,0,0,0
2019-01-21 14:45,148,72,76,0,0,0
2019-01-21 15:00,122,47,75,0,0,0
2019-01-21 15:15,131,60,71,0,0,0
2019-01-21 15:30,150,60,90,0,0,0
2019-01-21 15:45,209,73,136,0,0,0
2019-01-21 16:00,154,66,88,0,0,0
2019-01-21 16:15,182,68,114,0,0,0
2019-01-21 16:30,175,60,115,0,0,0
2019-01-21 16:45,175,65,110,0,0,0
2019-01-21 17:00,183,68,115,0,0,0
2019-01-21 17:15,181,60,121,0,0,0
2019-01-21 17:30,166,65,101,0,0,0
2019-01-21 17:45,165,60,105,0,0,0
2019-01-21 18:00,145,44,101,0,0,0
2019-01-21 18:15,135,34,101,0,0,0
2019-01-21 18:30,109,36,73,0,0,0
2019-01-21 18:45,108,38,70,0,0,0
2019-01-21 19:00,120,35,85,0,0,0
2019-01-21 19:15,111,39,72,0,0,0
2019-01-21 19:30,91,31,60,0,0,0
2019-01-21 19:45,105,33,72,0,0,0
2019-01-21 20:00,68,19,49,0,0,0
2019-01-21 20:15,50,22,28,0,0,0
2019-01-21 20:30,55,23,32,0,0,0
2019-01-21 20:45,38,15,23,0,0,0
2019-01-21 21:00,38,8,30,0,0,0
2019-01-21 21:15,40,12,28,0,0,0
2019-01-21 21:30,29,10,19,0,0,0
2019-01-21 21:45,51,12,39,0,0,0
2019-01-21 22:00,42,20,22,0,0,0
2019-01-21 22:15,54,20,34,0,0,0
2019-01-21 22:30,53,14,39,0,0,0
2019-01-21 22:45,29,9,20,0,0,0
2019-01-21 23:00,24,3,21,0,0,0
2019-01-21 23:15,20,12,8,0,0,0
2019-01-21 23:30,17,4,13,0,0,0
2019-01-21 23:45,6,3,3,0,0,0
2019-01-22 00:00,7,4,3,0,0,0
2019-01-22 00:15,10,2,8,0,0,0
2019-01-22 00:30,7,1,6,0,0,0
2019-01-22 00:45,2,0,2,0,0,0
2019-01-22 01:00,6,0,6,0,0,0
2019-01-22 01:15,0,0,0,0,0,0
2019-01-22 01:30,0,0,0,0,0,0
2019-01-22 01:45,0,0,0,0,0,0
2019-01-22 02:00,0,0,0,0,0,0
2019-01-22 02:15,1,0,1,0,0,0
2019-01-22 02:30,0,0,0,0,0,0
2019-01-22 02:45,0,0,0,0,0,0
2019-01-22 03:00,0,0,0,0,0,0
2019-01-22 03:15,2,1,1,0,0,0
2019-01-22 03:30,0,0,0,0,0,0
2019-01-22 03:45,4,4,0,0,0,0
2019-01-22 04:00,2,1,1,0,0,0
2019-01-22 04:15,1,0,1,0,0,0
2019-01-22 04:30,0,0,0,0,0,0
2019-01-22 04:45,3,3,0,0,0,0
2019-01-22 05:00,2,2,0,0,0,0
2019-01-22 05:15,10,6,4,0,0,0
2019-01-22 05:30,14,10,4,0,0,0
2019-01-22 05:45,17,13,4,0,0,0
2019-01-22 06:00,23,19,4,0,0,0
2019-01-22 06:15,30,24,6,0,0,0
2019-01-22 06:30,38,28,10,0,0,0
2019-01-22 06:45,62,41,21,0,0,0
2019-01-22 07:00,66,40,26,0,0,0
2019-01-22 07:15,100,63,37,0,0,0
2019-01-22 07:30,179,113,66,0,0,0
2019-01-22 07:45,169,125,44,0,0,0
2019-01-22 08:00,174,127,47,0,0,0
2019-01-22 08:15,152,113,39,0,0,0
2019-01-22 08:30,128,103,25,0,0,0
2019-01-22 08:45,125,94,31,0,0,0
2019-01-22 09:00,93,65,28,0,0,0
2019-01-22 09:15,95,62,33,0,0,0
2019-01-22 09:30,76,48,28,0,0,0
2019-01-22 09:45,116,67,49,0,0,0
2019-01-22 10:00,90,60,30,0,0,0
2019-01-22 10:15,91,50,41,0,0,0
2019-01-22 10:30,79,40,39,0,0,0
2019-01-22 10:45,80,54,26,0,0,0
2019-01-22 11:00,81,45,36,0,0,0
2019-01-22 11:15,93,46,47,0,0,0
2019-01-22 11:30,108,44,64,0,0,0
2019-01-22 11:45,100,45,55,0,0,0
2019-01-22 12:00,129,63,66,0,0,0
2019-01-22 12:15,109,46,63,0,0,0
2019-01-22 12:30,98,35,63,0,0,0
2019-01-22 12:45,131,71,60,0,0,0
2019-01-22 13:00,131,56,75,0,0,0
2019-01-22 13:15,141,54,87,0,0,0
2019-01-22 13:30,106,47,59,0,0,0
2019-01-22 13:45,135,61,74,0,0,0
2019-01-22 14:00,145,63,82,0,0,0
2019-01-22 14:15,109,49,60,0,0,0
2019-01-22 14:30,97,43,54,0,0,0
2019-01-22 14:45,126,61,65,0,0,0
2019-01-22 15:00,116,52,64,0,0,0
2019-01-22 15:15,152,67,85,0,0,0
2019-01-22 15:30,151,71,80,0,0,0
2019-01-22 15:45,174,72,102,0,0,0
2019-01-22 16:00,163,71,92,0,0,0
2019-01-22 16:15,161,55,106,0,0,0
2019-01-22 16:30,189,70,119,0,0,0
2019-01-22 16:45,167,73,94,0,0,0
2019-01-22 17:00,161,48,113,0,0,0
2019-01-22 17:15,152,46,106,0,0,0
2019-01-22 17:30,173,48,125,0,0,0
2019-01-22 17:45,192,67,125,0,0,0
2019-01-22 18:00,182,52,130,0,0,0
2019-01-22 18:15,161,43,118,0,0,0
2019-01-22 18:30,115,43,72,0,0,0
2019-01-22 18:45,128,51,77,0,0,0
2019-01-22 19:00,122,33,89,0,0,0
2019-01-22 19:15,107,32,75,0,0,0
2019-01-22 19:30,91,37,54,0,0,0
2019-01-22 19:45,92,32,60,0,0,0
2019-01-22 20:00,71,26,45,0,0,0
2019-01-22 20:15,68,25,43,0,0,0
2019-01-22 20:30,46,24,22,0,0,0
2019-01-22 20:45,36,9,27,0,0,0
2019-01-22 21:00,55,23,32,0,0,0
2019-01-22 21:15,50,15,35,0,0,0
2019-01-22 21:30,46,11,35,0,0,0
2019-01-22 21:45,32,6,26,0,0,0
2019-01-22 22:00,55,16,39,0,0,0
2019-01-22 22:15,55,18,37,0,0,0
2019-01-22 22:30,30,9,21,0,0,0
2019-01-22 22:45,26,8,18,0,0,0
2019-01-22 23:00,24,7,17,0,0,0
2019-01-22 23:15,16,1,15,0,0,0
2019-01-22 23:30,6,0,6,0,0,0
2019-01-22 23:45,6,1,5,0,0,0
2019-01-23 00:00,8,6,2,0,0,0
2019-01-23 00:15,11,2,9,0,0,0
2019-01-23 00:30,8,2,6,0,0,0
2019-01-23 00:45,3,0,3,0,0,0
2019-01-23 01:00,1,1,0,0,0,0
2019-01-23 01:15,0,0,0,0,0,0
2019-01-23 01:30,1,0,1,0,0,0
2019-01-23 01:45,2,2,0,0,0,0
2019-01-23 02:00,0,0,0,0,0,0
2019-01-23 02:15,0,0,0,0,0,0
2019-01-23 02:30,1,0,1,0,0,0
2019-01-23 02:45,0,0,0,0,0,0
2019-01-23 03:00,1,0,1,0,0,0
2019-01-23 03:15,2,1,1,0,0,0
2019-01-23 03:30,0,0,0,0,0,0
2019-01-23 03:45,0,0,0,0,0,0
2019-01-23 04:00,0,0,0,0,0,0
2019-01-23 04:15,1,1,0,0,0,0
2019-01-23 04:30,0,0,0,0,0,0
2019-01-23 04:45,6,6,0,0,0,0
2019-01-23 05:00,3,3,0,0,0,0
2019-01-23 05:15,16,11,5,0,0,0
2019-01-23 05:30,8,7,1,0,0,0
2019-01-23 05:45,22,20,2,0,0,0
2019-01-23 06:00,18,13,5,0,0,0
2019-01-23 06:15,30,25,5,0,0,0
2019-01-23 06:30,39,30,9,0,0,0
2019-01-23 06:45,58,42,16,0,0,0
2019-01-23 07:00,71,47,24,0,0,0
2019-01-23 07:15,94,64,30,0,0,0
2019-01-23 07:30,111,72,39,0,0,0
2019-01-23 07:45,176,135,41,0,0,0
2019-01-23 08:00,102,80,22,0,0,0
2019-01-23 08:15,152,95,57,0,0,0
2019-01-23 08:30,97,79,18,0,0,0
2019-01-23 08:45,120,84,36,0,0,0
2019-01-23 09:00,63,39,24,0,0,0
2019-01-23 09:15,88,62,26,0,0,0
2019-01-23 09:30,88,66,22,0,0,0
2019-01-23 09:45,101,74,27,0,0,0
2019-01-23 10:00,92,59,33,0,0,0
2019-01-23 10:15,60,27,33,0,0,0
2019-01-23 10:30,61,37,24,0,0,0
2019-01-23 10:45,83,51,32,0,0,0
2019-01-23 11:00,63,38,25,0,0,0
2019-01-23 11:15,78,41,37,0,0,0
2019-01-23 11:30,73,42,31,0,0,0
2019-01-23 11:45,98,55,43,0,0,0
2019-01-23 12:00,100,47,53,0,0,0
2019-01-23 12:15,85,31,54,0,0,0
2019-01-23 12:30,106,33,73,0,0,0
2019-01-23 12:45,97,38,59,0,0,0
2019-01-23 13:00,115,44,71,0,0,0
2019-01-23 13:15,98,47,51,0,0,0
2019-01-23 13:30,100,39,61,0,0,0
2019-01-23 13:45,130,57,73,0,0,0
2019-01-23 14:00,130,51,79,0,0,0
2019-01-23 14:15,97,28,69,0,0,0
2019-01-23 14:30,104,43,61,0,0,0
2019-01-23 14:45,113,48,65,0,0,0
2019-01-23 15:00,117,50,67,0,0,0
2019-01-23 15:15,89,33,56,0,0,0
2019-01-23 15:30,125,50,75,0,0,0
2019-01-23 15:45,121,42,79,0,0,0
2019-01-23 16:00,134,58,76,0,0,0
2019-01-23 16:15,125,41,84,0,0,0
2019-01-23 16:30,140,47,93,0,0,0
2019-01-23 16:45,123,46,77,0,0,0
2019-01-23 17:00,140,50,90,0,0,0
2019-01-23 17:15,115,37,78,0,0,0
2019-01-23 17:30,155,55,100,0,0,0
2019-01-23 17:45,194,59,135,0,0,0
2019-01-23 18:00,142,55,87,0,0,0
2019-01-23 18:15,132,43,89,0,0,0
2019-01-23 18:30,102,34,68,0,0,0
2019-01-23 18:45,77,36,41,0,0,0
2019-01-23 19:00,111,32,79,0,0,0
2019-01-23 19:15,122,53,69,0,0,0
2019-01-23 19:30,92,24,68,0,0,0
2019-01-23 19:45,84,34,50,0,0,0
2019-01-23 20:00,113,41,72,0,0,0
2019-01-23 20:15,76,28,48,0,0,0
2019-01-23 20:30,67,19,48,0,0,0
2019-01-23 20:45,60,19,41,0,0,0
2019-01-23 21:00,32,14,18,0,0,0
2019-01-23 21:15,31,9,22,0,0,0
2019-01-23 21:30,52,11,41,0,0,0
2019-01-23 21:45,37,11,26,0,0,0
2019-01-23 22:00,33,14,19,0,0,0
2019-01-23 22:15,67,29,38,0,0,0
2019-01-23 22:30,43,15,28,0,0,0
2019-01-23 22:45,55,25,30,0,0,0
2019-01-23 23:00,26,7,19,0,0,0
2019-01-23 23:15,30,17,13,0,0,0
2019-01-23 23:30,14,7,7,0,0,0
2019-01-23 23:45,19,5,14,0,0,0
2019-01-24 00:00,8,4,4,0,0,0
2019-01-24 00:15,16,3,13,0,0,0
2019-01-24 00:30,8,1,7,0,0,0
2019-01-24 00:45,6,0,6,0,0,0
2019-01-24 01:00,5,0,5,0,0,0
2019-01-24 01:15,2,0,2,0,0,0
2019-01-24 01:30,7,3,4,0,0,0
2019-01-24 01:45,3,0,3,0,0,0
2019-01-24 02:00,4,0,4,0,0,0
2019-01-24 02:15,3,2,1,0,0,0
2019-01-24 02:30,4,1,3,0,0,0
2019-01-24 02:45,0,0,0,0,0,0
2019-01-24 03:00,1,0,1,0,0,0
2019-01-24 03:15,2,1,1,0,0,0
2019-01-24 03:30,2,0,2,0,0,0
2019-01-24 03:45,6,2,4,0,0,0
2019-01-24 04:00,0,0,0,0,0,0
2019-01-24 04:15,0,0,0,0,0,0
2019-01-24 04:30,0,0,0,0,0,0
2019-01-24 04:45,6,5,1,0,0,0
2019-01-24 05:00,4,2,2,0,0,0
2019-01-24 05:15,13,10,3,0,0,0
2019-01-24 05:30,13,13,0,0,0,0
2019-01-24 05:45,19,15,4,0,0,0
2019-01-24 06:00,15,10,5,0,0,0
2019-01-24 06:15,25,19,6,0,0,0
2019-01-24 06:30,31,21,10,0,0,0
2019-01-24 06:45,57,39,18,0,0,0
2019-01-24 07:00,62,40,22,0,0,0
2019-01-24 07:15,102,58,44,0,0,0
2019-01-24 07:30,146,80,66,0,0,0
2019-01-24 07:45,152,122,30,0,0,0
2019-01-24 08:00,152,106,46,0,0,0
2019-01-24 08:15,112,77,35,0,0,0
2019-01-24 08:30,104,69,35,0,0,0
2019-01-24 08:45,111,84,27,0,0,0
2019-01-24 09:00,95,69,26,0,0,0
2019-01-24 09:15,78,62,16,0,0,0
2019-01-24 09:30,73,49,24,0,0,0
2019-01-24 09:45,107,74,33,0,0,0
2019-01-24 10:00,77,49,28,0,0,0
2019-01-24 10:15,73,38,35,0,0,0
2019-01-24 10:30,64,36,28,0,0,0
2019-01-24 10:45,79,50,29,0,0,0
2019-01-24 11:00,76,42,34,0,0,0
2019-01-24 11:15,90,38,52,0,0,0
2019-01-24 11:30,83,49,34,0,0,0
2019-01-24 11:45,92,51,41,0,0,0
2019-01-24 12:00,101,43,58,0,0,0
2019-01-24 12:15,96,36,60,0,0,0
2019-01-24 12:30,120,39,81,0,0,0
2019-01-24 12:45,97,42,55,0,0,0
2019-01-24 13:00,92,33,59,0,0,0
2019-01-24 13:15,114,44,70,0,0,0
2019-01-24 13:30,100,47,53,0,0,0
2019-01-24 13:45,120,56,64,0,0,0
2019-01-24 14:00,123,58,65,0,0,0
2019-01-24 14:15,118,48,70,0,0,0
2019-01-24 14:30,113,38,75,0,0,0
2019-01-24 14:45,122,63,59,0,0,0
2019-01-24 15:00,119,53,66,0,0,0
2019-01-24 15:15,111,48,63,0,0,0
2019-01-24 15:30,122,43,79,0,0,0
2019-01-24 15:45,144,55,89,0,0,0
2019-01-24 16:00,143,62,81,0,0,0
2019-01-24 16:15,167,72,95,0,0,0
2019-01-24 16:30,147,55,92,0,0,0
2019-01-24 16:45,123,46,77,0,0,0
2019-01-24 17:00,157,53,104,0,0,0
2019-01-24 17:15,148,63,85,0,0,0
2019-01-24 17:30,128,53,75,0,0,0
2019-01-24 17:45,155,58,97,0,0,0
2019-01-24 18:00,131,34,97,0,0,0
2019-01-24 18:15,147,53,94,0,0,0
2019-01-24 18:30,101,35,66,0,0,0
2019-01-24 18:45,115,36,79,0,0,0
2019-01-24 19:00,104,40,64,0,0,0
2019-01-24 19:15,105,29,76,0,0,0
2019-01-24 19:30,82,28,54,0,0,0
2019-01-24 19:45,79,20,59,0,0,0
2019-01-24 20:00,65,22,43,0,0,0
2019-01-24 20:15,61,18,43,0,0,0
2019-01-24 20:30,60,28,32,0,0,0
2019-01-24 20:45,49,24,25,0,0,0
2019-01-24 21:00,42,14,28,0,0,0
2019-01-24 21:15,40,13,27,0,0,0
2019-01-24 21:30,46,16,30,0,0,0
2019-01-24 21:45,39,14,25,0,0,0
2019-01-24 22:00,35,17,18,0,0,0
2019-01-24 22:15,46,8,38,0,0,0
2019-01-24 22:30,34,20,14,0,0,0
2019-01-24 22:45,25,5,20,0,0,0
2019-01-24 23:00,23,11,12,0,0,0
2019-01-24 23:15,21,2,19,0,0,0
2019-01-24 23:30,26,3,23,0,0,0
2019-01-24 23:45,13,3,10,0,0,0
2019-01-25 00:00,10,3,7,0,0,0
2019-01-25 00:15,15,3,12,0,0,0
2019-01-25 00:30,4,1,3,0,0,0
2019-01-25 00:45,4,0,4,0,0,0
2019-01-25 01:00,2,0,2,0,0,0
2019-01-25 01:15,6,1,5,0,0,0
2019-01-25 01:30,2,0,2,0,0,0
2019-01-25 01:45,5,1,4,0,0,0
2019-01-25 02:00,2,0,2,0,0,0
2019-01-25 02:15,3,0,3,0,0,0
2019-01-25 02:30,0,0,0,0,0,0
2019-01-25 02:45,0,0,0,0,0,0
2019-01-25 03:00,1,1,0,0,0,0
2019-01-25 03:15,1,1,0,0,0,0
2019-01-25 03:30,1,0,1,0,0,0
2019-01-25 03:45,2,2,0,0,0,0
2019-01-25 04:00,1,1,0,0,0,0
2019-01-25 04:15,0,0,0,0,0,0
2019-01-25 04:30,2,1,1,0,0,0
2019-01-25 04:45,4,4,0,0,0,0
2019-01-25 05:00,5,3,2,0,0,0
2019-01-25 05:15,7,7,0,0,0,0
2019-01-25 05:30,13,9,4,0,0,0
2019-01-25 05:45,24,21,3,0,0,0
2019-01-25 06:00,16,8,8,0,0,0
2019-01-25 06:15,28,23,5,0,0,0
2019-01-25 06:30,45,32,13,0,0,0
2019-01-25 06:45,43,27,16,0,0,0
2019-01-25 07:00,52,32,20,0,0,0
2019-01-25 07:15,91,57,34,0,0,0
2019-01-25 07:30,136,88,48,0,0,0
2019-01-25 07:45,142,108,34,0,0,0
2019-01-25 08:00,128,108,20,0,0,0
2019-01-25 08:15,111,76,35,0,0,0
2019-01-25 08:30,93,64,29,0,0,0
2019-01-25 08:45,122,90,32,0,0,0
2019-01-25 09:00,83,58,25,0,0,0
2019-01-25 09:15,75,48,27,0,0,0
2019-01-25 09:30,85,56,29,0,0,0
2019-01-25 09:45,94,63,31,0,0,0
2019-01-25 10:00,80,64,16,0,0,0
2019-01-25 10:15,76,36,40,0,0,0
2019-01-25 10:30,89,59,30,0,0,0
2019-01-25 10:45,89,53,36,0,0,0
2019-01-25 11:00,89,45,44,0,0,0
2019-01-25 11:15,94,41,53,0,0,0
2019-01-25 11:30,91,48,43,0,0,0
2019-01-25 11:45,96,42,54,0,0,0
2019-01-25 12:00,78,33,45,0,0,0
2019-01-25 12:15,144,57,87,0,0,0
2019-01-25 12:30,118,42,76,0,0,0
2019-01-25 12:45,117,43,74,0,0,0
2019-01-25 13:00,132,49,83,0,0,0
2019-01-25 13:15,147,52,95,0,0,0
2019-01-25 13:30,117,41,76,0,0,0
2019-01-25 13:45,131,66,65,0,0,0
2019-01-25 14:00,143,56,87,0,0,0
2019-01-25 14:15,124,53,71,0,0,0
2019-01-25 14:30,121,41,80,0,0,0
2019-01-25 14:45,136,68,68,0,0,0
2019-01-25 15:00,132,54,78,0,0,0
2019-01-25 15:15,134,51,83,0,0,0
2019-01-25 15:30,115,44,71,0,0,0
2019-01-25 15:45,120,35,85,0,0,0
2019-01-25 16:00,115,40,75,0,0,0
2019-01-25 16:15,127,47,80,0,0,0
2019-01-25 16:30,103,35,68,0,0,0
2019-01-25 16:45,118,49,69,0,0,0
2019-01-25 17:00,102,41,61,0,0,0
2019-01-25 17:15,102,37,65,0,0,0
2019-01-25 17:30,79,36,43,0,0,0
2019-01-25 17:45,99,43,56,0,0,0
2019-01-25 18:00,81,27,54,0,0,0
2019-01-25 18:15,82,27,55,0,0,0
2019-01-25 18:30,77,19,58,0,0,0
2019-01-25 18:45,65,28,37,0,0,0
2019-01-25 19:00,76,29,47,0,0,0
2019-01-25 19:15,77,32,45,0,0,0
2019-01-25 19:30,49,23,26,0,0,0
2019-01-25 19:45,78,44,34,0,0,0
2019-01-25 20:00,60,20,40,0,0,0
2019-01-25 20:15,68,26,42,0,0,0
2019-01-25 20:30,39,25,14,0,0,0
2019-01-25 20:45,46,22,24,0,0,0
2019-01-25 21:00,32,16,16,0,0,0
2019-01-25 21:15,31,3,28,0,0,0
2019-01-25 21:30,26,13,13,0,0,0
2019-01-25 21:45,30,10,20,0,0,0
2019-01-25 22:00,30,8,22,0,0,0
2019-01-25 22:15,29,6,23,0,0,0
2019-01-25 22:30,40,14,26,0,0,0
2019-01-25 22:45,28,7,21,0,0,0
2019-01-25 23:00,27,7,20,0,0,0
2019-01-25 23:15,31,13,18,0,0,0
2019-01-25 23:30,21,9,12,0,0,0
2019-01-25 23:45,21,8,13,0,0,0
2019-01-26 00:00,23,9,14,0,0,0
2019-01-26 00:15,23,4,19,0,0,0
2019-01-26 00:30,16,15,1,0,0,0
2019-01-26 00:45,18,8,10,0,0,0
2019-01-26 01:00,21,10,11,0,0,0
2019-01-26 01:15,18,5,13,0,0,0
2019-01-26 01:30,17,5,12,0,0,0
2019-01-26 01:45,6,3,3,0,0,0
2019-01-26 02:00,6,3,3,0,0,0
2019-01-26 02:15,19,3,16,0,0,0
2019-01-26 02:30,9,2,7,0,0,0
2019-01-26 02:45,4,0,4,0,0,0
2019-01-26 03:00,11,4,7,0,0,0
2019-01-26 03:15,5,0,5,0,0,0
2019-01-26 03:30,11,1,10,0,0,0
2019-01-26 03:45,6,2,4,0,0,0
2019-01-26 04:00,4,1,3,0,0,0
2019-01-26 04:15,0,0,0,0,0,0
2019-01-26 04:30,6,1,5,0,0,0
2019-01-26 04:45,5,1,4,0,0,0
2019-01-26 05:00,1,1,0,0,0,0
2019-01-26 05:15,3,2,1,0,0,0
2019-01-26 05:30,9,6,3,0,0,0
2019-01-26 05:45,8,7,1,0,0,0
2019-01-26 06:00,2,1,1,0,0,0
2019-01-26 06:15,3,1,2,0,0,0
2019-01-26 06:30,4,2,2,0,0,0
2019-01-26 06:45,6,5,1,0,0,0
2019-01-26 07:00,7,6,1,0,0,0
2019-01-26 07:15,11,10,1,0,0,0
2019-01-26 07:30,21,10,11,0,0,0
2019-01-26 07:45,18,11,7,0,0,0
2019-01-26 08:00,14,12,2,0,0,0
2019-01-26 08:15,24,17,7,0,0,0
2019-01-26 08:30,16,12,4,0,0,0
2019-01-26 08:45,40,26,14,0,0,0
2019-01-26 09:00,39,29,10,0,0,0
2019-01-26 09:15,35,26,9,0,0,0
2019-01-26 09:30,43,29,14,0,0,0
2019-01-26 09:45,73,55,18,0,0,0
2019-01-26 10:00,39,25,14,0,0,0
2019-01-26 10:15,56,40,16,0,0,0
2019-01-26 10:30,52,36,16,0,0,0
2019-01-26 10:45,54,32,22,0,0,0
2019-01-26 11:00,69,37,32,0,0,0
2019-01-26 11:15,64,36,28,0,0,0
2019-01-26 11:30,58,34,24,0,0,0
2019-01-26 11:45,94,62,32,0,0,0
2019-01-26 12:00,82,37,45,0,0,0
2019-01-26 12:15,56,29,27,0,0,0
2019-01-26 12:30,96,54,42,0,0,0
2019-01-26 12:45,85,41,44,0,0,0
2019-01-26 13:00,90,42,48,0,0,0
2019-01-26 13:15,101,50,51,0,0,0
2019-01-26 13:30,76,39,37,0,0,0
2019-01-26 13:45,90,46,44,0,0,0
2019-01-26 14:00,96,36,60,0,0,0
2019-01-26 14:15,82,38,44,0,0,0
2019-01-26 14:30,93,46,47,0,0,0
2019-01-26 14:45,100,53,47,0,0,0
2019-01-26 15:00,84,37,47,0,0,0
2019-01-26 15:15,112,49,63,0,0,0
2019-01-26 15:30,81,30,51,0,0,0
2019-01-26 15:45,77,33,44,0,0,0
2019-01-26 16:00,86,41,45,0,0,0
2019-01-26 16:15,86,32,54,0,0,0
2019-01-26 16:30,68,40,28,0,0,0
2019-01-26 16:45,96,43,53,0,0,0
2019-01-26 17:00,93,36,57,0,0,0
2019-01-26 17:15,94,36,58,0,0,0
2019-01-26 17:30,91,33,58,0,0,0
2019-01-26 17:45,83,44,39,0,0,0
2019-01-26 18:00,86,39,47,0,0,0
2019-01-26 18:15,99,37,62,0,0,0
2019-01-26 18:30,68,19,49,0,0,0
2019-01-26 18:45,91,44,47,0,0,0
2019-01-26 19:00,72,34,38,0,0,0
2019-01-26 19:15,86,37,49,0,0,0
2019-01-26 19:30,52,20,32,0,0,0
2019-01-26 19:45,57,32,25,0,0,0
2019-01-26 20:00,75,24,51,0,0,0
2019-01-26 20:15,60,25,35,0,0,0
2019-01-26 20:30,53,28,25,0,0,0
2019-01-26 20:45,45,22,23,0,0,0
2019-01-26 21:00,42,20,22,0,0,0
2019-01-26 21:15,33,12,21,0,0,0
2019-01-26 21:30,36,13,23,0,0,0
2019-01-26 21:45,49,10,39,0,0,0
2019-01-26 22:00,42,18,24,0,0,0
2019-01-26 22:15,38,10,28,0,0,0
2019-01-26 22:30,20,4,16,0,0,0
2019-01-26 22:45,29,15,14,0,0,0
2019-01-26 23:00,31,9,22,0,0,0
2019-01-26 23:15,34,14,20,0,0,0
2019-01-26 23:30,28,16,12,0,0,0
2019-01-26 23:45,20,9,11,0,0,0
2019-01-27 00:00,32,23,9,0,0,0
2019-01-27 00:15,43,20,23,0,0,0
2019-01-27 00:30,29,11,18,0,0,0
2019-01-27 00:45,36,11,25,0,0,0
2019-01-27 01:00,13,6,7,0,0,0
2019-01-27 01:15,31,14,17,0,0,0
2019-01-27 01:30,13,3,10,0,0,0
2019-01-27 01:45,16,5,11,0,0,0
2019-01-27 02:00,14,0,14,0,0,0
2019-01-27 02:15,12,7,5,0,0,0
2019-01-27 02:30,11,3,8,0,0,0
2019-01-27 02:45,14,2,12,0,0,0
2019-01-27 03:00,5,1,4,0,0,0
2019-01-27 03:15,15,2,13,0,0,0
2019-01-27 03:30,12,3,9,0,0,0
2019-01-27 03:45,7,5,2,0,0,0
2019-01-27 04:00,5,1,4,0,0,0
2019-01-27 04:15,2,0,2,0,0,0
2019-01-27 04:30,5,1,4,0,0,0
2019-01-27 04:45,3,1,2,0,0,0
2019-01-27 05:00,0,0,0,0,0,0
2019-01-27 05:15,4,3,1,0,0,0
2019-01-27 05:30,3,2,1,0,0,0
2019-01-27 05:45,1,0,1,0,0,0
2019-01-27 06:00,2,1,1,0,0,0
2019-01-27 06:15,2,0,2,0,0,0
2019-01-27 06:30,5,2,3,0,0,0
2019-01-27 06:45,2,2,0,0,0,0
2019-01-27 07:00,0,0,0,0,0,0
2019-01-27 07:15,3,1,2,0,0,0
2019-01-27 07:30,3,1,2,0,0,0
2019-01-27 07:45,16,14,2,0,0,0
2019-01-27 08:00,10,7,3,0,0,0
2019-01-27 08:15,12,7,5,0,0,0
2019-01-27 08:30,7,4,3,0,0,0
2019-01-27 08:45,13,9,4,0,0,0
2019-01-27 09:00,12,10,2,0,0,0
2019-01-27 09:15,28,24,4,0,0,0
2019-01-27 09:30,41,22,19,0,0,0
2019-01-27 09:45,46,32,14,0,0,0
2019-01-27 10:00,25,13,12,0,0,0
2019-01-27 10:15,29,16,13,0,0,0
2019-01-27 10:30,28,18,10,0,0,0
2019-01-27 10:45,27,15,12,0,0,0
2019-01-27 11:00,30,12,18,0,0,0
2019-01-27 11:15,29,15,14,0,0,0
2019-01-27 11:30,21,13,8,0,0,0
2019-01-27 11:45,26,17,9,0,0,0
2019-01-27 12:00,34,15,19,0,0,0
2019-01-27 12:15,32,14,18,0,0,0
2019-01-27 12:30,32,18,14,0,0,0
2019-01-27 12:45,43,16,27,0,0,0
2019-01-27 13:00,38,16,22,0,0,0
2019-01-27 13:15,25,7,18,0,0,0
2019-01-27 13:30,25,13,12,0,0,0
2019-01-27 13:45,34,18,16,0,0,0
2019-01-27 14:00,30,11,19,0,0,0
2019-01-27 14:15,31,14,17,0,0,0
2019-01-27 14:30,37,14,23,0,0,0
2019-01-27 14:45,49,26,23,0,0,0
2019-01-27 15:00,35,9,26,0,0,0
2019-01-27 15:15,32,14,18,0,0,0
2019-01-27 15:30,43,16,27,0,0,0
2019-01-27 15:45,40,27,13,0,0,0
2019-01-27 16:00,33,18,15,0,0,0
2019-01-27 16:15,46,25,21,0,0,0
2019-01-27 16:30,40,9,31,0,0,0
2019-01-27 16:45,44,22,22,0,0,0
2019-01-27 17:00,52,24,28,0,0,0
2019-01-27 17:15,48,23,25,0,0,0
2019-01-27 17:30,37,18,19,0,0,0
2019-01-27 17:45,48,23,25,0,0,0
2019-01-27 18:00,48,15,33,0,0,0
2019-01-27 18:15,29,12,17,0,0,0
2019-01-27 18:30,32,19,13,0,0,0
2019-01-27 18:45,28,17,11,0,0,0
2019-01-27 19:00,36,12,24,0,0,0
2019-01-27 19:15,32,15,17,0,0,0
2019-01-27 19:30,33,18,15,0,0,0
2019-01-27 19:45,52,17,35,0,0,0
2019-01-27 20:00,38,13,25,0,0,0
2019-01-27 20:15,30,13,17,0,0,0
2019-01-27 20:30,23,8,15,0,0,0
2019-01-27 20:45,16,7,9,0,0,0
2019-01-27 21:00,27,8,19,0,0,0
2019-01-27 21:15,18,5,13,0,0,0
2019-01-27 21:30,19,6,13,0,0,0
2019-01-27 21:45,19,7,12,0,0,0
2019-01-27 22:00,17,2,15,0,0,0
2019-01-27 22:15,14,7,7,0,0,0
2019-01-27 22:30,14,5,9,0,0,0
2019-01-27 22:45,13,5,8,0,0,0
2019-01-27 23:00,11,3,8,0,0,0
2019-01-27 23:15,13,2,11,0,0,0
2019-01-27 23:30,2,0,2,0,0,0
2019-01-27 23:45,5,2,3,0,0,0
2019-01-28 00:00,3,0,3,0,0,0
2019-01-28 00:15,2,0,2,0,0,0
2019-01-28 00:30,2,0,2,0,0,0
2019-01-28 00:45,0,0,0,0,0,0
2019-01-28 01:00,4,3,1,0,0,0
2019-01-28 01:15,2,1,1,0,0,0
2019-01-28 01:30,3,0,3,0,0,0
2019-01-28 01:45,0,0,0,0,0,0
2019-01-28 02:00,2,1,1,0,0,0
2019-01-28 02:15,1,0,1,0,0,0
2019-01-28 02:30,0,0,0,0,0,0
2019-01-28 02:45,0,0,0,0,0,0
2019-01-28 03:00,0,0,0,0,0,0
2019-01-28 03:15,1,1,0,0,0,0
2019-01-28 03:30,0,0,0,0,0,0
2019-01-28 03:45,1,0,1,0,0,0
2019-01-28 04:00,1,1,0,0,0,0
2019-01-28 04:15,2,1,1,0,0,0
2019-01-28 04:30,1,1,0,0,0,0
2019-01-28 04:45,4,4,0,0,0,0
2019-01-28 05:00,4,4,0,0,0,0
2019-01-28 05:15,5,3,2,0,0,0
2019-01-28 05:30,13,13,0,0,0,0
2019-01-28 05:45,24,18,6,0,0,0
2019-01-28 06:00,11,8,3,0,0,0
2019-01-28 06:15,29,27,2,0,0,0
2019-01-28 06:30,28,16,12,0,0,0
2019-01-28 06:45,57,39,18,0,0,0
2019-01-28 07:00,53,35,18,0,0,0
2019-01-28 07:15,88,58,30,0,0,0
2019-01-28 07:30,142,94,48,0,0,0
2019-01-28 07:45,163,114,49,0,0,0
2019-01-28 08:00,123,89,34,0,0,0
2019-01-28 08:15,127,94,33,0,0,0
2019-01-28 08:30,110,72,38,0,0,0
2019-01-28 08:45,118,90,28,0,0,0
2019-01-28 09:00,86,63,23,0,0,0
2019-01-28 09:15,73,54,19,0,0,0
2019-01-28 09:30,69,42,27,0,0,0
2019-01-28 09:45,73,50,23,0,0,0
2019-01-28 10:00,61,32,29,0,0,0
2019-01-28 10:15,48,26,22,0,0,0
2019-01-28 10:30,75,42,33,0,0,0
2019-01-28 10:45,97,59,38,0,0,0
2019-01-28 11:00,77,33,44,0,0,0
2019-01-28 11:15,92,35,57,0,0,0
2019-01-28 11:30,76,43,33,0,0,0
2019-01-28 11:45,97,50,47,0,0,0
2019-01-28 12:00,93,38,55,0,0,0
2019-01-28 12:15,106,40,66,0,0,0
2019-01-28 12:30,104,45,59,0,0,0
2019-01-28 12:45,91,45,46,0,0,0
2019-01-28 13:00,83,27,56,0,0,0
2019-01-28 13:15,79,24,55,0,0,0
2019-01-28 13:30,79,29,50,0,0,0
2019-01-28 13:45,106,51,55,0,0,0
2019-01-28 14:00,97,38,59,0,0,0
2019-01-28 14:15,89,29,60,0,0,0
2019-01-28 14:30,83,32,51,0,0,0
2019-01-28 14:45,118,56,62,0,0,0
2019-01-28 15:00,86,26,60,0,0,0
2019-01-28 15:15,91,27,64,0,0,0
2019-01-28 15:30,103,36,67,0,0,0
2019-01-28 15:45,102,39,63,0,0,0
2019-01-28 16:00,119,58,61,0,0,0
2019-01-28 16:15,140,48,92,0,0,0
2019-01-28 16:30,100,23,77,0,0,0
2019-01-28 16:45,128,43,85,0,0,0
2019-01-28 17:00,125,42,83,0,0,0
2019-01-28 17:15,138,43,95,0,0,0
2019-01-28 17:30,124,39,85,0,0,0
2019-01-28 17:45,151,50,101,0,0,0
2019-01-28 18:00,132,36,96,0,0,0
2019-01-28 18:15,118,46,72,0,0,0
2019-01-28 18:30,99,39,60,0,0,0
2019-01-28 18:45,94,29,65,0,0,0
2019-01-28 19:00,104,31,73,0,0,0
2019-01-28 19:15,87,31,56,0,0,0
2019-01-28 19:30,73,18,55,0,0,0
2019-01-28 19:45,81,29,52,0,0,0
2019-01-28 20:00,64,26,38,0,0,0
2019-01-28 20:15,37,14,23,0,0,0
2019-01-28 20:30,32,10,22,0,0,0
2019-01-28 20:45,40,12,28,0,0,0
2019-01-28 21:00,40,13,27,0,0,0
2019-01-28 21:15,40,16,24,0,0,0
2019-01-28 21:30,46,15,31,0,0,0
2019-01-28 21:45,40,13,27,0,0,0
2019-01-28 22:00,29,2,27,0,0,0
2019-01-28 22:15,33,10,23,0,0,0
2019-01-28 22:30,37,10,27,0,0,0
2019-01-28 22:45,27,12,15,0,0,0
2019-01-28 23:00,18,2,16,0,0,0
2019-01-28 23:15,12,3,9,0,0,0
2019-01-28 23:30,6,0,6,0,0,0
2019-01-28 23:45,6,1,5,0,0,0
2019-01-29 00:00,10,7,3,0,0,0
2019-01-29 00:15,6,2,4,0,0,0
2019-01-29 00:30,11,1,10,0,0,0
2019-01-29 00:45,8,0,8,0,0,0
2019-01-29 01:00,3,1,2,0,0,0
2019-01-29 01:15,1,0,1,0,0,0
2019-01-29 01:30,2,1,1,0,0,0
2019-01-29 01:45,1,1,0,0,0,0
2019-01-29 02:00,1,0,1,0,0,0
2019-01-29 02:15,4,2,2,0,0,0
2019-01-29 02:30,1,1,0,0,0,0
2019-01-29 02:45,0,0,0,0,0,0
2019-01-29 03:00,0,0,0,0,0,0
2019-01-29 03:15,3,1,2,0,0,0
2019-01-29 03:30,3,0,3,0,0,0
2019-01-29 03:45,3,1,2,0,0,0
2019-01-29 04:00,0,0,0,0,0,0
2019-01-29 04:15,0,0,0,0,0,0
2019-01-29 04:30,0,0,0,0,0,0
2019-01-29 04:45,1,1,0,0,0,0
2019-01-29 05:00,7,7,0,0,0,0
2019-01-29 05:15,9,5,4,0,0,0
2019-01-29 05:30,16,13,3,0,0,0
2019-01-29 05:45,17,16,1,0,0,0
2019-01-29 06:00,19,14,5,0,0,0
2019-01-29 06:15,25,24,1,0,0,0
2019-01-29 06:30,37,23,14,0,0,0
2019-01-29 06:45,53,40,13,0,0,0
2019-01-29 07:00,78,49,29,0,0,0
2019-01-29 07:15,84,56,28,0,0,0
2019-01-29 07:30,148,99,49,0,0,0
2019-01-29 07:45,169,126,43,0,0,0
2019-01-29 08:00,143,109,34,0,0,0
2019-01-29 08:15,134,97,37,0,0,0
2019-01-29 08:30,131,90,41,0,0,0
2019-01-29 08:45,132,106,26,0,0,0
2019-01-29 09:00,102,72,30,0,0,0
2019-01-29 09:15,111,78,33,0,0,0
2019-01-29 09:30,96,61,35,0,0,0
2019-01-29 09:45,119,81,38,0,0,0
2019-01-29 10:00,82,54,28,0,0,0
2019-01-29 10:15,84,49,35,0,0,0
2019-01-29 10:30,57,36,21,0,0,0
2019-01-29 10:45,71,40,31,0,0,0
2019-01-29 11:00,73,43,30,0,0,0
2019-01-29 11:15,95,49,46,0,0,0
2019-01-29 11:30,111,51,60,0,0,0
2019-01-29 11:45,111,66,45,0,0,0
2019-01-29 12:00,99,37,62,0,0,0
2019-01-29 12:15,114,51,63,0,0,0
2019-01-29 12:30,102,32,70,0,0,0
2019-01-29 12:45,115,56,59,0,0,0
2019-01-29 13:00,112,57,55,0,0,0
2019-01-29 13:15,126,47,79,0,0,0
2019-01-29 13:30,105,50,55,0,0,0
2019-01-29 13:45,125,58,67,0,0,0
2019-01-29 14:00,127,51,76,0,0,0
2019-01-29 14:15,113,52,61,0,0,0
2019-01-29 14:30,100,37,63,0,0,0
2019-01-29 14:45,142,60,82,0,0,0
2019-01-29 15:00,122,56,66,0,0,0
2019-01-29 15:15,153,68,85,0,0,0
2019-01-29 15:30,135,64,71,0,0,0
2019-01-29 15:45,149,55,94,0,0,0
2019-01-29 16:00,151,48,103,0,0,0
2019-01-29 16:15,162,52,110,0,0,0
2019-01-29 16:30,173,62,111,0,0,0
2019-01-29 16:45,183,67,116,0,0,0
2019-01-29 17:00,160,54,106,0,0,0
2019-01-29 17:15,183,72,111,0,0,0
2019-01-29 17:30,156,55,101,0,0,0
2019-01-29 17:45,174,54,120,0,0,0
2019-01-29 18:00,187,60,127,0,0,0
2019-01-29 18:15,174,59,115,0,0,0
2019-01-29 18:30,145,62,83,0,0,0
2019-01-29 18:45,117,54,63,0,0,0
2019-01-29 19:00,119,38,81,0,0,0
2019-01-29 19:15,105,39,66,0,0,0
2019-01-29 19:30,83,26,57,0,0,0
2019-01-29 19:45,82,33,49,0,0,0
2019-01-29 20:00,86,26,60,0,0,0
2019-01-29 20:15,57,23,34,0,0,0
2019-01-29 20:30,65,20,45,0,0,0
2019-01-29 20:45,49,22,27,0,0,0
2019-01-29 21:00,45,17,28,0,0,0
2019-01-29 21:15,52,11,41,0,0,0
2019-01-29 21:30,40,10,30,0,0,0
2019-01-29 21:45,45,15,30,0,0,0
2019-01-29 22:00,53,15,38,0,0,0
2019-01-29 22:15,51,10,41,0,0,0
2019-01-29 22:30,44,10,34,0,0,0
2019-01-29 22:45,36,16,20,0,0,0
2019-01-29 23:00,35,8,27,0,0,0
2019-01-29 23:15,19,5,14,0,0,0
2019-01-29 23:30,20,5,15,0,0,0
2019-01-29 23:45,13,3,10,0,0,0
2019-01-30 00:00,18,3,15,0,0,0
2019-01-30 00:15,10,3,7,0,0,0
2019-01-30 00:30,3,1,2,0,0,0
2019-01-30 00:45,16,9,7,0,0,0
2019-01-30 01:00,4,2,2,0,0,0
2019-01-30 01:15,5,1,4,0,0,0
2019-01-30 01:30,2,0,2,0,0,0
2019-01-30 01:45,1,0,1,0,0,0
2019-01-30 02:00,0,0,0,0,0,0
2019-01-30 02:15,0,0,0,0,0,0
2019-01-30 02:30,4,1,3,0,0,0
2019-01-30 02:45,1,0,1,0,0,0
2019-01-30 03:00,0,0,0,0,0,0
2019-01-30 03:15,1,1,0,0,0,0
2019-01-30 03:30,0,0,0,0,0,0
2019-01-30 03:45,1,0,1,0,0,0
2019-01-30 04:00,1,0,1,0,0,0
2019-01-30 04:15,4,1,3,0,0,0
2019-01-30 04:30,2,2,0,0,0,0
2019-01-30 04:45,1,1,0,0,0,0
2019-01-30 05:00,5,5,0,0,0,0
2019-01-30 05:15,7,6,1,0,0,0
2019-01-30 05:30,16,12,4,0,0,0
2019-01-30 05:45,18,14,4,0,0,0
2019-01-30 06:00,24,14,10,0,0,0
2019-01-30 06:15,41,35,6,0,0,0
2019-01-30 06:30,44,33,11,0,0,0
2019-01-30 06:45,57,37,20,0,0,0
2019-01-30 07:00,68,43,25,0,0,0
2019-01-30 07:15,116,72,44,0,0,0
2019-01-30 07:30,169,103,66,0,0,0
2019-01-30 07:45,175,141,34,0,0,0
2019-01-30 08:00,141,110,31,0,0,0
2019-01-30 08:15,145,101,44,0,0,0
2019-01-30 08:30,132,99,33,0,0,0
2019-01-30 08:45,148,116,32,0,0,0
2019-01-30 09:00,94,57,37,0,0,0
2019-01-30 09:15,110,77,33,0,0,0
2019-01-30 09:30,105,80,25,0,0,0
2019-01-30 09:45,112,83,29,0,0,0
2019-01-30 10:00,82,55,27,0,0,0
2019-01-30 10:15,87,49,38,0,0,0
2019-01-30 10:30,98,57,41,0,0,0
2019-01-30 10:45,108,57,51,0,0,0
2019-01-30 11:00,90,46,44,0,0,0
2019-01-30 11:15,100,58,42,0,0,0
2019-01-30 11:30,122,59,63,0,0,0
2019-01-30 11:45,123,62,61,0,0,0
2019-01-30 12:00,127,45,82,0,0,0
2019-01-30 12:15,105,46,59,0,0,0
2019-01-30 12:30,90,35,55,0,0,0
2019-01-30 12:45,101,44,57,0,0,0
2019-01-30 13:00,129,45,84,0,0,0
2019-01-30 13:15,131,36,95,0,0,0
2019-01-30 13:30,75,28,47,0,0,0
2019-01-30 13:45,126,46,80,0,0,0
2019-01-30 14:00,114,43,71,0,0,0
2019-01-30 14:15,107,38,69,0,0,0
2019-01-30 14:30,96,47,49,0,0,0
2019-01-30 14:45,119,48,71,0,0,0
2019-01-30 15:00,110,44,66,0,0,0
2019-01-30 15:15,96,44,52,0,0,0
2019-01-30 15:30,109,35,74,0,0,0
2019-01-30 15:45,113,42,71,0,0,0
2019-01-30 16:00,122,48,74,0,0,0
2019-01-30 16:15,132,40,92,0,0,0
2019-01-30 16:30,127,43,84,0,0,0
2019-01-30 16:45,111,41,70,0,0,0
2019-01-30 17:00,115,40,75,0,0,0
2019-01-30 17:15,127,49,78,0,0,0
2019-01-30 17:30,130,42,88,0,0,0
2019-01-30 17:45,133,51,82,0,0,0
2019-01-30 18:00,113,32,81,0,0,0
2019-01-30 18:15,101,36,65,0,0,0
2019-01-30 18:30,88,31,57,0,0,0
2019-01-30 18:45,87,37,50,0,0,0
2019-01-30 19:00,79,25,54,0,0,0
2019-01-30 19:15,76,30,46,0,0,0
2019-01-30 19:30,66,26,40,0,0,0
2019-01-30 19:45,74,31,43,0,0,0
2019-01-30 20:00,64,16,48,0,0,0
2019-01-30 20:15,63,21,42,0,0,0
2019-01-30 20:30,40,16,24,0,0,0
2019-01-30 20:45,52,22,30,0,0,0
2019-01-30 21:00,33,4,29,0,0,0
2019-01-30 21:15,40,11,29,0,0,0
2019-01-30 21:30,28,11,17,0,0,0
2019-01-30 21:45,42,7,35,0,0,0
2019-01-30 22:00,37,11,26,0,0,0
2019-01-30 22:15,44,11,33,0,0,0
2019-01-30 22:30,44,9,35,0,0,0
2019-01-30 22:45,25,9,16,0,0,0
2019-01-30 23:00,26,9,17,0,0,0
2019-01-30 23:15,14,4,10,0,0,0
2019-01-30 23:30,17,7,10,0,0,0
2019-01-30 23:45,11,2,9,0,0,0
2019-01-31 00:00,11,3,8,0,0,0
2019-01-31 00:15,17,7,10,0,0,0
2019-01-31 00:30,10,3,7,0,0,0
2019-01-31 00:45,3,0,3,0,0,0
2019-01-31 01:00,8,2,6,0,0,0
2019-01-31 01:15,1,0,1,0,0,0
2019-01-31 01:30,5,1,4,0,0,0
2019-01-31 01:45,10,4,6,0,0,0
2019-01-31 02:00,0,0,0,0,0,0
2019-01-31 02:15,3,1,2,0,0,0
2019-01-31 02:30,6,3,3,0,0,0
2019-01-31 02:45,7,2,5,0,0,0
2019-01-31 03:00,2,0,2,0,0,0
2019-01-31 03:15,2,1,1,0,0,0
2019-01-31 03:30,2,0,2,0,0,0
2019-01-31 03:45,2,1,1,0,0,0
2019-01-31 04:00,4,1,3,0,0,0
2019-01-31 04:15,2,0,2,0,0,0
2019-01-31 04:30,3,2,1,0,0,0
2019-01-31 04:45,6,4,2,0,0,0
2019-01-31 05:00,2,2,0,0,0,0
2019-01-31 05:15,8,5,3,0,0,0
2019-01-31 05:30,12,9,3,0,0,0
2019-01-31 05:45,14,12,2,0,0,0
2019-01-31 06:00,13,10,3,0,0,0
2019-01-31 06:15,25,21,4,0,0,0
2019-01-31 06:30,36,30,6,0,0,0
2019-01-31 06:45,41,27,14,0,0,0
2019-01-31 07:00,53,34,19,0,0,0
2019-01-31 07:15,98,61,37,0,0,0
2019-01-31 07:30,134,89,45,0,0,0
2019-01-31 07:45,151,115,36,0,0,0
2019-01-31 08:00,100,73,27,0,0,0
2019-01-31 08:15,148,101,47,0,0,0
2019-01-31 08:30,100,72,28,0,0,0
2019-01-31 08:45,107,81,26,0,0,0
2019-01-31 09:00,88,58,30,0,0,0
2019-01-31 09:15,84,65,19,0,0,0
2019-01-31 09:30,75,55,20,0,0,0
2019-01-31 09:45,98,76,22,0,0,0
2019-01-31 10:00,85,63,22,0,0,0
2019-01-31 10:15,61,38,23,0,0,0
2019-01-31 10:30,62,40,22,0,0,0
2019-01-31 10:45,68,42,26,0,0,0
2019-01-31 11:00,70,44,26,0,0,0
2019-01-31 11:15,79,32,47,0,0,0
2019-01-31 11:30,92,44,48,0,0,0
2019-01-31 11:45,95,38,57,0,0,0
2019-01-31 12:00,71,31,40,0,0,0
2019-01-31 12:15,75,28,47,0,0,0
2019-01-31 12:30,88,23,65,0,0,0
2019-01-31 12:45,87,44,43,0,0,0
2019-01-31 13:00,96,34,62,0,0,0
2019-01-31 13:15,85,29,56,0,0,0
2019-01-31 13:30,81,33,48,0,0,0
2019-01-31 13:45,118,51,67,0,0,0
2019-01-31 14:00,106,43,63,0,0,0
2019-01-31 14:15,95,45,50,0,0,0
2019-01-31 14:30,93,49,44,0,0,0
2019-01-31 14:45,125,53,72,0,0,0
2019-01-31 15:00,88,37,51,0,0,0
2019-01-31 15:15,107,46,61,0,0,0
2019-01-31 15:30,108,45,63,0,0,0
2019-01-31 15:45,165,90,75,0,0,0
2019-01-31 16:00,125,49,76,0,0,0
2019-01-31 16:15,153,54,99,0,0,0
2019-01-31 16:30,131,48,83,0,0,0
2019-01-31 16:45,167,63,104,0,0,0
2019-01-31 17:00,125,38,87,0,0,0
2019-01-31 17:15,132,56,76,0,0,0
2019-01-31 17:30,123,55,68,0,0,0
2019-01-31 17:45,150,56,94,0,0,0
2019-01-31 18:00,164,58,106,0,0,0
2019-01-31 18:15,131,59,72,0,0,0
2019-01-31 18:30,117,52,65,0,0,0
2019-01-31 18:45,98,46,52,0,0,0
2019-01-31 19:00,102,33,69,0,0,0
2019-01-31 19:15,128,46,82,0,0,0
2019-01-31 19:30,89,42,47,0,0,0
2019-01-31 19:45,82,30,52,0,0,0
2019-01-31 20:00,79,20,59,0,0,0
2019-01-31 20:15,59,17,42,0,0,0
2019-01-31 20:30,44,18,26,0,0,0
2019-01-31 20:45,32,10,22,0,0,0
2019-01-31 21:00,45,13,32,0,0,0
2019-01-31 21:15,64,12,52,0,0,0
2019-01-31 21:30,39,18,21,0,0,0
2019-01-31 21:45,38,12,26,0,0,0
2019-01-31 22:00,36,13,23,0,0,0
2019-01-31 22:15,54,15,39,0,0,0
2019-01-31 22:30,41,8,33,0,0,0
2019-01-31 22:45,40,12,28,0,0,0
2019-01-31 23:00,25,11,14,0,0,0
2019-01-31 23:15,23,11,12,0,0,0
2019-01-31 23:30,13,7,6,0,0,0
2019-01-31 23:45,13,4,9,0,0,0
