Datetime,100034980 (Hammer Straße),101034980 (Hammer Straße stadteinwärts),102034980 (Hammer Straße stadtauswärts),100034980-status,101034980-status,102034980-status
2019-06-01 00:00,40,12,28,0,0,0
2019-06-01 00:15,45,13,32,0,0,0
2019-06-01 00:30,30,13,17,0,0,0
2019-06-01 00:45,25,2,23,0,0,0
2019-06-01 01:00,29,8,21,0,0,0
2019-06-01 01:15,30,6,24,0,0,0
2019-06-01 01:30,17,5,12,0,0,0
2019-06-01 01:45,10,5,5,0,0,0
2019-06-01 02:00,10,4,6,0,0,0
2019-06-01 02:15,17,2,15,0,0,0
2019-06-01 02:30,5,2,3,0,0,0
2019-06-01 02:45,6,1,5,0,0,0
2019-06-01 03:00,12,5,7,0,0,0
2019-06-01 03:15,2,1,1,0,0,0
2019-06-01 03:30,8,1,7,0,0,0
2019-06-01 03:45,4,1,3,0,0,0
2019-06-01 04:00,6,2,4,0,0,0
2019-06-01 04:15,4,2,2,0,0,0
2019-06-01 04:30,9,3,6,0,0,0
2019-06-01 04:45,3,2,1,0,0,0
2019-06-01 05:00,3,2,1,0,0,0
2019-06-01 05:15,5,3,2,0,0,0
2019-06-01 05:30,11,8,3,0,0,0
2019-06-01 05:45,10,6,4,0,0,0
2019-06-01 06:00,9,3,6,0,0,0
2019-06-01 06:15,5,2,3,0,0,0
2019-06-01 06:30,5,3,2,0,0,0
2019-06-01 06:45,9,7,2,0,0,0
2019-06-01 07:00,12,8,4,0,0,0
2019-06-01 07:15,18,14,4,0,0,0
2019-06-01 07:30,20,9,11,0,0,0
2019-06-01 07:45,33,19,14,0,0,0
2019-06-01 08:00,26,20,6,0,0,0
2019-06-01 08:15,31,21,10,0,0,0
2019-06-01 08:30,39,26,13,0,0,0
2019-06-01 08:45,57,41,16,0,0,0
2019-06-01 09:00,69,45,24,0,0,0
2019-06-01 09:15,93,66,27,0,0,0
2019-06-01 09:30,102,71,31,0,0,0
2019-06-01 09:45,123,90,33,0,0,0
2019-06-01 10:00,155,102,53,0,0,0
2019-06-01 10:15,137,82,55,0,0,0
2019-06-01 10:30,149,98,51,0,0,0
2019-06-01 10:45,182,130,52,0,0,0
2019-06-01 11:00,136,87,49,0,0,0
2019-06-01 11:15,149,93,56,0,0,0
2019-06-01 11:30,169,105,64,0,0,0
2019-06-01 11:45,177,90,87,0,0,0
2019-06-01 12:00,178,92,86,0,0,0
2019-06-01 12:15,166,94,72,0,0,0
2019-06-01 12:30,191,85,106,0,0,0
2019-06-01 12:45,183,91,92,0,0,0
2019-06-01 13:00,182,89,93,0,0,0
2019-06-01 13:15,197,95,102,0,0,0
2019-06-01 13:30,174,73,101,0,0,0
2019-06-01 13:45,212,92,120,0,0,0
2019-06-01 14:00,182,83,99,0,0,0
2019-06-01 14:15,187,84,103,0,0,0
2019-06-01 14:30,195,92,103,0,0,0
2019-06-01 14:45,180,78,102,0,0,0
2019-06-01 15:00,155,75,80,0,0,0
2019-06-01 15:15,154,65,89,0,0,0
2019-06-01 15:30,144,63,81,0,0,0
2019-06-01 15:45,145,59,86,0,0,0
2019-06-01 16:00,144,58,86,0,0,0
2019-06-01 16:15,159,73,86,0,0,0
2019-06-01 16:30,126,65,61,0,0,0
2019-06-01 16:45,161,72,89,0,0,0
2019-06-01 17:00,132,63,69,0,0,0
2019-06-01 17:15,143,57,86,0,0,0
2019-06-01 17:30,146,39,107,0,0,0
2019-06-01 17:45,135,70,65,0,0,0
2019-06-01 18:00,152,58,94,0,0,0
2019-06-01 18:15,127,47,80,0,0,0
2019-06-01 18:30,114,32,82,0,0,0
2019-06-01 18:45,142,65,77,0,0,0
2019-06-01 19:00,144,49,95,0,0,0
2019-06-01 19:15,132,42,90,0,0,0
2019-06-01 19:30,116,48,68,0,0,0
2019-06-01 19:45,82,39,43,0,0,0
2019-06-01 20:00,120,35,85,0,0,0
2019-06-01 20:15,87,34,53,0,0,0
2019-06-01 20:30,76,28,48,0,0,0
2019-06-01 20:45,78,19,59,0,0,0
2019-06-01 21:00,60,20,40,0,0,0
2019-06-01 21:15,45,20,25,0,0,0
2019-06-01 21:30,48,23,25,0,0,0
2019-06-01 21:45,68,30,38,0,0,0
2019-06-01 22:00,56,21,35,0,0,0
2019-06-01 22:15,51,18,33,0,0,0
2019-06-01 22:30,45,15,30,0,0,0
2019-06-01 22:45,62,16,46,0,0,0
2019-06-01 23:00,67,21,46,0,0,0
2019-06-01 23:15,67,27,40,0,0,0
2019-06-01 23:30,68,34,34,0,0,0
2019-06-01 23:45,55,14,41,0,0,0
2019-06-02 00:00,53,20,33,0,0,0
2019-06-02 00:15,30,12,18,0,0,0
2019-06-02 00:30,44,10,34,0,0,0
2019-06-02 00:45,32,10,22,0,0,0
2019-06-02 01:00,32,13,19,0,0,0
2019-06-02 01:15,17,3,14,0,0,0
2019-06-02 01:30,27,7,20,0,0,0
2019-06-02 01:45,39,9,30,0,0,0
2019-06-02 02:00,17,6,11,0,0,0
2019-06-02 02:15,16,5,11,0,0,0
2019-06-02 02:30,20,11,9,0,0,0
2019-06-02 02:45,18,3,15,0,0,0
2019-06-02 03:00,13,5,8,0,0,0
2019-06-02 03:15,7,3,4,0,0,0
2019-06-02 03:30,16,6,10,0,0,0
2019-06-02 03:45,3,1,2,0,0,0
2019-06-02 04:00,9,5,4,0,0,0
2019-06-02 04:15,12,6,6,0,0,0
2019-06-02 04:30,3,2,1,0,0,0
2019-06-02 04:45,9,1,8,0,0,0
2019-06-02 05:00,3,0,3,0,0,0
2019-06-02 05:15,3,1,2,0,0,0
2019-06-02 05:30,11,8,3,0,0,0
2019-06-02 05:45,4,2,2,0,0,0
2019-06-02 06:00,3,0,3,0,0,0
2019-06-02 06:15,5,2,3,0,0,0
2019-06-02 06:30,8,4,4,0,0,0
2019-06-02 06:45,7,2,5,0,0,0
2019-06-02 07:00,7,2,5,0,0,0
2019-06-02 07:15,11,7,4,0,0,0
2019-06-02 07:30,5,5,0,0,0,0
2019-06-02 07:45,12,3,9,0,0,0
2019-06-02 08:00,9,4,5,0,0,0
2019-06-02 08:15,8,3,5,0,0,0
2019-06-02 08:30,13,7,6,0,0,0
2019-06-02 08:45,23,14,9,0,0,0
2019-06-02 09:00,28,14,14,0,0,0
2019-06-02 09:15,33,13,20,0,0,0
2019-06-02 09:30,46,30,16,0,0,0
2019-06-02 09:45,66,39,27,0,0,0
2019-06-02 10:00,39,19,20,0,0,0
2019-06-02 10:15,42,26,16,0,0,0
2019-06-02 10:30,59,40,19,0,0,0
2019-06-02 10:45,56,40,16,0,0,0
2019-06-02 11:00,51,26,25,0,0,0
2019-06-02 11:15,35,20,15,0,0,0
2019-06-02 11:30,72,46,26,0,0,0
2019-06-02 11:45,60,25,35,0,0,0
2019-06-02 12:00,69,47,22,0,0,0
2019-06-02 12:15,62,42,20,0,0,0
2019-06-02 12:30,64,22,42,0,0,0
2019-06-02 12:45,84,41,43,0,0,0
2019-06-02 13:00,68,37,31,0,0,0
2019-06-02 13:15,61,35,26,0,0,0
2019-06-02 13:30,85,49,36,0,0,0
2019-06-02 13:45,89,49,40,0,0,0
2019-06-02 14:00,85,52,33,0,0,0
2019-06-02 14:15,89,43,46,0,0,0
2019-06-02 14:30,87,46,41,0,0,0
2019-06-02 14:45,101,37,64,0,0,0
2019-06-02 15:00,79,41,38,0,0,0
2019-06-02 15:15,90,36,54,0,0,0
2019-06-02 15:30,98,47,51,0,0,0
2019-06-02 15:45,95,57,38,0,0,0
2019-06-02 16:00,100,53,47,0,0,0
2019-06-02 16:15,91,43,48,0,0,0
2019-06-02 16:30,93,37,56,0,0,0
2019-06-02 16:45,105,48,57,0,0,0
2019-06-02 17:00,87,34,53,0,0,0
2019-06-02 17:15,78,36,42,0,0,0
2019-06-02 17:30,103,41,62,0,0,0
2019-06-02 17:45,125,54,71,0,0,0
2019-06-02 18:00,124,49,75,0,0,0
2019-06-02 18:15,95,38,57,0,0,0
2019-06-02 18:30,75,31,44,0,0,0
2019-06-02 18:45,96,38,58,0,0,0
2019-06-02 19:00,99,42,57,0,0,0
2019-06-02 19:15,87,44,43,0,0,0
2019-06-02 19:30,87,34,53,0,0,0
2019-06-02 19:45,72,36,36,0,0,0
2019-06-02 20:00,60,20,40,0,0,0
2019-06-02 20:15,61,16,45,0,0,0
2019-06-02 20:30,74,30,44,0,0,0
2019-06-02 20:45,44,17,27,0,0,0
2019-06-02 21:00,53,18,35,0,0,0
2019-06-02 21:15,56,14,42,0,0,0
2019-06-02 21:30,49,18,31,0,0,0
2019-06-02 21:45,41,18,23,0,0,0
2019-06-02 22:00,38,14,24,0,0,0
2019-06-02 22:15,36,11,25,0,0,0
2019-06-02 22:30,35,9,26,0,0,0
2019-06-02 22:45,23,7,16,0,0,0
2019-06-02 23:00,20,9,11,0,0,0
2019-06-02 23:15,18,9,9,0,0,0
2019-06-02 23:30,15,3,12,0,0,0
2019-06-02 23:45,9,2,7,0,0,0
2019-06-03 00:00,13,5,8,0,0,0
2019-06-03 00:15,4,2,2,0,0,0
2019-06-03 00:30,10,4,6,0,0,0
2019-06-03 00:45,4,2,2,0,0,0
2019-06-03 01:00,7,4,3,0,0,0
2019-06-03 01:15,6,3,3,0,0,0
2019-06-03 01:30,0,0,0,0,0,0
2019-06-03 01:45,2,0,2,0,0,0
2019-06-03 02:00,1,0,1,0,0,0
2019-06-03 02:15,2,1,1,0,0,0
2019-06-03 02:30,4,0,4,0,0,0
2019-06-03 02:45,2,2,0,0,0,0
2019-06-03 03:00,1,0,1,0,0,0
2019-06-03 03:15,1,1,0,0,0,0
2019-06-03 03:30,0,0,0,0,0,0
2019-06-03 03:45,0,0,0,0,0,0
2019-06-03 04:00,1,0,1,0,0,0
2019-06-03 04:15,4,2,2,0,0,0
2019-06-03 04:30,2,1,1,0,0,0
2019-06-03 04:45,6,3,3,0,0,0
2019-06-03 05:00,1,1,0,0,0,0
2019-06-03 05:15,6,4,2,0,0,0
2019-06-03 05:30,10,9,1,0,0,0
2019-06-03 05:45,13,8,5,0,0,0
2019-06-03 06:00,12,8,4,0,0,0
2019-06-03 06:15,33,26,7,0,0,0
2019-06-03 06:30,28,17,11,0,0,0
2019-06-03 06:45,58,43,15,0,0,0
2019-06-03 07:00,55,36,19,0,0,0
2019-06-03 07:15,60,35,25,0,0,0
2019-06-03 07:30,99,74,25,0,0,0
2019-06-03 07:45,130,93,37,0,0,0
2019-06-03 08:00,97,73,24,0,0,0
2019-06-03 08:15,78,52,26,0,0,0
2019-06-03 08:30,75,54,21,0,0,0
2019-06-03 08:45,78,63,15,0,0,0
2019-06-03 09:00,67,43,24,0,0,0
2019-06-03 09:15,76,54,22,0,0,0
2019-06-03 09:30,74,54,20,0,0,0
2019-06-03 09:45,108,73,35,0,0,0
2019-06-03 10:00,84,56,28,0,0,0
2019-06-03 10:15,76,42,34,0,0,0
2019-06-03 10:30,74,49,25,0,0,0
2019-06-03 10:45,97,55,42,0,0,0
2019-06-03 11:00,88,50,38,0,0,0
2019-06-03 11:15,84,44,40,0,0,0
2019-06-03 11:30,109,61,48,0,0,0
2019-06-03 11:45,124,66,58,0,0,0
2019-06-03 12:00,131,81,50,0,0,0
2019-06-03 12:15,119,59,60,0,0,0
2019-06-03 12:30,99,47,52,0,0,0
2019-06-03 12:45,125,53,72,0,0,0
2019-06-03 13:00,115,50,65,0,0,0
2019-06-03 13:15,131,59,72,0,0,0
2019-06-03 13:30,131,63,68,0,0,0
2019-06-03 13:45,153,90,63,0,0,0
2019-06-03 14:00,136,74,62,0,0,0
2019-06-03 14:15,129,44,85,0,0,0
2019-06-03 14:30,138,53,85,0,0,0
2019-06-03 14:45,160,67,93,0,0,0
2019-06-03 15:00,156,70,86,0,0,0
2019-06-03 15:15,153,49,104,0,0,0
2019-06-03 15:30,163,60,103,0,0,0
2019-06-03 15:45,194,85,109,0,0,0
2019-06-03 16:00,214,106,108,0,0,0
2019-06-03 16:15,174,68,106,0,0,0
2019-06-03 16:30,167,67,100,0,0,0
2019-06-03 16:45,192,71,121,0,0,0
2019-06-03 17:00,216,93,123,0,0,0
2019-06-03 17:15,188,73,115,0,0,0
2019-06-03 17:30,202,79,123,0,0,0
2019-06-03 17:45,249,88,161,0,0,0
2019-06-03 18:00,203,71,132,0,0,0
2019-06-03 18:15,181,56,125,0,0,0
2019-06-03 18:30,149,58,91,0,0,0
2019-06-03 18:45,134,44,90,0,0,0
2019-06-03 19:00,163,53,110,0,0,0
2019-06-03 19:15,121,52,69,0,0,0
2019-06-03 19:30,111,35,76,0,0,0
2019-06-03 19:45,133,52,81,0,0,0
2019-06-03 20:00,111,47,64,0,0,0
2019-06-03 20:15,66,16,50,0,0,0
2019-06-03 20:30,57,19,38,0,0,0
2019-06-03 20:45,66,21,45,0,0,0
2019-06-03 21:00,61,24,37,0,0,0
2019-06-03 21:15,56,19,37,0,0,0
2019-06-03 21:30,50,16,34,0,0,0
2019-06-03 21:45,56,17,39,0,0,0
2019-06-03 22:00,56,10,46,0,0,0
2019-06-03 22:15,48,20,28,0,0,0
2019-06-03 22:30,47,14,33,0,0,0
2019-06-03 22:45,30,7,23,0,0,0
2019-06-03 23:00,26,10,16,0,0,0
2019-06-03 23:15,35,15,20,0,0,0
2019-06-03 23:30,42,19,23,0,0,0
2019-06-03 23:45,20,7,13,0,0,0
2019-06-04 00:00,13,2,11,0,0,0
2019-06-04 00:15,12,7,5,0,0,0
2019-06-04 00:30,5,1,4,0,0,0
2019-06-04 00:45,19,4,15,0,0,0
2019-06-04 01:00,9,1,8,0,0,0
2019-06-04 01:15,0,0,0,0,0,0
2019-06-04 01:30,3,0,3,0,0,0
2019-06-04 01:45,6,5,1,0,0,0
2019-06-04 02:00,4,1,3,0,0,0
2019-06-04 02:15,2,1,1,0,0,0
2019-06-04 02:30,1,1,0,0,0,0
2019-06-04 02:45,2,2,0,0,0,0
2019-06-04 03:00,3,1,2,0,0,0
2019-06-04 03:15,0,0,0,0,0,0
2019-06-04 03:30,0,0,0,0,0,0
2019-06-04 03:45,2,2,0,0,0,0
2019-06-04 04:00,0,0,0,0,0,0
2019-06-04 04:15,1,1,0,0,0,0
2019-06-04 04:30,2,0,2,0,0,0
2019-06-04 04:45,4,4,0,0,0,0
2019-06-04 05:00,4,4,0,0,0,0
2019-06-04 05:15,11,10,1,0,0,0
2019-06-04 05:30,15,13,2,0,0,0
2019-06-04 05:45,27,21,6,0,0,0
2019-06-04 06:00,30,25,5,0,0,0
2019-06-04 06:15,38,32,6,0,0,0
2019-06-04 06:30,44,26,18,0,0,0
2019-06-04 06:45,78,62,16,0,0,0
2019-06-04 07:00,90,53,37,0,0,0
2019-06-04 07:15,115,70,45,0,0,0
2019-06-04 07:30,181,118,63,0,0,0
2019-06-04 07:45,216,147,69,0,0,0
2019-06-04 08:00,175,136,39,0,0,0
2019-06-04 08:15,176,123,53,0,0,0
2019-06-04 08:30,140,92,48,0,0,0
2019-06-04 08:45,144,109,35,0,0,0
2019-06-04 09:00,111,72,39,0,0,0
2019-06-04 09:15,113,70,43,0,0,0
2019-06-04 09:30,125,86,39,0,0,0
2019-06-04 09:45,161,103,58,0,0,0
2019-06-04 10:00,131,86,45,0,0,0
2019-06-04 10:15,121,72,49,0,0,0
2019-06-04 10:30,118,73,45,0,0,0
2019-06-04 10:45,117,64,53,0,0,0
2019-06-04 11:00,101,45,56,0,0,0
2019-06-04 11:15,128,65,63,0,0,0
2019-06-04 11:30,128,64,64,0,0,0
2019-06-04 11:45,154,82,72,0,0,0
2019-06-04 12:00,192,91,101,0,0,0
2019-06-04 12:15,121,55,66,0,0,0
2019-06-04 12:30,156,58,98,0,0,0
2019-06-04 12:45,175,79,96,0,0,0
2019-06-04 13:00,162,67,95,0,0,0
2019-06-04 13:15,158,71,87,0,0,0
2019-06-04 13:30,173,74,99,0,0,0
2019-06-04 13:45,196,95,101,0,0,0
2019-06-04 14:00,173,76,97,0,0,0
2019-06-04 14:15,172,83,89,0,0,0
2019-06-04 14:30,173,73,100,0,0,0
2019-06-04 14:45,185,91,94,0,0,0
2019-06-04 15:00,198,81,117,0,0,0
2019-06-04 15:15,186,71,115,0,0,0
2019-06-04 15:30,192,83,109,0,0,0
2019-06-04 15:45,213,88,125,0,0,0
2019-06-04 16:00,239,86,153,0,0,0
2019-06-04 16:15,231,94,137,0,0,0
2019-06-04 16:30,241,99,142,0,0,0
2019-06-04 16:45,236,86,150,0,0,0
2019-06-04 17:00,230,90,140,0,0,0
2019-06-04 17:15,252,98,154,0,0,0
2019-06-04 17:30,259,118,141,0,0,0
2019-06-04 17:45,273,103,170,0,0,0
2019-06-04 18:00,241,97,144,0,0,0
2019-06-04 18:15,237,86,151,0,0,0
2019-06-04 18:30,204,82,122,0,0,0
2019-06-04 18:45,172,78,94,0,0,0
2019-06-04 19:00,201,77,124,0,0,0
2019-06-04 19:15,172,75,97,0,0,0
2019-06-04 19:30,159,64,95,0,0,0
2019-06-04 19:45,169,67,102,0,0,0
2019-06-04 20:00,116,40,76,0,0,0
2019-06-04 20:15,95,31,64,0,0,0
2019-06-04 20:30,96,32,64,0,0,0
2019-06-04 20:45,72,24,48,0,0,0
2019-06-04 21:00,90,32,58,0,0,0
2019-06-04 21:15,64,19,45,0,0,0
2019-06-04 21:30,76,20,56,0,0,0
2019-06-04 21:45,86,35,51,0,0,0
2019-06-04 22:00,76,20,56,0,0,0
2019-06-04 22:15,76,20,56,0,0,0
2019-06-04 22:30,76,14,62,0,0,0
2019-06-04 22:45,52,13,39,0,0,0
2019-06-04 23:00,57,13,44,0,0,0
2019-06-04 23:15,31,9,22,0,0,0
2019-06-04 23:30,25,9,16,0,0,0
2019-06-04 23:45,29,7,22,0,0,0
2019-06-05 00:00,14,4,10,0,0,0
2019-06-05 00:15,25,9,16,0,0,0
2019-06-05 00:30,10,3,7,0,0,0
2019-06-05 00:45,6,1,5,0,0,0
2019-06-05 01:00,6,0,6,0,0,0
2019-06-05 01:15,12,0,12,0,0,0
2019-06-05 01:30,2,1,1,0,0,0
2019-06-05 01:45,1,0,1,0,0,0
2019-06-05 02:00,8,4,4,0,0,0
2019-06-05 02:15,1,1,0,0,0,0
2019-06-05 02:30,4,1,3,0,0,0
2019-06-05 02:45,3,1,2,0,0,0
2019-06-05 03:00,2,1,1,0,0,0
2019-06-05 03:15,3,0,3,0,0,0
2019-06-05 03:30,2,0,2,0,0,0
2019-06-05 03:45,1,1,0,0,0,0
2019-06-05 04:00,2,2,0,0,0,0
2019-06-05 04:15,0,0,0,0,0,0
2019-06-05 04:30,4,3,1,0,0,0
2019-06-05 04:45,3,2,1,0,0,0
2019-06-05 05:00,5,5,0,0,0,0
2019-06-05 05:15,7,5,2,0,0,0
2019-06-05 05:30,22,18,4,0,0,0
2019-06-05 05:45,27,16,11,0,0,0
2019-06-05 06:00,34,28,6,0,0,0
2019-06-05 06:15,37,29,8,0,0,0
2019-06-05 06:30,45,30,15,0,0,0
2019-06-05 06:45,77,59,18,0,0,0
2019-06-05 07:00,102,69,33,0,0,0
2019-06-05 07:15,138,95,43,0,0,0
2019-06-05 07:30,163,116,47,0,0,0
2019-06-05 07:45,206,137,69,0,0,0
2019-06-05 08:00,173,137,36,0,0,0
2019-06-05 08:15,155,97,58,0,0,0
2019-06-05 08:30,147,104,43,0,0,0
2019-06-05 08:45,175,125,50,0,0,0
2019-06-05 09:00,133,79,54,0,0,0
2019-06-05 09:15,133,91,42,0,0,0
2019-06-05 09:30,143,101,42,0,0,0
2019-06-05 09:45,173,119,54,0,0,0
2019-06-05 10:00,168,116,52,0,0,0
2019-06-05 10:15,134,89,45,0,0,0
2019-06-05 10:30,137,90,47,0,0,0
2019-06-05 10:45,145,78,67,0,0,0
2019-06-05 11:00,134,65,69,0,0,0
2019-06-05 11:15,149,91,58,0,0,0
2019-06-05 11:30,181,107,74,0,0,0
2019-06-05 11:45,171,89,82,0,0,0
2019-06-05 12:00,165,87,78,0,0,0
2019-06-05 12:15,209,59,150,0,0,0
2019-06-05 12:30,144,49,95,0,0,0
2019-06-05 12:45,170,82,88,0,0,0
2019-06-05 13:00,169,68,101,0,0,0
2019-06-05 13:15,175,70,105,0,0,0
2019-06-05 13:30,163,65,98,0,0,0
2019-06-05 13:45,180,75,105,0,0,0
2019-06-05 14:00,174,81,93,0,0,0
2019-06-05 14:15,154,57,97,0,0,0
2019-06-05 14:30,155,49,106,0,0,0
2019-06-05 14:45,166,81,85,0,0,0
2019-06-05 15:00,157,58,99,0,0,0
2019-06-05 15:15,187,69,118,0,0,0
2019-06-05 15:30,185,73,112,0,0,0
2019-06-05 15:45,228,98,130,0,0,0
2019-06-05 16:00,234,94,140,0,0,0
2019-06-05 16:15,245,92,153,0,0,0
2019-06-05 16:30,224,105,119,0,0,0
2019-06-05 16:45,229,88,141,0,0,0
2019-06-05 17:00,234,96,138,0,0,0
2019-06-05 17:15,280,108,172,0,0,0
2019-06-05 17:30,205,88,117,0,0,0
2019-06-05 17:45,296,127,169,0,0,0
2019-06-05 18:00,245,98,147,0,0,0
2019-06-05 18:15,213,90,123,0,0,0
2019-06-05 18:30,203,89,114,0,0,0
2019-06-05 18:45,222,104,118,0,0,0
2019-06-05 19:00,186,79,107,0,0,0
2019-06-05 19:15,163,74,89,0,0,0
2019-06-05 19:30,164,52,112,0,0,0
2019-06-05 19:45,175,73,102,0,0,0
2019-06-05 20:00,139,43,96,0,0,0
2019-06-05 20:15,113,38,75,0,0,0
2019-06-05 20:30,95,39,56,0,0,0
2019-06-05 20:45,87,45,42,0,0,0
2019-06-05 21:00,81,32,49,0,0,0
2019-06-05 21:15,119,38,81,0,0,0
2019-06-05 21:30,87,32,55,0,0,0
2019-06-05 21:45,88,34,54,0,0,0
2019-06-05 22:00,82,39,43,0,0,0
2019-06-05 22:15,82,21,61,0,0,0
2019-06-05 22:30,59,18,41,0,0,0
2019-06-05 22:45,57,17,40,0,0,0
2019-06-05 23:00,42,12,30,0,0,0
2019-06-05 23:15,39,8,31,0,0,0
2019-06-05 23:30,34,10,24,0,0,0
2019-06-05 23:45,23,2,21,0,0,0
2019-06-06 00:00,20,5,15,0,0,0
2019-06-06 00:15,24,9,15,0,0,0
2019-06-06 00:30,13,4,9,0,0,0
2019-06-06 00:45,15,2,13,0,0,0
2019-06-06 01:00,21,3,18,0,0,0
2019-06-06 01:15,13,1,12,0,0,0
2019-06-06 01:30,11,2,9,0,0,0
2019-06-06 01:45,7,2,5,0,0,0
2019-06-06 02:00,6,3,3,0,0,0
2019-06-06 02:15,7,2,5,0,0,0
2019-06-06 02:30,1,0,1,0,0,0
2019-06-06 02:45,5,2,3,0,0,0
2019-06-06 03:00,7,2,5,0,0,0
2019-06-06 03:15,3,0,3,0,0,0
2019-06-06 03:30,1,0,1,0,0,0
2019-06-06 03:45,0,0,0,0,0,0
2019-06-06 04:00,3,1,2,0,0,0
2019-06-06 04:15,2,0,2,0,0,0
2019-06-06 04:30,2,0,2,0,0,0
2019-06-06 04:45,2,2,0,0,0,0
2019-06-06 05:00,4,4,0,0,0,0
2019-06-06 05:15,12,8,4,0,0,0
2019-06-06 05:30,15,10,5,0,0,0
2019-06-06 05:45,24,14,10,0,0,0
2019-06-06 06:00,24,21,3,0,0,0
2019-06-06 06:15,36,23,13,0,0,0
2019-06-06 06:30,47,35,12,0,0,0
2019-06-06 06:45,68,50,18,0,0,0
2019-06-06 07:00,69,41,28,0,0,0
2019-06-06 07:15,85,58,27,0,0,0
2019-06-06 07:30,138,98,40,0,0,0
2019-06-06 07:45,158,116,42,0,0,0
2019-06-06 08:00,141,105,36,0,0,0
2019-06-06 08:15,170,109,61,0,0,0
2019-06-06 08:30,111,68,43,0,0,0
2019-06-06 08:45,158,109,49,0,0,0
2019-06-06 09:00,112,71,41,0,0,0
2019-06-06 09:15,118,79,39,0,0,0
2019-06-06 09:30,104,61,43,0,0,0
2019-06-06 09:45,154,111,43,0,0,0
2019-06-06 10:00,130,84,46,0,0,0
2019-06-06 10:15,107,57,50,0,0,0
2019-06-06 10:30,102,63,39,0,0,0
2019-06-06 10:45,99,67,32,0,0,0
2019-06-06 11:00,95,59,36,0,0,0
2019-06-06 11:15,112,48,64,0,0,0
2019-06-06 11:30,100,49,51,0,0,0
2019-06-06 11:45,128,67,61,0,0,0
2019-06-06 12:00,146,72,74,0,0,0
2019-06-06 12:15,136,59,77,0,0,0
2019-06-06 12:30,120,61,59,0,0,0
2019-06-06 12:45,130,63,67,0,0,0
2019-06-06 13:00,141,54,87,0,0,0
2019-06-06 13:15,151,71,80,0,0,0
2019-06-06 13:30,126,57,69,0,0,0
2019-06-06 13:45,166,89,77,0,0,0
2019-06-06 14:00,162,70,92,0,0,0
2019-06-06 14:15,157,76,81,0,0,0
2019-06-06 14:30,159,69,90,0,0,0
2019-06-06 14:45,142,76,66,0,0,0
2019-06-06 15:00,141,60,81,0,0,0
2019-06-06 15:15,161,68,93,0,0,0
2019-06-06 15:30,168,75,93,0,0,0
2019-06-06 15:45,193,92,101,0,0,0
2019-06-06 16:00,190,75,115,0,0,0
2019-06-06 16:15,211,96,115,0,0,0
2019-06-06 16:30,189,77,112,0,0,0
2019-06-06 16:45,224,92,132,0,0,0
2019-06-06 17:00,219,73,146,0,0,0
2019-06-06 17:15,207,85,122,0,0,0
2019-06-06 17:30,216,85,131,0,0,0
2019-06-06 17:45,196,77,119,0,0,0
2019-06-06 18:00,205,64,141,0,0,0
2019-06-06 18:15,227,97,130,0,0,0
2019-06-06 18:30,189,69,120,0,0,0
2019-06-06 18:45,174,67,107,0,0,0
2019-06-06 19:00,159,56,103,0,0,0
2019-06-06 19:15,151,46,105,0,0,0
2019-06-06 19:30,134,51,83,0,0,0
2019-06-06 19:45,118,29,89,0,0,0
2019-06-06 20:00,125,38,87,0,0,0
2019-06-06 20:15,94,40,54,0,0,0
2019-06-06 20:30,90,30,60,0,0,0
2019-06-06 20:45,76,33,43,0,0,0
2019-06-06 21:00,69,26,43,0,0,0
2019-06-06 21:15,75,20,55,0,0,0
2019-06-06 21:30,73,28,45,0,0,0
2019-06-06 21:45,75,25,50,0,0,0
2019-06-06 22:00,70,29,41,0,0,0
2019-06-06 22:15,60,20,40,0,0,0
2019-06-06 22:30,77,35,42,0,0,0
2019-06-06 22:45,71,20,51,0,0,0
2019-06-06 23:00,44,9,35,0,0,0
2019-06-06 23:15,35,16,19,0,0,0
2019-06-06 23:30,24,5,19,0,0,0
2019-06-06 23:45,29,3,26,0,0,0
2019-06-07 00:00,17,6,11,0,0,0
2019-06-07 00:15,24,6,18,0,0,0
2019-06-07 00:30,9,5,4,0,0,0
2019-06-07 00:45,12,4,8,0,0,0
2019-06-07 01:00,10,6,4,0,0,0
2019-06-07 01:15,7,1,6,0,0,0
2019-06-07 01:30,11,2,9,0,0,0
2019-06-07 01:45,4,1,3,0,0,0
2019-06-07 02:00,5,1,4,0,0,0
2019-06-07 02:15,4,0,4,0,0,0
2019-06-07 02:30,3,0,3,0,0,0
2019-06-07 02:45,5,2,3,0,0,0
2019-06-07 03:00,2,0,2,0,0,0
2019-06-07 03:15,0,0,0,0,0,0
2019-06-07 03:30,1,1,0,0,0,0
2019-06-07 03:45,2,2,0,0,0,0
2019-06-07 04:00,2,0,2,0,0,0
2019-06-07 04:15,0,0,0,0,0,0
2019-06-07 04:30,3,0,3,0,0,0
2019-06-07 04:45,5,4,1,0,0,0
2019-06-07 05:00,3,3,0,0,0,0
2019-06-07 05:15,5,3,2,0,0,0
2019-06-07 05:30,14,11,3,0,0,0
2019-06-07 05:45,31,21,10,0,0,0
2019-06-07 06:00,23,18,5,0,0,0
2019-06-07 06:15,47,33,14,0,0,0
2019-06-07 06:30,46,27,19,0,0,0
2019-06-07 06:45,71,50,21,0,0,0
2019-06-07 07:00,83,53,30,0,0,0
2019-06-07 07:15,97,60,37,0,0,0
2019-06-07 07:30,156,105,51,0,0,0
2019-06-07 07:45,176,115,61,0,0,0
2019-06-07 08:00,124,89,35,0,0,0
2019-06-07 08:15,137,94,43,0,0,0
2019-06-07 08:30,129,83,46,0,0,0
2019-06-07 08:45,157,101,56,0,0,0
2019-06-07 09:00,100,73,27,0,0,0
2019-06-07 09:15,115,72,43,0,0,0
2019-06-07 09:30,101,66,35,0,0,0
2019-06-07 09:45,151,102,49,0,0,0
2019-06-07 10:00,139,90,49,0,0,0
2019-06-07 10:15,109,54,55,0,0,0
2019-06-07 10:30,144,81,63,0,0,0
2019-06-07 10:45,160,87,73,0,0,0
2019-06-07 11:00,109,63,46,0,0,0
2019-06-07 11:15,122,58,64,0,0,0
2019-06-07 11:30,145,79,66,0,0,0
2019-06-07 11:45,138,57,81,0,0,0
2019-06-07 12:00,131,55,76,0,0,0
2019-06-07 12:15,201,93,108,0,0,0
2019-06-07 12:30,184,76,108,0,0,0
2019-06-07 12:45,184,67,117,0,0,0
2019-06-07 13:00,189,68,121,0,0,0
2019-06-07 13:15,174,62,112,0,0,0
2019-06-07 13:30,216,88,128,0,0,0
2019-06-07 13:45,190,79,111,0,0,0
2019-06-07 14:00,185,74,111,0,0,0
2019-06-07 14:15,178,70,108,0,0,0
2019-06-07 14:30,211,81,130,0,0,0
2019-06-07 14:45,209,101,108,0,0,0
2019-06-07 15:00,191,81,110,0,0,0
2019-06-07 15:15,217,102,115,0,0,0
2019-06-07 15:30,172,66,106,0,0,0
2019-06-07 15:45,207,86,121,0,0,0
2019-06-07 16:00,200,87,113,0,0,0
2019-06-07 16:15,215,87,128,0,0,0
2019-06-07 16:30,168,70,98,0,0,0
2019-06-07 16:45,170,72,98,0,0,0
2019-06-07 17:00,200,69,131,0,0,0
2019-06-07 17:15,174,68,106,0,0,0
2019-06-07 17:30,168,67,101,0,0,0
2019-06-07 17:45,180,73,107,0,0,0
2019-06-07 18:00,159,54,105,0,0,0
2019-06-07 18:15,189,80,109,0,0,0
2019-06-07 18:30,159,42,117,0,0,0
2019-06-07 18:45,150,58,92,0,0,0
2019-06-07 19:00,102,40,62,0,0,0
2019-06-07 19:15,80,30,50,0,0,0
2019-06-07 19:30,132,51,81,0,0,0
2019-06-07 19:45,120,51,69,0,0,0
2019-06-07 20:00,78,27,51,0,0,0
2019-06-07 20:15,81,37,44,0,0,0
2019-06-07 20:30,74,31,43,0,0,0
2019-06-07 20:45,83,39,44,0,0,0
2019-06-07 21:00,55,25,30,0,0,0
2019-06-07 21:15,55,26,29,0,0,0
2019-06-07 21:30,54,22,32,0,0,0
2019-06-07 21:45,44,21,23,0,0,0
2019-06-07 22:00,69,22,47,0,0,0
2019-06-07 22:15,37,10,27,0,0,0
2019-06-07 22:30,38,16,22,0,0,0
2019-06-07 22:45,37,8,29,0,0,0
2019-06-07 23:00,34,14,20,0,0,0
2019-06-07 23:15,38,11,27,0,0,0
2019-06-07 23:30,31,7,24,0,0,0
2019-06-07 23:45,37,13,24,0,0,0
2019-06-08 00:00,50,16,34,0,0,0
2019-06-08 00:15,25,3,22,0,0,0
2019-06-08 00:30,28,12,16,0,0,0
2019-06-08 00:45,30,10,20,0,0,0
2019-06-08 01:00,33,19,14,0,0,0
2019-06-08 01:15,23,9,14,0,0,0
2019-06-08 01:30,18,3,15,0,0,0
2019-06-08 01:45,14,5,9,0,0,0
2019-06-08 02:00,17,2,15,0,0,0
2019-06-08 02:15,5,2,3,0,0,0
2019-06-08 02:30,10,1,9,0,0,0
2019-06-08 02:45,9,0,9,0,0,0
2019-06-08 03:00,11,6,5,0,0,0
2019-06-08 03:15,4,0,4,0,0,0
2019-06-08 03:30,8,7,1,0,0,0
2019-06-08 03:45,9,3,6,0,0,0
2019-06-08 04:00,10,1,9,0,0,0
2019-06-08 04:15,2,0,2,0,0,0
2019-06-08 04:30,1,1,0,0,0,0
2019-06-08 04:45,3,1,2,0,0,0
2019-06-08 05:00,2,0,2,0,0,0
2019-06-08 05:15,12,1,11,0,0,0
2019-06-08 05:30,12,5,7,0,0,0
2019-06-08 05:45,10,9,1,0,0,0
2019-06-08 06:00,5,2,3,0,0,0
2019-06-08 06:15,9,6,3,0,0,0
2019-06-08 06:30,13,8,5,0,0,0
2019-06-08 06:45,9,4,5,0,0,0
2019-06-08 07:00,12,7,5,0,0,0
2019-06-08 07:15,14,10,4,0,0,0
2019-06-08 07:30,19,13,6,0,0,0
2019-06-08 07:45,32,24,8,0,0,0
2019-06-08 08:00,27,20,7,0,0,0
2019-06-08 08:15,34,18,16,0,0,0
2019-06-08 08:30,43,28,15,0,0,0
2019-06-08 08:45,52,33,19,0,0,0
2019-06-08 09:00,43,35,8,0,0,0
2019-06-08 09:15,67,45,22,0,0,0
2019-06-08 09:30,60,43,17,0,0,0
2019-06-08 09:45,96,70,26,0,0,0
2019-06-08 10:00,80,50,30,0,0,0
2019-06-08 10:15,85,60,25,0,0,0
2019-06-08 10:30,94,57,37,0,0,0
2019-06-08 10:45,111,76,35,0,0,0
2019-06-08 11:00,123,71,52,0,0,0
2019-06-08 11:15,92,62,30,0,0,0
2019-06-08 11:30,134,80,54,0,0,0
2019-06-08 11:45,152,85,67,0,0,0
2019-06-08 12:00,133,75,58,0,0,0
2019-06-08 12:15,142,65,77,0,0,0
2019-06-08 12:30,149,77,72,0,0,0
2019-06-08 12:45,161,93,68,0,0,0
2019-06-08 13:00,145,77,68,0,0,0
2019-06-08 13:15,124,67,57,0,0,0
2019-06-08 13:30,131,71,60,0,0,0
2019-06-08 13:45,147,84,63,0,0,0
2019-06-08 14:00,158,69,89,0,0,0
2019-06-08 14:15,133,47,86,0,0,0
2019-06-08 14:30,117,39,78,0,0,0
2019-06-08 14:45,148,64,84,0,0,0
2019-06-08 15:00,113,37,76,0,0,0
2019-06-08 15:15,136,62,74,0,0,0
2019-06-08 15:30,151,66,85,0,0,0
2019-06-08 15:45,84,43,41,0,0,0
2019-06-08 16:00,134,62,72,0,0,0
2019-06-08 16:15,98,39,59,0,0,0
2019-06-08 16:30,87,47,40,0,0,0
2019-06-08 16:45,125,50,75,0,0,0
2019-06-08 17:00,114,59,55,0,0,0
2019-06-08 17:15,111,49,62,0,0,0
2019-06-08 17:30,101,50,51,0,0,0
2019-06-08 17:45,102,43,59,0,0,0
2019-06-08 18:00,109,28,81,0,0,0
2019-06-08 18:15,129,39,90,0,0,0
2019-06-08 18:30,106,51,55,0,0,0
2019-06-08 18:45,102,35,67,0,0,0
2019-06-08 19:00,85,40,45,0,0,0
2019-06-08 19:15,86,35,51,0,0,0
2019-06-08 19:30,72,24,48,0,0,0
2019-06-08 19:45,84,35,49,0,0,0
2019-06-08 20:00,57,17,40,0,0,0
2019-06-08 20:15,56,25,31,0,0,0
2019-06-08 20:30,42,18,24,0,0,0
2019-06-08 20:45,52,20,32,0,0,0
2019-06-08 21:00,41,24,17,0,0,0
2019-06-08 21:15,33,17,16,0,0,0
2019-06-08 21:30,30,7,23,0,0,0
2019-06-08 21:45,37,16,21,0,0,0
2019-06-08 22:00,42,14,28,0,0,0
2019-06-08 22:15,50,14,36,0,0,0
2019-06-08 22:30,37,20,17,0,0,0
2019-06-08 22:45,28,14,14,0,0,0
2019-06-08 23:00,30,8,22,0,0,0
2019-06-08 23:15,53,22,31,0,0,0
2019-06-08 23:30,30,7,23,0,0,0
2019-06-08 23:45,46,20,26,0,0,0
2019-06-09 00:00,34,9,25,0,0,0
2019-06-09 00:15,13,4,9,0,0,0
2019-06-09 00:30,9,2,7,0,0,0
2019-06-09 00:45,23,5,18,0,0,0
2019-06-09 01:00,24,7,17,0,0,0
2019-06-09 01:15,30,15,15,0,0,0
2019-06-09 01:30,19,3,16,0,0,0
2019-06-09 01:45,7,2,5,0,0,0
2019-06-09 02:00,12,1,11,0,0,0
2019-06-09 02:15,10,5,5,0,0,0
2019-06-09 02:30,4,2,2,0,0,0
2019-06-09 02:45,9,3,6,0,0,0
2019-06-09 03:00,15,3,12,0,0,0
2019-06-09 03:15,6,2,4,0,0,0
2019-06-09 03:30,9,2,7,0,0,0
2019-06-09 03:45,8,1,7,0,0,0
2019-06-09 04:00,10,1,9,0,0,0
2019-06-09 04:15,8,1,7,0,0,0
2019-06-09 04:30,7,1,6,0,0,0
2019-06-09 04:45,7,1,6,0,0,0
2019-06-09 05:00,0,0,0,0,0,0
2019-06-09 05:15,3,1,2,0,0,0
2019-06-09 05:30,9,3,6,0,0,0
2019-06-09 05:45,6,3,3,0,0,0
2019-06-09 06:00,2,0,2,0,0,0
2019-06-09 06:15,4,2,2,0,0,0
2019-06-09 06:30,8,4,4,0,0,0
2019-06-09 06:45,3,0,3,0,0,0
2019-06-09 07:00,5,1,4,0,0,0
2019-06-09 07:15,8,5,3,0,0,0
2019-06-09 07:30,4,4,0,0,0,0
2019-06-09 07:45,7,6,1,0,0,0
2019-06-09 08:00,10,6,4,0,0,0
2019-06-09 08:15,14,8,6,0,0,0
2019-06-09 08:30,8,5,3,0,0,0
2019-06-09 08:45,14,10,4,0,0,0
2019-06-09 09:00,19,10,9,0,0,0
2019-06-09 09:15,32,24,8,0,0,0
2019-06-09 09:30,33,23,10,0,0,0
2019-06-09 09:45,61,38,23,0,0,0
2019-06-09 10:00,37,19,18,0,0,0
2019-06-09 10:15,29,20,9,0,0,0
2019-06-09 10:30,33,17,16,0,0,0
2019-06-09 10:45,65,26,39,0,0,0
2019-06-09 11:00,51,28,23,0,0,0
2019-06-09 11:15,42,17,25,0,0,0
2019-06-09 11:30,71,34,37,0,0,0
2019-06-09 11:45,53,30,23,0,0,0
2019-06-09 12:00,59,36,23,0,0,0
2019-06-09 12:15,56,32,24,0,0,0
2019-06-09 12:30,66,43,23,0,0,0
2019-06-09 12:45,67,35,32,0,0,0
2019-06-09 13:00,57,29,28,0,0,0
2019-06-09 13:15,45,32,13,0,0,0
2019-06-09 13:30,68,44,24,0,0,0
2019-06-09 13:45,69,43,26,0,0,0
2019-06-09 14:00,78,42,36,0,0,0
2019-06-09 14:15,90,48,42,0,0,0
2019-06-09 14:30,84,44,40,0,0,0
2019-06-09 14:45,110,55,55,0,0,0
2019-06-09 15:00,100,57,43,0,0,0
2019-06-09 15:15,105,49,56,0,0,0
2019-06-09 15:30,75,40,35,0,0,0
2019-06-09 15:45,99,52,47,0,0,0
2019-06-09 16:00,90,40,50,0,0,0
2019-06-09 16:15,104,55,49,0,0,0
2019-06-09 16:30,91,45,46,0,0,0
2019-06-09 16:45,106,57,49,0,0,0
2019-06-09 17:00,96,42,54,0,0,0
2019-06-09 17:15,97,32,65,0,0,0
2019-06-09 17:30,97,31,66,0,0,0
2019-06-09 17:45,93,42,51,0,0,0
2019-06-09 18:00,80,24,56,0,0,0
2019-06-09 18:15,72,28,44,0,0,0
2019-06-09 18:30,71,30,41,0,0,0
2019-06-09 18:45,94,48,46,0,0,0
2019-06-09 19:00,87,51,36,0,0,0
2019-06-09 19:15,81,45,36,0,0,0
2019-06-09 19:30,108,64,44,0,0,0
2019-06-09 19:45,115,75,40,0,0,0
2019-06-09 20:00,144,118,26,0,0,0
2019-06-09 20:15,133,92,41,0,0,0
2019-06-09 20:30,71,46,25,0,0,0
2019-06-09 20:45,71,32,39,0,0,0
2019-06-09 21:00,58,19,39,0,0,0
2019-06-09 21:15,64,13,51,0,0,0
2019-06-09 21:30,63,12,51,0,0,0
2019-06-09 21:45,86,18,68,0,0,0
2019-06-09 22:00,148,9,139,0,0,0
2019-06-09 22:15,61,8,53,0,0,0
2019-06-09 22:30,28,9,19,0,0,0
2019-06-09 22:45,32,9,23,0,0,0
2019-06-09 23:00,47,8,39,0,0,0
2019-06-09 23:15,39,6,33,0,0,0
2019-06-09 23:30,45,6,39,0,0,0
2019-06-09 23:45,23,7,16,0,0,0
2019-06-10 00:00,28,8,20,0,0,0
2019-06-10 00:15,15,3,12,0,0,0
2019-06-10 00:30,22,4,18,0,0,0
2019-06-10 00:45,27,6,21,0,0,0
2019-06-10 01:00,15,5,10,0,0,0
2019-06-10 01:15,12,1,11,0,0,0
2019-06-10 01:30,12,5,7,0,0,0
2019-06-10 01:45,9,2,7,0,0,0
2019-06-10 02:00,2,0,2,0,0,0
2019-06-10 02:15,7,3,4,0,0,0
2019-06-10 02:30,8,4,4,0,0,0
2019-06-10 02:45,4,0,4,0,0,0
2019-06-10 03:00,0,0,0,0,0,0
2019-06-10 03:15,6,1,5,0,0,0
2019-06-10 03:30,5,1,4,0,0,0
2019-06-10 03:45,3,0,3,0,0,0
2019-06-10 04:00,5,0,5,0,0,0
2019-06-10 04:15,2,2,0,0,0,0
2019-06-10 04:30,4,1,3,0,0,0
2019-06-10 04:45,1,1,0,0,0,0
2019-06-10 05:00,1,0,1,0,0,0
2019-06-10 05:15,3,1,2,0,0,0
2019-06-10 05:30,7,2,5,0,0,0
2019-06-10 05:45,6,3,3,0,0,0
2019-06-10 06:00,8,3,5,0,0,0
2019-06-10 06:15,3,1,2,0,0,0
2019-06-10 06:30,3,1,2,0,0,0
2019-06-10 06:45,3,1,2,0,0,0
2019-06-10 07:00,4,3,1,0,0,0
2019-06-10 07:15,4,4,0,0,0,0
2019-06-10 07:30,10,7,3,0,0,0
2019-06-10 07:45,12,9,3,0,0,0
2019-06-10 08:00,7,4,3,0,0,0
2019-06-10 08:15,11,8,3,0,0,0
2019-06-10 08:30,20,14,6,0,0,0
2019-06-10 08:45,31,17,14,0,0,0
2019-06-10 09:00,23,16,7,0,0,0
2019-06-10 09:15,32,24,8,0,0,0
2019-06-10 09:30,39,25,14,0,0,0
2019-06-10 09:45,64,49,15,0,0,0
2019-06-10 10:00,37,25,12,0,0,0
2019-06-10 10:15,42,25,17,0,0,0
2019-06-10 10:30,68,41,27,0,0,0
2019-06-10 10:45,78,52,26,0,0,0
2019-06-10 11:00,80,61,19,0,0,0
2019-06-10 11:15,70,44,26,0,0,0
2019-06-10 11:30,69,36,33,0,0,0
2019-06-10 11:45,62,39,23,0,0,0
2019-06-10 12:00,64,35,29,0,0,0
2019-06-10 12:15,88,43,45,0,0,0
2019-06-10 12:30,80,52,28,0,0,0
2019-06-10 12:45,86,45,41,0,0,0
2019-06-10 13:00,93,49,44,0,0,0
2019-06-10 13:15,96,51,45,0,0,0
2019-06-10 13:30,94,36,58,0,0,0
2019-06-10 13:45,80,38,42,0,0,0
2019-06-10 14:00,74,41,33,0,0,0
2019-06-10 14:15,101,50,51,0,0,0
2019-06-10 14:30,90,37,53,0,0,0
2019-06-10 14:45,126,73,53,0,0,0
2019-06-10 15:00,94,47,47,0,0,0
2019-06-10 15:15,109,53,56,0,0,0
2019-06-10 15:30,85,45,40,0,0,0
2019-06-10 15:45,103,50,53,0,0,0
2019-06-10 16:00,93,42,51,0,0,0
2019-06-10 16:15,102,42,60,0,0,0
2019-06-10 16:30,95,55,40,0,0,0
2019-06-10 16:45,82,32,50,0,0,0
2019-06-10 17:00,79,20,59,0,0,0
2019-06-10 17:15,94,42,52,0,0,0
2019-06-10 17:30,92,27,65,0,0,0
2019-06-10 17:45,130,33,97,0,0,0
2019-06-10 18:00,92,23,69,0,0,0
2019-06-10 18:15,81,39,42,0,0,0
2019-06-10 18:30,63,26,37,0,0,0
2019-06-10 18:45,90,34,56,0,0,0
2019-06-10 19:00,61,30,31,0,0,0
2019-06-10 19:15,56,18,38,0,0,0
2019-06-10 19:30,53,28,25,0,0,0
2019-06-10 19:45,49,11,38,0,0,0
2019-06-10 20:00,31,14,17,0,0,0
2019-06-10 20:15,37,12,25,0,0,0
2019-06-10 20:30,28,9,19,0,0,0
2019-06-10 20:45,24,9,15,0,0,0
2019-06-10 21:00,33,9,24,0,0,0
2019-06-10 21:15,30,16,14,0,0,0
2019-06-10 21:30,40,10,30,0,0,0
2019-06-10 21:45,39,8,31,0,0,0
2019-06-10 22:00,23,7,16,0,0,0
2019-06-10 22:15,17,4,13,0,0,0
2019-06-10 22:30,19,3,16,0,0,0
2019-06-10 22:45,15,4,11,0,0,0
2019-06-10 23:00,20,10,10,0,0,0
2019-06-10 23:15,12,5,7,0,0,0
2019-06-10 23:30,13,6,7,0,0,0
2019-06-10 23:45,7,1,6,0,0,0
2019-06-11 00:00,13,4,9,0,0,0
2019-06-11 00:15,5,1,4,0,0,0
2019-06-11 00:30,7,3,4,0,0,0
2019-06-11 00:45,8,6,2,0,0,0
2019-06-11 01:00,6,3,3,0,0,0
2019-06-11 01:15,1,1,0,0,0,0
2019-06-11 01:30,2,2,0,0,0,0
2019-06-11 01:45,2,0,2,0,0,0
2019-06-11 02:00,1,0,1,0,0,0
2019-06-11 02:15,0,0,0,0,0,0
2019-06-11 02:30,3,1,2,0,0,0
2019-06-11 02:45,2,1,1,0,0,0
2019-06-11 03:00,1,1,0,0,0,0
2019-06-11 03:15,1,0,1,0,0,0
2019-06-11 03:30,1,0,1,0,0,0
2019-06-11 03:45,1,1,0,0,0,0
2019-06-11 04:00,0,0,0,0,0,0
2019-06-11 04:15,3,0,3,0,0,0
2019-06-11 04:30,0,0,0,0,0,0
2019-06-11 04:45,4,4,0,0,0,0
2019-06-11 05:00,2,1,1,0,0,0
2019-06-11 05:15,10,5,5,0,0,0
2019-06-11 05:30,8,6,2,0,0,0
2019-06-11 05:45,19,14,5,0,0,0
2019-06-11 06:00,23,14,9,0,0,0
2019-06-11 06:15,23,16,7,0,0,0
2019-06-11 06:30,29,22,7,0,0,0
2019-06-11 06:45,45,31,14,0,0,0
2019-06-11 07:00,36,25,11,0,0,0
2019-06-11 07:15,57,33,24,0,0,0
2019-06-11 07:30,80,62,18,0,0,0
2019-06-11 07:45,111,78,33,0,0,0
2019-06-11 08:00,85,62,23,0,0,0
2019-06-11 08:15,109,75,34,0,0,0
2019-06-11 08:30,109,73,36,0,0,0
2019-06-11 08:45,112,87,25,0,0,0
2019-06-11 09:00,102,74,28,0,0,0
2019-06-11 09:15,86,61,25,0,0,0
2019-06-11 09:30,96,72,24,0,0,0
2019-06-11 09:45,114,81,33,0,0,0
2019-06-11 10:00,100,60,40,0,0,0
2019-06-11 10:15,104,63,41,0,0,0
2019-06-11 10:30,113,71,42,0,0,0
2019-06-11 10:45,131,92,39,0,0,0
2019-06-11 11:00,121,75,46,0,0,0
2019-06-11 11:15,131,67,64,0,0,0
2019-06-11 11:30,120,73,47,0,0,0
2019-06-11 11:45,160,88,72,0,0,0
2019-06-11 12:00,133,66,67,0,0,0
2019-06-11 12:15,134,63,71,0,0,0
2019-06-11 12:30,131,61,70,0,0,0
2019-06-11 12:45,149,73,76,0,0,0
2019-06-11 13:00,151,67,84,0,0,0
2019-06-11 13:15,115,52,63,0,0,0
2019-06-11 13:30,134,69,65,0,0,0
2019-06-11 13:45,161,74,87,0,0,0
2019-06-11 14:00,131,69,62,0,0,0
2019-06-11 14:15,144,69,75,0,0,0
2019-06-11 14:30,146,62,84,0,0,0
2019-06-11 14:45,148,66,82,0,0,0
2019-06-11 15:00,154,75,79,0,0,0
2019-06-11 15:15,165,72,93,0,0,0
2019-06-11 15:30,166,86,80,0,0,0
2019-06-11 15:45,189,82,107,0,0,0
2019-06-11 16:00,175,64,111,0,0,0
2019-06-11 16:15,188,74,114,0,0,0
2019-06-11 16:30,207,85,122,0,0,0
2019-06-11 16:45,221,72,149,0,0,0
2019-06-11 17:00,210,72,138,0,0,0
2019-06-11 17:15,194,76,118,0,0,0
2019-06-11 17:30,200,65,135,0,0,0
2019-06-11 17:45,169,63,106,0,0,0
2019-06-11 18:00,190,69,121,0,0,0
2019-06-11 18:15,191,76,115,0,0,0
2019-06-11 18:30,185,79,106,0,0,0
2019-06-11 18:45,153,61,92,0,0,0
2019-06-11 19:00,168,58,110,0,0,0
2019-06-11 19:15,136,48,88,0,0,0
2019-06-11 19:30,103,46,57,0,0,0
2019-06-11 19:45,136,53,83,0,0,0
2019-06-11 20:00,96,29,67,0,0,0
2019-06-11 20:15,83,23,60,0,0,0
2019-06-11 20:30,71,28,43,0,0,0
2019-06-11 20:45,56,21,35,0,0,0
2019-06-11 21:00,45,17,28,0,0,0
2019-06-11 21:15,50,16,34,0,0,0
2019-06-11 21:30,53,16,37,0,0,0
2019-06-11 21:45,55,13,42,0,0,0
2019-06-11 22:00,52,19,33,0,0,0
2019-06-11 22:15,65,26,39,0,0,0
2019-06-11 22:30,57,8,49,0,0,0
2019-06-11 22:45,31,15,16,0,0,0
2019-06-11 23:00,33,8,25,0,0,0
2019-06-11 23:15,28,6,22,0,0,0
2019-06-11 23:30,31,10,21,0,0,0
2019-06-11 23:45,15,3,12,0,0,0
2019-06-12 00:00,14,4,10,0,0,0
2019-06-12 00:15,4,3,1,0,0,0
2019-06-12 00:30,4,0,4,0,0,0
2019-06-12 00:45,6,1,5,0,0,0
2019-06-12 01:00,10,2,8,0,0,0
2019-06-12 01:15,6,1,5,0,0,0
2019-06-12 01:30,2,0,2,0,0,0
2019-06-12 01:45,2,1,1,0,0,0
2019-06-12 02:00,4,1,3,0,0,0
2019-06-12 02:15,2,0,2,0,0,0
2019-06-12 02:30,1,1,0,0,0,0
2019-06-12 02:45,3,1,2,0,0,0
2019-06-12 03:00,1,1,0,0,0,0
2019-06-12 03:15,1,0,1,0,0,0
2019-06-12 03:30,1,0,1,0,0,0
2019-06-12 03:45,2,0,2,0,0,0
2019-06-12 04:00,1,1,0,0,0,0
2019-06-12 04:15,1,0,1,0,0,0
2019-06-12 04:30,0,0,0,0,0,0
2019-06-12 04:45,2,2,0,0,0,0
2019-06-12 05:00,4,4,0,0,0,0
2019-06-12 05:15,10,6,4,0,0,0
2019-06-12 05:30,11,10,1,0,0,0
2019-06-12 05:45,29,22,7,0,0,0
2019-06-12 06:00,16,13,3,0,0,0
2019-06-12 06:15,44,35,9,0,0,0
2019-06-12 06:30,53,38,15,0,0,0
2019-06-12 06:45,70,52,18,0,0,0
2019-06-12 07:00,82,45,37,0,0,0
2019-06-12 07:15,124,73,51,0,0,0
2019-06-12 07:30,169,104,65,0,0,0
2019-06-12 07:45,182,133,49,0,0,0
2019-06-12 08:00,140,104,36,0,0,0
2019-06-12 08:15,172,105,67,0,0,0
2019-06-12 08:30,131,98,33,0,0,0
2019-06-12 08:45,168,108,60,0,0,0
2019-06-12 09:00,118,78,40,0,0,0
2019-06-12 09:15,168,122,46,0,0,0
2019-06-12 09:30,125,92,33,0,0,0
2019-06-12 09:45,139,92,47,0,0,0
2019-06-12 10:00,143,88,55,0,0,0
2019-06-12 10:15,122,75,47,0,0,0
2019-06-12 10:30,128,75,53,0,0,0
2019-06-12 10:45,103,45,58,0,0,0
2019-06-12 11:00,95,42,53,0,0,0
2019-06-12 11:15,115,52,63,0,0,0
2019-06-12 11:30,108,48,60,0,0,0
2019-06-12 11:45,83,47,36,0,0,0
2019-06-12 12:00,88,25,63,0,0,0
2019-06-12 12:15,93,34,59,0,0,0
2019-06-12 12:30,72,23,49,0,0,0
2019-06-12 12:45,91,21,70,0,0,0
2019-06-12 13:00,74,20,54,0,0,0
2019-06-12 13:15,83,25,58,0,0,0
2019-06-12 13:30,90,27,63,0,0,0
2019-06-12 13:45,75,40,35,0,0,0
2019-06-12 14:00,86,26,60,0,0,0
2019-06-12 14:15,79,31,48,0,0,0
2019-06-12 14:30,69,25,44,0,0,0
2019-06-12 14:45,95,40,55,0,0,0
2019-06-12 15:00,75,28,47,0,0,0
2019-06-12 15:15,89,25,64,0,0,0
2019-06-12 15:30,123,57,66,0,0,0
2019-06-12 15:45,154,66,88,0,0,0
2019-06-12 16:00,144,61,83,0,0,0
2019-06-12 16:15,155,70,85,0,0,0
2019-06-12 16:30,172,75,97,0,0,0
2019-06-12 16:45,227,84,143,0,0,0
2019-06-12 17:00,182,66,116,0,0,0
2019-06-12 17:15,181,76,105,0,0,0
2019-06-12 17:30,188,83,105,0,0,0
2019-06-12 17:45,221,93,128,0,0,0
2019-06-12 18:00,200,82,118,0,0,0
2019-06-12 18:15,150,58,92,0,0,0
2019-06-12 18:30,135,61,74,0,0,0
2019-06-12 18:45,161,67,94,0,0,0
2019-06-12 19:00,147,44,103,0,0,0
2019-06-12 19:15,133,55,78,0,0,0
2019-06-12 19:30,125,40,85,0,0,0
2019-06-12 19:45,122,46,76,0,0,0
2019-06-12 20:00,88,32,56,0,0,0
2019-06-12 20:15,110,43,67,0,0,0
2019-06-12 20:30,54,23,31,0,0,0
2019-06-12 20:45,51,20,31,0,0,0
2019-06-12 21:00,59,19,40,0,0,0
2019-06-12 21:15,76,27,49,0,0,0
2019-06-12 21:30,67,17,50,0,0,0
2019-06-12 21:45,68,19,49,0,0,0
2019-06-12 22:00,64,9,55,0,0,0
2019-06-12 22:15,42,15,27,0,0,0
2019-06-12 22:30,47,18,29,0,0,0
2019-06-12 22:45,42,13,29,0,0,0
2019-06-12 23:00,43,19,24,0,0,0
2019-06-12 23:15,23,4,19,0,0,0
2019-06-12 23:30,21,4,17,0,0,0
2019-06-12 23:45,18,1,17,0,0,0
2019-06-13 00:00,38,15,23,0,0,0
2019-06-13 00:15,24,5,19,0,0,0
2019-06-13 00:30,13,3,10,0,0,0
2019-06-13 00:45,13,2,11,0,0,0
2019-06-13 01:00,12,1,11,0,0,0
2019-06-13 01:15,8,2,6,0,0,0
2019-06-13 01:30,1,1,0,0,0,0
2019-06-13 01:45,2,1,1,0,0,0
2019-06-13 02:00,5,2,3,0,0,0
2019-06-13 02:15,7,0,7,0,0,0
2019-06-13 02:30,6,2,4,0,0,0
2019-06-13 02:45,2,1,1,0,0,0
2019-06-13 03:00,1,1,0,0,0,0
2019-06-13 03:15,1,1,0,0,0,0
2019-06-13 03:30,3,1,2,0,0,0
2019-06-13 03:45,1,0,1,0,0,0
2019-06-13 04:00,5,2,3,0,0,0
2019-06-13 04:15,0,0,0,0,0,0
2019-06-13 04:30,6,2,4,0,0,0
2019-06-13 04:45,8,6,2,0,0,0
2019-06-13 05:00,4,3,1,0,0,0
2019-06-13 05:15,10,7,3,0,0,0
2019-06-13 05:30,10,8,2,0,0,0
2019-06-13 05:45,24,19,5,0,0,0
2019-06-13 06:00,37,23,14,0,0,0
2019-06-13 06:15,46,34,12,0,0,0
2019-06-13 06:30,39,27,12,0,0,0
2019-06-13 06:45,71,54,17,0,0,0
2019-06-13 07:00,92,60,32,0,0,0
2019-06-13 07:15,115,80,35,0,0,0
2019-06-13 07:30,168,117,51,0,0,0
2019-06-13 07:45,200,144,56,0,0,0
2019-06-13 08:00,168,104,64,0,0,0
2019-06-13 08:15,158,107,51,0,0,0
2019-06-13 08:30,148,113,35,0,0,0
2019-06-13 08:45,163,112,51,0,0,0
2019-06-13 09:00,101,69,32,0,0,0
2019-06-13 09:15,118,84,34,0,0,0
2019-06-13 09:30,127,79,48,0,0,0
2019-06-13 09:45,165,117,48,0,0,0
2019-06-13 10:00,118,71,47,0,0,0
2019-06-13 10:15,103,53,50,0,0,0
2019-06-13 10:30,113,70,43,0,0,0
2019-06-13 10:45,119,79,40,0,0,0
2019-06-13 11:00,123,64,59,0,0,0
2019-06-13 11:15,126,73,53,0,0,0
2019-06-13 11:30,125,67,58,0,0,0
2019-06-13 11:45,129,60,69,0,0,0
2019-06-13 12:00,148,66,82,0,0,0
2019-06-13 12:15,131,64,67,0,0,0
2019-06-13 12:30,138,69,69,0,0,0
2019-06-13 12:45,150,82,68,0,0,0
2019-06-13 13:00,145,56,89,0,0,0
2019-06-13 13:15,163,63,100,0,0,0
2019-06-13 13:30,160,65,95,0,0,0
2019-06-13 13:45,187,93,94,0,0,0
2019-06-13 14:00,152,71,81,0,0,0
2019-06-13 14:15,133,58,75,0,0,0
2019-06-13 14:30,139,51,88,0,0,0
2019-06-13 14:45,186,79,107,0,0,0
2019-06-13 15:00,162,55,107,0,0,0
2019-06-13 15:15,162,83,79,0,0,0
2019-06-13 15:30,206,81,125,0,0,0
2019-06-13 15:45,194,88,106,0,0,0
2019-06-13 16:00,228,93,135,0,0,0
2019-06-13 16:15,202,75,127,0,0,0
2019-06-13 16:30,209,95,114,0,0,0
2019-06-13 16:45,239,103,136,0,0,0
2019-06-13 17:00,201,73,128,0,0,0
2019-06-13 17:15,258,104,154,0,0,0
2019-06-13 17:30,216,85,131,0,0,0
2019-06-13 17:45,232,106,126,0,0,0
2019-06-13 18:00,217,88,129,0,0,0
2019-06-13 18:15,226,77,149,0,0,0
2019-06-13 18:30,167,75,92,0,0,0
2019-06-13 18:45,190,71,119,0,0,0
2019-06-13 19:00,171,62,109,0,0,0
2019-06-13 19:15,174,67,107,0,0,0
2019-06-13 19:30,130,54,76,0,0,0
2019-06-13 19:45,120,46,74,0,0,0
2019-06-13 20:00,102,40,62,0,0,0
2019-06-13 20:15,76,35,41,0,0,0
2019-06-13 20:30,63,20,43,0,0,0
2019-06-13 20:45,66,16,50,0,0,0
2019-06-13 21:00,70,19,51,0,0,0
2019-06-13 21:15,74,30,44,0,0,0
2019-06-13 21:30,83,28,55,0,0,0
2019-06-13 21:45,89,22,67,0,0,0
2019-06-13 22:00,83,34,49,0,0,0
2019-06-13 22:15,59,20,39,0,0,0
2019-06-13 22:30,47,11,36,0,0,0
2019-06-13 22:45,36,14,22,0,0,0
2019-06-13 23:00,38,8,30,0,0,0
2019-06-13 23:15,48,13,35,0,0,0
2019-06-13 23:30,32,13,19,0,0,0
2019-06-13 23:45,22,3,19,0,0,0
2019-06-14 00:00,19,3,16,0,0,0
2019-06-14 00:15,16,4,12,0,0,0
2019-06-14 00:30,6,0,6,0,0,0
2019-06-14 00:45,15,5,10,0,0,0
2019-06-14 01:00,8,0,8,0,0,0
2019-06-14 01:15,7,1,6,0,0,0
2019-06-14 01:30,3,0,3,0,0,0
2019-06-14 01:45,4,3,1,0,0,0
2019-06-14 02:00,0,0,0,0,0,0
2019-06-14 02:15,3,1,2,0,0,0
2019-06-14 02:30,1,0,1,0,0,0
2019-06-14 02:45,1,1,0,0,0,0
2019-06-14 03:00,2,0,2,0,0,0
2019-06-14 03:15,1,0,1,0,0,0
2019-06-14 03:30,3,2,1,0,0,0
2019-06-14 03:45,1,1,0,0,0,0
2019-06-14 04:00,1,0,1,0,0,0
2019-06-14 04:15,3,0,3,0,0,0
2019-06-14 04:30,2,1,1,0,0,0
2019-06-14 04:45,6,6,0,0,0,0
2019-06-14 05:00,5,4,1,0,0,0
2019-06-14 05:15,13,8,5,0,0,0
2019-06-14 05:30,10,10,0,0,0,0
2019-06-14 05:45,38,29,9,0,0,0
2019-06-14 06:00,22,19,3,0,0,0
2019-06-14 06:15,42,29,13,0,0,0
2019-06-14 06:30,55,37,18,0,0,0
2019-06-14 06:45,77,55,22,0,0,0
2019-06-14 07:00,98,67,31,0,0,0
2019-06-14 07:15,128,81,47,0,0,0
2019-06-14 07:30,164,114,50,0,0,0
2019-06-14 07:45,188,133,55,0,0,0
2019-06-14 08:00,120,83,37,0,0,0
2019-06-14 08:15,144,89,55,0,0,0
2019-06-14 08:30,124,86,38,0,0,0
2019-06-14 08:45,142,98,44,0,0,0
2019-06-14 09:00,114,69,45,0,0,0
2019-06-14 09:15,120,83,37,0,0,0
2019-06-14 09:30,138,97,41,0,0,0
2019-06-14 09:45,142,87,55,0,0,0
2019-06-14 10:00,109,63,46,0,0,0
2019-06-14 10:15,121,66,55,0,0,0
2019-06-14 10:30,125,69,56,0,0,0
2019-06-14 10:45,131,79,52,0,0,0
2019-06-14 11:00,116,59,57,0,0,0
2019-06-14 11:15,133,61,72,0,0,0
2019-06-14 11:30,140,82,58,0,0,0
2019-06-14 11:45,143,68,75,0,0,0
2019-06-14 12:00,160,77,83,0,0,0
2019-06-14 12:15,134,50,84,0,0,0
2019-06-14 12:30,193,69,124,0,0,0
2019-06-14 12:45,176,83,93,0,0,0
2019-06-14 13:00,168,55,113,0,0,0
2019-06-14 13:15,191,78,113,0,0,0
2019-06-14 13:30,174,74,100,0,0,0
2019-06-14 13:45,203,89,114,0,0,0
2019-06-14 14:00,182,65,117,0,0,0
2019-06-14 14:15,152,58,94,0,0,0
2019-06-14 14:30,182,65,117,0,0,0
2019-06-14 14:45,214,88,126,0,0,0
2019-06-14 15:00,209,74,135,0,0,0
2019-06-14 15:15,190,88,102,0,0,0
2019-06-14 15:30,176,70,106,0,0,0
2019-06-14 15:45,202,74,128,0,0,0
2019-06-14 16:00,182,74,108,0,0,0
2019-06-14 16:15,180,67,113,0,0,0
2019-06-14 16:30,204,80,124,0,0,0
2019-06-14 16:45,215,92,123,0,0,0
2019-06-14 17:00,174,65,109,0,0,0
2019-06-14 17:15,178,78,100,0,0,0
2019-06-14 17:30,192,84,108,0,0,0
2019-06-14 17:45,204,101,103,0,0,0
2019-06-14 18:00,176,61,115,0,0,0
2019-06-14 18:15,180,76,104,0,0,0
2019-06-14 18:30,147,55,92,0,0,0
2019-06-14 18:45,197,76,121,0,0,0
2019-06-14 19:00,161,70,91,0,0,0
2019-06-14 19:15,158,72,86,0,0,0
2019-06-14 19:30,143,68,75,0,0,0
2019-06-14 19:45,149,70,79,0,0,0
2019-06-14 20:00,137,53,84,0,0,0
2019-06-14 20:15,87,40,47,0,0,0
2019-06-14 20:30,83,44,39,0,0,0
2019-06-14 20:45,101,57,44,0,0,0
2019-06-14 21:00,95,38,57,0,0,0
2019-06-14 21:15,62,27,35,0,0,0
2019-06-14 21:30,56,21,35,0,0,0
2019-06-14 21:45,52,17,35,0,0,0
2019-06-14 22:00,78,33,45,0,0,0
2019-06-14 22:15,73,31,42,0,0,0
2019-06-14 22:30,71,22,49,0,0,0
2019-06-14 22:45,63,18,45,0,0,0
2019-06-14 23:00,59,13,46,0,0,0
2019-06-14 23:15,72,23,49,0,0,0
2019-06-14 23:30,51,21,30,0,0,0
2019-06-14 23:45,67,26,41,0,0,0
2019-06-15 00:00,55,20,35,0,0,0
2019-06-15 00:15,54,12,42,0,0,0
2019-06-15 00:30,37,12,25,0,0,0
2019-06-15 00:45,27,11,16,0,0,0
2019-06-15 01:00,36,10,26,0,0,0
2019-06-15 01:15,31,13,18,0,0,0
2019-06-15 01:30,40,6,34,0,0,0
2019-06-15 01:45,15,3,12,0,0,0
2019-06-15 02:00,11,1,10,0,0,0
2019-06-15 02:15,12,3,9,0,0,0
2019-06-15 02:30,21,3,18,0,0,0
2019-06-15 02:45,17,5,12,0,0,0
2019-06-15 03:00,21,5,16,0,0,0
2019-06-15 03:15,7,1,6,0,0,0
2019-06-15 03:30,5,1,4,0,0,0
2019-06-15 03:45,3,2,1,0,0,0
2019-06-15 04:00,9,6,3,0,0,0
2019-06-15 04:15,1,0,1,0,0,0
2019-06-15 04:30,7,2,5,0,0,0
2019-06-15 04:45,4,4,0,0,0,0
2019-06-15 05:00,6,3,3,0,0,0
2019-06-15 05:15,1,0,1,0,0,0
2019-06-15 05:30,6,4,2,0,0,0
2019-06-15 05:45,12,9,3,0,0,0
2019-06-15 06:00,8,5,3,0,0,0
2019-06-15 06:15,15,9,6,0,0,0
2019-06-15 06:30,13,9,4,0,0,0
2019-06-15 06:45,12,7,5,0,0,0
2019-06-15 07:00,21,18,3,0,0,0
2019-06-15 07:15,34,25,9,0,0,0
2019-06-15 07:30,43,28,15,0,0,0
2019-06-15 07:45,43,34,9,0,0,0
2019-06-15 08:00,47,30,17,0,0,0
2019-06-15 08:15,43,28,15,0,0,0
2019-06-15 08:30,57,34,23,0,0,0
2019-06-15 08:45,74,52,22,0,0,0
2019-06-15 09:00,65,44,21,0,0,0
2019-06-15 09:15,95,67,28,0,0,0
2019-06-15 09:30,106,81,25,0,0,0
2019-06-15 09:45,148,120,28,0,0,0
2019-06-15 10:00,104,62,42,0,0,0
2019-06-15 10:15,114,77,37,0,0,0
2019-06-15 10:30,145,91,54,0,0,0
2019-06-15 10:45,130,87,43,0,0,0
2019-06-15 11:00,102,63,39,0,0,0
2019-06-15 11:15,92,48,44,0,0,0
2019-06-15 11:30,171,94,77,0,0,0
2019-06-15 11:45,170,92,78,0,0,0
2019-06-15 12:00,193,114,79,0,0,0
2019-06-15 12:15,151,70,81,0,0,0
2019-06-15 12:30,162,87,75,0,0,0
2019-06-15 12:45,167,81,86,0,0,0
2019-06-15 13:00,82,30,52,0,0,0
2019-06-15 13:15,136,63,73,0,0,0
2019-06-15 13:30,146,66,80,0,0,0
2019-06-15 13:45,184,98,86,0,0,0
2019-06-15 14:00,188,103,85,0,0,0
2019-06-15 14:15,158,60,98,0,0,0
2019-06-15 14:30,148,50,98,0,0,0
2019-06-15 14:45,143,52,91,0,0,0
2019-06-15 15:00,143,63,80,0,0,0
2019-06-15 15:15,126,45,81,0,0,0
2019-06-15 15:30,149,51,98,0,0,0
2019-06-15 15:45,158,74,84,0,0,0
2019-06-15 16:00,155,70,85,0,0,0
2019-06-15 16:15,148,64,84,0,0,0
2019-06-15 16:30,135,49,86,0,0,0
2019-06-15 16:45,132,74,58,0,0,0
2019-06-15 17:00,126,57,69,0,0,0
2019-06-15 17:15,144,48,96,0,0,0
2019-06-15 17:30,142,70,72,0,0,0
2019-06-15 17:45,138,49,89,0,0,0
2019-06-15 18:00,123,48,75,0,0,0
2019-06-15 18:15,145,53,92,0,0,0
2019-06-15 18:30,125,56,69,0,0,0
2019-06-15 18:45,118,51,67,0,0,0
2019-06-15 19:00,139,41,98,0,0,0
2019-06-15 19:15,106,51,55,0,0,0
2019-06-15 19:30,104,45,59,0,0,0
2019-06-15 19:45,100,45,55,0,0,0
2019-06-15 20:00,99,32,67,0,0,0
2019-06-15 20:15,88,39,49,0,0,0
2019-06-15 20:30,61,36,25,0,0,0
2019-06-15 20:45,64,33,31,0,0,0
2019-06-15 21:00,45,20,25,0,0,0
2019-06-15 21:15,63,28,35,0,0,0
2019-06-15 21:30,78,29,49,0,0,0
2019-06-15 21:45,47,23,24,0,0,0
2019-06-15 22:00,45,15,30,0,0,0
2019-06-15 22:15,41,14,27,0,0,0
2019-06-15 22:30,34,10,24,0,0,0
2019-06-15 22:45,48,18,30,0,0,0
2019-06-15 23:00,48,11,37,0,0,0
2019-06-15 23:15,41,11,30,0,0,0
2019-06-15 23:30,55,18,37,0,0,0
2019-06-15 23:45,59,21,38,0,0,0
2019-06-16 00:00,44,12,32,0,0,0
2019-06-16 00:15,22,12,10,0,0,0
2019-06-16 00:30,35,15,20,0,0,0
2019-06-16 00:45,35,5,30,0,0,0
2019-06-16 01:00,27,7,20,0,0,0
2019-06-16 01:15,26,14,12,0,0,0
2019-06-16 01:30,24,6,18,0,0,0
2019-06-16 01:45,19,10,9,0,0,0
2019-06-16 02:00,22,7,15,0,0,0
2019-06-16 02:15,29,11,18,0,0,0
2019-06-16 02:30,22,5,17,0,0,0
2019-06-16 02:45,12,2,10,0,0,0
2019-06-16 03:00,13,0,13,0,0,0
2019-06-16 03:15,18,2,16,0,0,0
2019-06-16 03:30,7,2,5,0,0,0
2019-06-16 03:45,9,2,7,0,0,0
2019-06-16 04:00,11,5,6,0,0,0
2019-06-16 04:15,14,1,13,0,0,0
2019-06-16 04:30,4,0,4,0,0,0
2019-06-16 04:45,12,0,12,0,0,0
2019-06-16 05:00,3,0,3,0,0,0
2019-06-16 05:15,2,0,2,0,0,0
2019-06-16 05:30,4,1,3,0,0,0
2019-06-16 05:45,6,2,4,0,0,0
2019-06-16 06:00,5,1,4,0,0,0
2019-06-16 06:15,9,4,5,0,0,0
2019-06-16 06:30,8,3,5,0,0,0
2019-06-16 06:45,5,3,2,0,0,0
2019-06-16 07:00,7,4,3,0,0,0
2019-06-16 07:15,7,3,4,0,0,0
2019-06-16 07:30,5,4,1,0,0,0
2019-06-16 07:45,7,4,3,0,0,0
2019-06-16 08:00,8,7,1,0,0,0
2019-06-16 08:15,11,9,2,0,0,0
2019-06-16 08:30,19,7,12,0,0,0
2019-06-16 08:45,20,13,7,0,0,0
2019-06-16 09:00,36,15,21,0,0,0
2019-06-16 09:15,39,22,17,0,0,0
2019-06-16 09:30,38,21,17,0,0,0
2019-06-16 09:45,55,29,26,0,0,0
2019-06-16 10:00,36,28,8,0,0,0
2019-06-16 10:15,58,35,23,0,0,0
2019-06-16 10:30,55,38,17,0,0,0
2019-06-16 10:45,45,31,14,0,0,0
2019-06-16 11:00,69,40,29,0,0,0
2019-06-16 11:15,68,39,29,0,0,0
2019-06-16 11:30,64,42,22,0,0,0
2019-06-16 11:45,60,33,27,0,0,0
2019-06-16 12:00,74,45,29,0,0,0
2019-06-16 12:15,60,22,38,0,0,0
2019-06-16 12:30,67,37,30,0,0,0
2019-06-16 12:45,74,42,32,0,0,0
2019-06-16 13:00,89,42,47,0,0,0
2019-06-16 13:15,82,52,30,0,0,0
2019-06-16 13:30,104,46,58,0,0,0
2019-06-16 13:45,100,48,52,0,0,0
2019-06-16 14:00,78,37,41,0,0,0
2019-06-16 14:15,94,60,34,0,0,0
2019-06-16 14:30,98,46,52,0,0,0
2019-06-16 14:45,119,66,53,0,0,0
2019-06-16 15:00,83,46,37,0,0,0
2019-06-16 15:15,86,45,41,0,0,0
2019-06-16 15:30,95,41,54,0,0,0
2019-06-16 15:45,95,46,49,0,0,0
2019-06-16 16:00,119,60,59,0,0,0
2019-06-16 16:15,109,56,53,0,0,0
2019-06-16 16:30,99,42,57,0,0,0
2019-06-16 16:45,110,39,71,0,0,0
2019-06-16 17:00,97,48,49,0,0,0
2019-06-16 17:15,131,47,84,0,0,0
2019-06-16 17:30,120,44,76,0,0,0
2019-06-16 17:45,119,58,61,0,0,0
2019-06-16 18:00,101,35,66,0,0,0
2019-06-16 18:15,99,36,63,0,0,0
2019-06-16 18:30,83,37,46,0,0,0
2019-06-16 18:45,110,51,59,0,0,0
2019-06-16 19:00,90,28,62,0,0,0
2019-06-16 19:15,89,36,53,0,0,0
2019-06-16 19:30,91,36,55,0,0,0
2019-06-16 19:45,81,36,45,0,0,0
2019-06-16 20:00,71,36,35,0,0,0
2019-06-16 20:15,79,30,49,0,0,0
2019-06-16 20:30,65,28,37,0,0,0
2019-06-16 20:45,59,22,37,0,0,0
2019-06-16 21:00,56,22,34,0,0,0
2019-06-16 21:15,64,27,37,0,0,0
2019-06-16 21:30,45,15,30,0,0,0
2019-06-16 21:45,49,19,30,0,0,0
2019-06-16 22:00,39,20,19,0,0,0
2019-06-16 22:15,28,8,20,0,0,0
2019-06-16 22:30,29,7,22,0,0,0
2019-06-16 22:45,33,12,21,0,0,0
2019-06-16 23:00,23,7,16,0,0,0
2019-06-16 23:15,15,7,8,0,0,0
2019-06-16 23:30,19,7,12,0,0,0
2019-06-16 23:45,10,6,4,0,0,0
2019-06-17 00:00,5,0,5,0,0,0
2019-06-17 00:15,6,1,5,0,0,0
2019-06-17 00:30,7,3,4,0,0,0
2019-06-17 00:45,5,0,5,0,0,0
2019-06-17 01:00,5,0,5,0,0,0
2019-06-17 01:15,9,1,8,0,0,0
2019-06-17 01:30,5,0,5,0,0,0
2019-06-17 01:45,2,0,2,0,0,0
2019-06-17 02:00,3,1,2,0,0,0
2019-06-17 02:15,2,1,1,0,0,0
2019-06-17 02:30,3,2,1,0,0,0
2019-06-17 02:45,1,1,0,0,0,0
2019-06-17 03:00,0,0,0,0,0,0
2019-06-17 03:15,2,2,0,0,0,0
2019-06-17 03:30,0,0,0,0,0,0
2019-06-17 03:45,1,0,1,0,0,0
2019-06-17 04:00,4,1,3,0,0,0
2019-06-17 04:15,1,0,1,0,0,0
2019-06-17 04:30,1,1,0,0,0,0
2019-06-17 04:45,4,4,0,0,0,0
2019-06-17 05:00,3,3,0,0,0,0
2019-06-17 05:15,12,10,2,0,0,0
2019-06-17 05:30,11,8,3,0,0,0
2019-06-17 05:45,37,20,17,0,0,0
2019-06-17 06:00,36,23,13,0,0,0
2019-06-17 06:15,49,39,10,0,0,0
2019-06-17 06:30,52,33,19,0,0,0
2019-06-17 06:45,84,57,27,0,0,0
2019-06-17 07:00,96,59,37,0,0,0
2019-06-17 07:15,130,82,48,0,0,0
2019-06-17 07:30,195,129,66,0,0,0
2019-06-17 07:45,222,152,70,0,0,0
2019-06-17 08:00,179,122,57,0,0,0
2019-06-17 08:15,184,137,47,0,0,0
2019-06-17 08:30,131,92,39,0,0,0
2019-06-17 08:45,150,114,36,0,0,0
2019-06-17 09:00,129,84,45,0,0,0
2019-06-17 09:15,133,98,35,0,0,0
2019-06-17 09:30,141,90,51,0,0,0
2019-06-17 09:45,161,114,47,0,0,0
2019-06-17 10:00,167,103,64,0,0,0
2019-06-17 10:15,120,84,36,0,0,0
2019-06-17 10:30,141,89,52,0,0,0
2019-06-17 10:45,169,92,77,0,0,0
2019-06-17 11:00,139,75,64,0,0,0
2019-06-17 11:15,154,80,74,0,0,0
2019-06-17 11:30,140,81,59,0,0,0
2019-06-17 11:45,155,81,74,0,0,0
2019-06-17 12:00,179,82,97,0,0,0
2019-06-17 12:15,149,61,88,0,0,0
2019-06-17 12:30,159,56,103,0,0,0
2019-06-17 12:45,151,74,77,0,0,0
2019-06-17 13:00,165,63,102,0,0,0
2019-06-17 13:15,176,75,101,0,0,0
2019-06-17 13:30,151,64,87,0,0,0
2019-06-17 13:45,219,96,123,0,0,0
2019-06-17 14:00,206,96,110,0,0,0
2019-06-17 14:15,161,73,88,0,0,0
2019-06-17 14:30,179,76,103,0,0,0
2019-06-17 14:45,185,82,103,0,0,0
2019-06-17 15:00,156,77,79,0,0,0
2019-06-17 15:15,174,67,107,0,0,0
2019-06-17 15:30,184,66,118,0,0,0
2019-06-17 15:45,228,90,138,0,0,0
2019-06-17 16:00,220,79,141,0,0,0
2019-06-17 16:15,231,77,154,0,0,0
2019-06-17 16:30,207,73,134,0,0,0
2019-06-17 16:45,241,90,151,0,0,0
2019-06-17 17:00,246,84,162,0,0,0
2019-06-17 17:15,227,84,143,0,0,0
2019-06-17 17:30,239,90,149,0,0,0
2019-06-17 17:45,226,93,133,0,0,0
2019-06-17 18:00,268,85,183,0,0,0
2019-06-17 18:15,200,71,129,0,0,0
2019-06-17 18:30,178,56,122,0,0,0
2019-06-17 18:45,219,86,133,0,0,0
2019-06-17 19:00,168,50,118,0,0,0
2019-06-17 19:15,167,64,103,0,0,0
2019-06-17 19:30,168,57,111,0,0,0
2019-06-17 19:45,146,53,93,0,0,0
2019-06-17 20:00,132,34,98,0,0,0
2019-06-17 20:15,90,28,62,0,0,0
2019-06-17 20:30,109,33,76,0,0,0
2019-06-17 20:45,74,25,49,0,0,0
2019-06-17 21:00,69,26,43,0,0,0
2019-06-17 21:15,76,24,52,0,0,0
2019-06-17 21:30,62,16,46,0,0,0
2019-06-17 21:45,74,16,58,0,0,0
2019-06-17 22:00,71,23,48,0,0,0
2019-06-17 22:15,60,15,45,0,0,0
2019-06-17 22:30,56,18,38,0,0,0
2019-06-17 22:45,45,19,26,0,0,0
2019-06-17 23:00,46,16,30,0,0,0
2019-06-17 23:15,32,12,20,0,0,0
2019-06-17 23:30,24,9,15,0,0,0
2019-06-17 23:45,23,9,14,0,0,0
2019-06-18 00:00,22,9,13,0,0,0
2019-06-18 00:15,9,5,4,0,0,0
2019-06-18 00:30,10,4,6,0,0,0
2019-06-18 00:45,7,2,5,0,0,0
2019-06-18 01:00,8,1,7,0,0,0
2019-06-18 01:15,10,4,6,0,0,0
2019-06-18 01:30,2,1,1,0,0,0
2019-06-18 01:45,15,2,13,0,0,0
2019-06-18 02:00,5,0,5,0,0,0
2019-06-18 02:15,5,2,3,0,0,0
2019-06-18 02:30,0,0,0,0,0,0
2019-06-18 02:45,2,2,0,0,0,0
2019-06-18 03:00,4,3,1,0,0,0
2019-06-18 03:15,1,0,1,0,0,0
2019-06-18 03:30,1,0,1,0,0,0
2019-06-18 03:45,0,0,0,0,0,0
2019-06-18 04:00,1,1,0,0,0,0
2019-06-18 04:15,0,0,0,0,0,0
2019-06-18 04:30,2,1,1,0,0,0
2019-06-18 04:45,7,4,3,0,0,0
2019-06-18 05:00,2,1,1,0,0,0
2019-06-18 05:15,7,5,2,0,0,0
2019-06-18 05:30,17,12,5,0,0,0
2019-06-18 05:45,34,28,6,0,0,0
2019-06-18 06:00,35,23,12,0,0,0
2019-06-18 06:15,45,33,12,0,0,0
2019-06-18 06:30,45,37,8,0,0,0
2019-06-18 06:45,85,63,22,0,0,0
2019-06-18 07:00,97,65,32,0,0,0
2019-06-18 07:15,155,100,55,0,0,0
2019-06-18 07:30,186,136,50,0,0,0
2019-06-18 07:45,220,144,76,0,0,0
2019-06-18 08:00,184,126,58,0,0,0
2019-06-18 08:15,193,137,56,0,0,0
2019-06-18 08:30,139,105,34,0,0,0
2019-06-18 08:45,185,131,54,0,0,0
2019-06-18 09:00,122,81,41,0,0,0
2019-06-18 09:15,123,83,40,0,0,0
2019-06-18 09:30,120,80,40,0,0,0
2019-06-18 09:45,190,133,57,0,0,0
2019-06-18 10:00,159,98,61,0,0,0
2019-06-18 10:15,108,64,44,0,0,0
2019-06-18 10:30,119,76,43,0,0,0
2019-06-18 10:45,148,93,55,0,0,0
2019-06-18 11:00,133,68,65,0,0,0
2019-06-18 11:15,149,73,76,0,0,0
2019-06-18 11:30,145,76,69,0,0,0
2019-06-18 11:45,174,81,93,0,0,0
2019-06-18 12:00,194,92,102,0,0,0
2019-06-18 12:15,157,65,92,0,0,0
2019-06-18 12:30,166,71,95,0,0,0
2019-06-18 12:45,146,54,92,0,0,0
2019-06-18 13:00,156,61,95,0,0,0
2019-06-18 13:15,138,57,81,0,0,0
2019-06-18 13:30,159,78,81,0,0,0
2019-06-18 13:45,210,87,123,0,0,0
2019-06-18 14:00,163,58,105,0,0,0
2019-06-18 14:15,159,72,87,0,0,0
2019-06-18 14:30,174,72,102,0,0,0
2019-06-18 14:45,184,81,103,0,0,0
2019-06-18 15:00,187,66,121,0,0,0
2019-06-18 15:15,180,83,97,0,0,0
2019-06-18 15:30,179,75,104,0,0,0
2019-06-18 15:45,237,103,134,0,0,0
2019-06-18 16:00,226,91,135,0,0,0
2019-06-18 16:15,250,85,165,0,0,0
2019-06-18 16:30,226,84,142,0,0,0
2019-06-18 16:45,238,108,130,0,0,0
2019-06-18 17:00,233,91,142,0,0,0
2019-06-18 17:15,222,82,140,0,0,0
2019-06-18 17:30,233,77,156,0,0,0
2019-06-18 17:45,267,105,162,0,0,0
2019-06-18 18:00,228,80,148,0,0,0
2019-06-18 18:15,227,89,138,0,0,0
2019-06-18 18:30,189,69,120,0,0,0
2019-06-18 18:45,223,82,141,0,0,0
2019-06-18 19:00,183,68,115,0,0,0
2019-06-18 19:15,159,57,102,0,0,0
2019-06-18 19:30,141,45,96,0,0,0
2019-06-18 19:45,174,53,121,0,0,0
2019-06-18 20:00,155,46,109,0,0,0
2019-06-18 20:15,119,45,74,0,0,0
2019-06-18 20:30,100,38,62,0,0,0
2019-06-18 20:45,80,22,58,0,0,0
2019-06-18 21:00,85,25,60,0,0,0
2019-06-18 21:15,62,22,40,0,0,0
2019-06-18 21:30,71,26,45,0,0,0
2019-06-18 21:45,103,27,76,0,0,0
2019-06-18 22:00,83,26,57,0,0,0
2019-06-18 22:15,83,31,52,0,0,0
2019-06-18 22:30,79,25,54,0,0,0
2019-06-18 22:45,50,12,38,0,0,0
2019-06-18 23:00,59,20,39,0,0,0
2019-06-18 23:15,34,8,26,0,0,0
2019-06-18 23:30,29,8,21,0,0,0
2019-06-18 23:45,20,6,14,0,0,0
2019-06-19 00:00,19,6,13,0,0,0
2019-06-19 00:15,5,2,3,0,0,0
2019-06-19 00:30,16,3,13,0,0,0
2019-06-19 00:45,10,4,6,0,0,0
2019-06-19 01:00,12,2,10,0,0,0
2019-06-19 01:15,4,1,3,0,0,0
2019-06-19 01:30,8,2,6,0,0,0
2019-06-19 01:45,4,0,4,0,0,0
2019-06-19 02:00,3,0,3,0,0,0
2019-06-19 02:15,2,0,2,0,0,0
2019-06-19 02:30,2,1,1,0,0,0
2019-06-19 02:45,2,1,1,0,0,0
2019-06-19 03:00,0,0,0,0,0,0
2019-06-19 03:15,3,1,2,0,0,0
2019-06-19 03:30,0,0,0,0,0,0
2019-06-19 03:45,1,1,0,0,0,0
2019-06-19 04:00,1,1,0,0,0,0
2019-06-19 04:15,1,1,0,0,0,0
2019-06-19 04:30,1,1,0,0,0,0
2019-06-19 04:45,2,2,0,0,0,0
2019-06-19 05:00,2,2,0,0,0,0
2019-06-19 05:15,10,8,2,0,0,0
2019-06-19 05:30,14,9,5,0,0,0
2019-06-19 05:45,31,25,6,0,0,0
2019-06-19 06:00,30,18,12,0,0,0
2019-06-19 06:15,48,39,9,0,0,0
2019-06-19 06:30,39,22,17,0,0,0
2019-06-19 06:45,78,57,21,0,0,0
2019-06-19 07:00,105,70,35,0,0,0
2019-06-19 07:15,143,87,56,0,0,0
2019-06-19 07:30,150,92,58,0,0,0
2019-06-19 07:45,202,146,56,0,0,0
2019-06-19 08:00,166,128,38,0,0,0
2019-06-19 08:15,198,135,63,0,0,0
2019-06-19 08:30,157,110,47,0,0,0
2019-06-19 08:45,197,140,57,0,0,0
2019-06-19 09:00,137,99,38,0,0,0
2019-06-19 09:15,142,103,39,0,0,0
2019-06-19 09:30,150,97,53,0,0,0
2019-06-19 09:45,191,130,61,0,0,0
2019-06-19 10:00,184,133,51,0,0,0
2019-06-19 10:15,169,94,75,0,0,0
2019-06-19 10:30,152,96,56,0,0,0
2019-06-19 10:45,148,88,60,0,0,0
2019-06-19 11:00,146,72,74,0,0,0
2019-06-19 11:15,170,100,70,0,0,0
2019-06-19 11:30,181,78,103,0,0,0
2019-06-19 11:45,190,99,91,0,0,0
2019-06-19 12:00,175,76,99,0,0,0
2019-06-19 12:15,176,89,87,0,0,0
2019-06-19 12:30,178,72,106,0,0,0
2019-06-19 12:45,203,91,112,0,0,0
2019-06-19 13:00,192,78,114,0,0,0
2019-06-19 13:15,152,58,94,0,0,0
2019-06-19 13:30,150,56,94,0,0,0
2019-06-19 13:45,169,72,97,0,0,0
2019-06-19 14:00,189,66,123,0,0,0
2019-06-19 14:15,181,67,114,0,0,0
2019-06-19 14:30,155,57,98,0,0,0
2019-06-19 14:45,160,56,104,0,0,0
2019-06-19 15:00,126,46,80,0,0,0
2019-06-19 15:15,152,66,86,0,0,0
2019-06-19 15:30,171,69,102,0,0,0
2019-06-19 15:45,202,77,125,0,0,0
2019-06-19 16:00,227,84,143,0,0,0
2019-06-19 16:15,109,34,75,0,0,0
2019-06-19 16:30,181,53,128,0,0,0
2019-06-19 16:45,196,83,113,0,0,0
2019-06-19 17:00,194,60,134,0,0,0
2019-06-19 17:15,177,67,110,0,0,0
2019-06-19 17:30,189,81,108,0,0,0
2019-06-19 17:45,198,85,113,0,0,0
2019-06-19 18:00,199,88,111,0,0,0
2019-06-19 18:15,183,86,97,0,0,0
2019-06-19 18:30,192,73,119,0,0,0
2019-06-19 18:45,212,99,113,0,0,0
2019-06-19 19:00,174,78,96,0,0,0
2019-06-19 19:15,186,104,82,0,0,0
2019-06-19 19:30,161,67,94,0,0,0
2019-06-19 19:45,162,74,88,0,0,0
2019-06-19 20:00,133,50,83,0,0,0
2019-06-19 20:15,79,23,56,0,0,0
2019-06-19 20:30,105,38,67,0,0,0
2019-06-19 20:45,77,38,39,0,0,0
2019-06-19 21:00,88,42,46,0,0,0
2019-06-19 21:15,73,28,45,0,0,0
2019-06-19 21:30,68,12,56,0,0,0
2019-06-19 21:45,74,19,55,0,0,0
2019-06-19 22:00,71,21,50,0,0,0
2019-06-19 22:15,51,27,24,0,0,0
2019-06-19 22:30,67,21,46,0,0,0
2019-06-19 22:45,44,18,26,0,0,0
2019-06-19 23:00,50,14,36,0,0,0
2019-06-19 23:15,53,26,27,0,0,0
2019-06-19 23:30,43,19,24,0,0,0
2019-06-19 23:45,50,21,29,0,0,0
2019-06-20 00:00,39,14,25,0,0,0
2019-06-20 00:15,51,20,31,0,0,0
2019-06-20 00:30,34,18,16,0,0,0
2019-06-20 00:45,34,5,29,0,0,0
2019-06-20 01:00,46,14,32,0,0,0
2019-06-20 01:15,36,9,27,0,0,0
2019-06-20 01:30,37,16,21,0,0,0
2019-06-20 01:45,31,11,20,0,0,0
2019-06-20 02:00,30,19,11,0,0,0
2019-06-20 02:15,31,7,24,0,0,0
2019-06-20 02:30,14,1,13,0,0,0
2019-06-20 02:45,20,8,12,0,0,0
2019-06-20 03:00,16,3,13,0,0,0
2019-06-20 03:15,25,4,21,0,0,0
2019-06-20 03:30,15,4,11,0,0,0
2019-06-20 03:45,9,1,8,0,0,0
2019-06-20 04:00,14,3,11,0,0,0
2019-06-20 04:15,10,1,9,0,0,0
2019-06-20 04:30,5,1,4,0,0,0
2019-06-20 04:45,7,4,3,0,0,0
2019-06-20 05:00,2,1,1,0,0,0
2019-06-20 05:15,3,2,1,0,0,0
2019-06-20 05:30,9,6,3,0,0,0
2019-06-20 05:45,13,9,4,0,0,0
2019-06-20 06:00,5,4,1,0,0,0
2019-06-20 06:15,8,3,5,0,0,0
2019-06-20 06:30,6,3,3,0,0,0
2019-06-20 06:45,7,5,2,0,0,0
2019-06-20 07:00,10,3,7,0,0,0
2019-06-20 07:15,9,7,2,0,0,0
2019-06-20 07:30,19,13,6,0,0,0
2019-06-20 07:45,27,19,8,0,0,0
2019-06-20 08:00,23,16,7,0,0,0
2019-06-20 08:15,18,9,9,0,0,0
2019-06-20 08:30,19,16,3,0,0,0
2019-06-20 08:45,26,21,5,0,0,0
2019-06-20 09:00,24,17,7,0,0,0
2019-06-20 09:15,35,23,12,0,0,0
2019-06-20 09:30,20,10,10,0,0,0
2019-06-20 09:45,60,44,16,0,0,0
2019-06-20 10:00,61,32,29,0,0,0
2019-06-20 10:15,56,27,29,0,0,0
2019-06-20 10:30,36,20,16,0,0,0
2019-06-20 10:45,50,30,20,0,0,0
2019-06-20 11:00,55,34,21,0,0,0
2019-06-20 11:15,52,29,23,0,0,0
2019-06-20 11:30,58,34,24,0,0,0
2019-06-20 11:45,75,39,36,0,0,0
2019-06-20 12:00,43,20,23,0,0,0
2019-06-20 12:15,67,29,38,0,0,0
2019-06-20 12:30,88,47,41,0,0,0
2019-06-20 12:45,69,44,25,0,0,0
2019-06-20 13:00,75,35,40,0,0,0
2019-06-20 13:15,63,36,27,0,0,0
2019-06-20 13:30,87,50,37,0,0,0
2019-06-20 13:45,75,45,30,0,0,0
2019-06-20 14:00,91,39,52,0,0,0
2019-06-20 14:15,74,37,37,0,0,0
2019-06-20 14:30,100,60,40,0,0,0
2019-06-20 14:45,100,62,38,0,0,0
2019-06-20 15:00,100,54,46,0,0,0
2019-06-20 15:15,76,44,32,0,0,0
2019-06-20 15:30,92,46,46,0,0,0
2019-06-20 15:45,96,57,39,0,0,0
2019-06-20 16:00,86,33,53,0,0,0
2019-06-20 16:15,91,46,45,0,0,0
2019-06-20 16:30,98,47,51,0,0,0
2019-06-20 16:45,101,43,58,0,0,0
2019-06-20 17:00,88,37,51,0,0,0
2019-06-20 17:15,131,83,48,0,0,0
2019-06-20 17:30,152,100,52,0,0,0
2019-06-20 17:45,137,64,73,0,0,0
2019-06-20 18:00,82,25,57,0,0,0
2019-06-20 18:15,93,35,58,0,0,0
2019-06-20 18:30,120,72,48,0,0,0
2019-06-20 18:45,114,57,57,0,0,0
2019-06-20 19:00,73,27,46,0,0,0
2019-06-20 19:15,79,32,47,0,0,0
2019-06-20 19:30,79,26,53,0,0,0
2019-06-20 19:45,79,31,48,0,0,0
2019-06-20 20:00,82,39,43,0,0,0
2019-06-20 20:15,85,32,53,0,0,0
2019-06-20 20:30,96,19,77,0,0,0
2019-06-20 20:45,81,26,55,0,0,0
2019-06-20 21:00,59,19,40,0,0,0
2019-06-20 21:15,64,22,42,0,0,0
2019-06-20 21:30,49,19,30,0,0,0
2019-06-20 21:45,45,8,37,0,0,0
2019-06-20 22:00,36,14,22,0,0,0
2019-06-20 22:15,48,13,35,0,0,0
2019-06-20 22:30,43,11,32,0,0,0
2019-06-20 22:45,35,12,23,0,0,0
2019-06-20 23:00,32,9,23,0,0,0
2019-06-20 23:15,23,9,14,0,0,0
2019-06-20 23:30,32,6,26,0,0,0
2019-06-20 23:45,17,7,10,0,0,0
2019-06-21 00:00,20,7,13,0,0,0
2019-06-21 00:15,13,6,7,0,0,0
2019-06-21 00:30,13,3,10,0,0,0
2019-06-21 00:45,10,2,8,0,0,0
2019-06-21 01:00,10,4,6,0,0,0
2019-06-21 01:15,13,3,10,0,0,0
2019-06-21 01:30,10,4,6,0,0,0
2019-06-21 01:45,2,2,0,0,0,0
2019-06-21 02:00,3,0,3,0,0,0
2019-06-21 02:15,5,1,4,0,0,0
2019-06-21 02:30,0,0,0,0,0,0
2019-06-21 02:45,3,2,1,0,0,0
2019-06-21 03:00,2,0,2,0,0,0
2019-06-21 03:15,0,0,0,0,0,0
2019-06-21 03:30,2,0,2,0,0,0
2019-06-21 03:45,1,1,0,0,0,0
2019-06-21 04:00,1,1,0,0,0,0
2019-06-21 04:15,3,2,1,0,0,0
2019-06-21 04:30,7,2,5,0,0,0
2019-06-21 04:45,4,3,1,0,0,0
2019-06-21 05:00,1,0,1,0,0,0
2019-06-21 05:15,6,5,1,0,0,0
2019-06-21 05:30,11,9,2,0,0,0
2019-06-21 05:45,28,23,5,0,0,0
2019-06-21 06:00,24,15,9,0,0,0
2019-06-21 06:15,25,18,7,0,0,0
2019-06-21 06:30,35,23,12,0,0,0
2019-06-21 06:45,61,50,11,0,0,0
2019-06-21 07:00,53,32,21,0,0,0
2019-06-21 07:15,73,46,27,0,0,0
2019-06-21 07:30,107,74,33,0,0,0
2019-06-21 07:45,164,108,56,0,0,0
2019-06-21 08:00,102,73,29,0,0,0
2019-06-21 08:15,121,82,39,0,0,0
2019-06-21 08:30,93,58,35,0,0,0
2019-06-21 08:45,132,92,40,0,0,0
2019-06-21 09:00,83,55,28,0,0,0
2019-06-21 09:15,141,85,56,0,0,0
2019-06-21 09:30,130,79,51,0,0,0
2019-06-21 09:45,147,102,45,0,0,0
2019-06-21 10:00,143,110,33,0,0,0
2019-06-21 10:15,145,86,59,0,0,0
2019-06-21 10:30,160,103,57,0,0,0
2019-06-21 10:45,152,90,62,0,0,0
2019-06-21 11:00,148,75,73,0,0,0
2019-06-21 11:15,186,89,97,0,0,0
2019-06-21 11:30,160,94,66,0,0,0
2019-06-21 11:45,181,96,85,0,0,0
2019-06-21 12:00,188,86,102,0,0,0
2019-06-21 12:15,158,80,78,0,0,0
2019-06-21 12:30,175,91,84,0,0,0
2019-06-21 12:45,172,69,103,0,0,0
2019-06-21 13:00,211,97,114,0,0,0
2019-06-21 13:15,209,100,109,0,0,0
2019-06-21 13:30,176,72,104,0,0,0
2019-06-21 13:45,189,80,109,0,0,0
2019-06-21 14:00,186,93,93,0,0,0
2019-06-21 14:15,238,80,158,0,0,0
2019-06-21 14:30,203,101,102,0,0,0
2019-06-21 14:45,192,99,93,0,0,0
2019-06-21 15:00,211,96,115,0,0,0
2019-06-21 15:15,215,107,108,0,0,0
2019-06-21 15:30,235,100,135,0,0,0
2019-06-21 15:45,246,110,136,0,0,0
2019-06-21 16:00,232,106,126,0,0,0
2019-06-21 16:15,189,90,99,0,0,0
2019-06-21 16:30,223,86,137,0,0,0
2019-06-21 16:45,198,77,121,0,0,0
2019-06-21 17:00,185,89,96,0,0,0
2019-06-21 17:15,205,89,116,0,0,0
2019-06-21 17:30,206,94,112,0,0,0
2019-06-21 17:45,223,122,101,0,0,0
2019-06-21 18:00,180,96,84,0,0,0
2019-06-21 18:15,199,80,119,0,0,0
2019-06-21 18:30,180,79,101,0,0,0
2019-06-21 18:45,171,85,86,0,0,0
2019-06-21 19:00,174,78,96,0,0,0
2019-06-21 19:15,162,70,92,0,0,0
2019-06-21 19:30,147,60,87,0,0,0
2019-06-21 19:45,145,59,86,0,0,0
2019-06-21 20:00,130,41,89,0,0,0
2019-06-21 20:15,153,55,98,0,0,0
2019-06-21 20:30,159,30,129,0,0,0
2019-06-21 20:45,119,42,77,0,0,0
2019-06-21 21:00,104,28,76,0,0,0
2019-06-21 21:15,103,35,68,0,0,0
2019-06-21 21:30,108,21,87,0,0,0
2019-06-21 21:45,73,27,46,0,0,0
2019-06-21 22:00,80,22,58,0,0,0
2019-06-21 22:15,99,54,45,0,0,0
2019-06-21 22:30,100,41,59,0,0,0
2019-06-21 22:45,52,17,35,0,0,0
2019-06-21 23:00,57,18,39,0,0,0
2019-06-21 23:15,41,10,31,0,0,0
2019-06-21 23:30,44,18,26,0,0,0
2019-06-21 23:45,49,14,35,0,0,0
2019-06-22 00:00,57,14,43,0,0,0
2019-06-22 00:15,46,20,26,0,0,0
2019-06-22 00:30,36,9,27,0,0,0
2019-06-22 00:45,27,11,16,0,0,0
2019-06-22 01:00,41,9,32,0,0,0
2019-06-22 01:15,24,12,12,0,0,0
2019-06-22 01:30,28,9,19,0,0,0
2019-06-22 01:45,21,8,13,0,0,0
2019-06-22 02:00,18,4,14,0,0,0
2019-06-22 02:15,17,8,9,0,0,0
2019-06-22 02:30,13,4,9,0,0,0
2019-06-22 02:45,23,8,15,0,0,0
2019-06-22 03:00,10,3,7,0,0,0
2019-06-22 03:15,14,4,10,0,0,0
2019-06-22 03:30,7,0,7,0,0,0
2019-06-22 03:45,6,3,3,0,0,0
2019-06-22 04:00,6,1,5,0,0,0
2019-06-22 04:15,5,3,2,0,0,0
2019-06-22 04:30,7,1,6,0,0,0
2019-06-22 04:45,10,6,4,0,0,0
2019-06-22 05:00,0,0,0,0,0,0
2019-06-22 05:15,7,2,5,0,0,0
2019-06-22 05:30,7,5,2,0,0,0
2019-06-22 05:45,11,8,3,0,0,0
2019-06-22 06:00,10,5,5,0,0,0
2019-06-22 06:15,9,4,5,0,0,0
2019-06-22 06:30,9,7,2,0,0,0
2019-06-22 06:45,16,8,8,0,0,0
2019-06-22 07:00,15,9,6,0,0,0
2019-06-22 07:15,20,16,4,0,0,0
2019-06-22 07:30,29,14,15,0,0,0
2019-06-22 07:45,29,18,11,0,0,0
2019-06-22 08:00,37,26,11,0,0,0
2019-06-22 08:15,54,29,25,0,0,0
2019-06-22 08:30,46,28,18,0,0,0
2019-06-22 08:45,86,55,31,0,0,0
2019-06-22 09:00,71,49,22,0,0,0
2019-06-22 09:15,114,81,33,0,0,0
2019-06-22 09:30,94,67,27,0,0,0
2019-06-22 09:45,146,103,43,0,0,0
2019-06-22 10:00,129,102,27,0,0,0
2019-06-22 10:15,153,97,56,0,0,0
2019-06-22 10:30,171,110,61,0,0,0
2019-06-22 10:45,209,132,77,0,0,0
2019-06-22 11:00,148,110,38,0,0,0
2019-06-22 11:15,161,100,61,0,0,0
2019-06-22 11:30,200,133,67,0,0,0
2019-06-22 11:45,214,117,97,0,0,0
2019-06-22 12:00,233,127,106,0,0,0
2019-06-22 12:15,184,110,74,0,0,0
2019-06-22 12:30,198,110,88,0,0,0
2019-06-22 12:45,195,101,94,0,0,0
2019-06-22 13:00,213,93,120,0,0,0
2019-06-22 13:15,206,105,101,0,0,0
2019-06-22 13:30,226,116,110,0,0,0
2019-06-22 13:45,197,104,93,0,0,0
2019-06-22 14:00,162,77,85,0,0,0
2019-06-22 14:15,219,80,139,0,0,0
2019-06-22 14:30,210,110,100,0,0,0
2019-06-22 14:45,273,174,99,0,0,0
2019-06-22 15:00,234,136,98,0,0,0
2019-06-22 15:15,219,129,90,0,0,0
2019-06-22 15:30,219,132,87,0,0,0
2019-06-22 15:45,246,140,106,0,0,0
2019-06-22 16:00,232,127,105,0,0,0
2019-06-22 16:15,210,108,102,0,0,0
2019-06-22 16:30,163,83,80,0,0,0
2019-06-22 16:45,248,111,137,0,0,0
2019-06-22 17:00,210,72,138,0,0,0
2019-06-22 17:15,196,66,130,0,0,0
2019-06-22 17:30,202,69,133,0,0,0
2019-06-22 17:45,205,71,134,0,0,0
2019-06-22 18:00,254,64,190,0,0,0
2019-06-22 18:15,232,57,175,0,0,0
2019-06-22 18:30,196,50,146,0,0,0
2019-06-22 18:45,212,87,125,0,0,0
2019-06-22 19:00,159,60,99,0,0,0
2019-06-22 19:15,142,56,86,0,0,0
2019-06-22 19:30,112,42,70,0,0,0
2019-06-22 19:45,119,46,73,0,0,0
2019-06-22 20:00,143,42,101,0,0,0
2019-06-22 20:15,102,40,62,0,0,0
2019-06-22 20:30,97,45,52,0,0,0
2019-06-22 20:45,114,44,70,0,0,0
2019-06-22 21:00,97,43,54,0,0,0
2019-06-22 21:15,127,54,73,0,0,0
2019-06-22 21:30,84,35,49,0,0,0
2019-06-22 21:45,104,57,47,0,0,0
2019-06-22 22:00,143,92,51,0,0,0
2019-06-22 22:15,202,153,49,0,0,0
2019-06-22 22:30,84,48,36,0,0,0
2019-06-22 22:45,82,29,53,0,0,0
2019-06-22 23:00,67,28,39,0,0,0
2019-06-22 23:15,60,23,37,0,0,0
2019-06-22 23:30,142,21,121,0,0,0
2019-06-22 23:45,140,16,124,0,0,0
2019-06-23 00:00,77,25,52,0,0,0
2019-06-23 00:15,50,12,38,0,0,0
2019-06-23 00:30,56,11,45,0,0,0
2019-06-23 00:45,72,21,51,0,0,0
2019-06-23 01:00,51,6,45,0,0,0
2019-06-23 01:15,37,10,27,0,0,0
2019-06-23 01:30,47,8,39,0,0,0
2019-06-23 01:45,24,7,17,0,0,0
2019-06-23 02:00,12,3,9,0,0,0
2019-06-23 02:15,23,4,19,0,0,0
2019-06-23 02:30,22,1,21,0,0,0
2019-06-23 02:45,22,6,16,0,0,0
2019-06-23 03:00,18,4,14,0,0,0
2019-06-23 03:15,12,6,6,0,0,0
2019-06-23 03:30,9,2,7,0,0,0
2019-06-23 03:45,13,3,10,0,0,0
2019-06-23 04:00,3,2,1,0,0,0
2019-06-23 04:15,7,2,5,0,0,0
2019-06-23 04:30,10,3,7,0,0,0
2019-06-23 04:45,4,2,2,0,0,0
2019-06-23 05:00,6,2,4,0,0,0
2019-06-23 05:15,8,1,7,0,0,0
2019-06-23 05:30,11,1,10,0,0,0
2019-06-23 05:45,5,5,0,0,0,0
2019-06-23 06:00,4,3,1,0,0,0
2019-06-23 06:15,2,1,1,0,0,0
2019-06-23 06:30,6,2,4,0,0,0
2019-06-23 06:45,8,3,5,0,0,0
2019-06-23 07:00,4,1,3,0,0,0
2019-06-23 07:15,5,5,0,0,0,0
2019-06-23 07:30,10,4,6,0,0,0
2019-06-23 07:45,14,6,8,0,0,0
2019-06-23 08:00,18,11,7,0,0,0
2019-06-23 08:15,15,13,2,0,0,0
2019-06-23 08:30,18,12,6,0,0,0
2019-06-23 08:45,24,10,14,0,0,0
2019-06-23 09:00,33,17,16,0,0,0
2019-06-23 09:15,32,24,8,0,0,0
2019-06-23 09:30,33,21,12,0,0,0
2019-06-23 09:45,70,42,28,0,0,0
2019-06-23 10:00,49,28,21,0,0,0
2019-06-23 10:15,56,35,21,0,0,0
2019-06-23 10:30,47,32,15,0,0,0
2019-06-23 10:45,82,46,36,0,0,0
2019-06-23 11:00,50,25,25,0,0,0
2019-06-23 11:15,64,39,25,0,0,0
2019-06-23 11:30,66,34,32,0,0,0
2019-06-23 11:45,78,45,33,0,0,0
2019-06-23 12:00,91,35,56,0,0,0
2019-06-23 12:15,63,38,25,0,0,0
2019-06-23 12:30,73,33,40,0,0,0
2019-06-23 12:45,59,35,24,0,0,0
2019-06-23 13:00,106,52,54,0,0,0
2019-06-23 13:15,86,53,33,0,0,0
2019-06-23 13:30,108,58,50,0,0,0
2019-06-23 13:45,109,59,50,0,0,0
2019-06-23 14:00,78,39,39,0,0,0
2019-06-23 14:15,76,39,37,0,0,0
2019-06-23 14:30,94,46,48,0,0,0
2019-06-23 14:45,118,59,59,0,0,0
2019-06-23 15:00,95,52,43,0,0,0
2019-06-23 15:15,90,33,57,0,0,0
2019-06-23 15:30,104,50,54,0,0,0
2019-06-23 15:45,106,41,65,0,0,0
2019-06-23 16:00,114,44,70,0,0,0
2019-06-23 16:15,101,39,62,0,0,0
2019-06-23 16:30,96,43,53,0,0,0
2019-06-23 16:45,113,44,69,0,0,0
2019-06-23 17:00,85,36,49,0,0,0
2019-06-23 17:15,68,31,37,0,0,0
2019-06-23 17:30,144,73,71,0,0,0
2019-06-23 17:45,119,62,57,0,0,0
2019-06-23 18:00,97,43,54,0,0,0
2019-06-23 18:15,92,30,62,0,0,0
2019-06-23 18:30,98,34,64,0,0,0
2019-06-23 18:45,97,41,56,0,0,0
2019-06-23 19:00,93,39,54,0,0,0
2019-06-23 19:15,77,43,34,0,0,0
2019-06-23 19:30,59,21,38,0,0,0
2019-06-23 19:45,99,39,60,0,0,0
2019-06-23 20:00,85,26,59,0,0,0
2019-06-23 20:15,91,18,73,0,0,0
2019-06-23 20:30,59,14,45,0,0,0
2019-06-23 20:45,41,15,26,0,0,0
2019-06-23 21:00,53,11,42,0,0,0
2019-06-23 21:15,30,9,21,0,0,0
2019-06-23 21:30,45,13,32,0,0,0
2019-06-23 21:45,37,12,25,0,0,0
2019-06-23 22:00,38,7,31,0,0,0
2019-06-23 22:15,46,22,24,0,0,0
2019-06-23 22:30,25,11,14,0,0,0
2019-06-23 22:45,20,7,13,0,0,0
2019-06-23 23:00,17,8,9,0,0,0
2019-06-23 23:15,24,11,13,0,0,0
2019-06-23 23:30,10,3,7,0,0,0
2019-06-23 23:45,11,4,7,0,0,0
2019-06-24 00:00,13,1,12,0,0,0
2019-06-24 00:15,8,2,6,0,0,0
2019-06-24 00:30,9,0,9,0,0,0
2019-06-24 00:45,8,4,4,0,0,0
2019-06-24 01:00,1,0,1,0,0,0
2019-06-24 01:15,3,0,3,0,0,0
2019-06-24 01:30,3,0,3,0,0,0
2019-06-24 01:45,0,0,0,0,0,0
2019-06-24 02:00,0,0,0,0,0,0
2019-06-24 02:15,2,0,2,0,0,0
2019-06-24 02:30,2,1,1,0,0,0
2019-06-24 02:45,2,2,0,0,0,0
2019-06-24 03:00,0,0,0,0,0,0
2019-06-24 03:15,1,1,0,0,0,0
2019-06-24 03:30,1,0,1,0,0,0
2019-06-24 03:45,0,0,0,0,0,0
2019-06-24 04:00,2,1,1,0,0,0
2019-06-24 04:15,3,0,3,0,0,0
2019-06-24 04:30,2,2,0,0,0,0
2019-06-24 04:45,3,3,0,0,0,0
2019-06-24 05:00,5,4,1,0,0,0
2019-06-24 05:15,7,6,1,0,0,0
2019-06-24 05:30,18,15,3,0,0,0
2019-06-24 05:45,38,30,8,0,0,0
2019-06-24 06:00,31,25,6,0,0,0
2019-06-24 06:15,51,41,10,0,0,0
2019-06-24 06:30,47,35,12,0,0,0
2019-06-24 06:45,89,67,22,0,0,0
2019-06-24 07:00,97,65,32,0,0,0
2019-06-24 07:15,108,63,45,0,0,0
2019-06-24 07:30,196,136,60,0,0,0
2019-06-24 07:45,199,147,52,0,0,0
2019-06-24 08:00,150,102,48,0,0,0
2019-06-24 08:15,156,106,50,0,0,0
2019-06-24 08:30,167,108,59,0,0,0
2019-06-24 08:45,142,94,48,0,0,0
2019-06-24 09:00,127,79,48,0,0,0
2019-06-24 09:15,129,87,42,0,0,0
2019-06-24 09:30,124,83,41,0,0,0
2019-06-24 09:45,174,125,49,0,0,0
2019-06-24 10:00,135,95,40,0,0,0
2019-06-24 10:15,120,72,48,0,0,0
2019-06-24 10:30,143,72,71,0,0,0
2019-06-24 10:45,121,61,60,0,0,0
2019-06-24 11:00,136,68,68,0,0,0
2019-06-24 11:15,151,83,68,0,0,0
2019-06-24 11:30,120,60,60,0,0,0
2019-06-24 11:45,145,65,80,0,0,0
2019-06-24 12:00,190,95,95,0,0,0
2019-06-24 12:15,142,62,80,0,0,0
2019-06-24 12:30,176,75,101,0,0,0
2019-06-24 12:45,143,63,80,0,0,0
2019-06-24 13:00,155,66,89,0,0,0
2019-06-24 13:15,175,75,100,0,0,0
2019-06-24 13:30,120,44,76,0,0,0
2019-06-24 13:45,174,78,96,0,0,0
2019-06-24 14:00,175,76,99,0,0,0
2019-06-24 14:15,149,58,91,0,0,0
2019-06-24 14:30,158,62,96,0,0,0
2019-06-24 14:45,172,85,87,0,0,0
2019-06-24 15:00,177,76,101,0,0,0
2019-06-24 15:15,179,69,110,0,0,0
2019-06-24 15:30,193,75,118,0,0,0
2019-06-24 15:45,204,75,129,0,0,0
2019-06-24 16:00,231,85,146,0,0,0
2019-06-24 16:15,232,86,146,0,0,0
2019-06-24 16:30,239,81,158,0,0,0
2019-06-24 16:45,223,92,131,0,0,0
2019-06-24 17:00,228,80,148,0,0,0
2019-06-24 17:15,203,71,132,0,0,0
2019-06-24 17:30,231,90,141,0,0,0
2019-06-24 17:45,240,103,137,0,0,0
2019-06-24 18:00,231,72,159,0,0,0
2019-06-24 18:15,196,73,123,0,0,0
2019-06-24 18:30,185,63,122,0,0,0
2019-06-24 18:45,175,62,113,0,0,0
2019-06-24 19:00,184,55,129,0,0,0
2019-06-24 19:15,158,57,101,0,0,0
2019-06-24 19:30,141,42,99,0,0,0
2019-06-24 19:45,122,51,71,0,0,0
2019-06-24 20:00,142,46,96,0,0,0
2019-06-24 20:15,91,35,56,0,0,0
2019-06-24 20:30,85,34,51,0,0,0
2019-06-24 20:45,74,27,47,0,0,0
2019-06-24 21:00,68,26,42,0,0,0
2019-06-24 21:15,68,24,44,0,0,0
2019-06-24 21:30,97,24,73,0,0,0
2019-06-24 21:45,82,32,50,0,0,0
2019-06-24 22:00,80,23,57,0,0,0
2019-06-24 22:15,68,24,44,0,0,0
2019-06-24 22:30,39,14,25,0,0,0
2019-06-24 22:45,43,18,25,0,0,0
2019-06-24 23:00,40,16,24,0,0,0
2019-06-24 23:15,22,6,16,0,0,0
2019-06-24 23:30,27,3,24,0,0,0
2019-06-24 23:45,24,10,14,0,0,0
2019-06-25 00:00,11,5,6,0,0,0
2019-06-25 00:15,17,7,10,0,0,0
2019-06-25 00:30,19,5,14,0,0,0
2019-06-25 00:45,19,4,15,0,0,0
2019-06-25 01:00,7,0,7,0,0,0
2019-06-25 01:15,6,1,5,0,0,0
2019-06-25 01:30,4,3,1,0,0,0
2019-06-25 01:45,5,0,5,0,0,0
2019-06-25 02:00,3,2,1,0,0,0
2019-06-25 02:15,4,2,2,0,0,0
2019-06-25 02:30,3,0,3,0,0,0
2019-06-25 02:45,6,3,3,0,0,0
2019-06-25 03:00,2,2,0,0,0,0
2019-06-25 03:15,2,0,2,0,0,0
2019-06-25 03:30,2,1,1,0,0,0
2019-06-25 03:45,1,0,1,0,0,0
2019-06-25 04:00,1,1,0,0,0,0
2019-06-25 04:15,0,0,0,0,0,0
2019-06-25 04:30,1,0,1,0,0,0
2019-06-25 04:45,2,1,1,0,0,0
2019-06-25 05:00,1,0,1,0,0,0
2019-06-25 05:15,10,7,3,0,0,0
2019-06-25 05:30,21,18,3,0,0,0
2019-06-25 05:45,52,47,5,0,0,0
2019-06-25 06:00,48,31,17,0,0,0
2019-06-25 06:15,50,35,15,0,0,0
2019-06-25 06:30,59,45,14,0,0,0
2019-06-25 06:45,82,58,24,0,0,0
2019-06-25 07:00,118,74,44,0,0,0
2019-06-25 07:15,135,84,51,0,0,0
2019-06-25 07:30,170,123,47,0,0,0
2019-06-25 07:45,204,151,53,0,0,0
2019-06-25 08:00,176,119,57,0,0,0
2019-06-25 08:15,178,121,57,0,0,0
2019-06-25 08:30,138,99,39,0,0,0
2019-06-25 08:45,178,131,47,0,0,0
2019-06-25 09:00,134,90,44,0,0,0
2019-06-25 09:15,112,67,45,0,0,0
2019-06-25 09:30,130,93,37,0,0,0
2019-06-25 09:45,143,104,39,0,0,0
2019-06-25 10:00,151,101,50,0,0,0
2019-06-25 10:15,129,65,64,0,0,0
2019-06-25 10:30,112,64,48,0,0,0
2019-06-25 10:45,138,75,63,0,0,0
2019-06-25 11:00,128,69,59,0,0,0
2019-06-25 11:15,124,61,63,0,0,0
2019-06-25 11:30,135,69,66,0,0,0
2019-06-25 11:45,151,77,74,0,0,0
2019-06-25 12:00,155,75,80,0,0,0
2019-06-25 12:15,181,67,114,0,0,0
2019-06-25 12:30,136,56,80,0,0,0
2019-06-25 12:45,153,61,92,0,0,0
2019-06-25 13:00,165,62,103,0,0,0
2019-06-25 13:15,150,60,90,0,0,0
2019-06-25 13:30,139,49,90,0,0,0
2019-06-25 13:45,174,89,85,0,0,0
2019-06-25 14:00,187,80,107,0,0,0
2019-06-25 14:15,127,52,75,0,0,0
2019-06-25 14:30,136,56,80,0,0,0
2019-06-25 14:45,191,90,101,0,0,0
2019-06-25 15:00,161,63,98,0,0,0
2019-06-25 15:15,172,73,99,0,0,0
2019-06-25 15:30,191,80,111,0,0,0
2019-06-25 15:45,186,73,113,0,0,0
2019-06-25 16:00,211,81,130,0,0,0
2019-06-25 16:15,176,60,116,0,0,0
2019-06-25 16:30,209,85,124,0,0,0
2019-06-25 16:45,202,82,120,0,0,0
2019-06-25 17:00,186,74,112,0,0,0
2019-06-25 17:15,232,94,138,0,0,0
2019-06-25 17:30,207,91,116,0,0,0
2019-06-25 17:45,232,86,146,0,0,0
2019-06-25 18:00,235,93,142,0,0,0
2019-06-25 18:15,199,69,130,0,0,0
2019-06-25 18:30,177,65,112,0,0,0
2019-06-25 18:45,177,79,98,0,0,0
2019-06-25 19:00,163,65,98,0,0,0
2019-06-25 19:15,174,71,103,0,0,0
2019-06-25 19:30,114,44,70,0,0,0
2019-06-25 19:45,151,53,98,0,0,0
2019-06-25 20:00,117,30,87,0,0,0
2019-06-25 20:15,100,36,64,0,0,0
2019-06-25 20:30,106,39,67,0,0,0
2019-06-25 20:45,81,34,47,0,0,0
2019-06-25 21:00,90,26,64,0,0,0
2019-06-25 21:15,73,16,57,0,0,0
2019-06-25 21:30,75,21,54,0,0,0
2019-06-25 21:45,82,21,61,0,0,0
2019-06-25 22:00,88,34,54,0,0,0
2019-06-25 22:15,84,23,61,0,0,0
2019-06-25 22:30,77,20,57,0,0,0
2019-06-25 22:45,58,10,48,0,0,0
2019-06-25 23:00,73,14,59,0,0,0
2019-06-25 23:15,44,12,32,0,0,0
2019-06-25 23:30,21,8,13,0,0,0
2019-06-25 23:45,25,10,15,0,0,0
2019-06-26 00:00,19,6,13,0,0,0
2019-06-26 00:15,17,4,13,0,0,0
2019-06-26 00:30,16,8,8,0,0,0
2019-06-26 00:45,7,0,7,0,0,0
2019-06-26 01:00,5,0,5,0,0,0
2019-06-26 01:15,6,3,3,0,0,0
2019-06-26 01:30,2,0,2,0,0,0
2019-06-26 01:45,5,2,3,0,0,0
2019-06-26 02:00,2,0,2,0,0,0
2019-06-26 02:15,3,1,2,0,0,0
2019-06-26 02:30,3,0,3,0,0,0
2019-06-26 02:45,4,2,2,0,0,0
2019-06-26 03:00,2,1,1,0,0,0
2019-06-26 03:15,5,1,4,0,0,0
2019-06-26 03:30,3,1,2,0,0,0
2019-06-26 03:45,0,0,0,0,0,0
2019-06-26 04:00,2,1,1,0,0,0
2019-06-26 04:15,1,1,0,0,0,0
2019-06-26 04:30,1,0,1,0,0,0
2019-06-26 04:45,8,6,2,0,0,0
2019-06-26 05:00,3,0,3,0,0,0
2019-06-26 05:15,13,10,3,0,0,0
2019-06-26 05:30,23,18,5,0,0,0
2019-06-26 05:45,43,36,7,0,0,0
2019-06-26 06:00,43,33,10,0,0,0
2019-06-26 06:15,43,31,12,0,0,0
2019-06-26 06:30,63,49,14,0,0,0
2019-06-26 06:45,75,59,16,0,0,0
2019-06-26 07:00,108,70,38,0,0,0
2019-06-26 07:15,134,92,42,0,0,0
2019-06-26 07:30,182,123,59,0,0,0
2019-06-26 07:45,233,167,66,0,0,0
2019-06-26 08:00,173,135,38,0,0,0
2019-06-26 08:15,186,118,68,0,0,0
2019-06-26 08:30,146,104,42,0,0,0
2019-06-26 08:45,187,127,60,0,0,0
2019-06-26 09:00,154,99,55,0,0,0
2019-06-26 09:15,145,101,44,0,0,0
2019-06-26 09:30,146,95,51,0,0,0
2019-06-26 09:45,185,128,57,0,0,0
2019-06-26 10:00,154,96,58,0,0,0
2019-06-26 10:15,136,82,54,0,0,0
2019-06-26 10:30,143,71,72,0,0,0
2019-06-26 10:45,153,79,74,0,0,0
2019-06-26 11:00,160,96,64,0,0,0
2019-06-26 11:15,158,77,81,0,0,0
2019-06-26 11:30,161,73,88,0,0,0
2019-06-26 11:45,198,117,81,0,0,0
2019-06-26 12:00,170,70,100,0,0,0
2019-06-26 12:15,172,68,104,0,0,0
2019-06-26 12:30,180,87,93,0,0,0
2019-06-26 12:45,190,91,99,0,0,0
2019-06-26 13:00,175,66,109,0,0,0
2019-06-26 13:15,151,67,84,0,0,0
2019-06-26 13:30,164,67,97,0,0,0
2019-06-26 13:45,169,82,87,0,0,0
2019-06-26 14:00,158,67,91,0,0,0
2019-06-26 14:15,155,61,94,0,0,0
2019-06-26 14:30,144,59,85,0,0,0
2019-06-26 14:45,163,59,104,0,0,0
2019-06-26 15:00,144,55,89,0,0,0
2019-06-26 15:15,171,44,127,0,0,0
2019-06-26 15:30,198,73,125,0,0,0
2019-06-26 15:45,214,96,118,0,0,0
2019-06-26 16:00,239,99,140,0,0,0
2019-06-26 16:15,208,77,131,0,0,0
2019-06-26 16:30,224,95,129,0,0,0
2019-06-26 16:45,191,84,107,0,0,0
2019-06-26 17:00,192,85,107,0,0,0
2019-06-26 17:15,187,76,111,0,0,0
2019-06-26 17:30,187,81,106,0,0,0
2019-06-26 17:45,222,91,131,0,0,0
2019-06-26 18:00,241,103,138,0,0,0
2019-06-26 18:15,204,80,124,0,0,0
2019-06-26 18:30,175,77,98,0,0,0
2019-06-26 18:45,203,92,111,0,0,0
2019-06-26 19:00,170,69,101,0,0,0
2019-06-26 19:15,156,65,91,0,0,0
2019-06-26 19:30,154,49,105,0,0,0
2019-06-26 19:45,166,53,113,0,0,0
2019-06-26 20:00,161,43,118,0,0,0
2019-06-26 20:15,125,40,85,0,0,0
2019-06-26 20:30,105,38,67,0,0,0
2019-06-26 20:45,109,34,75,0,0,0
2019-06-26 21:00,115,37,78,0,0,0
2019-06-26 21:15,77,27,50,0,0,0
2019-06-26 21:30,82,26,56,0,0,0
2019-06-26 21:45,102,34,68,0,0,0
2019-06-26 22:00,83,26,57,0,0,0
2019-06-26 22:15,102,22,80,0,0,0
2019-06-26 22:30,85,33,52,0,0,0
2019-06-26 22:45,44,12,32,0,0,0
2019-06-26 23:00,70,20,50,0,0,0
2019-06-26 23:15,43,11,32,0,0,0
2019-06-26 23:30,58,18,40,0,0,0
2019-06-26 23:45,31,8,23,0,0,0
2019-06-27 00:00,37,22,15,0,0,0
2019-06-27 00:15,20,11,9,0,0,0
2019-06-27 00:30,11,1,10,0,0,0
2019-06-27 00:45,9,4,5,0,0,0
2019-06-27 01:00,8,3,5,0,0,0
2019-06-27 01:15,14,3,11,0,0,0
2019-06-27 01:30,8,3,5,0,0,0
2019-06-27 01:45,4,0,4,0,0,0
2019-06-27 02:00,5,2,3,0,0,0
2019-06-27 02:15,10,2,8,0,0,0
2019-06-27 02:30,4,0,4,0,0,0
2019-06-27 02:45,7,2,5,0,0,0
2019-06-27 03:00,4,2,2,0,0,0
2019-06-27 03:15,5,1,4,0,0,0
2019-06-27 03:30,3,0,3,0,0,0
2019-06-27 03:45,3,2,1,0,0,0
2019-06-27 04:00,1,0,1,0,0,0
2019-06-27 04:15,2,2,0,0,0,0
2019-06-27 04:30,4,1,3,0,0,0
2019-06-27 04:45,4,3,1,0,0,0
2019-06-27 05:00,1,1,0,0,0,0
2019-06-27 05:15,8,8,0,0,0,0
2019-06-27 05:30,24,18,6,0,0,0
2019-06-27 05:45,36,27,9,0,0,0
2019-06-27 06:00,31,22,9,0,0,0
2019-06-27 06:15,46,35,11,0,0,0
2019-06-27 06:30,55,42,13,0,0,0
2019-06-27 06:45,83,56,27,0,0,0
2019-06-27 07:00,83,48,35,0,0,0
2019-06-27 07:15,131,77,54,0,0,0
2019-06-27 07:30,191,139,52,0,0,0
2019-06-27 07:45,191,139,52,0,0,0
2019-06-27 08:00,177,137,40,0,0,0
2019-06-27 08:15,162,107,55,0,0,0
2019-06-27 08:30,138,91,47,0,0,0
2019-06-27 08:45,204,151,53,0,0,0
2019-06-27 09:00,108,71,37,0,0,0
2019-06-27 09:15,140,94,46,0,0,0
2019-06-27 09:30,123,81,42,0,0,0
2019-06-27 09:45,153,114,39,0,0,0
2019-06-27 10:00,148,103,45,0,0,0
2019-06-27 10:15,121,60,61,0,0,0
2019-06-27 10:30,97,54,43,0,0,0
2019-06-27 10:45,122,79,43,0,0,0
2019-06-27 11:00,137,75,62,0,0,0
2019-06-27 11:15,146,75,71,0,0,0
2019-06-27 11:30,135,65,70,0,0,0
2019-06-27 11:45,165,86,79,0,0,0
2019-06-27 12:00,162,77,85,0,0,0
2019-06-27 12:15,170,78,92,0,0,0
2019-06-27 12:30,144,59,85,0,0,0
2019-06-27 12:45,152,61,91,0,0,0
2019-06-27 13:00,171,69,102,0,0,0
2019-06-27 13:15,182,65,117,0,0,0
2019-06-27 13:30,169,81,88,0,0,0
2019-06-27 13:45,187,86,101,0,0,0
2019-06-27 14:00,188,78,110,0,0,0
2019-06-27 14:15,185,75,110,0,0,0
2019-06-27 14:30,160,69,91,0,0,0
2019-06-27 14:45,199,88,111,0,0,0
2019-06-27 15:00,188,78,110,0,0,0
2019-06-27 15:15,199,88,111,0,0,0
2019-06-27 15:30,203,101,102,0,0,0
2019-06-27 15:45,248,102,146,0,0,0
2019-06-27 16:00,210,95,115,0,0,0
2019-06-27 16:15,248,106,142,0,0,0
2019-06-27 16:30,212,91,121,0,0,0
2019-06-27 16:45,265,111,154,0,0,0
2019-06-27 17:00,248,108,140,0,0,0
2019-06-27 17:15,259,109,150,0,0,0
2019-06-27 17:30,284,117,167,0,0,0
2019-06-27 17:45,258,102,156,0,0,0
2019-06-27 18:00,282,90,192,0,0,0
2019-06-27 18:15,243,87,156,0,0,0
2019-06-27 18:30,210,70,140,0,0,0
2019-06-27 18:45,207,78,129,0,0,0
2019-06-27 19:00,185,58,127,0,0,0
2019-06-27 19:15,199,67,132,0,0,0
2019-06-27 19:30,155,63,92,0,0,0
2019-06-27 19:45,186,69,117,0,0,0
2019-06-27 20:00,124,41,83,0,0,0
2019-06-27 20:15,97,41,56,0,0,0
2019-06-27 20:30,89,33,56,0,0,0
2019-06-27 20:45,103,26,77,0,0,0
2019-06-27 21:00,85,30,55,0,0,0
2019-06-27 21:15,78,26,52,0,0,0
2019-06-27 21:30,72,14,58,0,0,0
2019-06-27 21:45,105,27,78,0,0,0
2019-06-27 22:00,76,18,58,0,0,0
2019-06-27 22:15,81,35,46,0,0,0
2019-06-27 22:30,79,22,57,0,0,0
2019-06-27 22:45,56,16,40,0,0,0
2019-06-27 23:00,58,19,39,0,0,0
2019-06-27 23:15,50,12,38,0,0,0
2019-06-27 23:30,29,9,20,0,0,0
2019-06-27 23:45,42,13,29,0,0,0
2019-06-28 00:00,26,14,12,0,0,0
2019-06-28 00:15,13,4,9,0,0,0
2019-06-28 00:30,18,3,15,0,0,0
2019-06-28 00:45,15,2,13,0,0,0
2019-06-28 01:00,14,4,10,0,0,0
2019-06-28 01:15,12,1,11,0,0,0
2019-06-28 01:30,7,2,5,0,0,0
2019-06-28 01:45,4,1,3,0,0,0
2019-06-28 02:00,7,0,7,0,0,0
2019-06-28 02:15,1,0,1,0,0,0
2019-06-28 02:30,2,0,2,0,0,0
2019-06-28 02:45,6,3,3,0,0,0
2019-06-28 03:00,5,0,5,0,0,0
2019-06-28 03:15,2,2,0,0,0,0
2019-06-28 03:30,5,2,3,0,0,0
2019-06-28 03:45,1,1,0,0,0,0
2019-06-28 04:00,3,1,2,0,0,0
2019-06-28 04:15,4,3,1,0,0,0
2019-06-28 04:30,1,0,1,0,0,0
2019-06-28 04:45,4,2,2,0,0,0
2019-06-28 05:00,5,0,5,0,0,0
2019-06-28 05:15,9,7,2,0,0,0
2019-06-28 05:30,23,20,3,0,0,0
2019-06-28 05:45,44,36,8,0,0,0
2019-06-28 06:00,31,22,9,0,0,0
2019-06-28 06:15,47,30,17,0,0,0
2019-06-28 06:30,61,44,17,0,0,0
2019-06-28 06:45,76,56,20,0,0,0
2019-06-28 07:00,73,39,34,0,0,0
2019-06-28 07:15,118,77,41,0,0,0
2019-06-28 07:30,156,113,43,0,0,0
2019-06-28 07:45,188,139,49,0,0,0
2019-06-28 08:00,137,96,41,0,0,0
2019-06-28 08:15,166,112,54,0,0,0
2019-06-28 08:30,148,97,51,0,0,0
2019-06-28 08:45,175,102,73,0,0,0
2019-06-28 09:00,107,66,41,0,0,0
2019-06-28 09:15,125,83,42,0,0,0
2019-06-28 09:30,135,87,48,0,0,0
2019-06-28 09:45,142,104,38,0,0,0
2019-06-28 10:00,148,100,48,0,0,0
2019-06-28 10:15,143,86,57,0,0,0
2019-06-28 10:30,132,79,53,0,0,0
2019-06-28 10:45,146,81,65,0,0,0
2019-06-28 11:00,136,74,62,0,0,0
2019-06-28 11:15,126,60,66,0,0,0
2019-06-28 11:30,135,71,64,0,0,0
2019-06-28 11:45,151,68,83,0,0,0
2019-06-28 12:00,184,69,115,0,0,0
2019-06-28 12:15,174,72,102,0,0,0
2019-06-28 12:30,165,65,100,0,0,0
2019-06-28 12:45,192,90,102,0,0,0
2019-06-28 13:00,191,72,119,0,0,0
2019-06-28 13:15,147,47,100,0,0,0
2019-06-28 13:30,205,77,128,0,0,0
2019-06-28 13:45,226,81,145,0,0,0
2019-06-28 14:00,201,86,115,0,0,0
2019-06-28 14:15,190,77,113,0,0,0
2019-06-28 14:30,213,71,142,0,0,0
2019-06-28 14:45,185,76,109,0,0,0
2019-06-28 15:00,200,62,138,0,0,0
2019-06-28 15:15,202,92,110,0,0,0
2019-06-28 15:30,232,99,133,0,0,0
2019-06-28 15:45,197,89,108,0,0,0
2019-06-28 16:00,212,86,126,0,0,0
2019-06-28 16:15,189,75,114,0,0,0
2019-06-28 16:30,221,104,117,0,0,0
2019-06-28 16:45,213,95,118,0,0,0
2019-06-28 17:00,205,90,115,0,0,0
2019-06-28 17:15,166,74,92,0,0,0
2019-06-28 17:30,179,84,95,0,0,0
2019-06-28 17:45,213,107,106,0,0,0
2019-06-28 18:00,213,81,132,0,0,0
2019-06-28 18:15,186,84,102,0,0,0
2019-06-28 18:30,193,63,130,0,0,0
2019-06-28 18:45,155,76,79,0,0,0
2019-06-28 19:00,179,59,120,0,0,0
2019-06-28 19:15,186,83,103,0,0,0
2019-06-28 19:30,143,59,84,0,0,0
2019-06-28 19:45,150,50,100,0,0,0
2019-06-28 20:00,142,41,101,0,0,0
2019-06-28 20:15,135,55,80,0,0,0
2019-06-28 20:30,120,44,76,0,0,0
2019-06-28 20:45,89,40,49,0,0,0
2019-06-28 21:00,127,35,92,0,0,0
2019-06-28 21:15,95,37,58,0,0,0
2019-06-28 21:30,121,39,82,0,0,0
2019-06-28 21:45,81,30,51,0,0,0
2019-06-28 22:00,87,30,57,0,0,0
2019-06-28 22:15,85,36,49,0,0,0
2019-06-28 22:30,81,35,46,0,0,0
2019-06-28 22:45,92,30,62,0,0,0
2019-06-28 23:00,70,33,37,0,0,0
2019-06-28 23:15,67,26,41,0,0,0
2019-06-28 23:30,81,29,52,0,0,0
2019-06-28 23:45,60,35,25,0,0,0
2019-06-29 00:00,52,26,26,0,0,0
2019-06-29 00:15,42,25,17,0,0,0
2019-06-29 00:30,48,18,30,0,0,0
2019-06-29 00:45,44,16,28,0,0,0
2019-06-29 01:00,38,10,28,0,0,0
2019-06-29 01:15,50,29,21,0,0,0
2019-06-29 01:30,30,17,13,0,0,0
2019-06-29 01:45,34,10,24,0,0,0
2019-06-29 02:00,12,2,10,0,0,0
2019-06-29 02:15,17,10,7,0,0,0
2019-06-29 02:30,18,1,17,0,0,0
2019-06-29 02:45,14,4,10,0,0,0
2019-06-29 03:00,19,9,10,0,0,0
2019-06-29 03:15,14,3,11,0,0,0
2019-06-29 03:30,13,5,8,0,0,0
2019-06-29 03:45,9,4,5,0,0,0
2019-06-29 04:00,4,0,4,0,0,0
2019-06-29 04:15,4,3,1,0,0,0
2019-06-29 04:30,14,3,11,0,0,0
2019-06-29 04:45,6,2,4,0,0,0
2019-06-29 05:00,5,2,3,0,0,0
2019-06-29 05:15,7,4,3,0,0,0
2019-06-29 05:30,13,4,9,0,0,0
2019-06-29 05:45,15,9,6,0,0,0
2019-06-29 06:00,13,8,5,0,0,0
2019-06-29 06:15,12,6,6,0,0,0
2019-06-29 06:30,10,5,5,0,0,0
2019-06-29 06:45,9,5,4,0,0,0
2019-06-29 07:00,14,5,9,0,0,0
2019-06-29 07:15,27,15,12,0,0,0
2019-06-29 07:30,33,21,12,0,0,0
2019-06-29 07:45,65,42,23,0,0,0
2019-06-29 08:00,41,25,16,0,0,0
2019-06-29 08:15,48,37,11,0,0,0
2019-06-29 08:30,65,37,28,0,0,0
2019-06-29 08:45,81,55,26,0,0,0
2019-06-29 09:00,93,67,26,0,0,0
2019-06-29 09:15,108,78,30,0,0,0
2019-06-29 09:30,134,76,58,0,0,0
2019-06-29 09:45,180,118,62,0,0,0
2019-06-29 10:00,168,112,56,0,0,0
2019-06-29 10:15,138,83,55,0,0,0
2019-06-29 10:30,137,96,41,0,0,0
2019-06-29 10:45,197,135,62,0,0,0
2019-06-29 11:00,151,96,55,0,0,0
2019-06-29 11:15,205,124,81,0,0,0
2019-06-29 11:30,193,117,76,0,0,0
2019-06-29 11:45,159,95,64,0,0,0
2019-06-29 12:00,172,92,80,0,0,0
2019-06-29 12:15,187,88,99,0,0,0
2019-06-29 12:30,184,70,114,0,0,0
2019-06-29 12:45,180,85,95,0,0,0
2019-06-29 13:00,208,103,105,0,0,0
2019-06-29 13:15,205,99,106,0,0,0
2019-06-29 13:30,201,97,104,0,0,0
2019-06-29 13:45,188,107,81,0,0,0
2019-06-29 14:00,173,74,99,0,0,0
2019-06-29 14:15,162,74,88,0,0,0
2019-06-29 14:30,152,65,87,0,0,0
2019-06-29 14:45,193,71,122,0,0,0
2019-06-29 15:00,187,65,122,0,0,0
2019-06-29 15:15,153,59,94,0,0,0
2019-06-29 15:30,154,68,86,0,0,0
2019-06-29 15:45,148,65,83,0,0,0
2019-06-29 16:00,144,51,93,0,0,0
2019-06-29 16:15,144,56,88,0,0,0
2019-06-29 16:30,154,62,92,0,0,0
2019-06-29 16:45,140,66,74,0,0,0
2019-06-29 17:00,172,69,103,0,0,0
2019-06-29 17:15,148,68,80,0,0,0
2019-06-29 17:30,114,37,77,0,0,0
2019-06-29 17:45,148,68,80,0,0,0
2019-06-29 18:00,152,54,98,0,0,0
2019-06-29 18:15,139,47,92,0,0,0
2019-06-29 18:30,136,60,76,0,0,0
2019-06-29 18:45,178,75,103,0,0,0
2019-06-29 19:00,158,69,89,0,0,0
2019-06-29 19:15,129,52,77,0,0,0
2019-06-29 19:30,135,37,98,0,0,0
2019-06-29 19:45,125,36,89,0,0,0
2019-06-29 20:00,125,47,78,0,0,0
2019-06-29 20:15,131,37,94,0,0,0
2019-06-29 20:30,107,34,73,0,0,0
2019-06-29 20:45,105,48,57,0,0,0
2019-06-29 21:00,84,24,60,0,0,0
2019-06-29 21:15,91,23,68,0,0,0
2019-06-29 21:30,84,31,53,0,0,0
2019-06-29 21:45,89,21,68,0,0,0
2019-06-29 22:00,53,17,36,0,0,0
2019-06-29 22:15,55,21,34,0,0,0
2019-06-29 22:30,52,21,31,0,0,0
2019-06-29 22:45,65,28,37,0,0,0
2019-06-29 23:00,73,30,43,0,0,0
2019-06-29 23:15,72,31,41,0,0,0
2019-06-29 23:30,59,19,40,0,0,0
2019-06-29 23:45,63,37,26,0,0,0
2019-06-30 00:00,52,14,38,0,0,0
2019-06-30 00:15,52,29,23,0,0,0
2019-06-30 00:30,48,21,27,0,0,0
2019-06-30 00:45,50,31,19,0,0,0
2019-06-30 01:00,55,22,33,0,0,0
2019-06-30 01:15,35,11,24,0,0,0
2019-06-30 01:30,32,11,21,0,0,0
2019-06-30 01:45,28,12,16,0,0,0
2019-06-30 02:00,28,6,22,0,0,0
2019-06-30 02:15,31,12,19,0,0,0
2019-06-30 02:30,23,8,15,0,0,0
2019-06-30 02:45,11,4,7,0,0,0
2019-06-30 03:00,17,11,6,0,0,0
2019-06-30 03:15,18,6,12,0,0,0
2019-06-30 03:30,14,5,9,0,0,0
2019-06-30 03:45,20,10,10,0,0,0
2019-06-30 04:00,11,1,10,0,0,0
2019-06-30 04:15,8,7,1,0,0,0
2019-06-30 04:30,2,1,1,0,0,0
2019-06-30 04:45,3,1,2,0,0,0
2019-06-30 05:00,4,1,3,0,0,0
2019-06-30 05:15,11,6,5,0,0,0
2019-06-30 05:30,12,5,7,0,0,0
2019-06-30 05:45,9,6,3,0,0,0
2019-06-30 06:00,4,1,3,0,0,0
2019-06-30 06:15,6,3,3,0,0,0
2019-06-30 06:30,4,3,1,0,0,0
2019-06-30 06:45,8,5,3,0,0,0
2019-06-30 07:00,4,2,2,0,0,0
2019-06-30 07:15,9,4,5,0,0,0
2019-06-30 07:30,17,9,8,0,0,0
2019-06-30 07:45,26,21,5,0,0,0
2019-06-30 08:00,14,7,7,0,0,0
2019-06-30 08:15,20,14,6,0,0,0
2019-06-30 08:30,24,8,16,0,0,0
2019-06-30 08:45,34,16,18,0,0,0
2019-06-30 09:00,24,16,8,0,0,0
2019-06-30 09:15,35,20,15,0,0,0
2019-06-30 09:30,49,31,18,0,0,0
2019-06-30 09:45,84,50,34,0,0,0
2019-06-30 10:00,60,32,28,0,0,0
2019-06-30 10:15,46,31,15,0,0,0
2019-06-30 10:30,69,41,28,0,0,0
2019-06-30 10:45,73,36,37,0,0,0
2019-06-30 11:00,61,32,29,0,0,0
2019-06-30 11:15,55,28,27,0,0,0
2019-06-30 11:30,55,22,33,0,0,0
2019-06-30 11:45,64,31,33,0,0,0
2019-06-30 12:00,54,17,37,0,0,0
2019-06-30 12:15,65,40,25,0,0,0
2019-06-30 12:30,84,38,46,0,0,0
2019-06-30 12:45,65,36,29,0,0,0
2019-06-30 13:00,60,21,39,0,0,0
2019-06-30 13:15,74,37,37,0,0,0
2019-06-30 13:30,75,48,27,0,0,0
2019-06-30 13:45,85,42,43,0,0,0
2019-06-30 14:00,63,27,36,0,0,0
2019-06-30 14:15,67,27,40,0,0,0
2019-06-30 14:30,57,20,37,0,0,0
2019-06-30 14:45,83,50,33,0,0,0
2019-06-30 15:00,86,42,44,0,0,0
2019-06-30 15:15,66,34,32,0,0,0
2019-06-30 15:30,78,31,47,0,0,0
2019-06-30 15:45,83,42,41,0,0,0
2019-06-30 16:00,78,38,40,0,0,0
2019-06-30 16:15,85,34,51,0,0,0
2019-06-30 16:30,83,38,45,0,0,0
2019-06-30 16:45,94,38,56,0,0,0
2019-06-30 17:00,93,32,61,0,0,0
2019-06-30 17:15,92,34,58,0,0,0
2019-06-30 17:30,89,46,43,0,0,0
2019-06-30 17:45,120,69,51,0,0,0
2019-06-30 18:00,97,36,61,0,0,0
2019-06-30 18:15,116,54,62,0,0,0
2019-06-30 18:30,92,28,64,0,0,0
2019-06-30 18:45,102,54,48,0,0,0
2019-06-30 19:00,98,39,59,0,0,0
2019-06-30 19:15,94,43,51,0,0,0
2019-06-30 19:30,99,51,48,0,0,0
2019-06-30 19:45,93,46,47,0,0,0
2019-06-30 20:00,84,26,58,0,0,0
2019-06-30 20:15,62,23,39,0,0,0
2019-06-30 20:30,75,21,54,0,0,0
2019-06-30 20:45,43,23,20,0,0,0
2019-06-30 21:00,50,16,34,0,0,0
2019-06-30 21:15,65,21,44,0,0,0
2019-06-30 21:30,42,16,26,0,0,0
2019-06-30 21:45,45,18,27,0,0,0
2019-06-30 22:00,53,14,39,0,0,0
2019-06-30 22:15,47,16,31,0,0,0
2019-06-30 22:30,31,6,25,0,0,0
2019-06-30 22:45,47,16,31,0,0,0
2019-06-30 23:00,34,8,26,0,0,0
2019-06-30 23:15,22,5,17,0,0,0
2019-06-30 23:30,20,3,17,0,0,0
2019-06-30 23:45,11,1,10,0,0,0
