Datetime,100034980 (Hammer Straße),101034980 (Hammer Straße stadteinwärts),102034980 (Hammer Straße stadtauswärts),100034980-status,101034980-status,102034980-status
2019-05-01 00:00,44,12,32,0,0,0
2019-05-01 00:15,78,30,48,0,0,0
2019-05-01 00:30,52,17,35,0,0,0
2019-05-01 00:45,48,11,37,0,0,0
2019-05-01 01:00,48,13,35,0,0,0
2019-05-01 01:15,54,17,37,0,0,0
2019-05-01 01:30,41,16,25,0,0,0
2019-05-01 01:45,48,8,40,0,0,0
2019-05-01 02:00,43,12,31,0,0,0
2019-05-01 02:15,31,8,23,0,0,0
2019-05-01 02:30,29,4,25,0,0,0
2019-05-01 02:45,32,6,26,0,0,0
2019-05-01 03:00,21,3,18,0,0,0
2019-05-01 03:15,18,4,14,0,0,0
2019-05-01 03:30,27,4,23,0,0,0
2019-05-01 03:45,23,3,20,0,0,0
2019-05-01 04:00,19,5,14,0,0,0
2019-05-01 04:15,10,4,6,0,0,0
2019-05-01 04:30,6,1,5,0,0,0
2019-05-01 04:45,11,2,9,0,0,0
2019-05-01 05:00,11,2,9,0,0,0
2019-05-01 05:15,3,2,1,0,0,0
2019-05-01 05:30,13,2,11,0,0,0
2019-05-01 05:45,4,3,1,0,0,0
2019-05-01 06:00,5,2,3,0,0,0
2019-05-01 06:15,10,1,9,0,0,0
2019-05-01 06:30,6,4,2,0,0,0
2019-05-01 06:45,5,1,4,0,0,0
2019-05-01 07:00,4,0,4,0,0,0
2019-05-01 07:15,8,4,4,0,0,0
2019-05-01 07:30,13,5,8,0,0,0
2019-05-01 07:45,12,6,6,0,0,0
2019-05-01 08:00,14,5,9,0,0,0
2019-05-01 08:15,17,10,7,0,0,0
2019-05-01 08:30,16,9,7,0,0,0
2019-05-01 08:45,27,18,9,0,0,0
2019-05-01 09:00,15,12,3,0,0,0
2019-05-01 09:15,17,10,7,0,0,0
2019-05-01 09:30,24,13,11,0,0,0
2019-05-01 09:45,47,35,12,0,0,0
2019-05-01 10:00,33,21,12,0,0,0
2019-05-01 10:15,39,19,20,0,0,0
2019-05-01 10:30,79,40,39,0,0,0
2019-05-01 10:45,82,57,25,0,0,0
2019-05-01 11:00,58,29,29,0,0,0
2019-05-01 11:15,61,35,26,0,0,0
2019-05-01 11:30,49,30,19,0,0,0
2019-05-01 11:45,71,46,25,0,0,0
2019-05-01 12:00,94,57,37,0,0,0
2019-05-01 12:15,62,31,31,0,0,0
2019-05-01 12:30,72,44,28,0,0,0
2019-05-01 12:45,78,46,32,0,0,0
2019-05-01 13:00,66,42,24,0,0,0
2019-05-01 13:15,80,37,43,0,0,0
2019-05-01 13:30,106,55,51,0,0,0
2019-05-01 13:45,87,54,33,0,0,0
2019-05-01 14:00,126,64,62,0,0,0
2019-05-01 14:15,99,52,47,0,0,0
2019-05-01 14:30,114,51,63,0,0,0
2019-05-01 14:45,111,49,62,0,0,0
2019-05-01 15:00,132,76,56,0,0,0
2019-05-01 15:15,111,61,50,0,0,0
2019-05-01 15:30,99,48,51,0,0,0
2019-05-01 15:45,126,45,81,0,0,0
2019-05-01 16:00,129,49,80,0,0,0
2019-05-01 16:15,177,68,109,0,0,0
2019-05-01 16:30,140,51,89,0,0,0
2019-05-01 16:45,135,50,85,0,0,0
2019-05-01 17:00,129,49,80,0,0,0
2019-05-01 17:15,111,35,76,0,0,0
2019-05-01 17:30,132,57,75,0,0,0
2019-05-01 17:45,132,55,77,0,0,0
2019-05-01 18:00,98,32,66,0,0,0
2019-05-01 18:15,97,29,68,0,0,0
2019-05-01 18:30,78,36,42,0,0,0
2019-05-01 18:45,102,25,77,0,0,0
2019-05-01 19:00,92,25,67,0,0,0
2019-05-01 19:15,77,32,45,0,0,0
2019-05-01 19:30,87,39,48,0,0,0
2019-05-01 19:45,116,51,65,0,0,0
2019-05-01 20:00,171,101,70,0,0,0
2019-05-01 20:15,189,133,56,0,0,0
2019-05-01 20:30,135,79,56,0,0,0
2019-05-01 20:45,90,42,48,0,0,0
2019-05-01 21:00,67,31,36,0,0,0
2019-05-01 21:15,56,14,42,0,0,0
2019-05-01 21:30,63,28,35,0,0,0
2019-05-01 21:45,57,22,35,0,0,0
2019-05-01 22:00,54,17,37,0,0,0
2019-05-01 22:15,24,6,18,0,0,0
2019-05-01 22:30,38,13,25,0,0,0
2019-05-01 22:45,21,13,8,0,0,0
2019-05-01 23:00,44,16,28,0,0,0
2019-05-01 23:15,36,16,20,0,0,0
2019-05-01 23:30,14,5,9,0,0,0
2019-05-01 23:45,15,5,10,0,0,0
2019-05-02 00:00,15,8,7,0,0,0
2019-05-02 00:15,10,2,8,0,0,0
2019-05-02 00:30,6,4,2,0,0,0
2019-05-02 00:45,7,1,6,0,0,0
2019-05-02 01:00,7,5,2,0,0,0
2019-05-02 01:15,5,3,2,0,0,0
2019-05-02 01:30,0,0,0,0,0,0
2019-05-02 01:45,4,2,2,0,0,0
2019-05-02 02:00,2,1,1,0,0,0
2019-05-02 02:15,3,1,2,0,0,0
2019-05-02 02:30,3,2,1,0,0,0
2019-05-02 02:45,3,0,3,0,0,0
2019-05-02 03:00,0,0,0,0,0,0
2019-05-02 03:15,0,0,0,0,0,0
2019-05-02 03:30,0,0,0,0,0,0
2019-05-02 03:45,3,0,3,0,0,0
2019-05-02 04:00,4,1,3,0,0,0
2019-05-02 04:15,1,0,1,0,0,0
2019-05-02 04:30,1,1,0,0,0,0
2019-05-02 04:45,2,2,0,0,0,0
2019-05-02 05:00,4,4,0,0,0,0
2019-05-02 05:15,5,3,2,0,0,0
2019-05-02 05:30,14,9,5,0,0,0
2019-05-02 05:45,20,16,4,0,0,0
2019-05-02 06:00,25,14,11,0,0,0
2019-05-02 06:15,43,33,10,0,0,0
2019-05-02 06:30,40,26,14,0,0,0
2019-05-02 06:45,70,44,26,0,0,0
2019-05-02 07:00,77,50,27,0,0,0
2019-05-02 07:15,101,66,35,0,0,0
2019-05-02 07:30,127,88,39,0,0,0
2019-05-02 07:45,188,130,58,0,0,0
2019-05-02 08:00,159,121,38,0,0,0
2019-05-02 08:15,169,103,66,0,0,0
2019-05-02 08:30,104,74,30,0,0,0
2019-05-02 08:45,133,84,49,0,0,0
2019-05-02 09:00,110,71,39,0,0,0
2019-05-02 09:15,109,72,37,0,0,0
2019-05-02 09:30,104,72,32,0,0,0
2019-05-02 09:45,158,118,40,0,0,0
2019-05-02 10:00,124,73,51,0,0,0
2019-05-02 10:15,125,75,50,0,0,0
2019-05-02 10:30,119,71,48,0,0,0
2019-05-02 10:45,124,69,55,0,0,0
2019-05-02 11:00,114,67,47,0,0,0
2019-05-02 11:15,147,74,73,0,0,0
2019-05-02 11:30,126,54,72,0,0,0
2019-05-02 11:45,178,79,99,0,0,0
2019-05-02 12:00,143,69,74,0,0,0
2019-05-02 12:15,156,60,96,0,0,0
2019-05-02 12:30,169,70,99,0,0,0
2019-05-02 12:45,165,76,89,0,0,0
2019-05-02 13:00,192,63,129,0,0,0
2019-05-02 13:15,140,52,88,0,0,0
2019-05-02 13:30,160,71,89,0,0,0
2019-05-02 13:45,167,79,88,0,0,0
2019-05-02 14:00,155,75,80,0,0,0
2019-05-02 14:15,166,72,94,0,0,0
2019-05-02 14:30,156,66,90,0,0,0
2019-05-02 14:45,175,84,91,0,0,0
2019-05-02 15:00,159,64,95,0,0,0
2019-05-02 15:15,183,69,114,0,0,0
2019-05-02 15:30,206,88,118,0,0,0
2019-05-02 15:45,165,65,100,0,0,0
2019-05-02 16:00,176,56,120,0,0,0
2019-05-02 16:15,164,51,113,0,0,0
2019-05-02 16:30,174,62,112,0,0,0
2019-05-02 16:45,179,70,109,0,0,0
2019-05-02 17:00,159,52,107,0,0,0
2019-05-02 17:15,150,50,100,0,0,0
2019-05-02 17:30,174,56,118,0,0,0
2019-05-02 17:45,227,81,146,0,0,0
2019-05-02 18:00,200,73,127,0,0,0
2019-05-02 18:15,169,39,130,0,0,0
2019-05-02 18:30,132,42,90,0,0,0
2019-05-02 18:45,149,52,97,0,0,0
2019-05-02 19:00,120,32,88,0,0,0
2019-05-02 19:15,131,33,98,0,0,0
2019-05-02 19:30,124,35,89,0,0,0
2019-05-02 19:45,129,47,82,0,0,0
2019-05-02 20:00,104,29,75,0,0,0
2019-05-02 20:15,62,22,40,0,0,0
2019-05-02 20:30,46,18,28,0,0,0
2019-05-02 20:45,48,16,32,0,0,0
2019-05-02 21:00,52,12,40,0,0,0
2019-05-02 21:15,57,15,42,0,0,0
2019-05-02 21:30,57,21,36,0,0,0
2019-05-02 21:45,79,20,59,0,0,0
2019-05-02 22:00,43,12,31,0,0,0
2019-05-02 22:15,31,8,23,0,0,0
2019-05-02 22:30,43,11,32,0,0,0
2019-05-02 22:45,52,20,32,0,0,0
2019-05-02 23:00,57,29,28,0,0,0
2019-05-02 23:15,35,21,14,0,0,0
2019-05-02 23:30,18,9,9,0,0,0
2019-05-02 23:45,13,3,10,0,0,0
2019-05-03 00:00,24,8,16,0,0,0
2019-05-03 00:15,6,2,4,0,0,0
2019-05-03 00:30,9,1,8,0,0,0
2019-05-03 00:45,15,5,10,0,0,0
2019-05-03 01:00,6,2,4,0,0,0
2019-05-03 01:15,3,0,3,0,0,0
2019-05-03 01:30,6,2,4,0,0,0
2019-05-03 01:45,3,0,3,0,0,0
2019-05-03 02:00,1,0,1,0,0,0
2019-05-03 02:15,4,1,3,0,0,0
2019-05-03 02:30,2,1,1,0,0,0
2019-05-03 02:45,3,3,0,0,0,0
2019-05-03 03:00,5,5,0,0,0,0
2019-05-03 03:15,0,0,0,0,0,0
2019-05-03 03:30,3,1,2,0,0,0
2019-05-03 03:45,1,0,1,0,0,0
2019-05-03 04:00,3,1,2,0,0,0
2019-05-03 04:15,2,0,2,0,0,0
2019-05-03 04:30,3,2,1,0,0,0
2019-05-03 04:45,3,3,0,0,0,0
2019-05-03 05:00,5,2,3,0,0,0
2019-05-03 05:15,8,5,3,0,0,0
2019-05-03 05:30,15,12,3,0,0,0
2019-05-03 05:45,28,21,7,0,0,0
2019-05-03 06:00,25,18,7,0,0,0
2019-05-03 06:15,41,33,8,0,0,0
2019-05-03 06:30,40,28,12,0,0,0
2019-05-03 06:45,66,48,18,0,0,0
2019-05-03 07:00,69,46,23,0,0,0
2019-05-03 07:15,98,66,32,0,0,0
2019-05-03 07:30,143,95,48,0,0,0
2019-05-03 07:45,185,123,62,0,0,0
2019-05-03 08:00,142,95,47,0,0,0
2019-05-03 08:15,159,115,44,0,0,0
2019-05-03 08:30,122,82,40,0,0,0
2019-05-03 08:45,125,77,48,0,0,0
2019-05-03 09:00,107,63,44,0,0,0
2019-05-03 09:15,104,66,38,0,0,0
2019-05-03 09:30,117,84,33,0,0,0
2019-05-03 09:45,149,107,42,0,0,0
2019-05-03 10:00,105,74,31,0,0,0
2019-05-03 10:15,102,67,35,0,0,0
2019-05-03 10:30,95,55,40,0,0,0
2019-05-03 10:45,123,70,53,0,0,0
2019-05-03 11:00,99,45,54,0,0,0
2019-05-03 11:15,137,66,71,0,0,0
2019-05-03 11:30,159,96,63,0,0,0
2019-05-03 11:45,163,78,85,0,0,0
2019-05-03 12:00,167,79,88,0,0,0
2019-05-03 12:15,169,56,113,0,0,0
2019-05-03 12:30,156,66,90,0,0,0
2019-05-03 12:45,191,84,107,0,0,0
2019-05-03 13:00,179,58,121,0,0,0
2019-05-03 13:15,167,74,93,0,0,0
2019-05-03 13:30,169,61,108,0,0,0
2019-05-03 13:45,222,95,127,0,0,0
2019-05-03 14:00,197,69,128,0,0,0
2019-05-03 14:15,177,60,117,0,0,0
2019-05-03 14:30,179,87,92,0,0,0
2019-05-03 14:45,204,82,122,0,0,0
2019-05-03 15:00,186,67,119,0,0,0
2019-05-03 15:15,203,97,106,0,0,0
2019-05-03 15:30,179,64,115,0,0,0
2019-05-03 15:45,195,81,114,0,0,0
2019-05-03 16:00,165,71,94,0,0,0
2019-05-03 16:15,166,69,97,0,0,0
2019-05-03 16:30,181,62,119,0,0,0
2019-05-03 16:45,159,79,80,0,0,0
2019-05-03 17:00,172,69,103,0,0,0
2019-05-03 17:15,139,59,80,0,0,0
2019-05-03 17:30,186,77,109,0,0,0
2019-05-03 17:45,199,76,123,0,0,0
2019-05-03 18:00,157,56,101,0,0,0
2019-05-03 18:15,175,58,117,0,0,0
2019-05-03 18:30,143,55,88,0,0,0
2019-05-03 18:45,158,69,89,0,0,0
2019-05-03 19:00,117,37,80,0,0,0
2019-05-03 19:15,132,47,85,0,0,0
2019-05-03 19:30,120,50,70,0,0,0
2019-05-03 19:45,118,63,55,0,0,0
2019-05-03 20:00,89,38,51,0,0,0
2019-05-03 20:15,83,35,48,0,0,0
2019-05-03 20:30,77,40,37,0,0,0
2019-05-03 20:45,68,33,35,0,0,0
2019-05-03 21:00,59,26,33,0,0,0
2019-05-03 21:15,47,17,30,0,0,0
2019-05-03 21:30,41,14,27,0,0,0
2019-05-03 21:45,55,20,35,0,0,0
2019-05-03 22:00,59,15,44,0,0,0
2019-05-03 22:15,35,3,32,0,0,0
2019-05-03 22:30,30,9,21,0,0,0
2019-05-03 22:45,34,10,24,0,0,0
2019-05-03 23:00,48,19,29,0,0,0
2019-05-03 23:15,55,25,30,0,0,0
2019-05-03 23:30,34,9,25,0,0,0
2019-05-03 23:45,40,18,22,0,0,0
2019-05-04 00:00,39,10,29,0,0,0
2019-05-04 00:15,24,7,17,0,0,0
2019-05-04 00:30,24,5,19,0,0,0
2019-05-04 00:45,22,6,16,0,0,0
2019-05-04 01:00,20,5,15,0,0,0
2019-05-04 01:15,18,6,12,0,0,0
2019-05-04 01:30,16,10,6,0,0,0
2019-05-04 01:45,23,7,16,0,0,0
2019-05-04 02:00,13,2,11,0,0,0
2019-05-04 02:15,20,1,19,0,0,0
2019-05-04 02:30,11,4,7,0,0,0
2019-05-04 02:45,5,2,3,0,0,0
2019-05-04 03:00,12,6,6,0,0,0
2019-05-04 03:15,3,2,1,0,0,0
2019-05-04 03:30,10,6,4,0,0,0
2019-05-04 03:45,10,1,9,0,0,0
2019-05-04 04:00,1,1,0,0,0,0
2019-05-04 04:15,0,0,0,0,0,0
2019-05-04 04:30,2,0,2,0,0,0
2019-05-04 04:45,4,1,3,0,0,0
2019-05-04 05:00,6,4,2,0,0,0
2019-05-04 05:15,5,3,2,0,0,0
2019-05-04 05:30,9,6,3,0,0,0
2019-05-04 05:45,15,11,4,0,0,0
2019-05-04 06:00,7,7,0,0,0,0
2019-05-04 06:15,11,7,4,0,0,0
2019-05-04 06:30,10,5,5,0,0,0
2019-05-04 06:45,9,3,6,0,0,0
2019-05-04 07:00,9,7,2,0,0,0
2019-05-04 07:15,13,11,2,0,0,0
2019-05-04 07:30,23,16,7,0,0,0
2019-05-04 07:45,37,29,8,0,0,0
2019-05-04 08:00,38,32,6,0,0,0
2019-05-04 08:15,45,30,15,0,0,0
2019-05-04 08:30,47,32,15,0,0,0
2019-05-04 08:45,65,45,20,0,0,0
2019-05-04 09:00,62,42,20,0,0,0
2019-05-04 09:15,85,62,23,0,0,0
2019-05-04 09:30,110,81,29,0,0,0
2019-05-04 09:45,137,101,36,0,0,0
2019-05-04 10:00,123,82,41,0,0,0
2019-05-04 10:15,144,95,49,0,0,0
2019-05-04 10:30,138,87,51,0,0,0
2019-05-04 10:45,150,99,51,0,0,0
2019-05-04 11:00,139,90,49,0,0,0
2019-05-04 11:15,153,99,54,0,0,0
2019-05-04 11:30,203,102,101,0,0,0
2019-05-04 11:45,145,75,70,0,0,0
2019-05-04 12:00,165,87,78,0,0,0
2019-05-04 12:15,166,87,79,0,0,0
2019-05-04 12:30,165,82,83,0,0,0
2019-05-04 12:45,177,89,88,0,0,0
2019-05-04 13:00,169,88,81,0,0,0
2019-05-04 13:15,141,69,72,0,0,0
2019-05-04 13:30,123,53,70,0,0,0
2019-05-04 13:45,184,90,94,0,0,0
2019-05-04 14:00,150,52,98,0,0,0
2019-05-04 14:15,147,56,91,0,0,0
2019-05-04 14:30,155,62,93,0,0,0
2019-05-04 14:45,163,69,94,0,0,0
2019-05-04 15:00,149,61,88,0,0,0
2019-05-04 15:15,116,46,70,0,0,0
2019-05-04 15:30,99,36,63,0,0,0
2019-05-04 15:45,134,47,87,0,0,0
2019-05-04 16:00,114,45,69,0,0,0
2019-05-04 16:15,110,48,62,0,0,0
2019-05-04 16:30,85,33,52,0,0,0
2019-05-04 16:45,95,42,53,0,0,0
2019-05-04 17:00,117,33,84,0,0,0
2019-05-04 17:15,94,48,46,0,0,0
2019-05-04 17:30,158,71,87,0,0,0
2019-05-04 17:45,150,69,81,0,0,0
2019-05-04 18:00,104,17,87,0,0,0
2019-05-04 18:15,84,29,55,0,0,0
2019-05-04 18:30,103,37,66,0,0,0
2019-05-04 18:45,95,39,56,0,0,0
2019-05-04 19:00,103,45,58,0,0,0
2019-05-04 19:15,96,40,56,0,0,0
2019-05-04 19:30,89,33,56,0,0,0
2019-05-04 19:45,98,35,63,0,0,0
2019-05-04 20:00,103,36,67,0,0,0
2019-05-04 20:15,63,33,30,0,0,0
2019-05-04 20:30,81,45,36,0,0,0
2019-05-04 20:45,70,33,37,0,0,0
2019-05-04 21:00,54,21,33,0,0,0
2019-05-04 21:15,42,12,30,0,0,0
2019-05-04 21:30,44,12,32,0,0,0
2019-05-04 21:45,42,19,23,0,0,0
2019-05-04 22:00,58,18,40,0,0,0
2019-05-04 22:15,25,8,17,0,0,0
2019-05-04 22:30,38,13,25,0,0,0
2019-05-04 22:45,37,17,20,0,0,0
2019-05-04 23:00,35,13,22,0,0,0
2019-05-04 23:15,34,5,29,0,0,0
2019-05-04 23:30,38,7,31,0,0,0
2019-05-04 23:45,32,9,23,0,0,0
2019-05-05 00:00,37,13,24,0,0,0
2019-05-05 00:15,37,13,24,0,0,0
2019-05-05 00:30,24,6,18,0,0,0
2019-05-05 00:45,25,14,11,0,0,0
2019-05-05 01:00,39,21,18,0,0,0
2019-05-05 01:15,22,11,11,0,0,0
2019-05-05 01:30,25,14,11,0,0,0
2019-05-05 01:45,23,10,13,0,0,0
2019-05-05 02:00,25,10,15,0,0,0
2019-05-05 02:15,9,1,8,0,0,0
2019-05-05 02:30,9,2,7,0,0,0
2019-05-05 02:45,13,1,12,0,0,0
2019-05-05 03:00,11,0,11,0,0,0
2019-05-05 03:15,16,5,11,0,0,0
2019-05-05 03:30,8,1,7,0,0,0
2019-05-05 03:45,11,0,11,0,0,0
2019-05-05 04:00,4,2,2,0,0,0
2019-05-05 04:15,2,1,1,0,0,0
2019-05-05 04:30,5,3,2,0,0,0
2019-05-05 04:45,0,0,0,0,0,0
2019-05-05 05:00,6,2,4,0,0,0
2019-05-05 05:15,1,0,1,0,0,0
2019-05-05 05:30,6,4,2,0,0,0
2019-05-05 05:45,4,2,2,0,0,0
2019-05-05 06:00,5,2,3,0,0,0
2019-05-05 06:15,0,0,0,0,0,0
2019-05-05 06:30,4,2,2,0,0,0
2019-05-05 06:45,8,3,5,0,0,0
2019-05-05 07:00,5,2,3,0,0,0
2019-05-05 07:15,6,5,1,0,0,0
2019-05-05 07:30,5,2,3,0,0,0
2019-05-05 07:45,14,11,3,0,0,0
2019-05-05 08:00,6,4,2,0,0,0
2019-05-05 08:15,5,4,1,0,0,0
2019-05-05 08:30,6,5,1,0,0,0
2019-05-05 08:45,20,10,10,0,0,0
2019-05-05 09:00,14,7,7,0,0,0
2019-05-05 09:15,23,14,9,0,0,0
2019-05-05 09:30,23,13,10,0,0,0
2019-05-05 09:45,50,35,15,0,0,0
2019-05-05 10:00,24,15,9,0,0,0
2019-05-05 10:15,35,23,12,0,0,0
2019-05-05 10:30,43,27,16,0,0,0
2019-05-05 10:45,22,15,7,0,0,0
2019-05-05 11:00,29,18,11,0,0,0
2019-05-05 11:15,43,27,16,0,0,0
2019-05-05 11:30,38,23,15,0,0,0
2019-05-05 11:45,53,25,28,0,0,0
2019-05-05 12:00,38,16,22,0,0,0
2019-05-05 12:15,39,18,21,0,0,0
2019-05-05 12:30,47,15,32,0,0,0
2019-05-05 12:45,60,33,27,0,0,0
2019-05-05 13:00,38,18,20,0,0,0
2019-05-05 13:15,57,31,26,0,0,0
2019-05-05 13:30,49,23,26,0,0,0
2019-05-05 13:45,45,23,22,0,0,0
2019-05-05 14:00,55,27,28,0,0,0
2019-05-05 14:15,64,32,32,0,0,0
2019-05-05 14:30,48,26,22,0,0,0
2019-05-05 14:45,65,24,41,0,0,0
2019-05-05 15:00,37,18,19,0,0,0
2019-05-05 15:15,77,26,51,0,0,0
2019-05-05 15:30,52,24,28,0,0,0
2019-05-05 15:45,52,23,29,0,0,0
2019-05-05 16:00,68,38,30,0,0,0
2019-05-05 16:15,47,24,23,0,0,0
2019-05-05 16:30,63,28,35,0,0,0
2019-05-05 16:45,66,29,37,0,0,0
2019-05-05 17:00,66,29,37,0,0,0
2019-05-05 17:15,67,41,26,0,0,0
2019-05-05 17:30,63,38,25,0,0,0
2019-05-05 17:45,103,40,63,0,0,0
2019-05-05 18:00,87,25,62,0,0,0
2019-05-05 18:15,69,25,44,0,0,0
2019-05-05 18:30,69,32,37,0,0,0
2019-05-05 18:45,55,28,27,0,0,0
2019-05-05 19:00,76,21,55,0,0,0
2019-05-05 19:15,49,23,26,0,0,0
2019-05-05 19:30,62,29,33,0,0,0
2019-05-05 19:45,54,34,20,0,0,0
2019-05-05 20:00,39,19,20,0,0,0
2019-05-05 20:15,31,15,16,0,0,0
2019-05-05 20:30,52,18,34,0,0,0
2019-05-05 20:45,56,17,39,0,0,0
2019-05-05 21:00,43,22,21,0,0,0
2019-05-05 21:15,33,14,19,0,0,0
2019-05-05 21:30,26,11,15,0,0,0
2019-05-05 21:45,24,7,17,0,0,0
2019-05-05 22:00,25,6,19,0,0,0
2019-05-05 22:15,21,8,13,0,0,0
2019-05-05 22:30,23,13,10,0,0,0
2019-05-05 22:45,12,0,12,0,0,0
2019-05-05 23:00,24,7,17,0,0,0
2019-05-05 23:15,7,2,5,0,0,0
2019-05-05 23:30,14,1,13,0,0,0
2019-05-05 23:45,10,4,6,0,0,0
2019-05-06 00:00,10,3,7,0,0,0
2019-05-06 00:15,1,0,1,0,0,0
2019-05-06 00:30,2,0,2,0,0,0
2019-05-06 00:45,3,0,3,0,0,0
2019-05-06 01:00,2,0,2,0,0,0
2019-05-06 01:15,1,1,0,0,0,0
2019-05-06 01:30,3,2,1,0,0,0
2019-05-06 01:45,1,0,1,0,0,0
2019-05-06 02:00,0,0,0,0,0,0
2019-05-06 02:15,0,0,0,0,0,0
2019-05-06 02:30,1,0,1,0,0,0
2019-05-06 02:45,1,1,0,0,0,0
2019-05-06 03:00,1,0,1,0,0,0
2019-05-06 03:15,2,1,1,0,0,0
2019-05-06 03:30,0,0,0,0,0,0
2019-05-06 03:45,0,0,0,0,0,0
2019-05-06 04:00,2,1,1,0,0,0
2019-05-06 04:15,0,0,0,0,0,0
2019-05-06 04:30,4,3,1,0,0,0
2019-05-06 04:45,0,0,0,0,0,0
2019-05-06 05:00,4,4,0,0,0,0
2019-05-06 05:15,11,8,3,0,0,0
2019-05-06 05:30,18,15,3,0,0,0
2019-05-06 05:45,26,19,7,0,0,0
2019-05-06 06:00,20,14,6,0,0,0
2019-05-06 06:15,45,35,10,0,0,0
2019-05-06 06:30,37,30,7,0,0,0
2019-05-06 06:45,66,43,23,0,0,0
2019-05-06 07:00,81,52,29,0,0,0
2019-05-06 07:15,112,74,38,0,0,0
2019-05-06 07:30,154,101,53,0,0,0
2019-05-06 07:45,189,131,58,0,0,0
2019-05-06 08:00,149,117,32,0,0,0
2019-05-06 08:15,172,119,53,0,0,0
2019-05-06 08:30,122,81,41,0,0,0
2019-05-06 08:45,157,114,43,0,0,0
2019-05-06 09:00,99,66,33,0,0,0
2019-05-06 09:15,105,72,33,0,0,0
2019-05-06 09:30,89,62,27,0,0,0
2019-05-06 09:45,165,118,47,0,0,0
2019-05-06 10:00,126,83,43,0,0,0
2019-05-06 10:15,90,48,42,0,0,0
2019-05-06 10:30,83,45,38,0,0,0
2019-05-06 10:45,103,68,35,0,0,0
2019-05-06 11:00,109,66,43,0,0,0
2019-05-06 11:15,125,69,56,0,0,0
2019-05-06 11:30,129,59,70,0,0,0
2019-05-06 11:45,159,84,75,0,0,0
2019-05-06 12:00,174,95,79,0,0,0
2019-05-06 12:15,137,56,81,0,0,0
2019-05-06 12:30,153,65,88,0,0,0
2019-05-06 12:45,141,68,73,0,0,0
2019-05-06 13:00,139,49,90,0,0,0
2019-05-06 13:15,146,45,101,0,0,0
2019-05-06 13:30,134,60,74,0,0,0
2019-05-06 13:45,208,83,125,0,0,0
2019-05-06 14:00,147,61,86,0,0,0
2019-05-06 14:15,124,58,66,0,0,0
2019-05-06 14:30,171,60,111,0,0,0
2019-05-06 14:45,162,70,92,0,0,0
2019-05-06 15:00,146,66,80,0,0,0
2019-05-06 15:15,155,69,86,0,0,0
2019-05-06 15:30,171,61,110,0,0,0
2019-05-06 15:45,217,102,115,0,0,0
2019-05-06 16:00,208,93,115,0,0,0
2019-05-06 16:15,188,67,121,0,0,0
2019-05-06 16:30,224,97,127,0,0,0
2019-05-06 16:45,211,87,124,0,0,0
2019-05-06 17:00,224,81,143,0,0,0
2019-05-06 17:15,194,71,123,0,0,0
2019-05-06 17:30,187,58,129,0,0,0
2019-05-06 17:45,252,98,154,0,0,0
2019-05-06 18:00,222,81,141,0,0,0
2019-05-06 18:15,208,78,130,0,0,0
2019-05-06 18:30,180,56,124,0,0,0
2019-05-06 18:45,149,73,76,0,0,0
2019-05-06 19:00,160,54,106,0,0,0
2019-05-06 19:15,148,57,91,0,0,0
2019-05-06 19:30,119,43,76,0,0,0
2019-05-06 19:45,126,47,79,0,0,0
2019-05-06 20:00,105,37,68,0,0,0
2019-05-06 20:15,78,30,48,0,0,0
2019-05-06 20:30,43,15,28,0,0,0
2019-05-06 20:45,46,17,29,0,0,0
2019-05-06 21:00,46,16,30,0,0,0
2019-05-06 21:15,49,8,41,0,0,0
2019-05-06 21:30,44,11,33,0,0,0
2019-05-06 21:45,59,8,51,0,0,0
2019-05-06 22:00,65,23,42,0,0,0
2019-05-06 22:15,59,21,38,0,0,0
2019-05-06 22:30,53,10,43,0,0,0
2019-05-06 22:45,23,10,13,0,0,0
2019-05-06 23:00,30,9,21,0,0,0
2019-05-06 23:15,26,11,15,0,0,0
2019-05-06 23:30,29,3,26,0,0,0
2019-05-06 23:45,16,6,10,0,0,0
2019-05-07 00:00,21,2,19,0,0,0
2019-05-07 00:15,14,5,9,0,0,0
2019-05-07 00:30,11,1,10,0,0,0
2019-05-07 00:45,4,0,4,0,0,0
2019-05-07 01:00,15,0,15,0,0,0
2019-05-07 01:15,11,1,10,0,0,0
2019-05-07 01:30,6,1,5,0,0,0
2019-05-07 01:45,6,0,6,0,0,0
2019-05-07 02:00,13,1,12,0,0,0
2019-05-07 02:15,0,0,0,0,0,0
2019-05-07 02:30,9,0,9,0,0,0
2019-05-07 02:45,7,1,6,0,0,0
2019-05-07 03:00,9,1,8,0,0,0
2019-05-07 03:15,4,0,4,0,0,0
2019-05-07 03:30,4,2,2,0,0,0
2019-05-07 03:45,3,2,1,0,0,0
2019-05-07 04:00,3,0,3,0,0,0
2019-05-07 04:15,3,0,3,0,0,0
2019-05-07 04:30,2,1,1,0,0,0
2019-05-07 04:45,3,2,1,0,0,0
2019-05-07 05:00,3,3,0,0,0,0
2019-05-07 05:15,10,5,5,0,0,0
2019-05-07 05:30,12,7,5,0,0,0
2019-05-07 05:45,32,23,9,0,0,0
2019-05-07 06:00,17,10,7,0,0,0
2019-05-07 06:15,38,34,4,0,0,0
2019-05-07 06:30,46,36,10,0,0,0
2019-05-07 06:45,81,60,21,0,0,0
2019-05-07 07:00,94,52,42,0,0,0
2019-05-07 07:15,132,90,42,0,0,0
2019-05-07 07:30,147,89,58,0,0,0
2019-05-07 07:45,197,135,62,0,0,0
2019-05-07 08:00,174,130,44,0,0,0
2019-05-07 08:15,179,123,56,0,0,0
2019-05-07 08:30,126,81,45,0,0,0
2019-05-07 08:45,145,106,39,0,0,0
2019-05-07 09:00,106,60,46,0,0,0
2019-05-07 09:15,109,72,37,0,0,0
2019-05-07 09:30,97,68,29,0,0,0
2019-05-07 09:45,155,102,53,0,0,0
2019-05-07 10:00,92,56,36,0,0,0
2019-05-07 10:15,107,59,48,0,0,0
2019-05-07 10:30,106,69,37,0,0,0
2019-05-07 10:45,125,80,45,0,0,0
2019-05-07 11:00,107,58,49,0,0,0
2019-05-07 11:15,111,59,52,0,0,0
2019-05-07 11:30,112,58,54,0,0,0
2019-05-07 11:45,142,71,71,0,0,0
2019-05-07 12:00,130,63,67,0,0,0
2019-05-07 12:15,127,69,58,0,0,0
2019-05-07 12:30,138,51,87,0,0,0
2019-05-07 12:45,144,51,93,0,0,0
2019-05-07 13:00,147,50,97,0,0,0
2019-05-07 13:15,136,44,92,0,0,0
2019-05-07 13:30,143,59,84,0,0,0
2019-05-07 13:45,201,85,116,0,0,0
2019-05-07 14:00,176,72,104,0,0,0
2019-05-07 14:15,121,42,79,0,0,0
2019-05-07 14:30,171,67,104,0,0,0
2019-05-07 14:45,156,68,88,0,0,0
2019-05-07 15:00,150,51,99,0,0,0
2019-05-07 15:15,155,60,95,0,0,0
2019-05-07 15:30,169,68,101,0,0,0
2019-05-07 15:45,217,103,114,0,0,0
2019-05-07 16:00,197,77,120,0,0,0
2019-05-07 16:15,216,76,140,0,0,0
2019-05-07 16:30,205,82,123,0,0,0
2019-05-07 16:45,166,61,105,0,0,0
2019-05-07 17:00,208,60,148,0,0,0
2019-05-07 17:15,202,73,129,0,0,0
2019-05-07 17:30,185,58,127,0,0,0
2019-05-07 17:45,253,78,175,0,0,0
2019-05-07 18:00,248,70,178,0,0,0
2019-05-07 18:15,193,78,115,0,0,0
2019-05-07 18:30,145,58,87,0,0,0
2019-05-07 18:45,153,50,103,0,0,0
2019-05-07 19:00,136,42,94,0,0,0
2019-05-07 19:15,132,39,93,0,0,0
2019-05-07 19:30,131,55,76,0,0,0
2019-05-07 19:45,115,46,69,0,0,0
2019-05-07 20:00,109,33,76,0,0,0
2019-05-07 20:15,85,21,64,0,0,0
2019-05-07 20:30,68,13,55,0,0,0
2019-05-07 20:45,63,23,40,0,0,0
2019-05-07 21:00,75,26,49,0,0,0
2019-05-07 21:15,55,15,40,0,0,0
2019-05-07 21:30,62,19,43,0,0,0
2019-05-07 21:45,56,20,36,0,0,0
2019-05-07 22:00,58,14,44,0,0,0
2019-05-07 22:15,71,28,43,0,0,0
2019-05-07 22:30,48,8,40,0,0,0
2019-05-07 22:45,43,13,30,0,0,0
2019-05-07 23:00,41,22,19,0,0,0
2019-05-07 23:15,39,10,29,0,0,0
2019-05-07 23:30,31,3,28,0,0,0
2019-05-07 23:45,16,9,7,0,0,0
2019-05-08 00:00,15,5,10,0,0,0
2019-05-08 00:15,12,5,7,0,0,0
2019-05-08 00:30,9,4,5,0,0,0
2019-05-08 00:45,9,2,7,0,0,0
2019-05-08 01:00,6,2,4,0,0,0
2019-05-08 01:15,14,3,11,0,0,0
2019-05-08 01:30,5,3,2,0,0,0
2019-05-08 01:45,3,0,3,0,0,0
2019-05-08 02:00,2,0,2,0,0,0
2019-05-08 02:15,1,0,1,0,0,0
2019-05-08 02:30,3,0,3,0,0,0
2019-05-08 02:45,3,2,1,0,0,0
2019-05-08 03:00,3,1,2,0,0,0
2019-05-08 03:15,1,0,1,0,0,0
2019-05-08 03:30,2,0,2,0,0,0
2019-05-08 03:45,2,1,1,0,0,0
2019-05-08 04:00,0,0,0,0,0,0
2019-05-08 04:15,1,0,1,0,0,0
2019-05-08 04:30,5,0,5,0,0,0
2019-05-08 04:45,3,3,0,0,0,0
2019-05-08 05:00,6,6,0,0,0,0
2019-05-08 05:15,8,6,2,0,0,0
2019-05-08 05:30,16,10,6,0,0,0
2019-05-08 05:45,27,21,6,0,0,0
2019-05-08 06:00,26,14,12,0,0,0
2019-05-08 06:15,54,44,10,0,0,0
2019-05-08 06:30,41,29,12,0,0,0
2019-05-08 06:45,79,57,22,0,0,0
2019-05-08 07:00,70,44,26,0,0,0
2019-05-08 07:15,119,81,38,0,0,0
2019-05-08 07:30,161,106,55,0,0,0
2019-05-08 07:45,181,118,63,0,0,0
2019-05-08 08:00,161,113,48,0,0,0
2019-05-08 08:15,212,142,70,0,0,0
2019-05-08 08:30,131,85,46,0,0,0
2019-05-08 08:45,156,100,56,0,0,0
2019-05-08 09:00,120,84,36,0,0,0
2019-05-08 09:15,128,92,36,0,0,0
2019-05-08 09:30,132,86,46,0,0,0
2019-05-08 09:45,157,110,47,0,0,0
2019-05-08 10:00,156,110,46,0,0,0
2019-05-08 10:15,116,77,39,0,0,0
2019-05-08 10:30,89,46,43,0,0,0
2019-05-08 10:45,99,58,41,0,0,0
2019-05-08 11:00,107,43,64,0,0,0
2019-05-08 11:15,101,50,51,0,0,0
2019-05-08 11:30,116,54,62,0,0,0
2019-05-08 11:45,141,67,74,0,0,0
2019-05-08 12:00,176,79,97,0,0,0
2019-05-08 12:15,149,61,88,0,0,0
2019-05-08 12:30,124,51,73,0,0,0
2019-05-08 12:45,138,67,71,0,0,0
2019-05-08 13:00,135,56,79,0,0,0
2019-05-08 13:15,149,53,96,0,0,0
2019-05-08 13:30,129,46,83,0,0,0
2019-05-08 13:45,155,66,89,0,0,0
2019-05-08 14:00,143,60,83,0,0,0
2019-05-08 14:15,153,40,113,0,0,0
2019-05-08 14:30,119,35,84,0,0,0
2019-05-08 14:45,131,51,80,0,0,0
2019-05-08 15:00,133,43,90,0,0,0
2019-05-08 15:15,150,66,84,0,0,0
2019-05-08 15:30,151,55,96,0,0,0
2019-05-08 15:45,149,55,94,0,0,0
2019-05-08 16:00,159,58,101,0,0,0
2019-05-08 16:15,179,68,111,0,0,0
2019-05-08 16:30,170,56,114,0,0,0
2019-05-08 16:45,174,59,115,0,0,0
2019-05-08 17:00,144,51,93,0,0,0
2019-05-08 17:15,157,52,105,0,0,0
2019-05-08 17:30,162,63,99,0,0,0
2019-05-08 17:45,198,84,114,0,0,0
2019-05-08 18:00,175,55,120,0,0,0
2019-05-08 18:15,134,47,87,0,0,0
2019-05-08 18:30,157,53,104,0,0,0
2019-05-08 18:45,124,57,67,0,0,0
2019-05-08 19:00,120,36,84,0,0,0
2019-05-08 19:15,109,40,69,0,0,0
2019-05-08 19:30,91,29,62,0,0,0
2019-05-08 19:45,108,42,66,0,0,0
2019-05-08 20:00,70,28,42,0,0,0
2019-05-08 20:15,55,15,40,0,0,0
2019-05-08 20:30,67,17,50,0,0,0
2019-05-08 20:45,31,7,24,0,0,0
2019-05-08 21:00,50,16,34,0,0,0
2019-05-08 21:15,60,15,45,0,0,0
2019-05-08 21:30,49,20,29,0,0,0
2019-05-08 21:45,52,18,34,0,0,0
2019-05-08 22:00,50,17,33,0,0,0
2019-05-08 22:15,50,19,31,0,0,0
2019-05-08 22:30,37,14,23,0,0,0
2019-05-08 22:45,41,14,27,0,0,0
2019-05-08 23:00,35,17,18,0,0,0
2019-05-08 23:15,28,10,18,0,0,0
2019-05-08 23:30,17,3,14,0,0,0
2019-05-08 23:45,16,3,13,0,0,0
2019-05-09 00:00,10,4,6,0,0,0
2019-05-09 00:15,12,2,10,0,0,0
2019-05-09 00:30,5,0,5,0,0,0
2019-05-09 00:45,7,2,5,0,0,0
2019-05-09 01:00,4,0,4,0,0,0
2019-05-09 01:15,14,3,11,0,0,0
2019-05-09 01:30,6,1,5,0,0,0
2019-05-09 01:45,10,0,10,0,0,0
2019-05-09 02:00,10,3,7,0,0,0
2019-05-09 02:15,15,6,9,0,0,0
2019-05-09 02:30,3,0,3,0,0,0
2019-05-09 02:45,3,1,2,0,0,0
2019-05-09 03:00,3,2,1,0,0,0
2019-05-09 03:15,6,0,6,0,0,0
2019-05-09 03:30,1,1,0,0,0,0
2019-05-09 03:45,1,0,1,0,0,0
2019-05-09 04:00,2,2,0,0,0,0
2019-05-09 04:15,2,0,2,0,0,0
2019-05-09 04:30,4,3,1,0,0,0
2019-05-09 04:45,2,1,1,0,0,0
2019-05-09 05:00,4,4,0,0,0,0
2019-05-09 05:15,12,9,3,0,0,0
2019-05-09 05:30,15,11,4,0,0,0
2019-05-09 05:45,26,18,8,0,0,0
2019-05-09 06:00,26,17,9,0,0,0
2019-05-09 06:15,43,35,8,0,0,0
2019-05-09 06:30,43,33,10,0,0,0
2019-05-09 06:45,72,49,23,0,0,0
2019-05-09 07:00,81,50,31,0,0,0
2019-05-09 07:15,116,73,43,0,0,0
2019-05-09 07:30,150,92,58,0,0,0
2019-05-09 07:45,170,120,50,0,0,0
2019-05-09 08:00,163,126,37,0,0,0
2019-05-09 08:15,191,111,80,0,0,0
2019-05-09 08:30,126,86,40,0,0,0
2019-05-09 08:45,164,105,59,0,0,0
2019-05-09 09:00,98,66,32,0,0,0
2019-05-09 09:15,95,59,36,0,0,0
2019-05-09 09:30,117,89,28,0,0,0
2019-05-09 09:45,162,120,42,0,0,0
2019-05-09 10:00,140,83,57,0,0,0
2019-05-09 10:15,114,78,36,0,0,0
2019-05-09 10:30,105,51,54,0,0,0
2019-05-09 10:45,120,61,59,0,0,0
2019-05-09 11:00,96,52,44,0,0,0
2019-05-09 11:15,135,68,67,0,0,0
2019-05-09 11:30,122,57,65,0,0,0
2019-05-09 11:45,144,80,64,0,0,0
2019-05-09 12:00,170,79,91,0,0,0
2019-05-09 12:15,155,72,83,0,0,0
2019-05-09 12:30,147,49,98,0,0,0
2019-05-09 12:45,153,60,93,0,0,0
2019-05-09 13:00,167,75,92,0,0,0
2019-05-09 13:15,165,63,102,0,0,0
2019-05-09 13:30,132,60,72,0,0,0
2019-05-09 13:45,185,78,107,0,0,0
2019-05-09 14:00,165,73,92,0,0,0
2019-05-09 14:15,126,37,89,0,0,0
2019-05-09 14:30,162,69,93,0,0,0
2019-05-09 14:45,158,79,79,0,0,0
2019-05-09 15:00,168,66,102,0,0,0
2019-05-09 15:15,137,53,84,0,0,0
2019-05-09 15:30,182,70,112,0,0,0
2019-05-09 15:45,215,91,124,0,0,0
2019-05-09 16:00,239,92,147,0,0,0
2019-05-09 16:15,207,91,116,0,0,0
2019-05-09 16:30,173,63,110,0,0,0
2019-05-09 16:45,217,74,143,0,0,0
2019-05-09 17:00,191,69,122,0,0,0
2019-05-09 17:15,232,88,144,0,0,0
2019-05-09 17:30,206,84,122,0,0,0
2019-05-09 17:45,232,93,139,0,0,0
2019-05-09 18:00,213,81,132,0,0,0
2019-05-09 18:15,175,60,115,0,0,0
2019-05-09 18:30,173,48,125,0,0,0
2019-05-09 18:45,194,65,129,0,0,0
2019-05-09 19:00,172,60,112,0,0,0
2019-05-09 19:15,164,62,102,0,0,0
2019-05-09 19:30,145,64,81,0,0,0
2019-05-09 19:45,125,56,69,0,0,0
2019-05-09 20:00,97,29,68,0,0,0
2019-05-09 20:15,73,20,53,0,0,0
2019-05-09 20:30,72,28,44,0,0,0
2019-05-09 20:45,88,37,51,0,0,0
2019-05-09 21:00,68,21,47,0,0,0
2019-05-09 21:15,75,26,49,0,0,0
2019-05-09 21:30,82,39,43,0,0,0
2019-05-09 21:45,65,14,51,0,0,0
2019-05-09 22:00,78,27,51,0,0,0
2019-05-09 22:15,77,29,48,0,0,0
2019-05-09 22:30,48,21,27,0,0,0
2019-05-09 22:45,55,21,34,0,0,0
2019-05-09 23:00,59,16,43,0,0,0
2019-05-09 23:15,28,13,15,0,0,0
2019-05-09 23:30,45,20,25,0,0,0
2019-05-09 23:45,46,16,30,0,0,0
2019-05-10 00:00,27,10,17,0,0,0
2019-05-10 00:15,8,2,6,0,0,0
2019-05-10 00:30,9,4,5,0,0,0
2019-05-10 00:45,10,2,8,0,0,0
2019-05-10 01:00,13,2,11,0,0,0
2019-05-10 01:15,4,0,4,0,0,0
2019-05-10 01:30,6,3,3,0,0,0
2019-05-10 01:45,6,1,5,0,0,0
2019-05-10 02:00,2,1,1,0,0,0
2019-05-10 02:15,9,1,8,0,0,0
2019-05-10 02:30,1,0,1,0,0,0
2019-05-10 02:45,9,1,8,0,0,0
2019-05-10 03:00,2,0,2,0,0,0
2019-05-10 03:15,2,1,1,0,0,0
2019-05-10 03:30,0,0,0,0,0,0
2019-05-10 03:45,4,1,3,0,0,0
2019-05-10 04:00,4,3,1,0,0,0
2019-05-10 04:15,1,0,1,0,0,0
2019-05-10 04:30,2,0,2,0,0,0
2019-05-10 04:45,3,1,2,0,0,0
2019-05-10 05:00,3,3,0,0,0,0
2019-05-10 05:15,9,4,5,0,0,0
2019-05-10 05:30,14,11,3,0,0,0
2019-05-10 05:45,21,18,3,0,0,0
2019-05-10 06:00,21,14,7,0,0,0
2019-05-10 06:15,33,22,11,0,0,0
2019-05-10 06:30,35,26,9,0,0,0
2019-05-10 06:45,75,61,14,0,0,0
2019-05-10 07:00,71,40,31,0,0,0
2019-05-10 07:15,85,56,29,0,0,0
2019-05-10 07:30,122,84,38,0,0,0
2019-05-10 07:45,180,126,54,0,0,0
2019-05-10 08:00,145,109,36,0,0,0
2019-05-10 08:15,152,95,57,0,0,0
2019-05-10 08:30,126,89,37,0,0,0
2019-05-10 08:45,126,78,48,0,0,0
2019-05-10 09:00,100,65,35,0,0,0
2019-05-10 09:15,116,77,39,0,0,0
2019-05-10 09:30,103,67,36,0,0,0
2019-05-10 09:45,126,92,34,0,0,0
2019-05-10 10:00,112,76,36,0,0,0
2019-05-10 10:15,96,44,52,0,0,0
2019-05-10 10:30,92,55,37,0,0,0
2019-05-10 10:45,100,56,44,0,0,0
2019-05-10 11:00,124,55,69,0,0,0
2019-05-10 11:15,110,54,56,0,0,0
2019-05-10 11:30,117,67,50,0,0,0
2019-05-10 11:45,135,65,70,0,0,0
2019-05-10 12:00,155,75,80,0,0,0
2019-05-10 12:15,127,50,77,0,0,0
2019-05-10 12:30,160,63,97,0,0,0
2019-05-10 12:45,170,60,110,0,0,0
2019-05-10 13:00,146,40,106,0,0,0
2019-05-10 13:15,144,41,103,0,0,0
2019-05-10 13:30,164,50,114,0,0,0
2019-05-10 13:45,170,72,98,0,0,0
2019-05-10 14:00,191,78,113,0,0,0
2019-05-10 14:15,168,81,87,0,0,0
2019-05-10 14:30,186,71,115,0,0,0
2019-05-10 14:45,169,70,99,0,0,0
2019-05-10 15:00,172,65,107,0,0,0
2019-05-10 15:15,189,78,111,0,0,0
2019-05-10 15:30,168,77,91,0,0,0
2019-05-10 15:45,174,79,95,0,0,0
2019-05-10 16:00,177,84,93,0,0,0
2019-05-10 16:15,183,81,102,0,0,0
2019-05-10 16:30,165,72,93,0,0,0
2019-05-10 16:45,156,61,95,0,0,0
2019-05-10 17:00,154,67,87,0,0,0
2019-05-10 17:15,169,74,95,0,0,0
2019-05-10 17:30,172,68,104,0,0,0
2019-05-10 17:45,161,88,73,0,0,0
2019-05-10 18:00,195,73,122,0,0,0
2019-05-10 18:15,169,61,108,0,0,0
2019-05-10 18:30,121,48,73,0,0,0
2019-05-10 18:45,147,70,77,0,0,0
2019-05-10 19:00,153,46,107,0,0,0
2019-05-10 19:15,135,58,77,0,0,0
2019-05-10 19:30,106,46,60,0,0,0
2019-05-10 19:45,120,60,60,0,0,0
2019-05-10 20:00,95,23,72,0,0,0
2019-05-10 20:15,95,40,55,0,0,0
2019-05-10 20:30,78,33,45,0,0,0
2019-05-10 20:45,84,46,38,0,0,0
2019-05-10 21:00,75,27,48,0,0,0
2019-05-10 21:15,72,28,44,0,0,0
2019-05-10 21:30,83,31,52,0,0,0
2019-05-10 21:45,67,16,51,0,0,0
2019-05-10 22:00,65,19,46,0,0,0
2019-05-10 22:15,48,10,38,0,0,0
2019-05-10 22:30,59,19,40,0,0,0
2019-05-10 22:45,59,24,35,0,0,0
2019-05-10 23:00,53,18,35,0,0,0
2019-05-10 23:15,49,8,41,0,0,0
2019-05-10 23:30,58,21,37,0,0,0
2019-05-10 23:45,43,19,24,0,0,0
2019-05-11 00:00,40,17,23,0,0,0
2019-05-11 00:15,38,20,18,0,0,0
2019-05-11 00:30,26,11,15,0,0,0
2019-05-11 00:45,33,6,27,0,0,0
2019-05-11 01:00,24,8,16,0,0,0
2019-05-11 01:15,32,9,23,0,0,0
2019-05-11 01:30,30,11,19,0,0,0
2019-05-11 01:45,19,2,17,0,0,0
2019-05-11 02:00,13,5,8,0,0,0
2019-05-11 02:15,19,3,16,0,0,0
2019-05-11 02:30,10,1,9,0,0,0
2019-05-11 02:45,9,2,7,0,0,0
2019-05-11 03:00,17,8,9,0,0,0
2019-05-11 03:15,6,2,4,0,0,0
2019-05-11 03:30,12,4,8,0,0,0
2019-05-11 03:45,7,1,6,0,0,0
2019-05-11 04:00,7,0,7,0,0,0
2019-05-11 04:15,7,0,7,0,0,0
2019-05-11 04:30,7,0,7,0,0,0
2019-05-11 04:45,5,3,2,0,0,0
2019-05-11 05:00,1,0,1,0,0,0
2019-05-11 05:15,7,3,4,0,0,0
2019-05-11 05:30,13,5,8,0,0,0
2019-05-11 05:45,16,14,2,0,0,0
2019-05-11 06:00,2,1,1,0,0,0
2019-05-11 06:15,13,8,5,0,0,0
2019-05-11 06:30,8,4,4,0,0,0
2019-05-11 06:45,9,5,4,0,0,0
2019-05-11 07:00,8,5,3,0,0,0
2019-05-11 07:15,19,13,6,0,0,0
2019-05-11 07:30,22,18,4,0,0,0
2019-05-11 07:45,44,22,22,0,0,0
2019-05-11 08:00,44,35,9,0,0,0
2019-05-11 08:15,47,29,18,0,0,0
2019-05-11 08:30,42,25,17,0,0,0
2019-05-11 08:45,42,30,12,0,0,0
2019-05-11 09:00,68,45,23,0,0,0
2019-05-11 09:15,100,66,34,0,0,0
2019-05-11 09:30,102,70,32,0,0,0
2019-05-11 09:45,121,88,33,0,0,0
2019-05-11 10:00,91,61,30,0,0,0
2019-05-11 10:15,118,70,48,0,0,0
2019-05-11 10:30,152,113,39,0,0,0
2019-05-11 10:45,147,96,51,0,0,0
2019-05-11 11:00,160,100,60,0,0,0
2019-05-11 11:15,162,93,69,0,0,0
2019-05-11 11:30,155,79,76,0,0,0
2019-05-11 11:45,204,97,107,0,0,0
2019-05-11 12:00,193,80,113,0,0,0
2019-05-11 12:15,214,76,138,0,0,0
2019-05-11 12:30,260,84,176,0,0,0
2019-05-11 12:45,219,90,129,0,0,0
2019-05-11 13:00,149,66,83,0,0,0
2019-05-11 13:15,184,81,103,0,0,0
2019-05-11 13:30,142,58,84,0,0,0
2019-05-11 13:45,189,82,107,0,0,0
2019-05-11 14:00,139,62,77,0,0,0
2019-05-11 14:15,148,46,102,0,0,0
2019-05-11 14:30,150,52,98,0,0,0
2019-05-11 14:45,165,57,108,0,0,0
2019-05-11 15:00,142,49,93,0,0,0
2019-05-11 15:15,148,63,85,0,0,0
2019-05-11 15:30,198,114,84,0,0,0
2019-05-11 15:45,216,135,81,0,0,0
2019-05-11 16:00,174,82,92,0,0,0
2019-05-11 16:15,170,67,103,0,0,0
2019-05-11 16:30,120,50,70,0,0,0
2019-05-11 16:45,113,62,51,0,0,0
2019-05-11 17:00,143,68,75,0,0,0
2019-05-11 17:15,92,40,52,0,0,0
2019-05-11 17:30,139,62,77,0,0,0
2019-05-11 17:45,172,71,101,0,0,0
2019-05-11 18:00,128,52,76,0,0,0
2019-05-11 18:15,106,47,59,0,0,0
2019-05-11 18:30,134,57,77,0,0,0
2019-05-11 18:45,136,57,79,0,0,0
2019-05-11 19:00,102,41,61,0,0,0
2019-05-11 19:15,116,58,58,0,0,0
2019-05-11 19:30,97,32,65,0,0,0
2019-05-11 19:45,103,47,56,0,0,0
2019-05-11 20:00,111,44,67,0,0,0
2019-05-11 20:15,72,31,41,0,0,0
2019-05-11 20:30,74,25,49,0,0,0
2019-05-11 20:45,62,23,39,0,0,0
2019-05-11 21:00,74,34,40,0,0,0
2019-05-11 21:15,39,17,22,0,0,0
2019-05-11 21:30,54,19,35,0,0,0
2019-05-11 21:45,55,28,27,0,0,0
2019-05-11 22:00,45,15,30,0,0,0
2019-05-11 22:15,39,16,23,0,0,0
2019-05-11 22:30,39,9,30,0,0,0
2019-05-11 22:45,40,22,18,0,0,0
2019-05-11 23:00,34,14,20,0,0,0
2019-05-11 23:15,40,15,25,0,0,0
2019-05-11 23:30,50,8,42,0,0,0
2019-05-11 23:45,35,15,20,0,0,0
2019-05-12 00:00,43,11,32,0,0,0
2019-05-12 00:15,33,9,24,0,0,0
2019-05-12 00:30,27,10,17,0,0,0
2019-05-12 00:45,58,23,35,0,0,0
2019-05-12 01:00,36,17,19,0,0,0
2019-05-12 01:15,37,18,19,0,0,0
2019-05-12 01:30,28,8,20,0,0,0
2019-05-12 01:45,20,6,14,0,0,0
2019-05-12 02:00,13,6,7,0,0,0
2019-05-12 02:15,16,4,12,0,0,0
2019-05-12 02:30,19,2,17,0,0,0
2019-05-12 02:45,18,5,13,0,0,0
2019-05-12 03:00,12,3,9,0,0,0
2019-05-12 03:15,20,5,15,0,0,0
2019-05-12 03:30,10,1,9,0,0,0
2019-05-12 03:45,5,0,5,0,0,0
2019-05-12 04:00,15,1,14,0,0,0
2019-05-12 04:15,14,6,8,0,0,0
2019-05-12 04:30,11,4,7,0,0,0
2019-05-12 04:45,3,0,3,0,0,0
2019-05-12 05:00,1,0,1,0,0,0
2019-05-12 05:15,4,2,2,0,0,0
2019-05-12 05:30,5,2,3,0,0,0
2019-05-12 05:45,9,5,4,0,0,0
2019-05-12 06:00,3,2,1,0,0,0
2019-05-12 06:15,4,2,2,0,0,0
2019-05-12 06:30,3,0,3,0,0,0
2019-05-12 06:45,7,1,6,0,0,0
2019-05-12 07:00,6,1,5,0,0,0
2019-05-12 07:15,2,2,0,0,0,0
2019-05-12 07:30,6,3,3,0,0,0
2019-05-12 07:45,13,10,3,0,0,0
2019-05-12 08:00,9,4,5,0,0,0
2019-05-12 08:15,16,10,6,0,0,0
2019-05-12 08:30,19,7,12,0,0,0
2019-05-12 08:45,14,4,10,0,0,0
2019-05-12 09:00,13,10,3,0,0,0
2019-05-12 09:15,22,16,6,0,0,0
2019-05-12 09:30,39,23,16,0,0,0
2019-05-12 09:45,65,48,17,0,0,0
2019-05-12 10:00,54,35,19,0,0,0
2019-05-12 10:15,38,31,7,0,0,0
2019-05-12 10:30,49,36,13,0,0,0
2019-05-12 10:45,64,44,20,0,0,0
2019-05-12 11:00,41,24,17,0,0,0
2019-05-12 11:15,42,22,20,0,0,0
2019-05-12 11:30,53,27,26,0,0,0
2019-05-12 11:45,70,36,34,0,0,0
2019-05-12 12:00,57,33,24,0,0,0
2019-05-12 12:15,53,31,22,0,0,0
2019-05-12 12:30,69,39,30,0,0,0
2019-05-12 12:45,54,30,24,0,0,0
2019-05-12 13:00,44,20,24,0,0,0
2019-05-12 13:15,55,29,26,0,0,0
2019-05-12 13:30,56,34,22,0,0,0
2019-05-12 13:45,69,36,33,0,0,0
2019-05-12 14:00,63,27,36,0,0,0
2019-05-12 14:15,70,28,42,0,0,0
2019-05-12 14:30,61,21,40,0,0,0
2019-05-12 14:45,78,38,40,0,0,0
2019-05-12 15:00,86,35,51,0,0,0
2019-05-12 15:15,60,26,34,0,0,0
2019-05-12 15:30,48,17,31,0,0,0
2019-05-12 15:45,75,37,38,0,0,0
2019-05-12 16:00,69,32,37,0,0,0
2019-05-12 16:15,60,12,48,0,0,0
2019-05-12 16:30,54,25,29,0,0,0
2019-05-12 16:45,83,37,46,0,0,0
2019-05-12 17:00,74,33,41,0,0,0
2019-05-12 17:15,74,29,45,0,0,0
2019-05-12 17:30,85,37,48,0,0,0
2019-05-12 17:45,83,39,44,0,0,0
2019-05-12 18:00,57,25,32,0,0,0
2019-05-12 18:15,68,37,31,0,0,0
2019-05-12 18:30,71,29,42,0,0,0
2019-05-12 18:45,74,34,40,0,0,0
2019-05-12 19:00,58,19,39,0,0,0
2019-05-12 19:15,44,20,24,0,0,0
2019-05-12 19:30,62,24,38,0,0,0
2019-05-12 19:45,57,28,29,0,0,0
2019-05-12 20:00,60,23,37,0,0,0
2019-05-12 20:15,41,16,25,0,0,0
2019-05-12 20:30,63,11,52,0,0,0
2019-05-12 20:45,34,14,20,0,0,0
2019-05-12 21:00,54,17,37,0,0,0
2019-05-12 21:15,22,7,15,0,0,0
2019-05-12 21:30,16,9,7,0,0,0
2019-05-12 21:45,40,8,32,0,0,0
2019-05-12 22:00,19,11,8,0,0,0
2019-05-12 22:15,18,8,10,0,0,0
2019-05-12 22:30,24,8,16,0,0,0
2019-05-12 22:45,20,5,15,0,0,0
2019-05-12 23:00,18,12,6,0,0,0
2019-05-12 23:15,7,2,5,0,0,0
2019-05-12 23:30,11,3,8,0,0,0
2019-05-12 23:45,9,2,7,0,0,0
2019-05-13 00:00,4,0,4,0,0,0
2019-05-13 00:15,4,0,4,0,0,0
2019-05-13 00:30,4,1,3,0,0,0
2019-05-13 00:45,6,1,5,0,0,0
2019-05-13 01:00,5,1,4,0,0,0
2019-05-13 01:15,5,0,5,0,0,0
2019-05-13 01:30,1,1,0,0,0,0
2019-05-13 01:45,0,0,0,0,0,0
2019-05-13 02:00,2,0,2,0,0,0
2019-05-13 02:15,1,0,1,0,0,0
2019-05-13 02:30,2,0,2,0,0,0
2019-05-13 02:45,2,1,1,0,0,0
2019-05-13 03:00,1,1,0,0,0,0
2019-05-13 03:15,1,0,1,0,0,0
2019-05-13 03:30,0,0,0,0,0,0
2019-05-13 03:45,3,2,1,0,0,0
2019-05-13 04:00,0,0,0,0,0,0
2019-05-13 04:15,2,0,2,0,0,0
2019-05-13 04:30,6,2,4,0,0,0
2019-05-13 04:45,8,8,0,0,0,0
2019-05-13 05:00,4,4,0,0,0,0
2019-05-13 05:15,6,5,1,0,0,0
2019-05-13 05:30,20,17,3,0,0,0
2019-05-13 05:45,24,19,5,0,0,0
2019-05-13 06:00,15,11,4,0,0,0
2019-05-13 06:15,32,26,6,0,0,0
2019-05-13 06:30,54,35,19,0,0,0
2019-05-13 06:45,74,55,19,0,0,0
2019-05-13 07:00,71,46,25,0,0,0
2019-05-13 07:15,119,61,58,0,0,0
2019-05-13 07:30,146,105,41,0,0,0
2019-05-13 07:45,174,127,47,0,0,0
2019-05-13 08:00,146,107,39,0,0,0
2019-05-13 08:15,152,101,51,0,0,0
2019-05-13 08:30,136,86,50,0,0,0
2019-05-13 08:45,148,87,61,0,0,0
2019-05-13 09:00,130,85,45,0,0,0
2019-05-13 09:15,99,67,32,0,0,0
2019-05-13 09:30,119,78,41,0,0,0
2019-05-13 09:45,129,87,42,0,0,0
2019-05-13 10:00,135,97,38,0,0,0
2019-05-13 10:15,111,65,46,0,0,0
2019-05-13 10:30,88,54,34,0,0,0
2019-05-13 10:45,124,74,50,0,0,0
2019-05-13 11:00,112,55,57,0,0,0
2019-05-13 11:15,113,57,56,0,0,0
2019-05-13 11:30,111,57,54,0,0,0
2019-05-13 11:45,132,76,56,0,0,0
2019-05-13 12:00,145,55,90,0,0,0
2019-05-13 12:15,126,55,71,0,0,0
2019-05-13 12:30,146,57,89,0,0,0
2019-05-13 12:45,168,68,100,0,0,0
2019-05-13 13:00,139,65,74,0,0,0
2019-05-13 13:15,150,56,94,0,0,0
2019-05-13 13:30,146,52,94,0,0,0
2019-05-13 13:45,145,58,87,0,0,0
2019-05-13 14:00,133,47,86,0,0,0
2019-05-13 14:15,123,37,86,0,0,0
2019-05-13 14:30,162,73,89,0,0,0
2019-05-13 14:45,186,79,107,0,0,0
2019-05-13 15:00,160,56,104,0,0,0
2019-05-13 15:15,157,62,95,0,0,0
2019-05-13 15:30,163,85,78,0,0,0
2019-05-13 15:45,214,86,128,0,0,0
2019-05-13 16:00,237,97,140,0,0,0
2019-05-13 16:15,221,90,131,0,0,0
2019-05-13 16:30,225,85,140,0,0,0
2019-05-13 16:45,225,77,148,0,0,0
2019-05-13 17:00,193,72,121,0,0,0
2019-05-13 17:15,212,82,130,0,0,0
2019-05-13 17:30,230,94,136,0,0,0
2019-05-13 17:45,208,90,118,0,0,0
2019-05-13 18:00,249,77,172,0,0,0
2019-05-13 18:15,217,91,126,0,0,0
2019-05-13 18:30,156,53,103,0,0,0
2019-05-13 18:45,162,61,101,0,0,0
2019-05-13 19:00,180,57,123,0,0,0
2019-05-13 19:15,147,41,106,0,0,0
2019-05-13 19:30,153,57,96,0,0,0
2019-05-13 19:45,108,34,74,0,0,0
2019-05-13 20:00,114,38,76,0,0,0
2019-05-13 20:15,89,23,66,0,0,0
2019-05-13 20:30,76,24,52,0,0,0
2019-05-13 20:45,67,29,38,0,0,0
2019-05-13 21:00,56,17,39,0,0,0
2019-05-13 21:15,73,22,51,0,0,0
2019-05-13 21:30,69,22,47,0,0,0
2019-05-13 21:45,66,26,40,0,0,0
2019-05-13 22:00,63,13,50,0,0,0
2019-05-13 22:15,66,21,45,0,0,0
2019-05-13 22:30,48,16,32,0,0,0
2019-05-13 22:45,42,17,25,0,0,0
2019-05-13 23:00,31,7,24,0,0,0
2019-05-13 23:15,25,3,22,0,0,0
2019-05-13 23:30,26,11,15,0,0,0
2019-05-13 23:45,19,6,13,0,0,0
2019-05-14 00:00,17,3,14,0,0,0
2019-05-14 00:15,11,5,6,0,0,0
2019-05-14 00:30,5,1,4,0,0,0
2019-05-14 00:45,10,1,9,0,0,0
2019-05-14 01:00,3,1,2,0,0,0
2019-05-14 01:15,2,0,2,0,0,0
2019-05-14 01:30,3,0,3,0,0,0
2019-05-14 01:45,1,0,1,0,0,0
2019-05-14 02:00,2,0,2,0,0,0
2019-05-14 02:15,3,0,3,0,0,0
2019-05-14 02:30,0,0,0,0,0,0
2019-05-14 02:45,0,0,0,0,0,0
2019-05-14 03:00,2,1,1,0,0,0
2019-05-14 03:15,1,0,1,0,0,0
2019-05-14 03:30,1,0,1,0,0,0
2019-05-14 03:45,3,0,3,0,0,0
2019-05-14 04:00,2,1,1,0,0,0
2019-05-14 04:15,3,1,2,0,0,0
2019-05-14 04:30,1,0,1,0,0,0
2019-05-14 04:45,3,3,0,0,0,0
2019-05-14 05:00,5,5,0,0,0,0
2019-05-14 05:15,8,5,3,0,0,0
2019-05-14 05:30,20,16,4,0,0,0
2019-05-14 05:45,31,25,6,0,0,0
2019-05-14 06:00,30,24,6,0,0,0
2019-05-14 06:15,39,28,11,0,0,0
2019-05-14 06:30,54,38,16,0,0,0
2019-05-14 06:45,73,46,27,0,0,0
2019-05-14 07:00,84,57,27,0,0,0
2019-05-14 07:15,137,80,57,0,0,0
2019-05-14 07:30,170,111,59,0,0,0
2019-05-14 07:45,206,153,53,0,0,0
2019-05-14 08:00,197,135,62,0,0,0
2019-05-14 08:15,187,126,61,0,0,0
2019-05-14 08:30,138,86,52,0,0,0
2019-05-14 08:45,140,88,52,0,0,0
2019-05-14 09:00,112,87,25,0,0,0
2019-05-14 09:15,115,75,40,0,0,0
2019-05-14 09:30,126,83,43,0,0,0
2019-05-14 09:45,162,118,44,0,0,0
2019-05-14 10:00,143,92,51,0,0,0
2019-05-14 10:15,123,63,60,0,0,0
2019-05-14 10:30,107,57,50,0,0,0
2019-05-14 10:45,114,64,50,0,0,0
2019-05-14 11:00,117,61,56,0,0,0
2019-05-14 11:15,117,52,65,0,0,0
2019-05-14 11:30,129,57,72,0,0,0
2019-05-14 11:45,156,78,78,0,0,0
2019-05-14 12:00,172,79,93,0,0,0
2019-05-14 12:15,132,65,67,0,0,0
2019-05-14 12:30,127,49,78,0,0,0
2019-05-14 12:45,137,57,80,0,0,0
2019-05-14 13:00,154,55,99,0,0,0
2019-05-14 13:15,149,60,89,0,0,0
2019-05-14 13:30,133,64,69,0,0,0
2019-05-14 13:45,182,80,102,0,0,0
2019-05-14 14:00,172,74,98,0,0,0
2019-05-14 14:15,144,73,71,0,0,0
2019-05-14 14:30,147,59,88,0,0,0
2019-05-14 14:45,168,84,84,0,0,0
2019-05-14 15:00,166,68,98,0,0,0
2019-05-14 15:15,148,54,94,0,0,0
2019-05-14 15:30,173,74,99,0,0,0
2019-05-14 15:45,218,98,120,0,0,0
2019-05-14 16:00,215,89,126,0,0,0
2019-05-14 16:15,216,79,137,0,0,0
2019-05-14 16:30,214,76,138,0,0,0
2019-05-14 16:45,217,80,137,0,0,0
2019-05-14 17:00,236,81,155,0,0,0
2019-05-14 17:15,214,80,134,0,0,0
2019-05-14 17:30,249,96,153,0,0,0
2019-05-14 17:45,277,109,168,0,0,0
2019-05-14 18:00,230,87,143,0,0,0
2019-05-14 18:15,219,80,139,0,0,0
2019-05-14 18:30,160,64,96,0,0,0
2019-05-14 18:45,187,80,107,0,0,0
2019-05-14 19:00,186,64,122,0,0,0
2019-05-14 19:15,151,46,105,0,0,0
2019-05-14 19:30,148,56,92,0,0,0
2019-05-14 19:45,150,47,103,0,0,0
2019-05-14 20:00,124,33,91,0,0,0
2019-05-14 20:15,111,36,75,0,0,0
2019-05-14 20:30,70,20,50,0,0,0
2019-05-14 20:45,76,31,45,0,0,0
2019-05-14 21:00,70,35,35,0,0,0
2019-05-14 21:15,71,26,45,0,0,0
2019-05-14 21:30,73,28,45,0,0,0
2019-05-14 21:45,61,21,40,0,0,0
2019-05-14 22:00,89,33,56,0,0,0
2019-05-14 22:15,63,18,45,0,0,0
2019-05-14 22:30,61,13,48,0,0,0
2019-05-14 22:45,52,12,40,0,0,0
2019-05-14 23:00,35,8,27,0,0,0
2019-05-14 23:15,30,11,19,0,0,0
2019-05-14 23:30,24,5,19,0,0,0
2019-05-14 23:45,13,3,10,0,0,0
2019-05-15 00:00,12,4,8,0,0,0
2019-05-15 00:15,10,4,6,0,0,0
2019-05-15 00:30,6,0,6,0,0,0
2019-05-15 00:45,13,0,13,0,0,0
2019-05-15 01:00,7,1,6,0,0,0
2019-05-15 01:15,2,1,1,0,0,0
2019-05-15 01:30,1,0,1,0,0,0
2019-05-15 01:45,3,1,2,0,0,0
2019-05-15 02:00,3,0,3,0,0,0
2019-05-15 02:15,3,1,2,0,0,0
2019-05-15 02:30,0,0,0,0,0,0
2019-05-15 02:45,3,2,1,0,0,0
2019-05-15 03:00,3,3,0,0,0,0
2019-05-15 03:15,4,2,2,0,0,0
2019-05-15 03:30,0,0,0,0,0,0
2019-05-15 03:45,0,0,0,0,0,0
2019-05-15 04:00,3,1,2,0,0,0
2019-05-15 04:15,0,0,0,0,0,0
2019-05-15 04:30,2,0,2,0,0,0
2019-05-15 04:45,7,4,3,0,0,0
2019-05-15 05:00,6,4,2,0,0,0
2019-05-15 05:15,12,8,4,0,0,0
2019-05-15 05:30,17,14,3,0,0,0
2019-05-15 05:45,26,21,5,0,0,0
2019-05-15 06:00,24,21,3,0,0,0
2019-05-15 06:15,55,42,13,0,0,0
2019-05-15 06:30,43,33,10,0,0,0
2019-05-15 06:45,70,54,16,0,0,0
2019-05-15 07:00,109,74,35,0,0,0
2019-05-15 07:15,126,80,46,0,0,0
2019-05-15 07:30,175,125,50,0,0,0
2019-05-15 07:45,197,140,57,0,0,0
2019-05-15 08:00,175,131,44,0,0,0
2019-05-15 08:15,191,114,77,0,0,0
2019-05-15 08:30,146,94,52,0,0,0
2019-05-15 08:45,173,121,52,0,0,0
2019-05-15 09:00,125,81,44,0,0,0
2019-05-15 09:15,119,84,35,0,0,0
2019-05-15 09:30,117,80,37,0,0,0
2019-05-15 09:45,151,109,42,0,0,0
2019-05-15 10:00,170,117,53,0,0,0
2019-05-15 10:15,121,71,50,0,0,0
2019-05-15 10:30,113,61,52,0,0,0
2019-05-15 10:45,150,93,57,0,0,0
2019-05-15 11:00,112,60,52,0,0,0
2019-05-15 11:15,122,70,52,0,0,0
2019-05-15 11:30,133,68,65,0,0,0
2019-05-15 11:45,193,96,97,0,0,0
2019-05-15 12:00,164,76,88,0,0,0
2019-05-15 12:15,155,58,97,0,0,0
2019-05-15 12:30,166,67,99,0,0,0
2019-05-15 12:45,167,76,91,0,0,0
2019-05-15 13:00,183,72,111,0,0,0
2019-05-15 13:15,151,60,91,0,0,0
2019-05-15 13:30,164,54,110,0,0,0
2019-05-15 13:45,169,83,86,0,0,0
2019-05-15 14:00,148,58,90,0,0,0
2019-05-15 14:15,149,46,103,0,0,0
2019-05-15 14:30,172,61,111,0,0,0
2019-05-15 14:45,196,91,105,0,0,0
2019-05-15 15:00,144,54,90,0,0,0
2019-05-15 15:15,158,54,104,0,0,0
2019-05-15 15:30,188,76,112,0,0,0
2019-05-15 15:45,208,77,131,0,0,0
2019-05-15 16:00,200,75,125,0,0,0
2019-05-15 16:15,203,84,119,0,0,0
2019-05-15 16:30,211,77,134,0,0,0
2019-05-15 16:45,216,86,130,0,0,0
2019-05-15 17:00,246,97,149,0,0,0
2019-05-15 17:15,201,89,112,0,0,0
2019-05-15 17:30,185,62,123,0,0,0
2019-05-15 17:45,237,94,143,0,0,0
2019-05-15 18:00,224,84,140,0,0,0
2019-05-15 18:15,192,68,124,0,0,0
2019-05-15 18:30,165,63,102,0,0,0
2019-05-15 18:45,175,75,100,0,0,0
2019-05-15 19:00,200,68,132,0,0,0
2019-05-15 19:15,132,48,84,0,0,0
2019-05-15 19:30,118,41,77,0,0,0
2019-05-15 19:45,141,51,90,0,0,0
2019-05-15 20:00,119,36,83,0,0,0
2019-05-15 20:15,104,36,68,0,0,0
2019-05-15 20:30,83,26,57,0,0,0
2019-05-15 20:45,90,28,62,0,0,0
2019-05-15 21:00,82,41,41,0,0,0
2019-05-15 21:15,79,31,48,0,0,0
2019-05-15 21:30,73,28,45,0,0,0
2019-05-15 21:45,80,37,43,0,0,0
2019-05-15 22:00,83,23,60,0,0,0
2019-05-15 22:15,86,27,59,0,0,0
2019-05-15 22:30,57,26,31,0,0,0
2019-05-15 22:45,56,15,41,0,0,0
2019-05-15 23:00,51,15,36,0,0,0
2019-05-15 23:15,31,14,17,0,0,0
2019-05-15 23:30,21,2,19,0,0,0
2019-05-15 23:45,21,7,14,0,0,0
2019-05-16 00:00,26,8,18,0,0,0
2019-05-16 00:15,25,15,10,0,0,0
2019-05-16 00:30,31,8,23,0,0,0
2019-05-16 00:45,17,5,12,0,0,0
2019-05-16 01:00,13,7,6,0,0,0
2019-05-16 01:15,19,8,11,0,0,0
2019-05-16 01:30,5,0,5,0,0,0
2019-05-16 01:45,4,4,0,0,0,0
2019-05-16 02:00,4,0,4,0,0,0
2019-05-16 02:15,6,1,5,0,0,0
2019-05-16 02:30,5,0,5,0,0,0
2019-05-16 02:45,14,1,13,0,0,0
2019-05-16 03:00,9,1,8,0,0,0
2019-05-16 03:15,8,0,8,0,0,0
2019-05-16 03:30,0,0,0,0,0,0
2019-05-16 03:45,3,0,3,0,0,0
2019-05-16 04:00,7,0,7,0,0,0
2019-05-16 04:15,4,1,3,0,0,0
2019-05-16 04:30,2,0,2,0,0,0
2019-05-16 04:45,3,2,1,0,0,0
2019-05-16 05:00,3,2,1,0,0,0
2019-05-16 05:15,10,7,3,0,0,0
2019-05-16 05:30,22,15,7,0,0,0
2019-05-16 05:45,27,17,10,0,0,0
2019-05-16 06:00,22,14,8,0,0,0
2019-05-16 06:15,37,28,9,0,0,0
2019-05-16 06:30,45,30,15,0,0,0
2019-05-16 06:45,70,45,25,0,0,0
2019-05-16 07:00,76,45,31,0,0,0
2019-05-16 07:15,112,73,39,0,0,0
2019-05-16 07:30,158,93,65,0,0,0
2019-05-16 07:45,191,134,57,0,0,0
2019-05-16 08:00,185,132,53,0,0,0
2019-05-16 08:15,171,115,56,0,0,0
2019-05-16 08:30,121,88,33,0,0,0
2019-05-16 08:45,159,99,60,0,0,0
2019-05-16 09:00,103,66,37,0,0,0
2019-05-16 09:15,108,68,40,0,0,0
2019-05-16 09:30,117,84,33,0,0,0
2019-05-16 09:45,127,92,35,0,0,0
2019-05-16 10:00,142,92,50,0,0,0
2019-05-16 10:15,126,65,61,0,0,0
2019-05-16 10:30,90,49,41,0,0,0
2019-05-16 10:45,101,64,37,0,0,0
2019-05-16 11:00,108,53,55,0,0,0
2019-05-16 11:15,110,58,52,0,0,0
2019-05-16 11:30,103,42,61,0,0,0
2019-05-16 11:45,147,75,72,0,0,0
2019-05-16 12:00,133,59,74,0,0,0
2019-05-16 12:15,118,45,73,0,0,0
2019-05-16 12:30,140,62,78,0,0,0
2019-05-16 12:45,125,59,66,0,0,0
2019-05-16 13:00,139,49,90,0,0,0
2019-05-16 13:15,138,58,80,0,0,0
2019-05-16 13:30,122,52,70,0,0,0
2019-05-16 13:45,165,66,99,0,0,0
2019-05-16 14:00,155,67,88,0,0,0
2019-05-16 14:15,114,45,69,0,0,0
2019-05-16 14:30,120,56,64,0,0,0
2019-05-16 14:45,167,80,87,0,0,0
2019-05-16 15:00,133,54,79,0,0,0
2019-05-16 15:15,163,80,83,0,0,0
2019-05-16 15:30,170,71,99,0,0,0
2019-05-16 15:45,202,90,112,0,0,0
2019-05-16 16:00,193,76,117,0,0,0
2019-05-16 16:15,165,57,108,0,0,0
2019-05-16 16:30,192,87,105,0,0,0
2019-05-16 16:45,217,79,138,0,0,0
2019-05-16 17:00,224,86,138,0,0,0
2019-05-16 17:15,184,67,117,0,0,0
2019-05-16 17:30,190,85,105,0,0,0
2019-05-16 17:45,205,75,130,0,0,0
2019-05-16 18:00,190,58,132,0,0,0
2019-05-16 18:15,206,59,147,0,0,0
2019-05-16 18:30,182,58,124,0,0,0
2019-05-16 18:45,152,62,90,0,0,0
2019-05-16 19:00,148,47,101,0,0,0
2019-05-16 19:15,121,33,88,0,0,0
2019-05-16 19:30,103,37,66,0,0,0
2019-05-16 19:45,113,51,62,0,0,0
2019-05-16 20:00,108,23,85,0,0,0
2019-05-16 20:15,71,23,48,0,0,0
2019-05-16 20:30,29,12,17,0,0,0
2019-05-16 20:45,52,17,35,0,0,0
2019-05-16 21:00,47,12,35,0,0,0
2019-05-16 21:15,51,14,37,0,0,0
2019-05-16 21:30,40,11,29,0,0,0
2019-05-16 21:45,40,12,28,0,0,0
2019-05-16 22:00,54,17,37,0,0,0
2019-05-16 22:15,60,16,44,0,0,0
2019-05-16 22:30,60,24,36,0,0,0
2019-05-16 22:45,49,16,33,0,0,0
2019-05-16 23:00,29,9,20,0,0,0
2019-05-16 23:15,20,7,13,0,0,0
2019-05-16 23:30,33,9,24,0,0,0
2019-05-16 23:45,27,6,21,0,0,0
2019-05-17 00:00,15,4,11,0,0,0
2019-05-17 00:15,21,5,16,0,0,0
2019-05-17 00:30,14,7,7,0,0,0
2019-05-17 00:45,9,1,8,0,0,0
2019-05-17 01:00,6,3,3,0,0,0
2019-05-17 01:15,9,2,7,0,0,0
2019-05-17 01:30,3,1,2,0,0,0
2019-05-17 01:45,8,3,5,0,0,0
2019-05-17 02:00,1,0,1,0,0,0
2019-05-17 02:15,3,1,2,0,0,0
2019-05-17 02:30,4,1,3,0,0,0
2019-05-17 02:45,5,3,2,0,0,0
2019-05-17 03:00,5,2,3,0,0,0
2019-05-17 03:15,3,0,3,0,0,0
2019-05-17 03:30,1,0,1,0,0,0
2019-05-17 03:45,5,1,4,0,0,0
2019-05-17 04:00,1,0,1,0,0,0
2019-05-17 04:15,1,0,1,0,0,0
2019-05-17 04:30,1,0,1,0,0,0
2019-05-17 04:45,3,3,0,0,0,0
2019-05-17 05:00,3,2,1,0,0,0
2019-05-17 05:15,6,5,1,0,0,0
2019-05-17 05:30,22,16,6,0,0,0
2019-05-17 05:45,23,18,5,0,0,0
2019-05-17 06:00,24,18,6,0,0,0
2019-05-17 06:15,34,22,12,0,0,0
2019-05-17 06:30,43,32,11,0,0,0
2019-05-17 06:45,73,52,21,0,0,0
2019-05-17 07:00,66,42,24,0,0,0
2019-05-17 07:15,109,62,47,0,0,0
2019-05-17 07:30,145,101,44,0,0,0
2019-05-17 07:45,173,119,54,0,0,0
2019-05-17 08:00,164,103,61,0,0,0
2019-05-17 08:15,144,97,47,0,0,0
2019-05-17 08:30,107,82,25,0,0,0
2019-05-17 08:45,150,96,54,0,0,0
2019-05-17 09:00,98,64,34,0,0,0
2019-05-17 09:15,117,78,39,0,0,0
2019-05-17 09:30,112,77,35,0,0,0
2019-05-17 09:45,120,74,46,0,0,0
2019-05-17 10:00,102,68,34,0,0,0
2019-05-17 10:15,90,51,39,0,0,0
2019-05-17 10:30,111,61,50,0,0,0
2019-05-17 10:45,110,65,45,0,0,0
2019-05-17 11:00,98,59,39,0,0,0
2019-05-17 11:15,117,52,65,0,0,0
2019-05-17 11:30,113,55,58,0,0,0
2019-05-17 11:45,150,80,70,0,0,0
2019-05-17 12:00,145,82,63,0,0,0
2019-05-17 12:15,135,60,75,0,0,0
2019-05-17 12:30,161,64,97,0,0,0
2019-05-17 12:45,162,59,103,0,0,0
2019-05-17 13:00,166,56,110,0,0,0
2019-05-17 13:15,138,45,93,0,0,0
2019-05-17 13:30,182,77,105,0,0,0
2019-05-17 13:45,211,80,131,0,0,0
2019-05-17 14:00,173,57,116,0,0,0
2019-05-17 14:15,160,61,99,0,0,0
2019-05-17 14:30,157,72,85,0,0,0
2019-05-17 14:45,171,63,108,0,0,0
2019-05-17 15:00,144,67,77,0,0,0
2019-05-17 15:15,186,69,117,0,0,0
2019-05-17 15:30,169,72,97,0,0,0
2019-05-17 15:45,177,67,110,0,0,0
2019-05-17 16:00,183,85,98,0,0,0
2019-05-17 16:15,186,74,112,0,0,0
2019-05-17 16:30,161,65,96,0,0,0
2019-05-17 16:45,135,63,72,0,0,0
2019-05-17 17:00,167,54,113,0,0,0
2019-05-17 17:15,156,58,98,0,0,0
2019-05-17 17:30,144,67,77,0,0,0
2019-05-17 17:45,187,59,128,0,0,0
2019-05-17 18:00,158,52,106,0,0,0
2019-05-17 18:15,185,60,125,0,0,0
2019-05-17 18:30,169,69,100,0,0,0
2019-05-17 18:45,168,82,86,0,0,0
2019-05-17 19:00,130,52,78,0,0,0
2019-05-17 19:15,164,79,85,0,0,0
2019-05-17 19:30,127,62,65,0,0,0
2019-05-17 19:45,114,60,54,0,0,0
2019-05-17 20:00,109,34,75,0,0,0
2019-05-17 20:15,80,37,43,0,0,0
2019-05-17 20:30,72,34,38,0,0,0
2019-05-17 20:45,55,27,28,0,0,0
2019-05-17 21:00,81,40,41,0,0,0
2019-05-17 21:15,66,30,36,0,0,0
2019-05-17 21:30,68,27,41,0,0,0
2019-05-17 21:45,42,20,22,0,0,0
2019-05-17 22:00,58,20,38,0,0,0
2019-05-17 22:15,39,18,21,0,0,0
2019-05-17 22:30,56,22,34,0,0,0
2019-05-17 22:45,57,18,39,0,0,0
2019-05-17 23:00,48,16,32,0,0,0
2019-05-17 23:15,39,16,23,0,0,0
2019-05-17 23:30,32,12,20,0,0,0
2019-05-17 23:45,40,9,31,0,0,0
2019-05-18 00:00,44,22,22,0,0,0
2019-05-18 00:15,41,9,32,0,0,0
2019-05-18 00:30,55,26,29,0,0,0
2019-05-18 00:45,48,17,31,0,0,0
2019-05-18 01:00,44,19,25,0,0,0
2019-05-18 01:15,21,7,14,0,0,0
2019-05-18 01:30,20,3,17,0,0,0
2019-05-18 01:45,16,7,9,0,0,0
2019-05-18 02:00,23,12,11,0,0,0
2019-05-18 02:15,23,5,18,0,0,0
2019-05-18 02:30,9,0,9,0,0,0
2019-05-18 02:45,12,2,10,0,0,0
2019-05-18 03:00,18,3,15,0,0,0
2019-05-18 03:15,14,2,12,0,0,0
2019-05-18 03:30,18,8,10,0,0,0
2019-05-18 03:45,8,0,8,0,0,0
2019-05-18 04:00,9,2,7,0,0,0
2019-05-18 04:15,4,0,4,0,0,0
2019-05-18 04:30,9,0,9,0,0,0
2019-05-18 04:45,10,4,6,0,0,0
2019-05-18 05:00,2,1,1,0,0,0
2019-05-18 05:15,11,5,6,0,0,0
2019-05-18 05:30,10,6,4,0,0,0
2019-05-18 05:45,13,9,4,0,0,0
2019-05-18 06:00,8,5,3,0,0,0
2019-05-18 06:15,6,4,2,0,0,0
2019-05-18 06:30,20,13,7,0,0,0
2019-05-18 06:45,13,8,5,0,0,0
2019-05-18 07:00,20,17,3,0,0,0
2019-05-18 07:15,27,23,4,0,0,0
2019-05-18 07:30,32,22,10,0,0,0
2019-05-18 07:45,30,22,8,0,0,0
2019-05-18 08:00,33,23,10,0,0,0
2019-05-18 08:15,48,37,11,0,0,0
2019-05-18 08:30,52,39,13,0,0,0
2019-05-18 08:45,61,46,15,0,0,0
2019-05-18 09:00,87,53,34,0,0,0
2019-05-18 09:15,102,73,29,0,0,0
2019-05-18 09:30,135,100,35,0,0,0
2019-05-18 09:45,177,128,49,0,0,0
2019-05-18 10:00,142,100,42,0,0,0
2019-05-18 10:15,153,99,54,0,0,0
2019-05-18 10:30,141,90,51,0,0,0
2019-05-18 10:45,176,112,64,0,0,0
2019-05-18 11:00,144,89,55,0,0,0
2019-05-18 11:15,213,133,80,0,0,0
2019-05-18 11:30,204,129,75,0,0,0
2019-05-18 11:45,189,116,73,0,0,0
2019-05-18 12:00,202,106,96,0,0,0
2019-05-18 12:15,217,105,112,0,0,0
2019-05-18 12:30,178,90,88,0,0,0
2019-05-18 12:45,198,114,84,0,0,0
2019-05-18 13:00,204,87,117,0,0,0
2019-05-18 13:15,189,90,99,0,0,0
2019-05-18 13:30,191,89,102,0,0,0
2019-05-18 13:45,198,82,116,0,0,0
2019-05-18 14:00,165,79,86,0,0,0
2019-05-18 14:15,180,72,108,0,0,0
2019-05-18 14:30,185,78,107,0,0,0
2019-05-18 14:45,205,77,128,0,0,0
2019-05-18 15:00,194,90,104,0,0,0
2019-05-18 15:15,196,63,133,0,0,0
2019-05-18 15:30,170,64,106,0,0,0
2019-05-18 15:45,144,65,79,0,0,0
2019-05-18 16:00,132,40,92,0,0,0
2019-05-18 16:15,138,49,89,0,0,0
2019-05-18 16:30,150,51,99,0,0,0
2019-05-18 16:45,115,42,73,0,0,0
2019-05-18 17:00,112,48,64,0,0,0
2019-05-18 17:15,120,43,77,0,0,0
2019-05-18 17:30,144,65,79,0,0,0
2019-05-18 17:45,148,67,81,0,0,0
2019-05-18 18:00,140,45,95,0,0,0
2019-05-18 18:15,122,35,87,0,0,0
2019-05-18 18:30,114,49,65,0,0,0
2019-05-18 18:45,130,58,72,0,0,0
2019-05-18 19:00,125,47,78,0,0,0
2019-05-18 19:15,98,44,54,0,0,0
2019-05-18 19:30,111,42,69,0,0,0
2019-05-18 19:45,122,41,81,0,0,0
2019-05-18 20:00,94,31,63,0,0,0
2019-05-18 20:15,74,26,48,0,0,0
2019-05-18 20:30,81,31,50,0,0,0
2019-05-18 20:45,60,17,43,0,0,0
2019-05-18 21:00,77,40,37,0,0,0
2019-05-18 21:15,70,23,47,0,0,0
2019-05-18 21:30,64,32,32,0,0,0
2019-05-18 21:45,60,18,42,0,0,0
2019-05-18 22:00,55,13,42,0,0,0
2019-05-18 22:15,61,26,35,0,0,0
2019-05-18 22:30,55,15,40,0,0,0
2019-05-18 22:45,54,26,28,0,0,0
2019-05-18 23:00,54,19,35,0,0,0
2019-05-18 23:15,63,23,40,0,0,0
2019-05-18 23:30,51,19,32,0,0,0
2019-05-18 23:45,42,10,32,0,0,0
2019-05-19 00:00,42,15,27,0,0,0
2019-05-19 00:15,31,9,22,0,0,0
2019-05-19 00:30,42,12,30,0,0,0
2019-05-19 00:45,47,23,24,0,0,0
2019-05-19 01:00,41,11,30,0,0,0
2019-05-19 01:15,53,24,29,0,0,0
2019-05-19 01:30,50,13,37,0,0,0
2019-05-19 01:45,37,15,22,0,0,0
2019-05-19 02:00,32,8,24,0,0,0
2019-05-19 02:15,16,9,7,0,0,0
2019-05-19 02:30,16,5,11,0,0,0
2019-05-19 02:45,20,6,14,0,0,0
2019-05-19 03:00,22,12,10,0,0,0
2019-05-19 03:15,8,2,6,0,0,0
2019-05-19 03:30,10,2,8,0,0,0
2019-05-19 03:45,24,15,9,0,0,0
2019-05-19 04:00,17,10,7,0,0,0
2019-05-19 04:15,11,10,1,0,0,0
2019-05-19 04:30,3,1,2,0,0,0
2019-05-19 04:45,8,2,6,0,0,0
2019-05-19 05:00,2,0,2,0,0,0
2019-05-19 05:15,4,1,3,0,0,0
2019-05-19 05:30,6,6,0,0,0,0
2019-05-19 05:45,9,5,4,0,0,0
2019-05-19 06:00,1,0,1,0,0,0
2019-05-19 06:15,4,4,0,0,0,0
2019-05-19 06:30,7,4,3,0,0,0
2019-05-19 06:45,3,2,1,0,0,0
2019-05-19 07:00,5,4,1,0,0,0
2019-05-19 07:15,6,2,4,0,0,0
2019-05-19 07:30,9,4,5,0,0,0
2019-05-19 07:45,10,5,5,0,0,0
2019-05-19 08:00,15,7,8,0,0,0
2019-05-19 08:15,13,5,8,0,0,0
2019-05-19 08:30,10,5,5,0,0,0
2019-05-19 08:45,16,8,8,0,0,0
2019-05-19 09:00,31,21,10,0,0,0
2019-05-19 09:15,28,18,10,0,0,0
2019-05-19 09:30,30,16,14,0,0,0
2019-05-19 09:45,64,37,27,0,0,0
2019-05-19 10:00,55,29,26,0,0,0
2019-05-19 10:15,38,18,20,0,0,0
2019-05-19 10:30,74,55,19,0,0,0
2019-05-19 10:45,51,26,25,0,0,0
2019-05-19 11:00,37,22,15,0,0,0
2019-05-19 11:15,49,26,23,0,0,0
2019-05-19 11:30,42,22,20,0,0,0
2019-05-19 11:45,83,39,44,0,0,0
2019-05-19 12:00,58,30,28,0,0,0
2019-05-19 12:15,66,37,29,0,0,0
2019-05-19 12:30,71,40,31,0,0,0
2019-05-19 12:45,81,53,28,0,0,0
2019-05-19 13:00,87,40,47,0,0,0
2019-05-19 13:15,62,32,30,0,0,0
2019-05-19 13:30,75,26,49,0,0,0
2019-05-19 13:45,77,34,43,0,0,0
2019-05-19 14:00,101,38,63,0,0,0
2019-05-19 14:15,87,37,50,0,0,0
2019-05-19 14:30,79,34,45,0,0,0
2019-05-19 14:45,97,48,49,0,0,0
2019-05-19 15:00,105,46,59,0,0,0
2019-05-19 15:15,88,36,52,0,0,0
2019-05-19 15:30,95,25,70,0,0,0
2019-05-19 15:45,74,32,42,0,0,0
2019-05-19 16:00,73,20,53,0,0,0
2019-05-19 16:15,92,39,53,0,0,0
2019-05-19 16:30,77,32,45,0,0,0
2019-05-19 16:45,84,26,58,0,0,0
2019-05-19 17:00,68,32,36,0,0,0
2019-05-19 17:15,74,34,40,0,0,0
2019-05-19 17:30,67,25,42,0,0,0
2019-05-19 17:45,77,45,32,0,0,0
2019-05-19 18:00,58,21,37,0,0,0
2019-05-19 18:15,42,19,23,0,0,0
2019-05-19 18:30,54,29,25,0,0,0
2019-05-19 18:45,53,34,19,0,0,0
2019-05-19 19:00,47,24,23,0,0,0
2019-05-19 19:15,44,22,22,0,0,0
2019-05-19 19:30,55,25,30,0,0,0
2019-05-19 19:45,55,25,30,0,0,0
2019-05-19 20:00,62,23,39,0,0,0
2019-05-19 20:15,35,15,20,0,0,0
2019-05-19 20:30,39,14,25,0,0,0
2019-05-19 20:45,29,12,17,0,0,0
2019-05-19 21:00,33,8,25,0,0,0
2019-05-19 21:15,31,13,18,0,0,0
2019-05-19 21:30,31,8,23,0,0,0
2019-05-19 21:45,33,12,21,0,0,0
2019-05-19 22:00,27,9,18,0,0,0
2019-05-19 22:15,20,10,10,0,0,0
2019-05-19 22:30,23,9,14,0,0,0
2019-05-19 22:45,35,5,30,0,0,0
2019-05-19 23:00,21,4,17,0,0,0
2019-05-19 23:15,7,3,4,0,0,0
2019-05-19 23:30,12,4,8,0,0,0
2019-05-19 23:45,9,3,6,0,0,0
2019-05-20 00:00,11,2,9,0,0,0
2019-05-20 00:15,6,1,5,0,0,0
2019-05-20 00:30,4,0,4,0,0,0
2019-05-20 00:45,4,1,3,0,0,0
2019-05-20 01:00,6,1,5,0,0,0
2019-05-20 01:15,1,0,1,0,0,0
2019-05-20 01:30,4,2,2,0,0,0
2019-05-20 01:45,0,0,0,0,0,0
2019-05-20 02:00,1,1,0,0,0,0
2019-05-20 02:15,1,0,1,0,0,0
2019-05-20 02:30,2,1,1,0,0,0
2019-05-20 02:45,2,2,0,0,0,0
2019-05-20 03:00,1,1,0,0,0,0
2019-05-20 03:15,1,1,0,0,0,0
2019-05-20 03:30,0,0,0,0,0,0
2019-05-20 03:45,1,1,0,0,0,0
2019-05-20 04:00,1,0,1,0,0,0
2019-05-20 04:15,4,0,4,0,0,0
2019-05-20 04:30,1,0,1,0,0,0
2019-05-20 04:45,1,1,0,0,0,0
2019-05-20 05:00,5,4,1,0,0,0
2019-05-20 05:15,13,10,3,0,0,0
2019-05-20 05:30,15,13,2,0,0,0
2019-05-20 05:45,31,24,7,0,0,0
2019-05-20 06:00,28,20,8,0,0,0
2019-05-20 06:15,32,28,4,0,0,0
2019-05-20 06:30,40,29,11,0,0,0
2019-05-20 06:45,67,43,24,0,0,0
2019-05-20 07:00,75,50,25,0,0,0
2019-05-20 07:15,103,62,41,0,0,0
2019-05-20 07:30,160,116,44,0,0,0
2019-05-20 07:45,165,110,55,0,0,0
2019-05-20 08:00,155,108,47,0,0,0
2019-05-20 08:15,149,92,57,0,0,0
2019-05-20 08:30,141,94,47,0,0,0
2019-05-20 08:45,156,108,48,0,0,0
2019-05-20 09:00,98,71,27,0,0,0
2019-05-20 09:15,131,91,40,0,0,0
2019-05-20 09:30,112,75,37,0,0,0
2019-05-20 09:45,132,90,42,0,0,0
2019-05-20 10:00,113,79,34,0,0,0
2019-05-20 10:15,102,55,47,0,0,0
2019-05-20 10:30,103,65,38,0,0,0
2019-05-20 10:45,105,62,43,0,0,0
2019-05-20 11:00,114,54,60,0,0,0
2019-05-20 11:15,125,71,54,0,0,0
2019-05-20 11:30,110,55,55,0,0,0
2019-05-20 11:45,139,60,79,0,0,0
2019-05-20 12:00,144,61,83,0,0,0
2019-05-20 12:15,118,46,72,0,0,0
2019-05-20 12:30,126,45,81,0,0,0
2019-05-20 12:45,122,58,64,0,0,0
2019-05-20 13:00,147,52,95,0,0,0
2019-05-20 13:15,126,42,84,0,0,0
2019-05-20 13:30,114,57,57,0,0,0
2019-05-20 13:45,172,64,108,0,0,0
2019-05-20 14:00,136,59,77,0,0,0
2019-05-20 14:15,149,54,95,0,0,0
2019-05-20 14:30,141,60,81,0,0,0
2019-05-20 14:45,156,81,75,0,0,0
2019-05-20 15:00,162,67,95,0,0,0
2019-05-20 15:15,159,66,93,0,0,0
2019-05-20 15:30,175,68,107,0,0,0
2019-05-20 15:45,202,95,107,0,0,0
2019-05-20 16:00,179,71,108,0,0,0
2019-05-20 16:15,173,63,110,0,0,0
2019-05-20 16:30,193,71,122,0,0,0
2019-05-20 16:45,194,66,128,0,0,0
2019-05-20 17:00,202,72,130,0,0,0
2019-05-20 17:15,195,66,129,0,0,0
2019-05-20 17:30,190,67,123,0,0,0
2019-05-20 17:45,229,77,152,0,0,0
2019-05-20 18:00,199,67,132,0,0,0
2019-05-20 18:15,201,76,125,0,0,0
2019-05-20 18:30,143,49,94,0,0,0
2019-05-20 18:45,152,62,90,0,0,0
2019-05-20 19:00,145,51,94,0,0,0
2019-05-20 19:15,136,46,90,0,0,0
2019-05-20 19:30,104,33,71,0,0,0
2019-05-20 19:45,144,56,88,0,0,0
2019-05-20 20:00,108,40,68,0,0,0
2019-05-20 20:15,87,20,67,0,0,0
2019-05-20 20:30,69,34,35,0,0,0
2019-05-20 20:45,68,24,44,0,0,0
2019-05-20 21:00,65,25,40,0,0,0
2019-05-20 21:15,81,21,60,0,0,0
2019-05-20 21:30,58,24,34,0,0,0
2019-05-20 21:45,67,26,41,0,0,0
2019-05-20 22:00,60,19,41,0,0,0
2019-05-20 22:15,50,16,34,0,0,0
2019-05-20 22:30,50,13,37,0,0,0
2019-05-20 22:45,34,17,17,0,0,0
2019-05-20 23:00,46,16,30,0,0,0
2019-05-20 23:15,26,13,13,0,0,0
2019-05-20 23:30,29,17,12,0,0,0
2019-05-20 23:45,22,11,11,0,0,0
2019-05-21 00:00,9,1,8,0,0,0
2019-05-21 00:15,17,7,10,0,0,0
2019-05-21 00:30,7,1,6,0,0,0
2019-05-21 00:45,9,1,8,0,0,0
2019-05-21 01:00,5,1,4,0,0,0
2019-05-21 01:15,10,1,9,0,0,0
2019-05-21 01:30,2,0,2,0,0,0
2019-05-21 01:45,3,1,2,0,0,0
2019-05-21 02:00,7,1,6,0,0,0
2019-05-21 02:15,3,1,2,0,0,0
2019-05-21 02:30,0,0,0,0,0,0
2019-05-21 02:45,2,2,0,0,0,0
2019-05-21 03:00,0,0,0,0,0,0
2019-05-21 03:15,3,1,2,0,0,0
2019-05-21 03:30,0,0,0,0,0,0
2019-05-21 03:45,0,0,0,0,0,0
2019-05-21 04:00,2,1,1,0,0,0
2019-05-21 04:15,3,0,3,0,0,0
2019-05-21 04:30,0,0,0,0,0,0
2019-05-21 04:45,1,1,0,0,0,0
2019-05-21 05:00,4,4,0,0,0,0
2019-05-21 05:15,5,4,1,0,0,0
2019-05-21 05:30,18,14,4,0,0,0
2019-05-21 05:45,28,23,5,0,0,0
2019-05-21 06:00,20,12,8,0,0,0
2019-05-21 06:15,17,17,0,0,0,0
2019-05-21 06:30,43,34,9,0,0,0
2019-05-21 06:45,56,38,18,0,0,0
2019-05-21 07:00,73,43,30,0,0,0
2019-05-21 07:15,99,63,36,0,0,0
2019-05-21 07:30,125,81,44,0,0,0
2019-05-21 07:45,171,115,56,0,0,0
2019-05-21 08:00,179,129,50,0,0,0
2019-05-21 08:15,157,113,44,0,0,0
2019-05-21 08:30,108,76,32,0,0,0
2019-05-21 08:45,140,96,44,0,0,0
2019-05-21 09:00,83,55,28,0,0,0
2019-05-21 09:15,92,59,33,0,0,0
2019-05-21 09:30,100,73,27,0,0,0
2019-05-21 09:45,111,70,41,0,0,0
2019-05-21 10:00,98,68,30,0,0,0
2019-05-21 10:15,72,40,32,0,0,0
2019-05-21 10:30,87,59,28,0,0,0
2019-05-21 10:45,95,58,37,0,0,0
2019-05-21 11:00,69,30,39,0,0,0
2019-05-21 11:15,88,52,36,0,0,0
2019-05-21 11:30,89,34,55,0,0,0
2019-05-21 11:45,137,59,78,0,0,0
2019-05-21 12:00,110,56,54,0,0,0
2019-05-21 12:15,100,42,58,0,0,0
2019-05-21 12:30,105,33,72,0,0,0
2019-05-21 12:45,115,51,64,0,0,0
2019-05-21 13:00,122,47,75,0,0,0
2019-05-21 13:15,104,35,69,0,0,0
2019-05-21 13:30,107,45,62,0,0,0
2019-05-21 13:45,151,58,93,0,0,0
2019-05-21 14:00,139,52,87,0,0,0
2019-05-21 14:15,119,45,74,0,0,0
2019-05-21 14:30,126,62,64,0,0,0
2019-05-21 14:45,130,60,70,0,0,0
2019-05-21 15:00,109,42,67,0,0,0
2019-05-21 15:15,135,53,82,0,0,0
2019-05-21 15:30,142,55,87,0,0,0
2019-05-21 15:45,195,85,110,0,0,0
2019-05-21 16:00,212,79,133,0,0,0
2019-05-21 16:15,201,79,122,0,0,0
2019-05-21 16:30,200,74,126,0,0,0
2019-05-21 16:45,193,76,117,0,0,0
2019-05-21 17:00,167,56,111,0,0,0
2019-05-21 17:15,183,61,122,0,0,0
2019-05-21 17:30,203,80,123,0,0,0
2019-05-21 17:45,207,74,133,0,0,0
2019-05-21 18:00,183,73,110,0,0,0
2019-05-21 18:15,183,65,118,0,0,0
2019-05-21 18:30,156,57,99,0,0,0
2019-05-21 18:45,187,75,112,0,0,0
2019-05-21 19:00,143,47,96,0,0,0
2019-05-21 19:15,140,49,91,0,0,0
2019-05-21 19:30,101,36,65,0,0,0
2019-05-21 19:45,136,39,97,0,0,0
2019-05-21 20:00,87,25,62,0,0,0
2019-05-21 20:15,86,33,53,0,0,0
2019-05-21 20:30,79,25,54,0,0,0
2019-05-21 20:45,54,24,30,0,0,0
2019-05-21 21:00,54,22,32,0,0,0
2019-05-21 21:15,75,23,52,0,0,0
2019-05-21 21:30,57,16,41,0,0,0
2019-05-21 21:45,45,13,32,0,0,0
2019-05-21 22:00,61,18,43,0,0,0
2019-05-21 22:15,64,15,49,0,0,0
2019-05-21 22:30,72,24,48,0,0,0
2019-05-21 22:45,52,18,34,0,0,0
2019-05-21 23:00,32,10,22,0,0,0
2019-05-21 23:15,34,11,23,0,0,0
2019-05-21 23:30,13,5,8,0,0,0
2019-05-21 23:45,22,9,13,0,0,0
2019-05-22 00:00,28,7,21,0,0,0
2019-05-22 00:15,10,3,7,0,0,0
2019-05-22 00:30,7,0,7,0,0,0
2019-05-22 00:45,6,0,6,0,0,0
2019-05-22 01:00,13,3,10,0,0,0
2019-05-22 01:15,4,1,3,0,0,0
2019-05-22 01:30,4,0,4,0,0,0
2019-05-22 01:45,3,0,3,0,0,0
2019-05-22 02:00,1,1,0,0,0,0
2019-05-22 02:15,1,1,0,0,0,0
2019-05-22 02:30,4,1,3,0,0,0
2019-05-22 02:45,3,3,0,0,0,0
2019-05-22 03:00,2,2,0,0,0,0
2019-05-22 03:15,0,0,0,0,0,0
2019-05-22 03:30,3,0,3,0,0,0
2019-05-22 03:45,2,2,0,0,0,0
2019-05-22 04:00,0,0,0,0,0,0
2019-05-22 04:15,3,0,3,0,0,0
2019-05-22 04:30,1,0,1,0,0,0
2019-05-22 04:45,2,2,0,0,0,0
2019-05-22 05:00,4,4,0,0,0,0
2019-05-22 05:15,6,5,1,0,0,0
2019-05-22 05:30,21,13,8,0,0,0
2019-05-22 05:45,31,25,6,0,0,0
2019-05-22 06:00,36,23,13,0,0,0
2019-05-22 06:15,40,35,5,0,0,0
2019-05-22 06:30,45,31,14,0,0,0
2019-05-22 06:45,63,38,25,0,0,0
2019-05-22 07:00,95,66,29,0,0,0
2019-05-22 07:15,115,71,44,0,0,0
2019-05-22 07:30,176,112,64,0,0,0
2019-05-22 07:45,219,156,63,0,0,0
2019-05-22 08:00,174,124,50,0,0,0
2019-05-22 08:15,151,109,42,0,0,0
2019-05-22 08:30,126,82,44,0,0,0
2019-05-22 08:45,150,106,44,0,0,0
2019-05-22 09:00,110,77,33,0,0,0
2019-05-22 09:15,118,82,36,0,0,0
2019-05-22 09:30,125,92,33,0,0,0
2019-05-22 09:45,166,118,48,0,0,0
2019-05-22 10:00,130,87,43,0,0,0
2019-05-22 10:15,123,76,47,0,0,0
2019-05-22 10:30,116,60,56,0,0,0
2019-05-22 10:45,135,85,50,0,0,0
2019-05-22 11:00,120,54,66,0,0,0
2019-05-22 11:15,117,59,58,0,0,0
2019-05-22 11:30,128,68,60,0,0,0
2019-05-22 11:45,152,87,65,0,0,0
2019-05-22 12:00,168,68,100,0,0,0
2019-05-22 12:15,165,74,91,0,0,0
2019-05-22 12:30,158,69,89,0,0,0
2019-05-22 12:45,160,73,87,0,0,0
2019-05-22 13:00,168,65,103,0,0,0
2019-05-22 13:15,144,53,91,0,0,0
2019-05-22 13:30,163,72,91,0,0,0
2019-05-22 13:45,182,76,106,0,0,0
2019-05-22 14:00,149,51,98,0,0,0
2019-05-22 14:15,158,51,107,0,0,0
2019-05-22 14:30,133,41,92,0,0,0
2019-05-22 14:45,152,62,90,0,0,0
2019-05-22 15:00,151,62,89,0,0,0
2019-05-22 15:15,151,57,94,0,0,0
2019-05-22 15:30,164,57,107,0,0,0
2019-05-22 15:45,218,93,125,0,0,0
2019-05-22 16:00,195,84,111,0,0,0
2019-05-22 16:15,210,88,122,0,0,0
2019-05-22 16:30,179,56,123,0,0,0
2019-05-22 16:45,171,76,95,0,0,0
2019-05-22 17:00,208,78,130,0,0,0
2019-05-22 17:15,216,83,133,0,0,0
2019-05-22 17:30,219,81,138,0,0,0
2019-05-22 17:45,261,92,169,0,0,0
2019-05-22 18:00,227,80,147,0,0,0
2019-05-22 18:15,191,78,113,0,0,0
2019-05-22 18:30,156,56,100,0,0,0
2019-05-22 18:45,139,56,83,0,0,0
2019-05-22 19:00,153,52,101,0,0,0
2019-05-22 19:15,146,51,95,0,0,0
2019-05-22 19:30,131,40,91,0,0,0
2019-05-22 19:45,148,52,96,0,0,0
2019-05-22 20:00,115,32,83,0,0,0
2019-05-22 20:15,89,34,55,0,0,0
2019-05-22 20:30,81,35,46,0,0,0
2019-05-22 20:45,78,29,49,0,0,0
2019-05-22 21:00,88,27,61,0,0,0
2019-05-22 21:15,83,32,51,0,0,0
2019-05-22 21:30,82,21,61,0,0,0
2019-05-22 21:45,67,23,44,0,0,0
2019-05-22 22:00,78,24,54,0,0,0
2019-05-22 22:15,77,24,53,0,0,0
2019-05-22 22:30,58,18,40,0,0,0
2019-05-22 22:45,52,20,32,0,0,0
2019-05-22 23:00,62,16,46,0,0,0
2019-05-22 23:15,40,15,25,0,0,0
2019-05-22 23:30,27,3,24,0,0,0
2019-05-22 23:45,22,6,16,0,0,0
2019-05-23 00:00,24,5,19,0,0,0
2019-05-23 00:15,23,8,15,0,0,0
2019-05-23 00:30,21,6,15,0,0,0
2019-05-23 00:45,19,2,17,0,0,0
2019-05-23 01:00,10,2,8,0,0,0
2019-05-23 01:15,8,0,8,0,0,0
2019-05-23 01:30,13,2,11,0,0,0
2019-05-23 01:45,11,2,9,0,0,0
2019-05-23 02:00,9,0,9,0,0,0
2019-05-23 02:15,5,0,5,0,0,0
2019-05-23 02:30,10,1,9,0,0,0
2019-05-23 02:45,8,4,4,0,0,0
2019-05-23 03:00,9,0,9,0,0,0
2019-05-23 03:15,3,2,1,0,0,0
2019-05-23 03:30,8,1,7,0,0,0
2019-05-23 03:45,5,1,4,0,0,0
2019-05-23 04:00,2,0,2,0,0,0
2019-05-23 04:15,0,0,0,0,0,0
2019-05-23 04:30,1,0,1,0,0,0
2019-05-23 04:45,2,1,1,0,0,0
2019-05-23 05:00,5,4,1,0,0,0
2019-05-23 05:15,8,6,2,0,0,0
2019-05-23 05:30,27,18,9,0,0,0
2019-05-23 05:45,29,22,7,0,0,0
2019-05-23 06:00,35,24,11,0,0,0
2019-05-23 06:15,52,39,13,0,0,0
2019-05-23 06:30,46,33,13,0,0,0
2019-05-23 06:45,88,65,23,0,0,0
2019-05-23 07:00,75,52,23,0,0,0
2019-05-23 07:15,109,69,40,0,0,0
2019-05-23 07:30,182,124,58,0,0,0
2019-05-23 07:45,188,123,65,0,0,0
2019-05-23 08:00,195,139,56,0,0,0
2019-05-23 08:15,178,119,59,0,0,0
2019-05-23 08:30,134,98,36,0,0,0
2019-05-23 08:45,157,118,39,0,0,0
2019-05-23 09:00,98,66,32,0,0,0
2019-05-23 09:15,129,82,47,0,0,0
2019-05-23 09:30,148,115,33,0,0,0
2019-05-23 09:45,157,100,57,0,0,0
2019-05-23 10:00,125,90,35,0,0,0
2019-05-23 10:15,92,60,32,0,0,0
2019-05-23 10:30,109,68,41,0,0,0
2019-05-23 10:45,115,62,53,0,0,0
2019-05-23 11:00,95,55,40,0,0,0
2019-05-23 11:15,124,57,67,0,0,0
2019-05-23 11:30,136,65,71,0,0,0
2019-05-23 11:45,160,92,68,0,0,0
2019-05-23 12:00,185,94,91,0,0,0
2019-05-23 12:15,140,61,79,0,0,0
2019-05-23 12:30,164,62,102,0,0,0
2019-05-23 12:45,161,68,93,0,0,0
2019-05-23 13:00,180,76,104,0,0,0
2019-05-23 13:15,143,56,87,0,0,0
2019-05-23 13:30,136,52,84,0,0,0
2019-05-23 13:45,184,78,106,0,0,0
2019-05-23 14:00,172,67,105,0,0,0
2019-05-23 14:15,187,88,99,0,0,0
2019-05-23 14:30,164,72,92,0,0,0
2019-05-23 14:45,176,93,83,0,0,0
2019-05-23 15:00,161,68,93,0,0,0
2019-05-23 15:15,167,76,91,0,0,0
2019-05-23 15:30,198,79,119,0,0,0
2019-05-23 15:45,235,99,136,0,0,0
2019-05-23 16:00,228,104,124,0,0,0
2019-05-23 16:15,230,101,129,0,0,0
2019-05-23 16:30,254,87,167,0,0,0
2019-05-23 16:45,242,101,141,0,0,0
2019-05-23 17:00,223,89,134,0,0,0
2019-05-23 17:15,255,105,150,0,0,0
2019-05-23 17:30,241,104,137,0,0,0
2019-05-23 17:45,290,117,173,0,0,0
2019-05-23 18:00,261,89,172,0,0,0
2019-05-23 18:15,225,89,136,0,0,0
2019-05-23 18:30,180,49,131,0,0,0
2019-05-23 18:45,208,78,130,0,0,0
2019-05-23 19:00,178,69,109,0,0,0
2019-05-23 19:15,154,55,99,0,0,0
2019-05-23 19:30,138,43,95,0,0,0
2019-05-23 19:45,123,50,73,0,0,0
2019-05-23 20:00,135,35,100,0,0,0
2019-05-23 20:15,120,41,79,0,0,0
2019-05-23 20:30,64,27,37,0,0,0
2019-05-23 20:45,84,17,67,0,0,0
2019-05-23 21:00,78,31,47,0,0,0
2019-05-23 21:15,86,30,56,0,0,0
2019-05-23 21:30,86,25,61,0,0,0
2019-05-23 21:45,77,15,62,0,0,0
2019-05-23 22:00,97,32,65,0,0,0
2019-05-23 22:15,55,10,45,0,0,0
2019-05-23 22:30,65,26,39,0,0,0
2019-05-23 22:45,58,17,41,0,0,0
2019-05-23 23:00,51,20,31,0,0,0
2019-05-23 23:15,82,26,56,0,0,0
2019-05-23 23:30,35,7,28,0,0,0
2019-05-23 23:45,39,9,30,0,0,0
2019-05-24 00:00,20,4,16,0,0,0
2019-05-24 00:15,13,5,8,0,0,0
2019-05-24 00:30,23,11,12,0,0,0
2019-05-24 00:45,10,4,6,0,0,0
2019-05-24 01:00,14,1,13,0,0,0
2019-05-24 01:15,10,3,7,0,0,0
2019-05-24 01:30,6,3,3,0,0,0
2019-05-24 01:45,6,0,6,0,0,0
2019-05-24 02:00,13,2,11,0,0,0
2019-05-24 02:15,3,2,1,0,0,0
2019-05-24 02:30,4,3,1,0,0,0
2019-05-24 02:45,8,4,4,0,0,0
2019-05-24 03:00,2,0,2,0,0,0
2019-05-24 03:15,0,0,0,0,0,0
2019-05-24 03:30,3,1,2,0,0,0
2019-05-24 03:45,8,1,7,0,0,0
2019-05-24 04:00,3,1,2,0,0,0
2019-05-24 04:15,1,0,1,0,0,0
2019-05-24 04:30,4,0,4,0,0,0
2019-05-24 04:45,4,4,0,0,0,0
2019-05-24 05:00,3,2,1,0,0,0
2019-05-24 05:15,9,5,4,0,0,0
2019-05-24 05:30,22,17,5,0,0,0
2019-05-24 05:45,28,22,6,0,0,0
2019-05-24 06:00,29,23,6,0,0,0
2019-05-24 06:15,47,39,8,0,0,0
2019-05-24 06:30,54,39,15,0,0,0
2019-05-24 06:45,89,61,28,0,0,0
2019-05-24 07:00,56,34,22,0,0,0
2019-05-24 07:15,135,98,37,0,0,0
2019-05-24 07:30,161,103,58,0,0,0
2019-05-24 07:45,189,137,52,0,0,0
2019-05-24 08:00,157,107,50,0,0,0
2019-05-24 08:15,154,102,52,0,0,0
2019-05-24 08:30,150,97,53,0,0,0
2019-05-24 08:45,162,107,55,0,0,0
2019-05-24 09:00,114,71,43,0,0,0
2019-05-24 09:15,135,100,35,0,0,0
2019-05-24 09:30,148,102,46,0,0,0
2019-05-24 09:45,189,139,50,0,0,0
2019-05-24 10:00,152,124,28,0,0,0
2019-05-24 10:15,114,66,48,0,0,0
2019-05-24 10:30,124,83,41,0,0,0
2019-05-24 10:45,142,89,53,0,0,0
2019-05-24 11:00,145,79,66,0,0,0
2019-05-24 11:15,126,56,70,0,0,0
2019-05-24 11:30,153,68,85,0,0,0
2019-05-24 11:45,178,87,91,0,0,0
2019-05-24 12:00,205,88,117,0,0,0
2019-05-24 12:15,209,83,126,0,0,0
2019-05-24 12:30,183,80,103,0,0,0
2019-05-24 12:45,193,79,114,0,0,0
2019-05-24 13:00,214,80,134,0,0,0
2019-05-24 13:15,215,70,145,0,0,0
2019-05-24 13:30,187,71,116,0,0,0
2019-05-24 13:45,233,81,152,0,0,0
2019-05-24 14:00,208,75,133,0,0,0
2019-05-24 14:15,187,75,112,0,0,0
2019-05-24 14:30,183,60,123,0,0,0
2019-05-24 14:45,183,90,93,0,0,0
2019-05-24 15:00,173,49,124,0,0,0
2019-05-24 15:15,181,69,112,0,0,0
2019-05-24 15:30,181,69,112,0,0,0
2019-05-24 15:45,177,75,102,0,0,0
2019-05-24 16:00,192,78,114,0,0,0
2019-05-24 16:15,189,86,103,0,0,0
2019-05-24 16:30,185,85,100,0,0,0
2019-05-24 16:45,154,66,88,0,0,0
2019-05-24 17:00,167,68,99,0,0,0
2019-05-24 17:15,187,68,119,0,0,0
2019-05-24 17:30,191,100,91,0,0,0
2019-05-24 17:45,200,96,104,0,0,0
2019-05-24 18:00,155,66,89,0,0,0
2019-05-24 18:15,194,83,111,0,0,0
2019-05-24 18:30,144,63,81,0,0,0
2019-05-24 18:45,164,86,78,0,0,0
2019-05-24 19:00,149,78,71,0,0,0
2019-05-24 19:15,162,82,80,0,0,0
2019-05-24 19:30,133,57,76,0,0,0
2019-05-24 19:45,124,47,77,0,0,0
2019-05-24 20:00,128,55,73,0,0,0
2019-05-24 20:15,91,36,55,0,0,0
2019-05-24 20:30,98,45,53,0,0,0
2019-05-24 20:45,84,38,46,0,0,0
2019-05-24 21:00,72,26,46,0,0,0
2019-05-24 21:15,59,27,32,0,0,0
2019-05-24 21:30,41,17,24,0,0,0
2019-05-24 21:45,59,21,38,0,0,0
2019-05-24 22:00,81,22,59,0,0,0
2019-05-24 22:15,56,23,33,0,0,0
2019-05-24 22:30,64,13,51,0,0,0
2019-05-24 22:45,43,13,30,0,0,0
2019-05-24 23:00,66,27,39,0,0,0
2019-05-24 23:15,51,16,35,0,0,0
2019-05-24 23:30,45,13,32,0,0,0
2019-05-24 23:45,39,10,29,0,0,0
2019-05-25 00:00,37,6,31,0,0,0
2019-05-25 00:15,37,13,24,0,0,0
2019-05-25 00:30,39,12,27,0,0,0
2019-05-25 00:45,42,22,20,0,0,0
2019-05-25 01:00,31,9,22,0,0,0
2019-05-25 01:15,23,4,19,0,0,0
2019-05-25 01:30,22,7,15,0,0,0
2019-05-25 01:45,20,5,15,0,0,0
2019-05-25 02:00,23,6,17,0,0,0
2019-05-25 02:15,16,7,9,0,0,0
2019-05-25 02:30,23,6,17,0,0,0
2019-05-25 02:45,18,0,18,0,0,0
2019-05-25 03:00,15,4,11,0,0,0
2019-05-25 03:15,4,1,3,0,0,0
2019-05-25 03:30,21,7,14,0,0,0
2019-05-25 03:45,13,0,13,0,0,0
2019-05-25 04:00,6,3,3,0,0,0
2019-05-25 04:15,3,1,2,0,0,0
2019-05-25 04:30,3,2,1,0,0,0
2019-05-25 04:45,5,2,3,0,0,0
2019-05-25 05:00,1,0,1,0,0,0
2019-05-25 05:15,9,6,3,0,0,0
2019-05-25 05:30,9,4,5,0,0,0
2019-05-25 05:45,14,9,5,0,0,0
2019-05-25 06:00,7,4,3,0,0,0
2019-05-25 06:15,10,4,6,0,0,0
2019-05-25 06:30,13,7,6,0,0,0
2019-05-25 06:45,10,4,6,0,0,0
2019-05-25 07:00,14,10,4,0,0,0
2019-05-25 07:15,21,10,11,0,0,0
2019-05-25 07:30,17,14,3,0,0,0
2019-05-25 07:45,43,30,13,0,0,0
2019-05-25 08:00,25,18,7,0,0,0
2019-05-25 08:15,35,17,18,0,0,0
2019-05-25 08:30,30,18,12,0,0,0
2019-05-25 08:45,75,52,23,0,0,0
2019-05-25 09:00,76,54,22,0,0,0
2019-05-25 09:15,114,80,34,0,0,0
2019-05-25 09:30,95,67,28,0,0,0
2019-05-25 09:45,126,98,28,0,0,0
2019-05-25 10:00,106,80,26,0,0,0
2019-05-25 10:15,139,93,46,0,0,0
2019-05-25 10:30,150,118,32,0,0,0
2019-05-25 10:45,196,132,64,0,0,0
2019-05-25 11:00,145,87,58,0,0,0
2019-05-25 11:15,136,86,50,0,0,0
2019-05-25 11:30,185,103,82,0,0,0
2019-05-25 11:45,185,108,77,0,0,0
2019-05-25 12:00,174,110,64,0,0,0
2019-05-25 12:15,180,112,68,0,0,0
2019-05-25 12:30,208,108,100,0,0,0
2019-05-25 12:45,193,102,91,0,0,0
2019-05-25 13:00,217,111,106,0,0,0
2019-05-25 13:15,204,106,98,0,0,0
2019-05-25 13:30,174,79,95,0,0,0
2019-05-25 13:45,206,99,107,0,0,0
2019-05-25 14:00,169,88,81,0,0,0
2019-05-25 14:15,185,85,100,0,0,0
2019-05-25 14:30,174,54,120,0,0,0
2019-05-25 14:45,166,64,102,0,0,0
2019-05-25 15:00,156,67,89,0,0,0
2019-05-25 15:15,174,73,101,0,0,0
2019-05-25 15:30,159,49,110,0,0,0
2019-05-25 15:45,187,86,101,0,0,0
2019-05-25 16:00,145,87,58,0,0,0
2019-05-25 16:15,137,49,88,0,0,0
2019-05-25 16:30,135,56,79,0,0,0
2019-05-25 16:45,138,65,73,0,0,0
2019-05-25 17:00,125,58,67,0,0,0
2019-05-25 17:15,147,68,79,0,0,0
2019-05-25 17:30,133,62,71,0,0,0
2019-05-25 17:45,137,56,81,0,0,0
2019-05-25 18:00,138,56,82,0,0,0
2019-05-25 18:15,135,62,73,0,0,0
2019-05-25 18:30,143,68,75,0,0,0
2019-05-25 18:45,178,91,87,0,0,0
2019-05-25 19:00,156,70,86,0,0,0
2019-05-25 19:15,127,65,62,0,0,0
2019-05-25 19:30,115,62,53,0,0,0
2019-05-25 19:45,130,57,73,0,0,0
2019-05-25 20:00,103,54,49,0,0,0
2019-05-25 20:15,92,52,40,0,0,0
2019-05-25 20:30,92,52,40,0,0,0
2019-05-25 20:45,83,51,32,0,0,0
2019-05-25 21:00,103,61,42,0,0,0
2019-05-25 21:15,81,32,49,0,0,0
2019-05-25 21:30,42,23,19,0,0,0
2019-05-25 21:45,56,34,22,0,0,0
2019-05-25 22:00,64,33,31,0,0,0
2019-05-25 22:15,68,40,28,0,0,0
2019-05-25 22:30,92,24,68,0,0,0
2019-05-25 22:45,70,36,34,0,0,0
2019-05-25 23:00,67,21,46,0,0,0
2019-05-25 23:15,69,20,49,0,0,0
2019-05-25 23:30,71,17,54,0,0,0
2019-05-25 23:45,78,27,51,0,0,0
2019-05-26 00:00,79,21,58,0,0,0
2019-05-26 00:15,64,15,49,0,0,0
2019-05-26 00:30,71,27,44,0,0,0
2019-05-26 00:45,70,12,58,0,0,0
2019-05-26 01:00,61,11,50,0,0,0
2019-05-26 01:15,69,14,55,0,0,0
2019-05-26 01:30,48,2,46,0,0,0
2019-05-26 01:45,57,7,50,0,0,0
2019-05-26 02:00,50,5,45,0,0,0
2019-05-26 02:15,36,5,31,0,0,0
2019-05-26 02:30,32,7,25,0,0,0
2019-05-26 02:45,36,7,29,0,0,0
2019-05-26 03:00,38,5,33,0,0,0
2019-05-26 03:15,34,4,30,0,0,0
2019-05-26 03:30,32,7,25,0,0,0
2019-05-26 03:45,27,8,19,0,0,0
2019-05-26 04:00,14,1,13,0,0,0
2019-05-26 04:15,8,1,7,0,0,0
2019-05-26 04:30,9,3,6,0,0,0
2019-05-26 04:45,4,0,4,0,0,0
2019-05-26 05:00,3,0,3,0,0,0
2019-05-26 05:15,9,2,7,0,0,0
2019-05-26 05:30,9,1,8,0,0,0
2019-05-26 05:45,5,2,3,0,0,0
2019-05-26 06:00,3,1,2,0,0,0
2019-05-26 06:15,8,6,2,0,0,0
2019-05-26 06:30,8,3,5,0,0,0
2019-05-26 06:45,8,4,4,0,0,0
2019-05-26 07:00,6,4,2,0,0,0
2019-05-26 07:15,7,6,1,0,0,0
2019-05-26 07:30,7,4,3,0,0,0
2019-05-26 07:45,9,8,1,0,0,0
2019-05-26 08:00,17,9,8,0,0,0
2019-05-26 08:15,23,10,13,0,0,0
2019-05-26 08:30,15,12,3,0,0,0
2019-05-26 08:45,31,17,14,0,0,0
2019-05-26 09:00,30,18,12,0,0,0
2019-05-26 09:15,28,18,10,0,0,0
2019-05-26 09:30,33,25,8,0,0,0
2019-05-26 09:45,56,37,19,0,0,0
2019-05-26 10:00,43,27,16,0,0,0
2019-05-26 10:15,35,15,20,0,0,0
2019-05-26 10:30,41,22,19,0,0,0
2019-05-26 10:45,53,31,22,0,0,0
2019-05-26 11:00,64,36,28,0,0,0
2019-05-26 11:15,53,33,20,0,0,0
2019-05-26 11:30,75,41,34,0,0,0
2019-05-26 11:45,87,56,31,0,0,0
2019-05-26 12:00,63,30,33,0,0,0
2019-05-26 12:15,79,37,42,0,0,0
2019-05-26 12:30,77,47,30,0,0,0
2019-05-26 12:45,66,24,42,0,0,0
2019-05-26 13:00,89,46,43,0,0,0
2019-05-26 13:15,71,32,39,0,0,0
2019-05-26 13:30,82,42,40,0,0,0
2019-05-26 13:45,82,41,41,0,0,0
2019-05-26 14:00,100,30,70,0,0,0
2019-05-26 14:15,79,32,47,0,0,0
2019-05-26 14:30,80,37,43,0,0,0
2019-05-26 14:45,92,48,44,0,0,0
2019-05-26 15:00,72,35,37,0,0,0
2019-05-26 15:15,95,45,50,0,0,0
2019-05-26 15:30,87,38,49,0,0,0
2019-05-26 15:45,93,40,53,0,0,0
2019-05-26 16:00,107,45,62,0,0,0
2019-05-26 16:15,84,39,45,0,0,0
2019-05-26 16:30,112,52,60,0,0,0
2019-05-26 16:45,88,42,46,0,0,0
2019-05-26 17:00,68,28,40,0,0,0
2019-05-26 17:15,83,36,47,0,0,0
2019-05-26 17:30,76,40,36,0,0,0
2019-05-26 17:45,102,55,47,0,0,0
2019-05-26 18:00,82,33,49,0,0,0
2019-05-26 18:15,78,43,35,0,0,0
2019-05-26 18:30,66,20,46,0,0,0
2019-05-26 18:45,96,54,42,0,0,0
2019-05-26 19:00,53,22,31,0,0,0
2019-05-26 19:15,56,23,33,0,0,0
2019-05-26 19:30,47,23,24,0,0,0
2019-05-26 19:45,92,32,60,0,0,0
2019-05-26 20:00,67,29,38,0,0,0
2019-05-26 20:15,54,15,39,0,0,0
2019-05-26 20:30,37,13,24,0,0,0
2019-05-26 20:45,39,15,24,0,0,0
2019-05-26 21:00,48,19,29,0,0,0
2019-05-26 21:15,41,9,32,0,0,0
2019-05-26 21:30,29,6,23,0,0,0
2019-05-26 21:45,31,11,20,0,0,0
2019-05-26 22:00,22,7,15,0,0,0
2019-05-26 22:15,31,11,20,0,0,0
2019-05-26 22:30,21,7,14,0,0,0
2019-05-26 22:45,25,7,18,0,0,0
2019-05-26 23:00,26,9,17,0,0,0
2019-05-26 23:15,15,6,9,0,0,0
2019-05-26 23:30,19,5,14,0,0,0
2019-05-26 23:45,17,5,12,0,0,0
2019-05-27 00:00,15,6,9,0,0,0
2019-05-27 00:15,4,2,2,0,0,0
2019-05-27 00:30,4,0,4,0,0,0
2019-05-27 00:45,5,1,4,0,0,0
2019-05-27 01:00,2,0,2,0,0,0
2019-05-27 01:15,5,3,2,0,0,0
2019-05-27 01:30,1,0,1,0,0,0
2019-05-27 01:45,1,0,1,0,0,0
2019-05-27 02:00,2,0,2,0,0,0
2019-05-27 02:15,3,2,1,0,0,0
2019-05-27 02:30,2,1,1,0,0,0
2019-05-27 02:45,3,2,1,0,0,0
2019-05-27 03:00,0,0,0,0,0,0
2019-05-27 03:15,0,0,0,0,0,0
2019-05-27 03:30,0,0,0,0,0,0
2019-05-27 03:45,0,0,0,0,0,0
2019-05-27 04:00,0,0,0,0,0,0
2019-05-27 04:15,0,0,0,0,0,0
2019-05-27 04:30,3,2,1,0,0,0
2019-05-27 04:45,2,2,0,0,0,0
2019-05-27 05:00,3,3,0,0,0,0
2019-05-27 05:15,12,7,5,0,0,0
2019-05-27 05:30,17,13,4,0,0,0
2019-05-27 05:45,20,18,2,0,0,0
2019-05-27 06:00,26,18,8,0,0,0
2019-05-27 06:15,47,44,3,0,0,0
2019-05-27 06:30,51,33,18,0,0,0
2019-05-27 06:45,68,47,21,0,0,0
2019-05-27 07:00,77,49,28,0,0,0
2019-05-27 07:15,93,68,25,0,0,0
2019-05-27 07:30,174,119,55,0,0,0
2019-05-27 07:45,221,153,68,0,0,0
2019-05-27 08:00,170,126,44,0,0,0
2019-05-27 08:15,143,98,45,0,0,0
2019-05-27 08:30,157,112,45,0,0,0
2019-05-27 08:45,166,118,48,0,0,0
2019-05-27 09:00,150,99,51,0,0,0
2019-05-27 09:15,94,61,33,0,0,0
2019-05-27 09:30,116,88,28,0,0,0
2019-05-27 09:45,130,85,45,0,0,0
2019-05-27 10:00,109,71,38,0,0,0
2019-05-27 10:15,127,73,54,0,0,0
2019-05-27 10:30,95,55,40,0,0,0
2019-05-27 10:45,124,75,49,0,0,0
2019-05-27 11:00,120,68,52,0,0,0
2019-05-27 11:15,104,49,55,0,0,0
2019-05-27 11:30,119,55,64,0,0,0
2019-05-27 11:45,158,79,79,0,0,0
2019-05-27 12:00,152,59,93,0,0,0
2019-05-27 12:15,137,50,87,0,0,0
2019-05-27 12:30,122,46,76,0,0,0
2019-05-27 12:45,154,68,86,0,0,0
2019-05-27 13:00,129,59,70,0,0,0
2019-05-27 13:15,133,69,64,0,0,0
2019-05-27 13:30,127,60,67,0,0,0
2019-05-27 13:45,179,93,86,0,0,0
2019-05-27 14:00,167,74,93,0,0,0
2019-05-27 14:15,130,68,62,0,0,0
2019-05-27 14:30,199,89,110,0,0,0
2019-05-27 14:45,175,85,90,0,0,0
2019-05-27 15:00,180,76,104,0,0,0
2019-05-27 15:15,171,73,98,0,0,0
2019-05-27 15:30,206,79,127,0,0,0
2019-05-27 15:45,210,80,130,0,0,0
2019-05-27 16:00,194,75,119,0,0,0
2019-05-27 16:15,201,73,128,0,0,0
2019-05-27 16:30,210,78,132,0,0,0
2019-05-27 16:45,230,75,155,0,0,0
2019-05-27 17:00,245,96,149,0,0,0
2019-05-27 17:15,232,87,145,0,0,0
2019-05-27 17:30,216,69,147,0,0,0
2019-05-27 17:45,243,93,150,0,0,0
2019-05-27 18:00,203,61,142,0,0,0
2019-05-27 18:15,190,67,123,0,0,0
2019-05-27 18:30,183,57,126,0,0,0
2019-05-27 18:45,158,59,99,0,0,0
2019-05-27 19:00,171,66,105,0,0,0
2019-05-27 19:15,156,60,96,0,0,0
2019-05-27 19:30,142,45,97,0,0,0
2019-05-27 19:45,152,80,72,0,0,0
2019-05-27 20:00,116,30,86,0,0,0
2019-05-27 20:15,94,30,64,0,0,0
2019-05-27 20:30,72,31,41,0,0,0
2019-05-27 20:45,70,21,49,0,0,0
2019-05-27 21:00,62,28,34,0,0,0
2019-05-27 21:15,54,20,34,0,0,0
2019-05-27 21:30,54,21,33,0,0,0
2019-05-27 21:45,79,23,56,0,0,0
2019-05-27 22:00,43,15,28,0,0,0
2019-05-27 22:15,56,15,41,0,0,0
2019-05-27 22:30,64,23,41,0,0,0
2019-05-27 22:45,28,10,18,0,0,0
2019-05-27 23:00,37,12,25,0,0,0
2019-05-27 23:15,30,6,24,0,0,0
2019-05-27 23:30,15,3,12,0,0,0
2019-05-27 23:45,19,11,8,0,0,0
2019-05-28 00:00,14,5,9,0,0,0
2019-05-28 00:15,15,4,11,0,0,0
2019-05-28 00:30,9,3,6,0,0,0
2019-05-28 00:45,7,3,4,0,0,0
2019-05-28 01:00,5,2,3,0,0,0
2019-05-28 01:15,6,1,5,0,0,0
2019-05-28 01:30,6,0,6,0,0,0
2019-05-28 01:45,3,1,2,0,0,0
2019-05-28 02:00,2,1,1,0,0,0
2019-05-28 02:15,1,0,1,0,0,0
2019-05-28 02:30,1,0,1,0,0,0
2019-05-28 02:45,4,4,0,0,0,0
2019-05-28 03:00,2,0,2,0,0,0
2019-05-28 03:15,3,2,1,0,0,0
2019-05-28 03:30,0,0,0,0,0,0
2019-05-28 03:45,1,1,0,0,0,0
2019-05-28 04:00,0,0,0,0,0,0
2019-05-28 04:15,1,1,0,0,0,0
2019-05-28 04:30,2,1,1,0,0,0
2019-05-28 04:45,4,4,0,0,0,0
2019-05-28 05:00,4,4,0,0,0,0
2019-05-28 05:15,10,5,5,0,0,0
2019-05-28 05:30,21,15,6,0,0,0
2019-05-28 05:45,23,18,5,0,0,0
2019-05-28 06:00,24,20,4,0,0,0
2019-05-28 06:15,35,26,9,0,0,0
2019-05-28 06:30,52,40,12,0,0,0
2019-05-28 06:45,77,45,32,0,0,0
2019-05-28 07:00,63,38,25,0,0,0
2019-05-28 07:15,95,63,32,0,0,0
2019-05-28 07:30,121,74,47,0,0,0
2019-05-28 07:45,149,104,45,0,0,0
2019-05-28 08:00,147,108,39,0,0,0
2019-05-28 08:15,151,116,35,0,0,0
2019-05-28 08:30,103,72,31,0,0,0
2019-05-28 08:45,134,99,35,0,0,0
2019-05-28 09:00,111,74,37,0,0,0
2019-05-28 09:15,123,81,42,0,0,0
2019-05-28 09:30,106,72,34,0,0,0
2019-05-28 09:45,134,88,46,0,0,0
2019-05-28 10:00,121,78,43,0,0,0
2019-05-28 10:15,81,40,41,0,0,0
2019-05-28 10:30,82,47,35,0,0,0
2019-05-28 10:45,76,43,33,0,0,0
2019-05-28 11:00,61,21,40,0,0,0
2019-05-28 11:15,73,31,42,0,0,0
2019-05-28 11:30,78,32,46,0,0,0
2019-05-28 11:45,96,42,54,0,0,0
2019-05-28 12:00,86,41,45,0,0,0
2019-05-28 12:15,79,32,47,0,0,0
2019-05-28 12:30,111,39,72,0,0,0
2019-05-28 12:45,95,43,52,0,0,0
2019-05-28 13:00,119,42,77,0,0,0
2019-05-28 13:15,116,37,79,0,0,0
2019-05-28 13:30,103,42,61,0,0,0
2019-05-28 13:45,139,64,75,0,0,0
2019-05-28 14:00,139,67,72,0,0,0
2019-05-28 14:15,133,49,84,0,0,0
2019-05-28 14:30,128,55,73,0,0,0
2019-05-28 14:45,141,60,81,0,0,0
2019-05-28 15:00,105,32,73,0,0,0
2019-05-28 15:15,113,41,72,0,0,0
2019-05-28 15:30,113,39,74,0,0,0
2019-05-28 15:45,138,46,92,0,0,0
2019-05-28 16:00,161,58,103,0,0,0
2019-05-28 16:15,159,57,102,0,0,0
2019-05-28 16:30,153,46,107,0,0,0
2019-05-28 16:45,168,58,110,0,0,0
2019-05-28 17:00,185,53,132,0,0,0
2019-05-28 17:15,169,62,107,0,0,0
2019-05-28 17:30,173,69,104,0,0,0
2019-05-28 17:45,193,65,128,0,0,0
2019-05-28 18:00,191,71,120,0,0,0
2019-05-28 18:15,149,44,105,0,0,0
2019-05-28 18:30,130,51,79,0,0,0
2019-05-28 18:45,119,39,80,0,0,0
2019-05-28 19:00,118,40,78,0,0,0
2019-05-28 19:15,121,36,85,0,0,0
2019-05-28 19:30,86,29,57,0,0,0
2019-05-28 19:45,130,52,78,0,0,0
2019-05-28 20:00,100,29,71,0,0,0
2019-05-28 20:15,91,39,52,0,0,0
2019-05-28 20:30,58,19,39,0,0,0
2019-05-28 20:45,46,20,26,0,0,0
2019-05-28 21:00,57,20,37,0,0,0
2019-05-28 21:15,62,21,41,0,0,0
2019-05-28 21:30,44,12,32,0,0,0
2019-05-28 21:45,51,17,34,0,0,0
2019-05-28 22:00,47,8,39,0,0,0
2019-05-28 22:15,64,20,44,0,0,0
2019-05-28 22:30,42,10,32,0,0,0
2019-05-28 22:45,54,10,44,0,0,0
2019-05-28 23:00,37,12,25,0,0,0
2019-05-28 23:15,26,9,17,0,0,0
2019-05-28 23:30,25,10,15,0,0,0
2019-05-28 23:45,26,5,21,0,0,0
2019-05-29 00:00,16,5,11,0,0,0
2019-05-29 00:15,10,3,7,0,0,0
2019-05-29 00:30,13,4,9,0,0,0
2019-05-29 00:45,11,3,8,0,0,0
2019-05-29 01:00,7,0,7,0,0,0
2019-05-29 01:15,6,0,6,0,0,0
2019-05-29 01:30,6,0,6,0,0,0
2019-05-29 01:45,1,1,0,0,0,0
2019-05-29 02:00,1,0,1,0,0,0
2019-05-29 02:15,2,0,2,0,0,0
2019-05-29 02:30,4,0,4,0,0,0
2019-05-29 02:45,1,1,0,0,0,0
2019-05-29 03:00,2,1,1,0,0,0
2019-05-29 03:15,4,2,2,0,0,0
2019-05-29 03:30,3,0,3,0,0,0
2019-05-29 03:45,1,1,0,0,0,0
2019-05-29 04:00,0,0,0,0,0,0
2019-05-29 04:15,1,1,0,0,0,0
2019-05-29 04:30,3,2,1,0,0,0
2019-05-29 04:45,3,3,0,0,0,0
2019-05-29 05:00,4,4,0,0,0,0
2019-05-29 05:15,11,6,5,0,0,0
2019-05-29 05:30,17,14,3,0,0,0
2019-05-29 05:45,22,17,5,0,0,0
2019-05-29 06:00,30,21,9,0,0,0
2019-05-29 06:15,48,38,10,0,0,0
2019-05-29 06:30,55,39,16,0,0,0
2019-05-29 06:45,86,64,22,0,0,0
2019-05-29 07:00,77,55,22,0,0,0
2019-05-29 07:15,114,73,41,0,0,0
2019-05-29 07:30,161,117,44,0,0,0
2019-05-29 07:45,196,125,71,0,0,0
2019-05-29 08:00,180,125,55,0,0,0
2019-05-29 08:15,159,114,45,0,0,0
2019-05-29 08:30,153,101,52,0,0,0
2019-05-29 08:45,169,117,52,0,0,0
2019-05-29 09:00,133,85,48,0,0,0
2019-05-29 09:15,130,85,45,0,0,0
2019-05-29 09:30,122,89,33,0,0,0
2019-05-29 09:45,185,136,49,0,0,0
2019-05-29 10:00,157,103,54,0,0,0
2019-05-29 10:15,158,96,62,0,0,0
2019-05-29 10:30,136,88,48,0,0,0
2019-05-29 10:45,162,98,64,0,0,0
2019-05-29 11:00,143,79,64,0,0,0
2019-05-29 11:15,140,66,74,0,0,0
2019-05-29 11:30,176,98,78,0,0,0
2019-05-29 11:45,200,94,106,0,0,0
2019-05-29 12:00,183,91,92,0,0,0
2019-05-29 12:15,153,64,89,0,0,0
2019-05-29 12:30,153,54,99,0,0,0
2019-05-29 12:45,172,77,95,0,0,0
2019-05-29 13:00,167,62,105,0,0,0
2019-05-29 13:15,169,67,102,0,0,0
2019-05-29 13:30,175,77,98,0,0,0
2019-05-29 13:45,198,79,119,0,0,0
2019-05-29 14:00,196,81,115,0,0,0
2019-05-29 14:15,197,72,125,0,0,0
2019-05-29 14:30,155,52,103,0,0,0
2019-05-29 14:45,169,75,94,0,0,0
2019-05-29 15:00,188,78,110,0,0,0
2019-05-29 15:15,210,90,120,0,0,0
2019-05-29 15:30,213,89,124,0,0,0
2019-05-29 15:45,176,63,113,0,0,0
2019-05-29 16:00,223,98,125,0,0,0
2019-05-29 16:15,200,81,119,0,0,0
2019-05-29 16:30,242,90,152,0,0,0
2019-05-29 16:45,210,82,128,0,0,0
2019-05-29 17:00,230,88,142,0,0,0
2019-05-29 17:15,232,108,124,0,0,0
2019-05-29 17:30,254,110,144,0,0,0
2019-05-29 17:45,231,101,130,0,0,0
2019-05-29 18:00,250,85,165,0,0,0
2019-05-29 18:15,201,84,117,0,0,0
2019-05-29 18:30,175,75,100,0,0,0
2019-05-29 18:45,203,87,116,0,0,0
2019-05-29 19:00,218,65,153,0,0,0
2019-05-29 19:15,168,80,88,0,0,0
2019-05-29 19:30,189,86,103,0,0,0
2019-05-29 19:45,182,77,105,0,0,0
2019-05-29 20:00,180,79,101,0,0,0
2019-05-29 20:15,110,49,61,0,0,0
2019-05-29 20:30,121,56,65,0,0,0
2019-05-29 20:45,91,42,49,0,0,0
2019-05-29 21:00,97,35,62,0,0,0
2019-05-29 21:15,126,37,89,0,0,0
2019-05-29 21:30,94,33,61,0,0,0
2019-05-29 21:45,72,24,48,0,0,0
2019-05-29 22:00,60,22,38,0,0,0
2019-05-29 22:15,43,22,21,0,0,0
2019-05-29 22:30,79,21,58,0,0,0
2019-05-29 22:45,88,30,58,0,0,0
2019-05-29 23:00,59,20,39,0,0,0
2019-05-29 23:15,51,13,38,0,0,0
2019-05-29 23:30,57,31,26,0,0,0
2019-05-29 23:45,54,13,41,0,0,0
2019-05-30 00:00,53,24,29,0,0,0
2019-05-30 00:15,31,6,25,0,0,0
2019-05-30 00:30,47,14,33,0,0,0
2019-05-30 00:45,71,21,50,0,0,0
2019-05-30 01:00,53,29,24,0,0,0
2019-05-30 01:15,48,14,34,0,0,0
2019-05-30 01:30,29,11,18,0,0,0
2019-05-30 01:45,23,7,16,0,0,0
2019-05-30 02:00,43,13,30,0,0,0
2019-05-30 02:15,17,8,9,0,0,0
2019-05-30 02:30,18,3,15,0,0,0
2019-05-30 02:45,21,7,14,0,0,0
2019-05-30 03:00,19,3,16,0,0,0
2019-05-30 03:15,10,0,10,0,0,0
2019-05-30 03:30,10,1,9,0,0,0
2019-05-30 03:45,5,1,4,0,0,0
2019-05-30 04:00,14,5,9,0,0,0
2019-05-30 04:15,15,4,11,0,0,0
2019-05-30 04:30,9,3,6,0,0,0
2019-05-30 04:45,13,5,8,0,0,0
2019-05-30 05:00,1,1,0,0,0,0
2019-05-30 05:15,8,3,5,0,0,0
2019-05-30 05:30,15,11,4,0,0,0
2019-05-30 05:45,4,4,0,0,0,0
2019-05-30 06:00,5,2,3,0,0,0
2019-05-30 06:15,10,4,6,0,0,0
2019-05-30 06:30,8,5,3,0,0,0
2019-05-30 06:45,5,1,4,0,0,0
2019-05-30 07:00,10,7,3,0,0,0
2019-05-30 07:15,10,5,5,0,0,0
2019-05-30 07:30,9,8,1,0,0,0
2019-05-30 07:45,31,22,9,0,0,0
2019-05-30 08:00,11,9,2,0,0,0
2019-05-30 08:15,18,7,11,0,0,0
2019-05-30 08:30,20,13,7,0,0,0
2019-05-30 08:45,25,12,13,0,0,0
2019-05-30 09:00,20,10,10,0,0,0
2019-05-30 09:15,39,22,17,0,0,0
2019-05-30 09:30,28,13,15,0,0,0
2019-05-30 09:45,49,41,8,0,0,0
2019-05-30 10:00,24,12,12,0,0,0
2019-05-30 10:15,29,20,9,0,0,0
2019-05-30 10:30,46,16,30,0,0,0
2019-05-30 10:45,50,33,17,0,0,0
2019-05-30 11:00,41,18,23,0,0,0
2019-05-30 11:15,41,17,24,0,0,0
2019-05-30 11:30,56,27,29,0,0,0
2019-05-30 11:45,61,29,32,0,0,0
2019-05-30 12:00,31,11,20,0,0,0
2019-05-30 12:15,55,25,30,0,0,0
2019-05-30 12:30,64,37,27,0,0,0
2019-05-30 12:45,42,26,16,0,0,0
2019-05-30 13:00,47,36,11,0,0,0
2019-05-30 13:15,67,40,27,0,0,0
2019-05-30 13:30,90,40,50,0,0,0
2019-05-30 13:45,75,38,37,0,0,0
2019-05-30 14:00,60,23,37,0,0,0
2019-05-30 14:15,78,40,38,0,0,0
2019-05-30 14:30,60,28,32,0,0,0
2019-05-30 14:45,67,36,31,0,0,0
2019-05-30 15:00,79,32,47,0,0,0
2019-05-30 15:15,74,28,46,0,0,0
2019-05-30 15:30,64,34,30,0,0,0
2019-05-30 15:45,70,26,44,0,0,0
2019-05-30 16:00,84,40,44,0,0,0
2019-05-30 16:15,67,32,35,0,0,0
2019-05-30 16:30,86,45,41,0,0,0
2019-05-30 16:45,106,55,51,0,0,0
2019-05-30 17:00,74,26,48,0,0,0
2019-05-30 17:15,79,44,35,0,0,0
2019-05-30 17:30,66,26,40,0,0,0
2019-05-30 17:45,99,28,71,0,0,0
2019-05-30 18:00,69,34,35,0,0,0
2019-05-30 18:15,83,32,51,0,0,0
2019-05-30 18:30,48,26,22,0,0,0
2019-05-30 18:45,90,42,48,0,0,0
2019-05-30 19:00,68,36,32,0,0,0
2019-05-30 19:15,71,21,50,0,0,0
2019-05-30 19:30,55,27,28,0,0,0
2019-05-30 19:45,59,33,26,0,0,0
2019-05-30 20:00,80,24,56,0,0,0
2019-05-30 20:15,58,24,34,0,0,0
2019-05-30 20:30,48,23,25,0,0,0
2019-05-30 20:45,62,25,37,0,0,0
2019-05-30 21:00,42,7,35,0,0,0
2019-05-30 21:15,37,19,18,0,0,0
2019-05-30 21:30,40,10,30,0,0,0
2019-05-30 21:45,36,17,19,0,0,0
2019-05-30 22:00,50,19,31,0,0,0
2019-05-30 22:15,48,8,40,0,0,0
2019-05-30 22:30,51,19,32,0,0,0
2019-05-30 22:45,24,7,17,0,0,0
2019-05-30 23:00,36,11,25,0,0,0
2019-05-30 23:15,14,3,11,0,0,0
2019-05-30 23:30,29,7,22,0,0,0
2019-05-30 23:45,26,4,22,0,0,0
2019-05-31 00:00,17,4,13,0,0,0
2019-05-31 00:15,8,2,6,0,0,0
2019-05-31 00:30,20,4,16,0,0,0
2019-05-31 00:45,13,3,10,0,0,0
2019-05-31 01:00,11,3,8,0,0,0
2019-05-31 01:15,11,1,10,0,0,0
2019-05-31 01:30,3,1,2,0,0,0
2019-05-31 01:45,1,1,0,0,0,0
2019-05-31 02:00,3,1,2,0,0,0
2019-05-31 02:15,9,3,6,0,0,0
2019-05-31 02:30,8,3,5,0,0,0
2019-05-31 02:45,1,0,1,0,0,0
2019-05-31 03:00,4,0,4,0,0,0
2019-05-31 03:15,0,0,0,0,0,0
2019-05-31 03:30,1,1,0,0,0,0
2019-05-31 03:45,4,2,2,0,0,0
2019-05-31 04:00,1,0,1,0,0,0
2019-05-31 04:15,2,2,0,0,0,0
2019-05-31 04:30,2,1,1,0,0,0
2019-05-31 04:45,4,3,1,0,0,0
2019-05-31 05:00,3,2,1,0,0,0
2019-05-31 05:15,11,6,5,0,0,0
2019-05-31 05:30,11,9,2,0,0,0
2019-05-31 05:45,23,21,2,0,0,0
2019-05-31 06:00,19,12,7,0,0,0
2019-05-31 06:15,31,26,5,0,0,0
2019-05-31 06:30,38,25,13,0,0,0
2019-05-31 06:45,37,25,12,0,0,0
2019-05-31 07:00,47,27,20,0,0,0
2019-05-31 07:15,60,47,13,0,0,0
2019-05-31 07:30,58,37,21,0,0,0
2019-05-31 07:45,95,70,25,0,0,0
2019-05-31 08:00,76,58,18,0,0,0
2019-05-31 08:15,106,70,36,0,0,0
2019-05-31 08:30,81,53,28,0,0,0
2019-05-31 08:45,111,85,26,0,0,0
2019-05-31 09:00,92,58,34,0,0,0
2019-05-31 09:15,112,71,41,0,0,0
2019-05-31 09:30,109,73,36,0,0,0
2019-05-31 09:45,139,93,46,0,0,0
2019-05-31 10:00,124,93,31,0,0,0
2019-05-31 10:15,154,83,71,0,0,0
2019-05-31 10:30,153,95,58,0,0,0
2019-05-31 10:45,136,84,52,0,0,0
2019-05-31 11:00,133,82,51,0,0,0
2019-05-31 11:15,146,83,63,0,0,0
2019-05-31 11:30,158,90,68,0,0,0
2019-05-31 11:45,186,105,81,0,0,0
2019-05-31 12:00,187,85,102,0,0,0
2019-05-31 12:15,213,103,110,0,0,0
2019-05-31 12:30,187,85,102,0,0,0
2019-05-31 12:45,221,108,113,0,0,0
2019-05-31 13:00,182,90,92,0,0,0
2019-05-31 13:15,161,72,89,0,0,0
2019-05-31 13:30,184,86,98,0,0,0
2019-05-31 13:45,198,91,107,0,0,0
2019-05-31 14:00,180,84,96,0,0,0
2019-05-31 14:15,201,84,117,0,0,0
2019-05-31 14:30,199,100,99,0,0,0
2019-05-31 14:45,213,85,128,0,0,0
2019-05-31 15:00,219,107,112,0,0,0
2019-05-31 15:15,209,93,116,0,0,0
2019-05-31 15:30,221,89,132,0,0,0
2019-05-31 15:45,225,87,138,0,0,0
2019-05-31 16:00,196,75,121,0,0,0
2019-05-31 16:15,208,91,117,0,0,0
2019-05-31 16:30,188,73,115,0,0,0
2019-05-31 16:45,174,70,104,0,0,0
2019-05-31 17:00,172,65,107,0,0,0
2019-05-31 17:15,168,73,95,0,0,0
2019-05-31 17:30,172,76,96,0,0,0
2019-05-31 17:45,187,76,111,0,0,0
2019-05-31 18:00,168,63,105,0,0,0
2019-05-31 18:15,166,59,107,0,0,0
2019-05-31 18:30,119,56,63,0,0,0
2019-05-31 18:45,157,73,84,0,0,0
2019-05-31 19:00,148,67,81,0,0,0
2019-05-31 19:15,137,50,87,0,0,0
2019-05-31 19:30,133,60,73,0,0,0
2019-05-31 19:45,111,50,61,0,0,0
2019-05-31 20:00,124,32,92,0,0,0
2019-05-31 20:15,90,36,54,0,0,0
2019-05-31 20:30,77,30,47,0,0,0
2019-05-31 20:45,62,21,41,0,0,0
2019-05-31 21:00,75,32,43,0,0,0
2019-05-31 21:15,75,34,41,0,0,0
2019-05-31 21:30,70,25,45,0,0,0
2019-05-31 21:45,52,22,30,0,0,0
2019-05-31 22:00,51,14,37,0,0,0
2019-05-31 22:15,53,10,43,0,0,0
2019-05-31 22:30,51,21,30,0,0,0
2019-05-31 22:45,42,10,32,0,0,0
2019-05-31 23:00,41,10,31,0,0,0
2019-05-31 23:15,48,16,32,0,0,0
2019-05-31 23:30,44,11,33,0,0,0
2019-05-31 23:45,40,14,26,0,0,0
