Datetime,100034980 (Hammer Straße),101034980 (Hammer Straße stadteinwärts),102034980 (Hammer Straße stadtauswärts),100034980-status,101034980-status,102034980-status
2019-03-01 00:00,40,10,30,0,0,0
2019-03-01 00:15,19,8,11,0,0,0
2019-03-01 00:30,16,4,12,0,0,0
2019-03-01 00:45,22,4,18,0,0,0
2019-03-01 01:00,11,0,11,0,0,0
2019-03-01 01:15,7,3,4,0,0,0
2019-03-01 01:30,13,0,13,0,0,0
2019-03-01 01:45,2,1,1,0,0,0
2019-03-01 02:00,6,1,5,0,0,0
2019-03-01 02:15,6,2,4,0,0,0
2019-03-01 02:30,3,0,3,0,0,0
2019-03-01 02:45,6,1,5,0,0,0
2019-03-01 03:00,5,1,4,0,0,0
2019-03-01 03:15,2,1,1,0,0,0
2019-03-01 03:30,9,0,9,0,0,0
2019-03-01 03:45,1,1,0,0,0,0
2019-03-01 04:00,1,1,0,0,0,0
2019-03-01 04:15,4,1,3,0,0,0
2019-03-01 04:30,3,1,2,0,0,0
2019-03-01 04:45,3,2,1,0,0,0
2019-03-01 05:00,6,4,2,0,0,0
2019-03-01 05:15,5,4,1,0,0,0
2019-03-01 05:30,19,12,7,0,0,0
2019-03-01 05:45,21,17,4,0,0,0
2019-03-01 06:00,18,12,6,0,0,0
2019-03-01 06:15,31,26,5,0,0,0
2019-03-01 06:30,33,25,8,0,0,0
2019-03-01 06:45,48,34,14,0,0,0
2019-03-01 07:00,70,43,27,0,0,0
2019-03-01 07:15,89,59,30,0,0,0
2019-03-01 07:30,129,82,47,0,0,0
2019-03-01 07:45,141,102,39,0,0,0
2019-03-01 08:00,103,73,30,0,0,0
2019-03-01 08:15,119,88,31,0,0,0
2019-03-01 08:30,110,64,46,0,0,0
2019-03-01 08:45,96,57,39,0,0,0
2019-03-01 09:00,88,54,34,0,0,0
2019-03-01 09:15,81,49,32,0,0,0
2019-03-01 09:30,84,50,34,0,0,0
2019-03-01 09:45,106,75,31,0,0,0
2019-03-01 10:00,91,62,29,0,0,0
2019-03-01 10:15,91,49,42,0,0,0
2019-03-01 10:30,62,39,23,0,0,0
2019-03-01 10:45,108,59,49,0,0,0
2019-03-01 11:00,86,39,47,0,0,0
2019-03-01 11:15,84,48,36,0,0,0
2019-03-01 11:30,73,36,37,0,0,0
2019-03-01 11:45,140,66,74,0,0,0
2019-03-01 12:00,115,59,56,0,0,0
2019-03-01 12:15,110,51,59,0,0,0
2019-03-01 12:30,106,42,64,0,0,0
2019-03-01 12:45,130,52,78,0,0,0
2019-03-01 13:00,146,60,86,0,0,0
2019-03-01 13:15,144,47,97,0,0,0
2019-03-01 13:30,157,59,98,0,0,0
2019-03-01 13:45,164,64,100,0,0,0
2019-03-01 14:00,136,53,83,0,0,0
2019-03-01 14:15,113,45,68,0,0,0
2019-03-01 14:30,112,41,71,0,0,0
2019-03-01 14:45,154,60,94,0,0,0
2019-03-01 15:00,166,77,89,0,0,0
2019-03-01 15:15,149,65,84,0,0,0
2019-03-01 15:30,137,57,80,0,0,0
2019-03-01 15:45,156,70,86,0,0,0
2019-03-01 16:00,149,64,85,0,0,0
2019-03-01 16:15,167,71,96,0,0,0
2019-03-01 16:30,145,69,76,0,0,0
2019-03-01 16:45,124,45,79,0,0,0
2019-03-01 17:00,133,50,83,0,0,0
2019-03-01 17:15,124,52,72,0,0,0
2019-03-01 17:30,120,48,72,0,0,0
2019-03-01 17:45,142,56,86,0,0,0
2019-03-01 18:00,122,57,65,0,0,0
2019-03-01 18:15,123,47,76,0,0,0
2019-03-01 18:30,88,37,51,0,0,0
2019-03-01 18:45,98,51,47,0,0,0
2019-03-01 19:00,112,46,66,0,0,0
2019-03-01 19:15,99,53,46,0,0,0
2019-03-01 19:30,79,39,40,0,0,0
2019-03-01 19:45,83,44,39,0,0,0
2019-03-01 20:00,85,21,64,0,0,0
2019-03-01 20:15,64,23,41,0,0,0
2019-03-01 20:30,48,18,30,0,0,0
2019-03-01 20:45,46,25,21,0,0,0
2019-03-01 21:00,35,13,22,0,0,0
2019-03-01 21:15,39,20,19,0,0,0
2019-03-01 21:30,36,15,21,0,0,0
2019-03-01 21:45,41,14,27,0,0,0
2019-03-01 22:00,39,10,29,0,0,0
2019-03-01 22:15,31,15,16,0,0,0
2019-03-01 22:30,42,14,28,0,0,0
2019-03-01 22:45,46,13,33,0,0,0
2019-03-01 23:00,27,11,16,0,0,0
2019-03-01 23:15,19,3,16,0,0,0
2019-03-01 23:30,24,13,11,0,0,0
2019-03-01 23:45,28,7,21,0,0,0
2019-03-02 00:00,39,8,31,0,0,0
2019-03-02 00:15,26,11,15,0,0,0
2019-03-02 00:30,27,1,26,0,0,0
2019-03-02 00:45,27,6,21,0,0,0
2019-03-02 01:00,12,6,6,0,0,0
2019-03-02 01:15,18,3,15,0,0,0
2019-03-02 01:30,14,6,8,0,0,0
2019-03-02 01:45,10,4,6,0,0,0
2019-03-02 02:00,7,3,4,0,0,0
2019-03-02 02:15,13,3,10,0,0,0
2019-03-02 02:30,7,4,3,0,0,0
2019-03-02 02:45,3,0,3,0,0,0
2019-03-02 03:00,9,3,6,0,0,0
2019-03-02 03:15,1,1,0,0,0,0
2019-03-02 03:30,6,0,6,0,0,0
2019-03-02 03:45,6,0,6,0,0,0
2019-03-02 04:00,1,0,1,0,0,0
2019-03-02 04:15,2,1,1,0,0,0
2019-03-02 04:30,2,1,1,0,0,0
2019-03-02 04:45,2,1,1,0,0,0
2019-03-02 05:00,2,2,0,0,0,0
2019-03-02 05:15,3,0,3,0,0,0
2019-03-02 05:30,11,7,4,0,0,0
2019-03-02 05:45,8,7,1,0,0,0
2019-03-02 06:00,3,1,2,0,0,0
2019-03-02 06:15,7,2,5,0,0,0
2019-03-02 06:30,5,5,0,0,0,0
2019-03-02 06:45,15,8,7,0,0,0
2019-03-02 07:00,5,3,2,0,0,0
2019-03-02 07:15,18,13,5,0,0,0
2019-03-02 07:30,12,9,3,0,0,0
2019-03-02 07:45,36,25,11,0,0,0
2019-03-02 08:00,23,14,9,0,0,0
2019-03-02 08:15,26,16,10,0,0,0
2019-03-02 08:30,36,24,12,0,0,0
2019-03-02 08:45,47,26,21,0,0,0
2019-03-02 09:00,59,43,16,0,0,0
2019-03-02 09:15,84,60,24,0,0,0
2019-03-02 09:30,76,42,34,0,0,0
2019-03-02 09:45,111,86,25,0,0,0
2019-03-02 10:00,108,75,33,0,0,0
2019-03-02 10:15,109,73,36,0,0,0
2019-03-02 10:30,111,82,29,0,0,0
2019-03-02 10:45,137,78,59,0,0,0
2019-03-02 11:00,118,72,46,0,0,0
2019-03-02 11:15,152,96,56,0,0,0
2019-03-02 11:30,140,71,69,0,0,0
2019-03-02 11:45,162,83,79,0,0,0
2019-03-02 12:00,141,80,61,0,0,0
2019-03-02 12:15,157,84,73,0,0,0
2019-03-02 12:30,152,67,85,0,0,0
2019-03-02 12:45,171,78,93,0,0,0
2019-03-02 13:00,195,74,121,0,0,0
2019-03-02 13:15,160,53,107,0,0,0
2019-03-02 13:30,152,65,87,0,0,0
2019-03-02 13:45,136,80,56,0,0,0
2019-03-02 14:00,143,58,85,0,0,0
2019-03-02 14:15,139,75,64,0,0,0
2019-03-02 14:30,122,49,73,0,0,0
2019-03-02 14:45,155,76,79,0,0,0
2019-03-02 15:00,131,52,79,0,0,0
2019-03-02 15:15,108,44,64,0,0,0
2019-03-02 15:30,125,53,72,0,0,0
2019-03-02 15:45,122,51,71,0,0,0
2019-03-02 16:00,204,118,86,0,0,0
2019-03-02 16:15,122,56,66,0,0,0
2019-03-02 16:30,124,69,55,0,0,0
2019-03-02 16:45,105,54,51,0,0,0
2019-03-02 17:00,132,42,90,0,0,0
2019-03-02 17:15,119,38,81,0,0,0
2019-03-02 17:30,128,44,84,0,0,0
2019-03-02 17:45,138,45,93,0,0,0
2019-03-02 18:00,141,49,92,0,0,0
2019-03-02 18:15,128,36,92,0,0,0
2019-03-02 18:30,90,29,61,0,0,0
2019-03-02 18:45,94,44,50,0,0,0
2019-03-02 19:00,80,34,46,0,0,0
2019-03-02 19:15,71,35,36,0,0,0
2019-03-02 19:30,56,22,34,0,0,0
2019-03-02 19:45,62,18,44,0,0,0
2019-03-02 20:00,58,23,35,0,0,0
2019-03-02 20:15,47,21,26,0,0,0
2019-03-02 20:30,32,13,19,0,0,0
2019-03-02 20:45,45,16,29,0,0,0
2019-03-02 21:00,34,7,27,0,0,0
2019-03-02 21:15,47,34,13,0,0,0
2019-03-02 21:30,114,102,12,0,0,0
2019-03-02 21:45,68,52,16,0,0,0
2019-03-02 22:00,37,21,16,0,0,0
2019-03-02 22:15,34,9,25,0,0,0
2019-03-02 22:30,36,9,27,0,0,0
2019-03-02 22:45,39,16,23,0,0,0
2019-03-02 23:00,37,12,25,0,0,0
2019-03-02 23:15,30,15,15,0,0,0
2019-03-02 23:30,39,13,26,0,0,0
2019-03-02 23:45,44,18,26,0,0,0
2019-03-03 00:00,22,5,17,0,0,0
2019-03-03 00:15,31,14,17,0,0,0
2019-03-03 00:30,25,9,16,0,0,0
2019-03-03 00:45,15,1,14,0,0,0
2019-03-03 01:00,15,2,13,0,0,0
2019-03-03 01:15,24,4,20,0,0,0
2019-03-03 01:30,7,3,4,0,0,0
2019-03-03 01:45,15,6,9,0,0,0
2019-03-03 02:00,12,1,11,0,0,0
2019-03-03 02:15,17,4,13,0,0,0
2019-03-03 02:30,13,5,8,0,0,0
2019-03-03 02:45,15,1,14,0,0,0
2019-03-03 03:00,12,2,10,0,0,0
2019-03-03 03:15,18,3,15,0,0,0
2019-03-03 03:30,4,0,4,0,0,0
2019-03-03 03:45,6,3,3,0,0,0
2019-03-03 04:00,3,0,3,0,0,0
2019-03-03 04:15,2,1,1,0,0,0
2019-03-03 04:30,5,2,3,0,0,0
2019-03-03 04:45,3,0,3,0,0,0
2019-03-03 05:00,2,2,0,0,0,0
2019-03-03 05:15,5,2,3,0,0,0
2019-03-03 05:30,8,5,3,0,0,0
2019-03-03 05:45,4,2,2,0,0,0
2019-03-03 06:00,7,2,5,0,0,0
2019-03-03 06:15,2,1,1,0,0,0
2019-03-03 06:30,8,3,5,0,0,0
2019-03-03 06:45,5,2,3,0,0,0
2019-03-03 07:00,2,0,2,0,0,0
2019-03-03 07:15,2,1,1,0,0,0
2019-03-03 07:30,5,2,3,0,0,0
2019-03-03 07:45,16,10,6,0,0,0
2019-03-03 08:00,7,5,2,0,0,0
2019-03-03 08:15,4,3,1,0,0,0
2019-03-03 08:30,3,2,1,0,0,0
2019-03-03 08:45,4,2,2,0,0,0
2019-03-03 09:00,7,3,4,0,0,0
2019-03-03 09:15,12,9,3,0,0,0
2019-03-03 09:30,15,6,9,0,0,0
2019-03-03 09:45,26,13,13,0,0,0
2019-03-03 10:00,23,14,9,0,0,0
2019-03-03 10:15,16,11,5,0,0,0
2019-03-03 10:30,12,5,7,0,0,0
2019-03-03 10:45,18,11,7,0,0,0
2019-03-03 11:00,13,7,6,0,0,0
2019-03-03 11:15,20,13,7,0,0,0
2019-03-03 11:30,22,15,7,0,0,0
2019-03-03 11:45,18,7,11,0,0,0
2019-03-03 12:00,11,5,6,0,0,0
2019-03-03 12:15,19,13,6,0,0,0
2019-03-03 12:30,24,10,14,0,0,0
2019-03-03 12:45,29,17,12,0,0,0
2019-03-03 13:00,18,13,5,0,0,0
2019-03-03 13:15,21,11,10,0,0,0
2019-03-03 13:30,22,13,9,0,0,0
2019-03-03 13:45,18,13,5,0,0,0
2019-03-03 14:00,31,12,19,0,0,0
2019-03-03 14:15,24,14,10,0,0,0
2019-03-03 14:30,34,16,18,0,0,0
2019-03-03 14:45,38,23,15,0,0,0
2019-03-03 15:00,22,7,15,0,0,0
2019-03-03 15:15,33,18,15,0,0,0
2019-03-03 15:30,14,6,8,0,0,0
2019-03-03 15:45,32,22,10,0,0,0
2019-03-03 16:00,25,11,14,0,0,0
2019-03-03 16:15,20,6,14,0,0,0
2019-03-03 16:30,33,10,23,0,0,0
2019-03-03 16:45,16,7,9,0,0,0
2019-03-03 17:00,30,16,14,0,0,0
2019-03-03 17:15,47,22,25,0,0,0
2019-03-03 17:30,43,19,24,0,0,0
2019-03-03 17:45,45,19,26,0,0,0
2019-03-03 18:00,32,13,19,0,0,0
2019-03-03 18:15,37,16,21,0,0,0
2019-03-03 18:30,42,24,18,0,0,0
2019-03-03 18:45,31,16,15,0,0,0
2019-03-03 19:00,29,17,12,0,0,0
2019-03-03 19:15,17,5,12,0,0,0
2019-03-03 19:30,28,13,15,0,0,0
2019-03-03 19:45,31,13,18,0,0,0
2019-03-03 20:00,35,14,21,0,0,0
2019-03-03 20:15,44,13,31,0,0,0
2019-03-03 20:30,31,11,20,0,0,0
2019-03-03 20:45,18,11,7,0,0,0
2019-03-03 21:00,19,9,10,0,0,0
2019-03-03 21:15,11,2,9,0,0,0
2019-03-03 21:30,14,7,7,0,0,0
2019-03-03 21:45,8,3,5,0,0,0
2019-03-03 22:00,6,2,4,0,0,0
2019-03-03 22:15,11,6,5,0,0,0
2019-03-03 22:30,14,3,11,0,0,0
2019-03-03 22:45,9,1,8,0,0,0
2019-03-03 23:00,23,5,18,0,0,0
2019-03-03 23:15,5,1,4,0,0,0
2019-03-03 23:30,10,4,6,0,0,0
2019-03-03 23:45,5,1,4,0,0,0
2019-03-04 00:00,9,3,6,0,0,0
2019-03-04 00:15,5,0,5,0,0,0
2019-03-04 00:30,3,1,2,0,0,0
2019-03-04 00:45,2,0,2,0,0,0
2019-03-04 01:00,3,2,1,0,0,0
2019-03-04 01:15,1,1,0,0,0,0
2019-03-04 01:30,3,0,3,0,0,0
2019-03-04 01:45,1,1,0,0,0,0
2019-03-04 02:00,0,0,0,0,0,0
2019-03-04 02:15,2,0,2,0,0,0
2019-03-04 02:30,1,0,1,0,0,0
2019-03-04 02:45,2,1,1,0,0,0
2019-03-04 03:00,1,0,1,0,0,0
2019-03-04 03:15,2,1,1,0,0,0
2019-03-04 03:30,2,2,0,0,0,0
2019-03-04 03:45,2,1,1,0,0,0
2019-03-04 04:00,0,0,0,0,0,0
2019-03-04 04:15,2,0,2,0,0,0
2019-03-04 04:30,1,0,1,0,0,0
2019-03-04 04:45,4,2,2,0,0,0
2019-03-04 05:00,0,0,0,0,0,0
2019-03-04 05:15,3,3,0,0,0,0
2019-03-04 05:30,12,9,3,0,0,0
2019-03-04 05:45,20,15,5,0,0,0
2019-03-04 06:00,13,9,4,0,0,0
2019-03-04 06:15,15,11,4,0,0,0
2019-03-04 06:30,17,8,9,0,0,0
2019-03-04 06:45,21,11,10,0,0,0
2019-03-04 07:00,30,17,13,0,0,0
2019-03-04 07:15,24,15,9,0,0,0
2019-03-04 07:30,27,20,7,0,0,0
2019-03-04 07:45,43,29,14,0,0,0
2019-03-04 08:00,39,18,21,0,0,0
2019-03-04 08:15,38,27,11,0,0,0
2019-03-04 08:30,30,19,11,0,0,0
2019-03-04 08:45,48,34,14,0,0,0
2019-03-04 09:00,34,16,18,0,0,0
2019-03-04 09:15,39,22,17,0,0,0
2019-03-04 09:30,33,15,18,0,0,0
2019-03-04 09:45,43,17,26,0,0,0
2019-03-04 10:00,38,15,23,0,0,0
2019-03-04 10:15,54,31,23,0,0,0
2019-03-04 10:30,53,27,26,0,0,0
2019-03-04 10:45,59,32,27,0,0,0
2019-03-04 11:00,41,24,17,0,0,0
2019-03-04 11:15,28,16,12,0,0,0
2019-03-04 11:30,35,16,19,0,0,0
2019-03-04 11:45,40,23,17,0,0,0
2019-03-04 12:00,51,21,30,0,0,0
2019-03-04 12:15,29,10,19,0,0,0
2019-03-04 12:30,41,21,20,0,0,0
2019-03-04 12:45,47,22,25,0,0,0
2019-03-04 13:00,45,21,24,0,0,0
2019-03-04 13:15,55,22,33,0,0,0
2019-03-04 13:30,61,38,23,0,0,0
2019-03-04 13:45,48,34,14,0,0,0
2019-03-04 14:00,72,55,17,0,0,0
2019-03-04 14:15,83,53,30,0,0,0
2019-03-04 14:30,63,47,16,0,0,0
2019-03-04 14:45,105,85,20,0,0,0
2019-03-04 15:00,89,60,29,0,0,0
2019-03-04 15:15,82,65,17,0,0,0
2019-03-04 15:30,92,70,22,0,0,0
2019-03-04 15:45,87,64,23,0,0,0
2019-03-04 16:00,90,51,39,0,0,0
2019-03-04 16:15,59,24,35,0,0,0
2019-03-04 16:30,71,31,40,0,0,0
2019-03-04 16:45,61,28,33,0,0,0
2019-03-04 17:00,93,22,71,0,0,0
2019-03-04 17:15,188,26,162,0,0,0
2019-03-04 17:30,93,20,73,0,0,0
2019-03-04 17:45,86,33,53,0,0,0
2019-03-04 18:00,114,33,81,0,0,0
2019-03-04 18:15,79,32,47,0,0,0
2019-03-04 18:30,73,22,51,0,0,0
2019-03-04 18:45,63,26,37,0,0,0
2019-03-04 19:00,43,16,27,0,0,0
2019-03-04 19:15,49,20,29,0,0,0
2019-03-04 19:30,33,14,19,0,0,0
2019-03-04 19:45,35,12,23,0,0,0
2019-03-04 20:00,46,13,33,0,0,0
2019-03-04 20:15,36,14,22,0,0,0
2019-03-04 20:30,26,9,17,0,0,0
2019-03-04 20:45,24,7,17,0,0,0
2019-03-04 21:00,43,10,33,0,0,0
2019-03-04 21:15,24,6,18,0,0,0
2019-03-04 21:30,16,6,10,0,0,0
2019-03-04 21:45,25,8,17,0,0,0
2019-03-04 22:00,26,7,19,0,0,0
2019-03-04 22:15,24,5,19,0,0,0
2019-03-04 22:30,21,6,15,0,0,0
2019-03-04 22:45,9,0,9,0,0,0
2019-03-04 23:00,21,1,20,0,0,0
2019-03-04 23:15,13,1,12,0,0,0
2019-03-04 23:30,7,0,7,0,0,0
2019-03-04 23:45,13,2,11,0,0,0
2019-03-05 00:00,10,2,8,0,0,0
2019-03-05 00:15,11,1,10,0,0,0
2019-03-05 00:30,7,2,5,0,0,0
2019-03-05 00:45,11,3,8,0,0,0
2019-03-05 01:00,8,2,6,0,0,0
2019-03-05 01:15,5,3,2,0,0,0
2019-03-05 01:30,2,1,1,0,0,0
2019-03-05 01:45,4,2,2,0,0,0
2019-03-05 02:00,1,0,1,0,0,0
2019-03-05 02:15,3,0,3,0,0,0
2019-03-05 02:30,0,0,0,0,0,0
2019-03-05 02:45,1,1,0,0,0,0
2019-03-05 03:00,2,1,1,0,0,0
2019-03-05 03:15,3,1,2,0,0,0
2019-03-05 03:30,0,0,0,0,0,0
2019-03-05 03:45,1,1,0,0,0,0
2019-03-05 04:00,4,2,2,0,0,0
2019-03-05 04:15,2,0,2,0,0,0
2019-03-05 04:30,0,0,0,0,0,0
2019-03-05 04:45,2,2,0,0,0,0
2019-03-05 05:00,4,3,1,0,0,0
2019-03-05 05:15,10,5,5,0,0,0
2019-03-05 05:30,19,15,4,0,0,0
2019-03-05 05:45,17,14,3,0,0,0
2019-03-05 06:00,15,12,3,0,0,0
2019-03-05 06:15,33,23,10,0,0,0
2019-03-05 06:30,37,28,9,0,0,0
2019-03-05 06:45,66,48,18,0,0,0
2019-03-05 07:00,54,41,13,0,0,0
2019-03-05 07:15,80,59,21,0,0,0
2019-03-05 07:30,101,72,29,0,0,0
2019-03-05 07:45,133,106,27,0,0,0
2019-03-05 08:00,84,63,21,0,0,0
2019-03-05 08:15,117,84,33,0,0,0
2019-03-05 08:30,108,71,37,0,0,0
2019-03-05 08:45,127,95,32,0,0,0
2019-03-05 09:00,92,60,32,0,0,0
2019-03-05 09:15,80,55,25,0,0,0
2019-03-05 09:30,88,63,25,0,0,0
2019-03-05 09:45,84,63,21,0,0,0
2019-03-05 10:00,58,33,25,0,0,0
2019-03-05 10:15,61,37,24,0,0,0
2019-03-05 10:30,72,42,30,0,0,0
2019-03-05 10:45,107,72,35,0,0,0
2019-03-05 11:00,68,29,39,0,0,0
2019-03-05 11:15,79,42,37,0,0,0
2019-03-05 11:30,99,47,52,0,0,0
2019-03-05 11:45,92,47,45,0,0,0
2019-03-05 12:00,102,38,64,0,0,0
2019-03-05 12:15,101,42,59,0,0,0
2019-03-05 12:30,82,29,53,0,0,0
2019-03-05 12:45,101,45,56,0,0,0
2019-03-05 13:00,111,45,66,0,0,0
2019-03-05 13:15,117,50,67,0,0,0
2019-03-05 13:30,99,50,49,0,0,0
2019-03-05 13:45,117,48,69,0,0,0
2019-03-05 14:00,116,51,65,0,0,0
2019-03-05 14:15,111,44,67,0,0,0
2019-03-05 14:30,129,56,73,0,0,0
2019-03-05 14:45,116,66,50,0,0,0
2019-03-05 15:00,121,49,72,0,0,0
2019-03-05 15:15,98,45,53,0,0,0
2019-03-05 15:30,135,64,71,0,0,0
2019-03-05 15:45,148,68,80,0,0,0
2019-03-05 16:00,156,51,105,0,0,0
2019-03-05 16:15,167,74,93,0,0,0
2019-03-05 16:30,174,69,105,0,0,0
2019-03-05 16:45,156,64,92,0,0,0
2019-03-05 17:00,196,73,123,0,0,0
2019-03-05 17:15,151,58,93,0,0,0
2019-03-05 17:30,170,62,108,0,0,0
2019-03-05 17:45,193,76,117,0,0,0
2019-03-05 18:00,147,50,97,0,0,0
2019-03-05 18:15,137,46,91,0,0,0
2019-03-05 18:30,143,46,97,0,0,0
2019-03-05 18:45,126,48,78,0,0,0
2019-03-05 19:00,114,35,79,0,0,0
2019-03-05 19:15,97,31,66,0,0,0
2019-03-05 19:30,84,30,54,0,0,0
2019-03-05 19:45,103,37,66,0,0,0
2019-03-05 20:00,75,23,52,0,0,0
2019-03-05 20:15,61,16,45,0,0,0
2019-03-05 20:30,41,16,25,0,0,0
2019-03-05 20:45,41,8,33,0,0,0
2019-03-05 21:00,40,13,27,0,0,0
2019-03-05 21:15,40,14,26,0,0,0
2019-03-05 21:30,43,9,34,0,0,0
2019-03-05 21:45,45,12,33,0,0,0
2019-03-05 22:00,56,12,44,0,0,0
2019-03-05 22:15,44,8,36,0,0,0
2019-03-05 22:30,24,6,18,0,0,0
2019-03-05 22:45,25,13,12,0,0,0
2019-03-05 23:00,36,8,28,0,0,0
2019-03-05 23:15,19,8,11,0,0,0
2019-03-05 23:30,17,3,14,0,0,0
2019-03-05 23:45,17,5,12,0,0,0
2019-03-06 00:00,14,7,7,0,0,0
2019-03-06 00:15,5,0,5,0,0,0
2019-03-06 00:30,7,2,5,0,0,0
2019-03-06 00:45,6,2,4,0,0,0
2019-03-06 01:00,10,2,8,0,0,0
2019-03-06 01:15,2,1,1,0,0,0
2019-03-06 01:30,3,0,3,0,0,0
2019-03-06 01:45,0,0,0,0,0,0
2019-03-06 02:00,0,0,0,0,0,0
2019-03-06 02:15,2,0,2,0,0,0
2019-03-06 02:30,0,0,0,0,0,0
2019-03-06 02:45,1,1,0,0,0,0
2019-03-06 03:00,2,0,2,0,0,0
2019-03-06 03:15,0,0,0,0,0,0
2019-03-06 03:30,2,0,2,0,0,0
2019-03-06 03:45,3,3,0,0,0,0
2019-03-06 04:00,1,1,0,0,0,0
2019-03-06 04:15,0,0,0,0,0,0
2019-03-06 04:30,1,0,1,0,0,0
2019-03-06 04:45,0,0,0,0,0,0
2019-03-06 05:00,3,3,0,0,0,0
2019-03-06 05:15,9,5,4,0,0,0
2019-03-06 05:30,22,19,3,0,0,0
2019-03-06 05:45,18,11,7,0,0,0
2019-03-06 06:00,26,20,6,0,0,0
2019-03-06 06:15,34,27,7,0,0,0
2019-03-06 06:30,43,27,16,0,0,0
2019-03-06 06:45,68,49,19,0,0,0
2019-03-06 07:00,74,46,28,0,0,0
2019-03-06 07:15,111,73,38,0,0,0
2019-03-06 07:30,149,111,38,0,0,0
2019-03-06 07:45,177,130,47,0,0,0
2019-03-06 08:00,146,104,42,0,0,0
2019-03-06 08:15,146,99,47,0,0,0
2019-03-06 08:30,134,94,40,0,0,0
2019-03-06 08:45,137,101,36,0,0,0
2019-03-06 09:00,116,78,38,0,0,0
2019-03-06 09:15,106,70,36,0,0,0
2019-03-06 09:30,103,73,30,0,0,0
2019-03-06 09:45,108,82,26,0,0,0
2019-03-06 10:00,81,54,27,0,0,0
2019-03-06 10:15,100,61,39,0,0,0
2019-03-06 10:30,112,67,45,0,0,0
2019-03-06 10:45,124,75,49,0,0,0
2019-03-06 11:00,103,51,52,0,0,0
2019-03-06 11:15,100,45,55,0,0,0
2019-03-06 11:30,115,62,53,0,0,0
2019-03-06 11:45,104,54,50,0,0,0
2019-03-06 12:00,129,48,81,0,0,0
2019-03-06 12:15,141,66,75,0,0,0
2019-03-06 12:30,111,42,69,0,0,0
2019-03-06 12:45,138,56,82,0,0,0
2019-03-06 13:00,137,52,85,0,0,0
2019-03-06 13:15,143,52,91,0,0,0
2019-03-06 13:30,144,51,93,0,0,0
2019-03-06 13:45,141,73,68,0,0,0
2019-03-06 14:00,131,50,81,0,0,0
2019-03-06 14:15,112,38,74,0,0,0
2019-03-06 14:30,134,44,90,0,0,0
2019-03-06 14:45,153,61,92,0,0,0
2019-03-06 15:00,123,52,71,0,0,0
2019-03-06 15:15,142,71,71,0,0,0
2019-03-06 15:30,128,65,63,0,0,0
2019-03-06 15:45,175,66,109,0,0,0
2019-03-06 16:00,133,41,92,0,0,0
2019-03-06 16:15,174,52,122,0,0,0
2019-03-06 16:30,140,47,93,0,0,0
2019-03-06 16:45,136,41,95,0,0,0
2019-03-06 17:00,139,48,91,0,0,0
2019-03-06 17:15,161,55,106,0,0,0
2019-03-06 17:30,139,50,89,0,0,0
2019-03-06 17:45,193,78,115,0,0,0
2019-03-06 18:00,172,60,112,0,0,0
2019-03-06 18:15,145,46,99,0,0,0
2019-03-06 18:30,121,40,81,0,0,0
2019-03-06 18:45,114,42,72,0,0,0
2019-03-06 19:00,120,36,84,0,0,0
2019-03-06 19:15,95,42,53,0,0,0
2019-03-06 19:30,94,36,58,0,0,0
2019-03-06 19:45,96,29,67,0,0,0
2019-03-06 20:00,61,26,35,0,0,0
2019-03-06 20:15,63,21,42,0,0,0
2019-03-06 20:30,56,14,42,0,0,0
2019-03-06 20:45,45,20,25,0,0,0
2019-03-06 21:00,41,11,30,0,0,0
2019-03-06 21:15,44,19,25,0,0,0
2019-03-06 21:30,44,9,35,0,0,0
2019-03-06 21:45,38,10,28,0,0,0
2019-03-06 22:00,52,16,36,0,0,0
2019-03-06 22:15,22,6,16,0,0,0
2019-03-06 22:30,51,17,34,0,0,0
2019-03-06 22:45,40,9,31,0,0,0
2019-03-06 23:00,22,6,16,0,0,0
2019-03-06 23:15,12,4,8,0,0,0
2019-03-06 23:30,24,6,18,0,0,0
2019-03-06 23:45,13,2,11,0,0,0
2019-03-07 00:00,13,6,7,0,0,0
2019-03-07 00:15,11,2,9,0,0,0
2019-03-07 00:30,7,1,6,0,0,0
2019-03-07 00:45,2,0,2,0,0,0
2019-03-07 01:00,11,2,9,0,0,0
2019-03-07 01:15,6,2,4,0,0,0
2019-03-07 01:30,4,2,2,0,0,0
2019-03-07 01:45,4,0,4,0,0,0
2019-03-07 02:00,2,0,2,0,0,0
2019-03-07 02:15,2,1,1,0,0,0
2019-03-07 02:30,2,1,1,0,0,0
2019-03-07 02:45,2,2,0,0,0,0
2019-03-07 03:00,0,0,0,0,0,0
2019-03-07 03:15,2,2,0,0,0,0
2019-03-07 03:30,3,1,2,0,0,0
2019-03-07 03:45,0,0,0,0,0,0
2019-03-07 04:00,1,1,0,0,0,0
2019-03-07 04:15,1,0,1,0,0,0
2019-03-07 04:30,2,1,1,0,0,0
2019-03-07 04:45,1,1,0,0,0,0
2019-03-07 05:00,7,5,2,0,0,0
2019-03-07 05:15,11,6,5,0,0,0
2019-03-07 05:30,16,14,2,0,0,0
2019-03-07 05:45,19,14,5,0,0,0
2019-03-07 06:00,21,18,3,0,0,0
2019-03-07 06:15,30,25,5,0,0,0
2019-03-07 06:30,48,39,9,0,0,0
2019-03-07 06:45,52,37,15,0,0,0
2019-03-07 07:00,61,39,22,0,0,0
2019-03-07 07:15,109,71,38,0,0,0
2019-03-07 07:30,149,113,36,0,0,0
2019-03-07 07:45,165,113,52,0,0,0
2019-03-07 08:00,113,79,34,0,0,0
2019-03-07 08:15,110,72,38,0,0,0
2019-03-07 08:30,102,72,30,0,0,0
2019-03-07 08:45,104,65,39,0,0,0
2019-03-07 09:00,72,48,24,0,0,0
2019-03-07 09:15,63,47,16,0,0,0
2019-03-07 09:30,62,37,25,0,0,0
2019-03-07 09:45,73,50,23,0,0,0
2019-03-07 10:00,66,36,30,0,0,0
2019-03-07 10:15,73,35,38,0,0,0
2019-03-07 10:30,56,28,28,0,0,0
2019-03-07 10:45,55,33,22,0,0,0
2019-03-07 11:00,53,29,24,0,0,0
2019-03-07 11:15,73,34,39,0,0,0
2019-03-07 11:30,63,31,32,0,0,0
2019-03-07 11:45,92,56,36,0,0,0
2019-03-07 12:00,84,30,54,0,0,0
2019-03-07 12:15,115,53,62,0,0,0
2019-03-07 12:30,115,50,65,0,0,0
2019-03-07 12:45,93,34,59,0,0,0
2019-03-07 13:00,96,40,56,0,0,0
2019-03-07 13:15,108,36,72,0,0,0
2019-03-07 13:30,68,24,44,0,0,0
2019-03-07 13:45,133,52,81,0,0,0
2019-03-07 14:00,125,46,79,0,0,0
2019-03-07 14:15,71,27,44,0,0,0
2019-03-07 14:30,106,61,45,0,0,0
2019-03-07 14:45,134,60,74,0,0,0
2019-03-07 15:00,111,40,71,0,0,0
2019-03-07 15:15,101,45,56,0,0,0
2019-03-07 15:30,127,57,70,0,0,0
2019-03-07 15:45,121,44,77,0,0,0
2019-03-07 16:00,143,62,81,0,0,0
2019-03-07 16:15,162,54,108,0,0,0
2019-03-07 16:30,164,60,104,0,0,0
2019-03-07 16:45,136,47,89,0,0,0
2019-03-07 17:00,126,50,76,0,0,0
2019-03-07 17:15,133,48,85,0,0,0
2019-03-07 17:30,172,68,104,0,0,0
2019-03-07 17:45,166,61,105,0,0,0
2019-03-07 18:00,135,47,88,0,0,0
2019-03-07 18:15,128,46,82,0,0,0
2019-03-07 18:30,111,42,69,0,0,0
2019-03-07 18:45,122,44,78,0,0,0
2019-03-07 19:00,116,43,73,0,0,0
2019-03-07 19:15,101,34,67,0,0,0
2019-03-07 19:30,98,33,65,0,0,0
2019-03-07 19:45,91,33,58,0,0,0
2019-03-07 20:00,54,16,38,0,0,0
2019-03-07 20:15,58,15,43,0,0,0
2019-03-07 20:30,52,19,33,0,0,0
2019-03-07 20:45,36,16,20,0,0,0
2019-03-07 21:00,39,14,25,0,0,0
2019-03-07 21:15,48,13,35,0,0,0
2019-03-07 21:30,37,17,20,0,0,0
2019-03-07 21:45,36,12,24,0,0,0
2019-03-07 22:00,44,15,29,0,0,0
2019-03-07 22:15,37,8,29,0,0,0
2019-03-07 22:30,43,9,34,0,0,0
2019-03-07 22:45,29,13,16,0,0,0
2019-03-07 23:00,43,10,33,0,0,0
2019-03-07 23:15,21,2,19,0,0,0
2019-03-07 23:30,16,6,10,0,0,0
2019-03-07 23:45,14,4,10,0,0,0
2019-03-08 00:00,8,5,3,0,0,0
2019-03-08 00:15,7,2,5,0,0,0
2019-03-08 00:30,5,1,4,0,0,0
2019-03-08 00:45,4,2,2,0,0,0
2019-03-08 01:00,3,1,2,0,0,0
2019-03-08 01:15,4,2,2,0,0,0
2019-03-08 01:30,1,1,0,0,0,0
2019-03-08 01:45,2,0,2,0,0,0
2019-03-08 02:00,1,0,1,0,0,0
2019-03-08 02:15,5,1,4,0,0,0
2019-03-08 02:30,0,0,0,0,0,0
2019-03-08 02:45,2,2,0,0,0,0
2019-03-08 03:00,0,0,0,0,0,0
2019-03-08 03:15,0,0,0,0,0,0
2019-03-08 03:30,0,0,0,0,0,0
2019-03-08 03:45,2,1,1,0,0,0
2019-03-08 04:00,2,0,2,0,0,0
2019-03-08 04:15,0,0,0,0,0,0
2019-03-08 04:30,1,1,0,0,0,0
2019-03-08 04:45,1,1,0,0,0,0
2019-03-08 05:00,1,1,0,0,0,0
2019-03-08 05:15,10,8,2,0,0,0
2019-03-08 05:30,12,9,3,0,0,0
2019-03-08 05:45,18,16,2,0,0,0
2019-03-08 06:00,17,11,6,0,0,0
2019-03-08 06:15,28,20,8,0,0,0
2019-03-08 06:30,38,26,12,0,0,0
2019-03-08 06:45,58,45,13,0,0,0
2019-03-08 07:00,54,35,19,0,0,0
2019-03-08 07:15,94,59,35,0,0,0
2019-03-08 07:30,149,115,34,0,0,0
2019-03-08 07:45,152,110,42,0,0,0
2019-03-08 08:00,128,101,27,0,0,0
2019-03-08 08:15,122,81,41,0,0,0
2019-03-08 08:30,115,81,34,0,0,0
2019-03-08 08:45,127,83,44,0,0,0
2019-03-08 09:00,78,56,22,0,0,0
2019-03-08 09:15,98,59,39,0,0,0
2019-03-08 09:30,90,57,33,0,0,0
2019-03-08 09:45,94,71,23,0,0,0
2019-03-08 10:00,75,47,28,0,0,0
2019-03-08 10:15,74,46,28,0,0,0
2019-03-08 10:30,76,39,37,0,0,0
2019-03-08 10:45,92,54,38,0,0,0
2019-03-08 11:00,93,50,43,0,0,0
2019-03-08 11:15,91,43,48,0,0,0
2019-03-08 11:30,100,36,64,0,0,0
2019-03-08 11:45,108,52,56,0,0,0
2019-03-08 12:00,109,48,61,0,0,0
2019-03-08 12:15,135,55,80,0,0,0
2019-03-08 12:30,143,55,88,0,0,0
2019-03-08 12:45,154,65,89,0,0,0
2019-03-08 13:00,139,41,98,0,0,0
2019-03-08 13:15,127,38,89,0,0,0
2019-03-08 13:30,153,68,85,0,0,0
2019-03-08 13:45,149,61,88,0,0,0
2019-03-08 14:00,169,64,105,0,0,0
2019-03-08 14:15,117,34,83,0,0,0
2019-03-08 14:30,147,53,94,0,0,0
2019-03-08 14:45,134,50,84,0,0,0
2019-03-08 15:00,144,58,86,0,0,0
2019-03-08 15:15,165,58,107,0,0,0
2019-03-08 15:30,139,52,87,0,0,0
2019-03-08 15:45,143,67,76,0,0,0
2019-03-08 16:00,154,62,92,0,0,0
2019-03-08 16:15,132,38,94,0,0,0
2019-03-08 16:30,131,41,90,0,0,0
2019-03-08 16:45,128,45,83,0,0,0
2019-03-08 17:00,133,50,83,0,0,0
2019-03-08 17:15,140,62,78,0,0,0
2019-03-08 17:30,137,62,75,0,0,0
2019-03-08 17:45,142,63,79,0,0,0
2019-03-08 18:00,127,44,83,0,0,0
2019-03-08 18:15,130,53,77,0,0,0
2019-03-08 18:30,110,47,63,0,0,0
2019-03-08 18:45,108,45,63,0,0,0
2019-03-08 19:00,100,40,60,0,0,0
2019-03-08 19:15,118,40,78,0,0,0
2019-03-08 19:30,87,42,45,0,0,0
2019-03-08 19:45,116,58,58,0,0,0
2019-03-08 20:00,110,49,61,0,0,0
2019-03-08 20:15,85,36,49,0,0,0
2019-03-08 20:30,52,26,26,0,0,0
2019-03-08 20:45,39,20,19,0,0,0
2019-03-08 21:00,41,19,22,0,0,0
2019-03-08 21:15,37,13,24,0,0,0
2019-03-08 21:30,32,13,19,0,0,0
2019-03-08 21:45,43,16,27,0,0,0
2019-03-08 22:00,48,14,34,0,0,0
2019-03-08 22:15,30,17,13,0,0,0
2019-03-08 22:30,49,17,32,0,0,0
2019-03-08 22:45,36,10,26,0,0,0
2019-03-08 23:00,33,3,30,0,0,0
2019-03-08 23:15,38,15,23,0,0,0
2019-03-08 23:30,25,7,18,0,0,0
2019-03-08 23:45,44,11,33,0,0,0
2019-03-09 00:00,40,15,25,0,0,0
2019-03-09 00:15,17,9,8,0,0,0
2019-03-09 00:30,24,11,13,0,0,0
2019-03-09 00:45,26,7,19,0,0,0
2019-03-09 01:00,21,8,13,0,0,0
2019-03-09 01:15,18,5,13,0,0,0
2019-03-09 01:30,16,2,14,0,0,0
2019-03-09 01:45,16,9,7,0,0,0
2019-03-09 02:00,12,2,10,0,0,0
2019-03-09 02:15,17,7,10,0,0,0
2019-03-09 02:30,11,4,7,0,0,0
2019-03-09 02:45,9,2,7,0,0,0
2019-03-09 03:00,8,3,5,0,0,0
2019-03-09 03:15,7,1,6,0,0,0
2019-03-09 03:30,3,0,3,0,0,0
2019-03-09 03:45,3,1,2,0,0,0
2019-03-09 04:00,5,2,3,0,0,0
2019-03-09 04:15,2,1,1,0,0,0
2019-03-09 04:30,2,0,2,0,0,0
2019-03-09 04:45,2,0,2,0,0,0
2019-03-09 05:00,7,1,6,0,0,0
2019-03-09 05:15,7,4,3,0,0,0
2019-03-09 05:30,11,6,5,0,0,0
2019-03-09 05:45,5,5,0,0,0,0
2019-03-09 06:00,4,2,2,0,0,0
2019-03-09 06:15,5,3,2,0,0,0
2019-03-09 06:30,3,1,2,0,0,0
2019-03-09 06:45,9,5,4,0,0,0
2019-03-09 07:00,7,2,5,0,0,0
2019-03-09 07:15,13,11,2,0,0,0
2019-03-09 07:30,29,22,7,0,0,0
2019-03-09 07:45,32,23,9,0,0,0
2019-03-09 08:00,24,15,9,0,0,0
2019-03-09 08:15,28,18,10,0,0,0
2019-03-09 08:30,32,18,14,0,0,0
2019-03-09 08:45,64,43,21,0,0,0
2019-03-09 09:00,61,38,23,0,0,0
2019-03-09 09:15,68,49,19,0,0,0
2019-03-09 09:30,72,49,23,0,0,0
2019-03-09 09:45,129,97,32,0,0,0
2019-03-09 10:00,96,60,36,0,0,0
2019-03-09 10:15,125,82,43,0,0,0
2019-03-09 10:30,101,62,39,0,0,0
2019-03-09 10:45,127,88,39,0,0,0
2019-03-09 11:00,126,79,47,0,0,0
2019-03-09 11:15,111,71,40,0,0,0
2019-03-09 11:30,116,68,48,0,0,0
2019-03-09 11:45,146,83,63,0,0,0
2019-03-09 12:00,107,49,58,0,0,0
2019-03-09 12:15,142,63,79,0,0,0
2019-03-09 12:30,141,63,78,0,0,0
2019-03-09 12:45,127,67,60,0,0,0
2019-03-09 13:00,121,65,56,0,0,0
2019-03-09 13:15,106,43,63,0,0,0
2019-03-09 13:30,89,46,43,0,0,0
2019-03-09 13:45,125,66,59,0,0,0
2019-03-09 14:00,110,46,64,0,0,0
2019-03-09 14:15,117,45,72,0,0,0
2019-03-09 14:30,118,42,76,0,0,0
2019-03-09 14:45,88,24,64,0,0,0
2019-03-09 15:00,84,14,70,0,0,0
2019-03-09 15:15,115,42,73,0,0,0
2019-03-09 15:30,112,39,73,0,0,0
2019-03-09 15:45,86,46,40,0,0,0
2019-03-09 16:00,60,23,37,0,0,0
2019-03-09 16:15,46,16,30,0,0,0
2019-03-09 16:30,30,4,26,0,0,0
2019-03-09 16:45,56,21,35,0,0,0
2019-03-09 17:00,68,17,51,0,0,0
2019-03-09 17:15,88,30,58,0,0,0
2019-03-09 17:30,80,23,57,0,0,0
2019-03-09 17:45,98,47,51,0,0,0
2019-03-09 18:00,71,30,41,0,0,0
2019-03-09 18:15,79,20,59,0,0,0
2019-03-09 18:30,51,21,30,0,0,0
2019-03-09 18:45,60,30,30,0,0,0
2019-03-09 19:00,70,21,49,0,0,0
2019-03-09 19:15,44,22,22,0,0,0
2019-03-09 19:30,46,23,23,0,0,0
2019-03-09 19:45,63,29,34,0,0,0
2019-03-09 20:00,76,28,48,0,0,0
2019-03-09 20:15,41,22,19,0,0,0
2019-03-09 20:30,43,14,29,0,0,0
2019-03-09 20:45,44,27,17,0,0,0
2019-03-09 21:00,39,24,15,0,0,0
2019-03-09 21:15,18,6,12,0,0,0
2019-03-09 21:30,28,13,15,0,0,0
2019-03-09 21:45,24,8,16,0,0,0
2019-03-09 22:00,37,15,22,0,0,0
2019-03-09 22:15,12,3,9,0,0,0
2019-03-09 22:30,27,9,18,0,0,0
2019-03-09 22:45,32,12,20,0,0,0
2019-03-09 23:00,31,9,22,0,0,0
2019-03-09 23:15,24,10,14,0,0,0
2019-03-09 23:30,16,5,11,0,0,0
2019-03-09 23:45,24,10,14,0,0,0
2019-03-10 00:00,27,11,16,0,0,0
2019-03-10 00:15,25,11,14,0,0,0
2019-03-10 00:30,30,12,18,0,0,0
2019-03-10 00:45,22,5,17,0,0,0
2019-03-10 01:00,23,5,18,0,0,0
2019-03-10 01:15,19,10,9,0,0,0
2019-03-10 01:30,12,4,8,0,0,0
2019-03-10 01:45,13,4,9,0,0,0
2019-03-10 02:00,10,2,8,0,0,0
2019-03-10 02:15,11,2,9,0,0,0
2019-03-10 02:30,9,0,9,0,0,0
2019-03-10 02:45,2,0,2,0,0,0
2019-03-10 03:00,4,1,3,0,0,0
2019-03-10 03:15,4,0,4,0,0,0
2019-03-10 03:30,3,1,2,0,0,0
2019-03-10 03:45,3,0,3,0,0,0
2019-03-10 04:00,5,0,5,0,0,0
2019-03-10 04:15,8,4,4,0,0,0
2019-03-10 04:30,5,1,4,0,0,0
2019-03-10 04:45,2,0,2,0,0,0
2019-03-10 05:00,2,1,1,0,0,0
2019-03-10 05:15,6,3,3,0,0,0
2019-03-10 05:30,5,1,4,0,0,0
2019-03-10 05:45,2,1,1,0,0,0
2019-03-10 06:00,2,0,2,0,0,0
2019-03-10 06:15,5,2,3,0,0,0
2019-03-10 06:30,1,0,1,0,0,0
2019-03-10 06:45,1,0,1,0,0,0
2019-03-10 07:00,2,1,1,0,0,0
2019-03-10 07:15,2,2,0,0,0,0
2019-03-10 07:30,4,1,3,0,0,0
2019-03-10 07:45,4,4,0,0,0,0
2019-03-10 08:00,2,1,1,0,0,0
2019-03-10 08:15,6,4,2,0,0,0
2019-03-10 08:30,3,3,0,0,0,0
2019-03-10 08:45,5,2,3,0,0,0
2019-03-10 09:00,10,8,2,0,0,0
2019-03-10 09:15,8,5,3,0,0,0
2019-03-10 09:30,11,9,2,0,0,0
2019-03-10 09:45,35,21,14,0,0,0
2019-03-10 10:00,24,17,7,0,0,0
2019-03-10 10:15,14,10,4,0,0,0
2019-03-10 10:30,16,12,4,0,0,0
2019-03-10 10:45,29,13,16,0,0,0
2019-03-10 11:00,16,9,7,0,0,0
2019-03-10 11:15,22,13,9,0,0,0
2019-03-10 11:30,19,10,9,0,0,0
2019-03-10 11:45,16,10,6,0,0,0
2019-03-10 12:00,14,9,5,0,0,0
2019-03-10 12:15,25,12,13,0,0,0
2019-03-10 12:30,14,8,6,0,0,0
2019-03-10 12:45,20,8,12,0,0,0
2019-03-10 13:00,18,6,12,0,0,0
2019-03-10 13:15,15,8,7,0,0,0
2019-03-10 13:30,25,11,14,0,0,0
2019-03-10 13:45,20,13,7,0,0,0
2019-03-10 14:00,25,11,14,0,0,0
2019-03-10 14:15,24,13,11,0,0,0
2019-03-10 14:30,25,12,13,0,0,0
2019-03-10 14:45,34,11,23,0,0,0
2019-03-10 15:00,13,6,7,0,0,0
2019-03-10 15:15,21,8,13,0,0,0
2019-03-10 15:30,27,16,11,0,0,0
2019-03-10 15:45,29,12,17,0,0,0
2019-03-10 16:00,26,11,15,0,0,0
2019-03-10 16:15,20,8,12,0,0,0
2019-03-10 16:30,27,17,10,0,0,0
2019-03-10 16:45,21,4,17,0,0,0
2019-03-10 17:00,29,9,20,0,0,0
2019-03-10 17:15,15,4,11,0,0,0
2019-03-10 17:30,17,5,12,0,0,0
2019-03-10 17:45,25,9,16,0,0,0
2019-03-10 18:00,31,11,20,0,0,0
2019-03-10 18:15,22,9,13,0,0,0
2019-03-10 18:30,15,6,9,0,0,0
2019-03-10 18:45,19,10,9,0,0,0
2019-03-10 19:00,23,6,17,0,0,0
2019-03-10 19:15,25,11,14,0,0,0
2019-03-10 19:30,33,9,24,0,0,0
2019-03-10 19:45,16,8,8,0,0,0
2019-03-10 20:00,11,4,7,0,0,0
2019-03-10 20:15,21,12,9,0,0,0
2019-03-10 20:30,10,4,6,0,0,0
2019-03-10 20:45,12,6,6,0,0,0
2019-03-10 21:00,11,5,6,0,0,0
2019-03-10 21:15,8,3,5,0,0,0
2019-03-10 21:30,9,4,5,0,0,0
2019-03-10 21:45,7,2,5,0,0,0
2019-03-10 22:00,13,2,11,0,0,0
2019-03-10 22:15,2,0,2,0,0,0
2019-03-10 22:30,11,3,8,0,0,0
2019-03-10 22:45,5,1,4,0,0,0
2019-03-10 23:00,10,4,6,0,0,0
2019-03-10 23:15,5,2,3,0,0,0
2019-03-10 23:30,7,1,6,0,0,0
2019-03-10 23:45,7,1,6,0,0,0
2019-03-11 00:00,1,0,1,0,0,0
2019-03-11 00:15,3,1,2,0,0,0
2019-03-11 00:30,1,0,1,0,0,0
2019-03-11 00:45,3,0,3,0,0,0
2019-03-11 01:00,3,1,2,0,0,0
2019-03-11 01:15,1,0,1,0,0,0
2019-03-11 01:30,0,0,0,0,0,0
2019-03-11 01:45,1,0,1,0,0,0
2019-03-11 02:00,0,0,0,0,0,0
2019-03-11 02:15,1,1,0,0,0,0
2019-03-11 02:30,0,0,0,0,0,0
2019-03-11 02:45,1,1,0,0,0,0
2019-03-11 03:00,0,0,0,0,0,0
2019-03-11 03:15,1,1,0,0,0,0
2019-03-11 03:30,0,0,0,0,0,0
2019-03-11 03:45,0,0,0,0,0,0
2019-03-11 04:00,1,1,0,0,0,0
2019-03-11 04:15,1,0,1,0,0,0
2019-03-11 04:30,0,0,0,0,0,0
2019-03-11 04:45,0,0,0,0,0,0
2019-03-11 05:00,5,5,0,0,0,0
2019-03-11 05:15,11,8,3,0,0,0
2019-03-11 05:30,12,10,2,0,0,0
2019-03-11 05:45,13,10,3,0,0,0
2019-03-11 06:00,22,15,7,0,0,0
2019-03-11 06:15,31,22,9,0,0,0
2019-03-11 06:30,32,25,7,0,0,0
2019-03-11 06:45,58,41,17,0,0,0
2019-03-11 07:00,62,41,21,0,0,0
2019-03-11 07:15,97,62,35,0,0,0
2019-03-11 07:30,144,98,46,0,0,0
2019-03-11 07:45,145,106,39,0,0,0
2019-03-11 08:00,123,91,32,0,0,0
2019-03-11 08:15,122,86,36,0,0,0
2019-03-11 08:30,84,53,31,0,0,0
2019-03-11 08:45,108,67,41,0,0,0
2019-03-11 09:00,69,52,17,0,0,0
2019-03-11 09:15,62,36,26,0,0,0
2019-03-11 09:30,51,32,19,0,0,0
2019-03-11 09:45,60,40,20,0,0,0
2019-03-11 10:00,43,23,20,0,0,0
2019-03-11 10:15,43,24,19,0,0,0
2019-03-11 10:30,45,29,16,0,0,0
2019-03-11 10:45,52,30,22,0,0,0
2019-03-11 11:00,43,27,16,0,0,0
2019-03-11 11:15,68,37,31,0,0,0
2019-03-11 11:30,62,21,41,0,0,0
2019-03-11 11:45,75,39,36,0,0,0
2019-03-11 12:00,90,39,51,0,0,0
2019-03-11 12:15,86,37,49,0,0,0
2019-03-11 12:30,80,31,49,0,0,0
2019-03-11 12:45,85,39,46,0,0,0
2019-03-11 13:00,69,22,47,0,0,0
2019-03-11 13:15,70,26,44,0,0,0
2019-03-11 13:30,85,37,48,0,0,0
2019-03-11 13:45,81,33,48,0,0,0
2019-03-11 14:00,86,29,57,0,0,0
2019-03-11 14:15,94,36,58,0,0,0
2019-03-11 14:30,96,38,58,0,0,0
2019-03-11 14:45,99,39,60,0,0,0
2019-03-11 15:00,98,41,57,0,0,0
2019-03-11 15:15,92,36,56,0,0,0
2019-03-11 15:30,82,33,49,0,0,0
2019-03-11 15:45,97,39,58,0,0,0
2019-03-11 16:00,109,37,72,0,0,0
2019-03-11 16:15,98,34,64,0,0,0
2019-03-11 16:30,90,18,72,0,0,0
2019-03-11 16:45,145,44,101,0,0,0
2019-03-11 17:00,118,34,84,0,0,0
2019-03-11 17:15,126,46,80,0,0,0
2019-03-11 17:30,113,41,72,0,0,0
2019-03-11 17:45,92,31,61,0,0,0
2019-03-11 18:00,97,23,74,0,0,0
2019-03-11 18:15,82,26,56,0,0,0
2019-03-11 18:30,92,23,69,0,0,0
2019-03-11 18:45,86,36,50,0,0,0
2019-03-11 19:00,77,23,54,0,0,0
2019-03-11 19:15,62,15,47,0,0,0
2019-03-11 19:30,50,11,39,0,0,0
2019-03-11 19:45,51,24,27,0,0,0
2019-03-11 20:00,55,20,35,0,0,0
2019-03-11 20:15,36,12,24,0,0,0
2019-03-11 20:30,39,17,22,0,0,0
2019-03-11 20:45,31,10,21,0,0,0
2019-03-11 21:00,35,9,26,0,0,0
2019-03-11 21:15,31,16,15,0,0,0
2019-03-11 21:30,30,6,24,0,0,0
2019-03-11 21:45,39,18,21,0,0,0
2019-03-11 22:00,22,7,15,0,0,0
2019-03-11 22:15,21,10,11,0,0,0
2019-03-11 22:30,17,3,14,0,0,0
2019-03-11 22:45,26,5,21,0,0,0
2019-03-11 23:00,13,4,9,0,0,0
2019-03-11 23:15,14,3,11,0,0,0
2019-03-11 23:30,9,1,8,0,0,0
2019-03-11 23:45,13,2,11,0,0,0
2019-03-12 00:00,8,2,6,0,0,0
2019-03-12 00:15,8,4,4,0,0,0
2019-03-12 00:30,6,5,1,0,0,0
2019-03-12 00:45,2,0,2,0,0,0
2019-03-12 01:00,2,0,2,0,0,0
2019-03-12 01:15,2,2,0,0,0,0
2019-03-12 01:30,3,0,3,0,0,0
2019-03-12 01:45,0,0,0,0,0,0
2019-03-12 02:00,0,0,0,0,0,0
2019-03-12 02:15,0,0,0,0,0,0
2019-03-12 02:30,0,0,0,0,0,0
2019-03-12 02:45,1,0,1,0,0,0
2019-03-12 03:00,0,0,0,0,0,0
2019-03-12 03:15,0,0,0,0,0,0
2019-03-12 03:30,2,0,2,0,0,0
2019-03-12 03:45,0,0,0,0,0,0
2019-03-12 04:00,1,1,0,0,0,0
2019-03-12 04:15,0,0,0,0,0,0
2019-03-12 04:30,2,1,1,0,0,0
2019-03-12 04:45,0,0,0,0,0,0
2019-03-12 05:00,4,3,1,0,0,0
2019-03-12 05:15,8,5,3,0,0,0
2019-03-12 05:30,11,9,2,0,0,0
2019-03-12 05:45,15,12,3,0,0,0
2019-03-12 06:00,19,13,6,0,0,0
2019-03-12 06:15,28,22,6,0,0,0
2019-03-12 06:30,37,31,6,0,0,0
2019-03-12 06:45,53,39,14,0,0,0
2019-03-12 07:00,65,48,17,0,0,0
2019-03-12 07:15,81,47,34,0,0,0
2019-03-12 07:30,134,94,40,0,0,0
2019-03-12 07:45,183,134,49,0,0,0
2019-03-12 08:00,136,100,36,0,0,0
2019-03-12 08:15,146,95,51,0,0,0
2019-03-12 08:30,106,72,34,0,0,0
2019-03-12 08:45,139,92,47,0,0,0
2019-03-12 09:00,69,45,24,0,0,0
2019-03-12 09:15,80,48,32,0,0,0
2019-03-12 09:30,83,51,32,0,0,0
2019-03-12 09:45,108,65,43,0,0,0
2019-03-12 10:00,69,39,30,0,0,0
2019-03-12 10:15,94,50,44,0,0,0
2019-03-12 10:30,69,35,34,0,0,0
2019-03-12 10:45,70,31,39,0,0,0
2019-03-12 11:00,79,50,29,0,0,0
2019-03-12 11:15,78,37,41,0,0,0
2019-03-12 11:30,88,47,41,0,0,0
2019-03-12 11:45,91,40,51,0,0,0
2019-03-12 12:00,100,40,60,0,0,0
2019-03-12 12:15,117,45,72,0,0,0
2019-03-12 12:30,100,31,69,0,0,0
2019-03-12 12:45,108,50,58,0,0,0
2019-03-12 13:00,126,49,77,0,0,0
2019-03-12 13:15,110,38,72,0,0,0
2019-03-12 13:30,121,56,65,0,0,0
2019-03-12 13:45,142,55,87,0,0,0
2019-03-12 14:00,100,44,56,0,0,0
2019-03-12 14:15,112,52,60,0,0,0
2019-03-12 14:30,102,49,53,0,0,0
2019-03-12 14:45,128,58,70,0,0,0
2019-03-12 15:00,125,45,80,0,0,0
2019-03-12 15:15,148,56,92,0,0,0
2019-03-12 15:30,123,47,76,0,0,0
2019-03-12 15:45,142,56,86,0,0,0
2019-03-12 16:00,165,62,103,0,0,0
2019-03-12 16:15,171,70,101,0,0,0
2019-03-12 16:30,177,71,106,0,0,0
2019-03-12 16:45,186,80,106,0,0,0
2019-03-12 17:00,191,54,137,0,0,0
2019-03-12 17:15,151,57,94,0,0,0
2019-03-12 17:30,177,57,120,0,0,0
2019-03-12 17:45,198,66,132,0,0,0
2019-03-12 18:00,183,50,133,0,0,0
2019-03-12 18:15,172,51,121,0,0,0
2019-03-12 18:30,155,47,108,0,0,0
2019-03-12 18:45,122,43,79,0,0,0
2019-03-12 19:00,110,41,69,0,0,0
2019-03-12 19:15,110,43,67,0,0,0
2019-03-12 19:30,97,39,58,0,0,0
2019-03-12 19:45,92,37,55,0,0,0
2019-03-12 20:00,78,35,43,0,0,0
2019-03-12 20:15,59,25,34,0,0,0
2019-03-12 20:30,40,17,23,0,0,0
2019-03-12 20:45,49,24,25,0,0,0
2019-03-12 21:00,115,85,30,0,0,0
2019-03-12 21:15,60,29,31,0,0,0
2019-03-12 21:30,60,24,36,0,0,0
2019-03-12 21:45,48,19,29,0,0,0
2019-03-12 22:00,56,23,33,0,0,0
2019-03-12 22:15,45,13,32,0,0,0
2019-03-12 22:30,32,8,24,0,0,0
2019-03-12 22:45,34,8,26,0,0,0
2019-03-12 23:00,33,19,14,0,0,0
2019-03-12 23:15,24,3,21,0,0,0
2019-03-12 23:30,19,4,15,0,0,0
2019-03-12 23:45,16,3,13,0,0,0
2019-03-13 00:00,11,4,7,0,0,0
2019-03-13 00:15,9,4,5,0,0,0
2019-03-13 00:30,6,3,3,0,0,0
2019-03-13 00:45,8,0,8,0,0,0
2019-03-13 01:00,4,4,0,0,0,0
2019-03-13 01:15,1,0,1,0,0,0
2019-03-13 01:30,1,1,0,0,0,0
2019-03-13 01:45,1,0,1,0,0,0
2019-03-13 02:00,1,0,1,0,0,0
2019-03-13 02:15,0,0,0,0,0,0
2019-03-13 02:30,3,0,3,0,0,0
2019-03-13 02:45,2,1,1,0,0,0
2019-03-13 03:00,0,0,0,0,0,0
2019-03-13 03:15,1,1,0,0,0,0
2019-03-13 03:30,0,0,0,0,0,0
2019-03-13 03:45,1,1,0,0,0,0
2019-03-13 04:00,0,0,0,0,0,0
2019-03-13 04:15,2,1,1,0,0,0
2019-03-13 04:30,0,0,0,0,0,0
2019-03-13 04:45,0,0,0,0,0,0
2019-03-13 05:00,4,4,0,0,0,0
2019-03-13 05:15,8,5,3,0,0,0
2019-03-13 05:30,13,9,4,0,0,0
2019-03-13 05:45,16,10,6,0,0,0
2019-03-13 06:00,20,12,8,0,0,0
2019-03-13 06:15,25,19,6,0,0,0
2019-03-13 06:30,42,33,9,0,0,0
2019-03-13 06:45,54,40,14,0,0,0
2019-03-13 07:00,60,44,16,0,0,0
2019-03-13 07:15,81,53,28,0,0,0
2019-03-13 07:30,129,87,42,0,0,0
2019-03-13 07:45,120,82,38,0,0,0
2019-03-13 08:00,128,92,36,0,0,0
2019-03-13 08:15,109,75,34,0,0,0
2019-03-13 08:30,89,54,35,0,0,0
2019-03-13 08:45,117,75,42,0,0,0
2019-03-13 09:00,67,44,23,0,0,0
2019-03-13 09:15,73,49,24,0,0,0
2019-03-13 09:30,83,52,31,0,0,0
2019-03-13 09:45,93,58,35,0,0,0
2019-03-13 10:00,53,30,23,0,0,0
2019-03-13 10:15,57,35,22,0,0,0
2019-03-13 10:30,79,39,40,0,0,0
2019-03-13 10:45,82,48,34,0,0,0
2019-03-13 11:00,61,34,27,0,0,0
2019-03-13 11:15,67,36,31,0,0,0
2019-03-13 11:30,73,42,31,0,0,0
2019-03-13 11:45,80,54,26,0,0,0
2019-03-13 12:00,97,42,55,0,0,0
2019-03-13 12:15,84,34,50,0,0,0
2019-03-13 12:30,103,35,68,0,0,0
2019-03-13 12:45,114,46,68,0,0,0
2019-03-13 13:00,121,49,72,0,0,0
2019-03-13 13:15,72,22,50,0,0,0
2019-03-13 13:30,91,32,59,0,0,0
2019-03-13 13:45,91,30,61,0,0,0
2019-03-13 14:00,67,20,47,0,0,0
2019-03-13 14:15,74,18,56,0,0,0
2019-03-13 14:30,69,31,38,0,0,0
2019-03-13 14:45,78,23,55,0,0,0
2019-03-13 15:00,75,16,59,0,0,0
2019-03-13 15:15,66,22,44,0,0,0
2019-03-13 15:30,85,27,58,0,0,0
2019-03-13 15:45,82,30,52,0,0,0
2019-03-13 16:00,113,29,84,0,0,0
2019-03-13 16:15,98,36,62,0,0,0
2019-03-13 16:30,93,36,57,0,0,0
2019-03-13 16:45,111,42,69,0,0,0
2019-03-13 17:00,103,17,86,0,0,0
2019-03-13 17:15,120,39,81,0,0,0
2019-03-13 17:30,108,33,75,0,0,0
2019-03-13 17:45,123,51,72,0,0,0
2019-03-13 18:00,123,46,77,0,0,0
2019-03-13 18:15,96,32,64,0,0,0
2019-03-13 18:30,96,35,61,0,0,0
2019-03-13 18:45,90,33,57,0,0,0
2019-03-13 19:00,93,38,55,0,0,0
2019-03-13 19:15,90,22,68,0,0,0
2019-03-13 19:30,66,23,43,0,0,0
2019-03-13 19:45,79,32,47,0,0,0
2019-03-13 20:00,56,18,38,0,0,0
2019-03-13 20:15,66,22,44,0,0,0
2019-03-13 20:30,52,20,32,0,0,0
2019-03-13 20:45,57,16,41,0,0,0
2019-03-13 21:00,31,10,21,0,0,0
2019-03-13 21:15,32,13,19,0,0,0
2019-03-13 21:30,33,19,14,0,0,0
2019-03-13 21:45,27,11,16,0,0,0
2019-03-13 22:00,28,10,18,0,0,0
2019-03-13 22:15,35,11,24,0,0,0
2019-03-13 22:30,38,3,35,0,0,0
2019-03-13 22:45,38,17,21,0,0,0
2019-03-13 23:00,43,19,24,0,0,0
2019-03-13 23:15,39,12,27,0,0,0
2019-03-13 23:30,32,11,21,0,0,0
2019-03-13 23:45,7,2,5,0,0,0
2019-03-14 00:00,17,13,4,0,0,0
2019-03-14 00:15,12,1,11,0,0,0
2019-03-14 00:30,5,3,2,0,0,0
2019-03-14 00:45,4,1,3,0,0,0
2019-03-14 01:00,6,0,6,0,0,0
2019-03-14 01:15,5,1,4,0,0,0
2019-03-14 01:30,4,2,2,0,0,0
2019-03-14 01:45,9,8,1,0,0,0
2019-03-14 02:00,3,0,3,0,0,0
2019-03-14 02:15,3,1,2,0,0,0
2019-03-14 02:30,0,0,0,0,0,0
2019-03-14 02:45,1,0,1,0,0,0
2019-03-14 03:00,1,1,0,0,0,0
2019-03-14 03:15,4,1,3,0,0,0
2019-03-14 03:30,5,1,4,0,0,0
2019-03-14 03:45,7,0,7,0,0,0
2019-03-14 04:00,4,1,3,0,0,0
2019-03-14 04:15,3,0,3,0,0,0
2019-03-14 04:30,0,0,0,0,0,0
2019-03-14 04:45,1,1,0,0,0,0
2019-03-14 05:00,4,2,2,0,0,0
2019-03-14 05:15,8,4,4,0,0,0
2019-03-14 05:30,12,8,4,0,0,0
2019-03-14 05:45,20,16,4,0,0,0
2019-03-14 06:00,21,10,11,0,0,0
2019-03-14 06:15,21,16,5,0,0,0
2019-03-14 06:30,35,29,6,0,0,0
2019-03-14 06:45,55,42,13,0,0,0
2019-03-14 07:00,54,40,14,0,0,0
2019-03-14 07:15,95,56,39,0,0,0
2019-03-14 07:30,114,77,37,0,0,0
2019-03-14 07:45,134,89,45,0,0,0
2019-03-14 08:00,103,66,37,0,0,0
2019-03-14 08:15,102,64,38,0,0,0
2019-03-14 08:30,104,75,29,0,0,0
2019-03-14 08:45,104,67,37,0,0,0
2019-03-14 09:00,81,50,31,0,0,0
2019-03-14 09:15,66,49,17,0,0,0
2019-03-14 09:30,47,36,11,0,0,0
2019-03-14 09:45,61,46,15,0,0,0
2019-03-14 10:00,59,34,25,0,0,0
2019-03-14 10:15,53,22,31,0,0,0
2019-03-14 10:30,43,19,24,0,0,0
2019-03-14 10:45,46,21,25,0,0,0
2019-03-14 11:00,47,25,22,0,0,0
2019-03-14 11:15,52,21,31,0,0,0
2019-03-14 11:30,40,18,22,0,0,0
2019-03-14 11:45,51,32,19,0,0,0
2019-03-14 12:00,61,18,43,0,0,0
2019-03-14 12:15,66,22,44,0,0,0
2019-03-14 12:30,94,19,75,0,0,0
2019-03-14 12:45,62,24,38,0,0,0
2019-03-14 13:00,63,24,39,0,0,0
2019-03-14 13:15,64,31,33,0,0,0
2019-03-14 13:30,47,21,26,0,0,0
2019-03-14 13:45,89,33,56,0,0,0
2019-03-14 14:00,63,23,40,0,0,0
2019-03-14 14:15,75,27,48,0,0,0
2019-03-14 14:30,62,20,42,0,0,0
2019-03-14 14:45,94,45,49,0,0,0
2019-03-14 15:00,92,38,54,0,0,0
2019-03-14 15:15,69,28,41,0,0,0
2019-03-14 15:30,91,40,51,0,0,0
2019-03-14 15:45,110,55,55,0,0,0
2019-03-14 16:00,106,39,67,0,0,0
2019-03-14 16:15,93,39,54,0,0,0
2019-03-14 16:30,108,41,67,0,0,0
2019-03-14 16:45,121,42,79,0,0,0
2019-03-14 17:00,125,40,85,0,0,0
2019-03-14 17:15,89,38,51,0,0,0
2019-03-14 17:30,108,43,65,0,0,0
2019-03-14 17:45,139,63,76,0,0,0
2019-03-14 18:00,166,75,91,0,0,0
2019-03-14 18:15,115,31,84,0,0,0
2019-03-14 18:30,114,40,74,0,0,0
2019-03-14 18:45,105,39,66,0,0,0
2019-03-14 19:00,107,35,72,0,0,0
2019-03-14 19:15,106,36,70,0,0,0
2019-03-14 19:30,71,32,39,0,0,0
2019-03-14 19:45,82,28,54,0,0,0
2019-03-14 20:00,69,23,46,0,0,0
2019-03-14 20:15,58,19,39,0,0,0
2019-03-14 20:30,42,13,29,0,0,0
2019-03-14 20:45,40,12,28,0,0,0
2019-03-14 21:00,34,8,26,0,0,0
2019-03-14 21:15,40,15,25,0,0,0
2019-03-14 21:30,34,15,19,0,0,0
2019-03-14 21:45,41,17,24,0,0,0
2019-03-14 22:00,40,12,28,0,0,0
2019-03-14 22:15,37,14,23,0,0,0
2019-03-14 22:30,44,13,31,0,0,0
2019-03-14 22:45,55,13,42,0,0,0
2019-03-14 23:00,23,6,17,0,0,0
2019-03-14 23:15,21,6,15,0,0,0
2019-03-14 23:30,17,6,11,0,0,0
2019-03-14 23:45,17,2,15,0,0,0
2019-03-15 00:00,9,5,4,0,0,0
2019-03-15 00:15,10,5,5,0,0,0
2019-03-15 00:30,8,5,3,0,0,0
2019-03-15 00:45,6,2,4,0,0,0
2019-03-15 01:00,7,2,5,0,0,0
2019-03-15 01:15,4,1,3,0,0,0
2019-03-15 01:30,2,2,0,0,0,0
2019-03-15 01:45,0,0,0,0,0,0
2019-03-15 02:00,1,0,1,0,0,0
2019-03-15 02:15,3,2,1,0,0,0
2019-03-15 02:30,1,0,1,0,0,0
2019-03-15 02:45,4,0,4,0,0,0
2019-03-15 03:00,1,1,0,0,0,0
2019-03-15 03:15,0,0,0,0,0,0
2019-03-15 03:30,0,0,0,0,0,0
2019-03-15 03:45,0,0,0,0,0,0
2019-03-15 04:00,2,1,1,0,0,0
2019-03-15 04:15,0,0,0,0,0,0
2019-03-15 04:30,0,0,0,0,0,0
2019-03-15 04:45,0,0,0,0,0,0
2019-03-15 05:00,4,3,1,0,0,0
2019-03-15 05:15,5,5,0,0,0,0
2019-03-15 05:30,15,9,6,0,0,0
2019-03-15 05:45,22,18,4,0,0,0
2019-03-15 06:00,13,8,5,0,0,0
2019-03-15 06:15,21,17,4,0,0,0
2019-03-15 06:30,33,20,13,0,0,0
2019-03-15 06:45,47,33,14,0,0,0
2019-03-15 07:00,52,38,14,0,0,0
2019-03-15 07:15,89,58,31,0,0,0
2019-03-15 07:30,128,83,45,0,0,0
2019-03-15 07:45,136,95,41,0,0,0
2019-03-15 08:00,96,73,23,0,0,0
2019-03-15 08:15,110,65,45,0,0,0
2019-03-15 08:30,103,76,27,0,0,0
2019-03-15 08:45,126,83,43,0,0,0
2019-03-15 09:00,66,44,22,0,0,0
2019-03-15 09:15,71,45,26,0,0,0
2019-03-15 09:30,81,54,27,0,0,0
2019-03-15 09:45,116,90,26,0,0,0
2019-03-15 10:00,82,58,24,0,0,0
2019-03-15 10:15,79,52,27,0,0,0
2019-03-15 10:30,53,40,13,0,0,0
2019-03-15 10:45,89,46,43,0,0,0
2019-03-15 11:00,69,40,29,0,0,0
2019-03-15 11:15,68,32,36,0,0,0
2019-03-15 11:30,84,35,49,0,0,0
2019-03-15 11:45,80,38,42,0,0,0
2019-03-15 12:00,98,42,56,0,0,0
2019-03-15 12:15,102,37,65,0,0,0
2019-03-15 12:30,130,47,83,0,0,0
2019-03-15 12:45,118,39,79,0,0,0
2019-03-15 13:00,133,54,79,0,0,0
2019-03-15 13:15,153,57,96,0,0,0
2019-03-15 13:30,127,41,86,0,0,0
2019-03-15 13:45,127,52,75,0,0,0
2019-03-15 14:00,139,53,86,0,0,0
2019-03-15 14:15,128,49,79,0,0,0
2019-03-15 14:30,105,40,65,0,0,0
2019-03-15 14:45,121,50,71,0,0,0
2019-03-15 15:00,124,50,74,0,0,0
2019-03-15 15:15,114,43,71,0,0,0
2019-03-15 15:30,77,27,50,0,0,0
2019-03-15 15:45,73,30,43,0,0,0
2019-03-15 16:00,85,19,66,0,0,0
2019-03-15 16:15,93,32,61,0,0,0
2019-03-15 16:30,88,38,50,0,0,0
2019-03-15 16:45,77,24,53,0,0,0
2019-03-15 17:00,88,28,60,0,0,0
2019-03-15 17:15,101,51,50,0,0,0
2019-03-15 17:30,101,54,47,0,0,0
2019-03-15 17:45,106,54,52,0,0,0
2019-03-15 18:00,90,32,58,0,0,0
2019-03-15 18:15,112,57,55,0,0,0
2019-03-15 18:30,95,36,59,0,0,0
2019-03-15 18:45,87,47,40,0,0,0
2019-03-15 19:00,74,39,35,0,0,0
2019-03-15 19:15,112,48,64,0,0,0
2019-03-15 19:30,63,31,32,0,0,0
2019-03-15 19:45,76,26,50,0,0,0
2019-03-15 20:00,67,25,42,0,0,0
2019-03-15 20:15,51,25,26,0,0,0
2019-03-15 20:30,38,21,17,0,0,0
2019-03-15 20:45,58,27,31,0,0,0
2019-03-15 21:00,36,11,25,0,0,0
2019-03-15 21:15,39,17,22,0,0,0
2019-03-15 21:30,63,35,28,0,0,0
2019-03-15 21:45,34,10,24,0,0,0
2019-03-15 22:00,50,18,32,0,0,0
2019-03-15 22:15,28,9,19,0,0,0
2019-03-15 22:30,29,9,20,0,0,0
2019-03-15 22:45,40,12,28,0,0,0
2019-03-15 23:00,31,10,21,0,0,0
2019-03-15 23:15,21,7,14,0,0,0
2019-03-15 23:30,27,4,23,0,0,0
2019-03-15 23:45,22,4,18,0,0,0
2019-03-16 00:00,28,6,22,0,0,0
2019-03-16 00:15,26,7,19,0,0,0
2019-03-16 00:30,26,7,19,0,0,0
2019-03-16 00:45,17,5,12,0,0,0
2019-03-16 01:00,24,9,15,0,0,0
2019-03-16 01:15,15,6,9,0,0,0
2019-03-16 01:30,19,4,15,0,0,0
2019-03-16 01:45,12,3,9,0,0,0
2019-03-16 02:00,20,9,11,0,0,0
2019-03-16 02:15,6,0,6,0,0,0
2019-03-16 02:30,13,5,8,0,0,0
2019-03-16 02:45,6,1,5,0,0,0
2019-03-16 03:00,8,3,5,0,0,0
2019-03-16 03:15,7,1,6,0,0,0
2019-03-16 03:30,12,3,9,0,0,0
2019-03-16 03:45,4,1,3,0,0,0
2019-03-16 04:00,3,0,3,0,0,0
2019-03-16 04:15,3,1,2,0,0,0
2019-03-16 04:30,6,3,3,0,0,0
2019-03-16 04:45,1,1,0,0,0,0
2019-03-16 05:00,5,3,2,0,0,0
2019-03-16 05:15,8,4,4,0,0,0
2019-03-16 05:30,8,4,4,0,0,0
2019-03-16 05:45,11,6,5,0,0,0
2019-03-16 06:00,2,1,1,0,0,0
2019-03-16 06:15,8,4,4,0,0,0
2019-03-16 06:30,14,4,10,0,0,0
2019-03-16 06:45,7,4,3,0,0,0
2019-03-16 07:00,9,8,1,0,0,0
2019-03-16 07:15,9,6,3,0,0,0
2019-03-16 07:30,12,6,6,0,0,0
2019-03-16 07:45,28,23,5,0,0,0
2019-03-16 08:00,15,8,7,0,0,0
2019-03-16 08:15,23,13,10,0,0,0
2019-03-16 08:30,33,24,9,0,0,0
2019-03-16 08:45,42,35,7,0,0,0
2019-03-16 09:00,31,17,14,0,0,0
2019-03-16 09:15,52,39,13,0,0,0
2019-03-16 09:30,58,43,15,0,0,0
2019-03-16 09:45,63,43,20,0,0,0
2019-03-16 10:00,50,32,18,0,0,0
2019-03-16 10:15,54,39,15,0,0,0
2019-03-16 10:30,66,46,20,0,0,0
2019-03-16 10:45,82,57,25,0,0,0
2019-03-16 11:00,68,31,37,0,0,0
2019-03-16 11:15,85,56,29,0,0,0
2019-03-16 11:30,89,55,34,0,0,0
2019-03-16 11:45,96,52,44,0,0,0
2019-03-16 12:00,79,42,37,0,0,0
2019-03-16 12:15,111,54,57,0,0,0
2019-03-16 12:30,92,48,44,0,0,0
2019-03-16 12:45,106,66,40,0,0,0
2019-03-16 13:00,127,66,61,0,0,0
2019-03-16 13:15,100,53,47,0,0,0
2019-03-16 13:30,103,49,54,0,0,0
2019-03-16 13:45,99,47,52,0,0,0
2019-03-16 14:00,106,50,56,0,0,0
2019-03-16 14:15,87,42,45,0,0,0
2019-03-16 14:30,87,37,50,0,0,0
2019-03-16 14:45,107,43,64,0,0,0
2019-03-16 15:00,97,39,58,0,0,0
2019-03-16 15:15,94,44,50,0,0,0
2019-03-16 15:30,94,40,54,0,0,0
2019-03-16 15:45,88,46,42,0,0,0
2019-03-16 16:00,77,30,47,0,0,0
2019-03-16 16:15,84,37,47,0,0,0
2019-03-16 16:30,89,30,59,0,0,0
2019-03-16 16:45,88,36,52,0,0,0
2019-03-16 17:00,93,47,46,0,0,0
2019-03-16 17:15,98,37,61,0,0,0
2019-03-16 17:30,87,36,51,0,0,0
2019-03-16 17:45,92,31,61,0,0,0
2019-03-16 18:00,83,29,54,0,0,0
2019-03-16 18:15,98,32,66,0,0,0
2019-03-16 18:30,58,26,32,0,0,0
2019-03-16 18:45,73,30,43,0,0,0
2019-03-16 19:00,57,22,35,0,0,0
2019-03-16 19:15,79,25,54,0,0,0
2019-03-16 19:30,49,18,31,0,0,0
2019-03-16 19:45,71,34,37,0,0,0
2019-03-16 20:00,76,41,35,0,0,0
2019-03-16 20:15,48,22,26,0,0,0
2019-03-16 20:30,29,13,16,0,0,0
2019-03-16 20:45,43,18,25,0,0,0
2019-03-16 21:00,34,18,16,0,0,0
2019-03-16 21:15,37,16,21,0,0,0
2019-03-16 21:30,28,7,21,0,0,0
2019-03-16 21:45,28,14,14,0,0,0
2019-03-16 22:00,41,14,27,0,0,0
2019-03-16 22:15,46,15,31,0,0,0
2019-03-16 22:30,39,11,28,0,0,0
2019-03-16 22:45,34,14,20,0,0,0
2019-03-16 23:00,21,10,11,0,0,0
2019-03-16 23:15,36,16,20,0,0,0
2019-03-16 23:30,32,15,17,0,0,0
2019-03-16 23:45,33,21,12,0,0,0
2019-03-17 00:00,28,4,24,0,0,0
2019-03-17 00:15,26,7,19,0,0,0
2019-03-17 00:30,26,13,13,0,0,0
2019-03-17 00:45,19,2,17,0,0,0
2019-03-17 01:00,19,8,11,0,0,0
2019-03-17 01:15,33,7,26,0,0,0
2019-03-17 01:30,13,7,6,0,0,0
2019-03-17 01:45,26,13,13,0,0,0
2019-03-17 02:00,16,5,11,0,0,0
2019-03-17 02:15,12,5,7,0,0,0
2019-03-17 02:30,12,5,7,0,0,0
2019-03-17 02:45,9,1,8,0,0,0
2019-03-17 03:00,8,2,6,0,0,0
2019-03-17 03:15,9,2,7,0,0,0
2019-03-17 03:30,9,2,7,0,0,0
2019-03-17 03:45,3,0,3,0,0,0
2019-03-17 04:00,10,0,10,0,0,0
2019-03-17 04:15,4,0,4,0,0,0
2019-03-17 04:30,7,1,6,0,0,0
2019-03-17 04:45,3,0,3,0,0,0
2019-03-17 05:00,4,0,4,0,0,0
2019-03-17 05:15,6,5,1,0,0,0
2019-03-17 05:30,9,6,3,0,0,0
2019-03-17 05:45,4,4,0,0,0,0
2019-03-17 06:00,1,1,0,0,0,0
2019-03-17 06:15,3,0,3,0,0,0
2019-03-17 06:30,2,0,2,0,0,0
2019-03-17 06:45,1,0,1,0,0,0
2019-03-17 07:00,0,0,0,0,0,0
2019-03-17 07:15,1,1,0,0,0,0
2019-03-17 07:30,3,0,3,0,0,0
2019-03-17 07:45,12,8,4,0,0,0
2019-03-17 08:00,6,1,5,0,0,0
2019-03-17 08:15,5,2,3,0,0,0
2019-03-17 08:30,4,3,1,0,0,0
2019-03-17 08:45,10,7,3,0,0,0
2019-03-17 09:00,7,5,2,0,0,0
2019-03-17 09:15,7,4,3,0,0,0
2019-03-17 09:30,17,9,8,0,0,0
2019-03-17 09:45,36,20,16,0,0,0
2019-03-17 10:00,27,17,10,0,0,0
2019-03-17 10:15,25,16,9,0,0,0
2019-03-17 10:30,16,11,5,0,0,0
2019-03-17 10:45,32,17,15,0,0,0
2019-03-17 11:00,19,13,6,0,0,0
2019-03-17 11:15,42,19,23,0,0,0
2019-03-17 11:30,32,14,18,0,0,0
2019-03-17 11:45,42,33,9,0,0,0
2019-03-17 12:00,37,16,21,0,0,0
2019-03-17 12:15,40,25,15,0,0,0
2019-03-17 12:30,28,9,19,0,0,0
2019-03-17 12:45,50,26,24,0,0,0
2019-03-17 13:00,30,13,17,0,0,0
2019-03-17 13:15,37,22,15,0,0,0
2019-03-17 13:30,43,20,23,0,0,0
2019-03-17 13:45,51,28,23,0,0,0
2019-03-17 14:00,55,31,24,0,0,0
2019-03-17 14:15,30,16,14,0,0,0
2019-03-17 14:30,41,13,28,0,0,0
2019-03-17 14:45,51,24,27,0,0,0
2019-03-17 15:00,63,32,31,0,0,0
2019-03-17 15:15,41,21,20,0,0,0
2019-03-17 15:30,40,27,13,0,0,0
2019-03-17 15:45,55,22,33,0,0,0
2019-03-17 16:00,50,18,32,0,0,0
2019-03-17 16:15,48,31,17,0,0,0
2019-03-17 16:30,54,28,26,0,0,0
2019-03-17 16:45,43,21,22,0,0,0
2019-03-17 17:00,33,9,24,0,0,0
2019-03-17 17:15,50,26,24,0,0,0
2019-03-17 17:30,67,39,28,0,0,0
2019-03-17 17:45,53,22,31,0,0,0
2019-03-17 18:00,57,24,33,0,0,0
2019-03-17 18:15,46,16,30,0,0,0
2019-03-17 18:30,42,18,24,0,0,0
2019-03-17 18:45,64,33,31,0,0,0
2019-03-17 19:00,41,16,25,0,0,0
2019-03-17 19:15,47,23,24,0,0,0
2019-03-17 19:30,59,27,32,0,0,0
2019-03-17 19:45,51,22,29,0,0,0
2019-03-17 20:00,41,16,25,0,0,0
2019-03-17 20:15,23,10,13,0,0,0
2019-03-17 20:30,21,8,13,0,0,0
2019-03-17 20:45,35,13,22,0,0,0
2019-03-17 21:00,27,5,22,0,0,0
2019-03-17 21:15,13,3,10,0,0,0
2019-03-17 21:30,17,4,13,0,0,0
2019-03-17 21:45,12,3,9,0,0,0
2019-03-17 22:00,19,6,13,0,0,0
2019-03-17 22:15,18,7,11,0,0,0
2019-03-17 22:30,14,7,7,0,0,0
2019-03-17 22:45,14,3,11,0,0,0
2019-03-17 23:00,10,2,8,0,0,0
2019-03-17 23:15,3,1,2,0,0,0
2019-03-17 23:30,9,2,7,0,0,0
2019-03-17 23:45,12,1,11,0,0,0
2019-03-18 00:00,5,0,5,0,0,0
2019-03-18 00:15,3,0,3,0,0,0
2019-03-18 00:30,6,0,6,0,0,0
2019-03-18 00:45,4,0,4,0,0,0
2019-03-18 01:00,1,0,1,0,0,0
2019-03-18 01:15,3,0,3,0,0,0
2019-03-18 01:30,2,1,1,0,0,0
2019-03-18 01:45,1,1,0,0,0,0
2019-03-18 02:00,0,0,0,0,0,0
2019-03-18 02:15,0,0,0,0,0,0
2019-03-18 02:30,0,0,0,0,0,0
2019-03-18 02:45,3,1,2,0,0,0
2019-03-18 03:00,2,0,2,0,0,0
2019-03-18 03:15,0,0,0,0,0,0
2019-03-18 03:30,1,1,0,0,0,0
2019-03-18 03:45,0,0,0,0,0,0
2019-03-18 04:00,0,0,0,0,0,0
2019-03-18 04:15,3,0,3,0,0,0
2019-03-18 04:30,1,1,0,0,0,0
2019-03-18 04:45,3,2,1,0,0,0
2019-03-18 05:00,3,3,0,0,0,0
2019-03-18 05:15,6,3,3,0,0,0
2019-03-18 05:30,16,15,1,0,0,0
2019-03-18 05:45,15,10,5,0,0,0
2019-03-18 06:00,19,10,9,0,0,0
2019-03-18 06:15,29,24,5,0,0,0
2019-03-18 06:30,40,30,10,0,0,0
2019-03-18 06:45,71,49,22,0,0,0
2019-03-18 07:00,67,44,23,0,0,0
2019-03-18 07:15,124,83,41,0,0,0
2019-03-18 07:30,152,108,44,0,0,0
2019-03-18 07:45,150,116,34,0,0,0
2019-03-18 08:00,137,99,38,0,0,0
2019-03-18 08:15,150,101,49,0,0,0
2019-03-18 08:30,109,72,37,0,0,0
2019-03-18 08:45,145,90,55,0,0,0
2019-03-18 09:00,96,64,32,0,0,0
2019-03-18 09:15,96,68,28,0,0,0
2019-03-18 09:30,81,64,17,0,0,0
2019-03-18 09:45,99,68,31,0,0,0
2019-03-18 10:00,91,50,41,0,0,0
2019-03-18 10:15,81,41,40,0,0,0
2019-03-18 10:30,68,41,27,0,0,0
2019-03-18 10:45,88,50,38,0,0,0
2019-03-18 11:00,79,48,31,0,0,0
2019-03-18 11:15,88,49,39,0,0,0
2019-03-18 11:30,122,63,59,0,0,0
2019-03-18 11:45,105,49,56,0,0,0
2019-03-18 12:00,96,48,48,0,0,0
2019-03-18 12:15,116,41,75,0,0,0
2019-03-18 12:30,123,37,86,0,0,0
2019-03-18 12:45,103,43,60,0,0,0
2019-03-18 13:00,117,47,70,0,0,0
2019-03-18 13:15,106,35,71,0,0,0
2019-03-18 13:30,113,56,57,0,0,0
2019-03-18 13:45,123,61,62,0,0,0
2019-03-18 14:00,114,50,64,0,0,0
2019-03-18 14:15,125,62,63,0,0,0
2019-03-18 14:30,106,53,53,0,0,0
2019-03-18 14:45,159,82,77,0,0,0
2019-03-18 15:00,137,62,75,0,0,0
2019-03-18 15:15,121,53,68,0,0,0
2019-03-18 15:30,147,62,85,0,0,0
2019-03-18 15:45,148,70,78,0,0,0
2019-03-18 16:00,151,65,86,0,0,0
2019-03-18 16:15,156,71,85,0,0,0
2019-03-18 16:30,165,62,103,0,0,0
2019-03-18 16:45,170,60,110,0,0,0
2019-03-18 17:00,164,63,101,0,0,0
2019-03-18 17:15,148,50,98,0,0,0
2019-03-18 17:30,171,55,116,0,0,0
2019-03-18 17:45,168,70,98,0,0,0
2019-03-18 18:00,173,56,117,0,0,0
2019-03-18 18:15,164,65,99,0,0,0
2019-03-18 18:30,121,40,81,0,0,0
2019-03-18 18:45,128,34,94,0,0,0
2019-03-18 19:00,132,34,98,0,0,0
2019-03-18 19:15,100,38,62,0,0,0
2019-03-18 19:30,90,29,61,0,0,0
2019-03-18 19:45,97,34,63,0,0,0
2019-03-18 20:00,74,30,44,0,0,0
2019-03-18 20:15,56,21,35,0,0,0
2019-03-18 20:30,55,19,36,0,0,0
2019-03-18 20:45,42,12,30,0,0,0
2019-03-18 21:00,46,12,34,0,0,0
2019-03-18 21:15,39,14,25,0,0,0
2019-03-18 21:30,29,7,22,0,0,0
2019-03-18 21:45,60,18,42,0,0,0
2019-03-18 22:00,30,9,21,0,0,0
2019-03-18 22:15,36,4,32,0,0,0
2019-03-18 22:30,35,16,19,0,0,0
2019-03-18 22:45,34,7,27,0,0,0
2019-03-18 23:00,23,9,14,0,0,0
2019-03-18 23:15,8,1,7,0,0,0
2019-03-18 23:30,10,2,8,0,0,0
2019-03-18 23:45,15,5,10,0,0,0
2019-03-19 00:00,15,4,11,0,0,0
2019-03-19 00:15,8,3,5,0,0,0
2019-03-19 00:30,4,2,2,0,0,0
2019-03-19 00:45,4,1,3,0,0,0
2019-03-19 01:00,4,2,2,0,0,0
2019-03-19 01:15,4,0,4,0,0,0
2019-03-19 01:30,0,0,0,0,0,0
2019-03-19 01:45,0,0,0,0,0,0
2019-03-19 02:00,1,1,0,0,0,0
2019-03-19 02:15,0,0,0,0,0,0
2019-03-19 02:30,1,0,1,0,0,0
2019-03-19 02:45,1,1,0,0,0,0
2019-03-19 03:00,1,0,1,0,0,0
2019-03-19 03:15,1,0,1,0,0,0
2019-03-19 03:30,0,0,0,0,0,0
2019-03-19 03:45,1,1,0,0,0,0
2019-03-19 04:00,2,0,2,0,0,0
2019-03-19 04:15,1,0,1,0,0,0
2019-03-19 04:30,2,1,1,0,0,0
2019-03-19 04:45,3,3,0,0,0,0
2019-03-19 05:00,2,2,0,0,0,0
2019-03-19 05:15,4,3,1,0,0,0
2019-03-19 05:30,18,13,5,0,0,0
2019-03-19 05:45,22,19,3,0,0,0
2019-03-19 06:00,21,14,7,0,0,0
2019-03-19 06:15,27,21,6,0,0,0
2019-03-19 06:30,50,35,15,0,0,0
2019-03-19 06:45,68,50,18,0,0,0
2019-03-19 07:00,76,52,24,0,0,0
2019-03-19 07:15,135,92,43,0,0,0
2019-03-19 07:30,182,122,60,0,0,0
2019-03-19 07:45,203,140,63,0,0,0
2019-03-19 08:00,140,108,32,0,0,0
2019-03-19 08:15,133,85,48,0,0,0
2019-03-19 08:30,133,85,48,0,0,0
2019-03-19 08:45,146,94,52,0,0,0
2019-03-19 09:00,99,63,36,0,0,0
2019-03-19 09:15,101,74,27,0,0,0
2019-03-19 09:30,115,84,31,0,0,0
2019-03-19 09:45,128,80,48,0,0,0
2019-03-19 10:00,86,51,35,0,0,0
2019-03-19 10:15,90,57,33,0,0,0
2019-03-19 10:30,67,37,30,0,0,0
2019-03-19 10:45,103,60,43,0,0,0
2019-03-19 11:00,103,47,56,0,0,0
2019-03-19 11:15,95,46,49,0,0,0
2019-03-19 11:30,107,45,62,0,0,0
2019-03-19 11:45,107,58,49,0,0,0
2019-03-19 12:00,100,42,58,0,0,0
2019-03-19 12:15,117,53,64,0,0,0
2019-03-19 12:30,123,52,71,0,0,0
2019-03-19 12:45,160,66,94,0,0,0
2019-03-19 13:00,144,56,88,0,0,0
2019-03-19 13:15,132,46,86,0,0,0
2019-03-19 13:30,126,63,63,0,0,0
2019-03-19 13:45,158,67,91,0,0,0
2019-03-19 14:00,122,38,84,0,0,0
2019-03-19 14:15,140,66,74,0,0,0
2019-03-19 14:30,132,68,64,0,0,0
2019-03-19 14:45,157,71,86,0,0,0
2019-03-19 15:00,132,50,82,0,0,0
2019-03-19 15:15,186,75,111,0,0,0
2019-03-19 15:30,178,88,90,0,0,0
2019-03-19 15:45,201,80,121,0,0,0
2019-03-19 16:00,164,59,105,0,0,0
2019-03-19 16:15,199,76,123,0,0,0
2019-03-19 16:30,234,92,142,0,0,0
2019-03-19 16:45,186,73,113,0,0,0
2019-03-19 17:00,203,68,135,0,0,0
2019-03-19 17:15,215,72,143,0,0,0
2019-03-19 17:30,184,55,129,0,0,0
2019-03-19 17:45,212,79,133,0,0,0
2019-03-19 18:00,191,59,132,0,0,0
2019-03-19 18:15,167,57,110,0,0,0
2019-03-19 18:30,141,45,96,0,0,0
2019-03-19 18:45,169,78,91,0,0,0
2019-03-19 19:00,144,46,98,0,0,0
2019-03-19 19:15,107,35,72,0,0,0
2019-03-19 19:30,104,37,67,0,0,0
2019-03-19 19:45,96,40,56,0,0,0
2019-03-19 20:00,73,29,44,0,0,0
2019-03-19 20:15,82,23,59,0,0,0
2019-03-19 20:30,62,27,35,0,0,0
2019-03-19 20:45,37,9,28,0,0,0
2019-03-19 21:00,55,23,32,0,0,0
2019-03-19 21:15,48,10,38,0,0,0
2019-03-19 21:30,62,11,51,0,0,0
2019-03-19 21:45,54,7,47,0,0,0
2019-03-19 22:00,58,17,41,0,0,0
2019-03-19 22:15,44,14,30,0,0,0
2019-03-19 22:30,50,19,31,0,0,0
2019-03-19 22:45,40,4,36,0,0,0
2019-03-19 23:00,38,6,32,0,0,0
2019-03-19 23:15,16,8,8,0,0,0
2019-03-19 23:30,23,11,12,0,0,0
2019-03-19 23:45,10,1,9,0,0,0
2019-03-20 00:00,14,3,11,0,0,0
2019-03-20 00:15,13,4,9,0,0,0
2019-03-20 00:30,8,2,6,0,0,0
2019-03-20 00:45,5,1,4,0,0,0
2019-03-20 01:00,6,1,5,0,0,0
2019-03-20 01:15,3,0,3,0,0,0
2019-03-20 01:30,0,0,0,0,0,0
2019-03-20 01:45,2,0,2,0,0,0
2019-03-20 02:00,1,0,1,0,0,0
2019-03-20 02:15,3,0,3,0,0,0
2019-03-20 02:30,1,1,0,0,0,0
2019-03-20 02:45,2,1,1,0,0,0
2019-03-20 03:00,0,0,0,0,0,0
2019-03-20 03:15,2,1,1,0,0,0
2019-03-20 03:30,4,1,3,0,0,0
2019-03-20 03:45,1,1,0,0,0,0
2019-03-20 04:00,1,1,0,0,0,0
2019-03-20 04:15,3,0,3,0,0,0
2019-03-20 04:30,2,2,0,0,0,0
2019-03-20 04:45,3,3,0,0,0,0
2019-03-20 05:00,3,3,0,0,0,0
2019-03-20 05:15,8,5,3,0,0,0
2019-03-20 05:30,22,17,5,0,0,0
2019-03-20 05:45,31,24,7,0,0,0
2019-03-20 06:00,23,18,5,0,0,0
2019-03-20 06:15,39,33,6,0,0,0
2019-03-20 06:30,52,34,18,0,0,0
2019-03-20 06:45,86,68,18,0,0,0
2019-03-20 07:00,85,51,34,0,0,0
2019-03-20 07:15,116,83,33,0,0,0
2019-03-20 07:30,179,137,42,0,0,0
2019-03-20 07:45,177,127,50,0,0,0
2019-03-20 08:00,150,99,51,0,0,0
2019-03-20 08:15,173,116,57,0,0,0
2019-03-20 08:30,154,105,49,0,0,0
2019-03-20 08:45,149,97,52,0,0,0
2019-03-20 09:00,135,97,38,0,0,0
2019-03-20 09:15,127,86,41,0,0,0
2019-03-20 09:30,108,81,27,0,0,0
2019-03-20 09:45,115,73,42,0,0,0
2019-03-20 10:00,114,78,36,0,0,0
2019-03-20 10:15,92,53,39,0,0,0
2019-03-20 10:30,103,64,39,0,0,0
2019-03-20 10:45,123,74,49,0,0,0
2019-03-20 11:00,126,65,61,0,0,0
2019-03-20 11:15,109,59,50,0,0,0
2019-03-20 11:30,126,56,70,0,0,0
2019-03-20 11:45,140,71,69,0,0,0
2019-03-20 12:00,141,53,88,0,0,0
2019-03-20 12:15,155,69,86,0,0,0
2019-03-20 12:30,164,62,102,0,0,0
2019-03-20 12:45,154,64,90,0,0,0
2019-03-20 13:00,181,77,104,0,0,0
2019-03-20 13:15,133,44,89,0,0,0
2019-03-20 13:30,136,57,79,0,0,0
2019-03-20 13:45,152,54,98,0,0,0
2019-03-20 14:00,142,51,91,0,0,0
2019-03-20 14:15,146,56,90,0,0,0
2019-03-20 14:30,151,59,92,0,0,0
2019-03-20 14:45,165,77,88,0,0,0
2019-03-20 15:00,152,62,90,0,0,0
2019-03-20 15:15,156,62,94,0,0,0
2019-03-20 15:30,166,57,109,0,0,0
2019-03-20 15:45,179,75,104,0,0,0
2019-03-20 16:00,135,53,82,0,0,0
2019-03-20 16:15,178,67,111,0,0,0
2019-03-20 16:30,190,68,122,0,0,0
2019-03-20 16:45,179,82,97,0,0,0
2019-03-20 17:00,203,82,121,0,0,0
2019-03-20 17:15,193,74,119,0,0,0
2019-03-20 17:30,183,78,105,0,0,0
2019-03-20 17:45,219,84,135,0,0,0
2019-03-20 18:00,197,66,131,0,0,0
2019-03-20 18:15,153,70,83,0,0,0
2019-03-20 18:30,148,60,88,0,0,0
2019-03-20 18:45,162,70,92,0,0,0
2019-03-20 19:00,132,43,89,0,0,0
2019-03-20 19:15,118,53,65,0,0,0
2019-03-20 19:30,117,34,83,0,0,0
2019-03-20 19:45,105,44,61,0,0,0
2019-03-20 20:00,85,31,54,0,0,0
2019-03-20 20:15,81,31,50,0,0,0
2019-03-20 20:30,63,22,41,0,0,0
2019-03-20 20:45,53,16,37,0,0,0
2019-03-20 21:00,76,20,56,0,0,0
2019-03-20 21:15,56,11,45,0,0,0
2019-03-20 21:30,52,14,38,0,0,0
2019-03-20 21:45,57,22,35,0,0,0
2019-03-20 22:00,47,16,31,0,0,0
2019-03-20 22:15,40,10,30,0,0,0
2019-03-20 22:30,29,11,18,0,0,0
2019-03-20 22:45,36,7,29,0,0,0
2019-03-20 23:00,34,2,32,0,0,0
2019-03-20 23:15,35,13,22,0,0,0
2019-03-20 23:30,30,9,21,0,0,0
2019-03-20 23:45,19,5,14,0,0,0
2019-03-21 00:00,17,8,9,0,0,0
2019-03-21 00:15,25,14,11,0,0,0
2019-03-21 00:30,6,2,4,0,0,0
2019-03-21 00:45,11,0,11,0,0,0
2019-03-21 01:00,5,0,5,0,0,0
2019-03-21 01:15,8,2,6,0,0,0
2019-03-21 01:30,6,1,5,0,0,0
2019-03-21 01:45,1,0,1,0,0,0
2019-03-21 02:00,2,0,2,0,0,0
2019-03-21 02:15,9,2,7,0,0,0
2019-03-21 02:30,2,0,2,0,0,0
2019-03-21 02:45,4,1,3,0,0,0
2019-03-21 03:00,5,2,3,0,0,0
2019-03-21 03:15,5,0,5,0,0,0
2019-03-21 03:30,3,1,2,0,0,0
2019-03-21 03:45,3,0,3,0,0,0
2019-03-21 04:00,5,1,4,0,0,0
2019-03-21 04:15,2,1,1,0,0,0
2019-03-21 04:30,1,0,1,0,0,0
2019-03-21 04:45,5,4,1,0,0,0
2019-03-21 05:00,2,2,0,0,0,0
2019-03-21 05:15,5,3,2,0,0,0
2019-03-21 05:30,23,16,7,0,0,0
2019-03-21 05:45,27,19,8,0,0,0
2019-03-21 06:00,18,13,5,0,0,0
2019-03-21 06:15,36,29,7,0,0,0
2019-03-21 06:30,53,39,14,0,0,0
2019-03-21 06:45,72,52,20,0,0,0
2019-03-21 07:00,68,40,28,0,0,0
2019-03-21 07:15,121,77,44,0,0,0
2019-03-21 07:30,163,116,47,0,0,0
2019-03-21 07:45,194,153,41,0,0,0
2019-03-21 08:00,135,91,44,0,0,0
2019-03-21 08:15,138,90,48,0,0,0
2019-03-21 08:30,162,122,40,0,0,0
2019-03-21 08:45,150,110,40,0,0,0
2019-03-21 09:00,91,62,29,0,0,0
2019-03-21 09:15,116,81,35,0,0,0
2019-03-21 09:30,107,77,30,0,0,0
2019-03-21 09:45,122,86,36,0,0,0
2019-03-21 10:00,98,59,39,0,0,0
2019-03-21 10:15,94,56,38,0,0,0
2019-03-21 10:30,105,63,42,0,0,0
2019-03-21 10:45,110,61,49,0,0,0
2019-03-21 11:00,103,60,43,0,0,0
2019-03-21 11:15,115,65,50,0,0,0
2019-03-21 11:30,114,63,51,0,0,0
2019-03-21 11:45,125,57,68,0,0,0
2019-03-21 12:00,147,74,73,0,0,0
2019-03-21 12:15,126,53,73,0,0,0
2019-03-21 12:30,168,55,113,0,0,0
2019-03-21 12:45,170,66,104,0,0,0
2019-03-21 13:00,158,58,100,0,0,0
2019-03-21 13:15,133,57,76,0,0,0
2019-03-21 13:30,133,53,80,0,0,0
2019-03-21 13:45,120,62,58,0,0,0
2019-03-21 14:00,161,55,106,0,0,0
2019-03-21 14:15,155,70,85,0,0,0
2019-03-21 14:30,149,60,89,0,0,0
2019-03-21 14:45,199,91,108,0,0,0
2019-03-21 15:00,157,59,98,0,0,0
2019-03-21 15:15,167,77,90,0,0,0
2019-03-21 15:30,174,78,96,0,0,0
2019-03-21 15:45,186,84,102,0,0,0
2019-03-21 16:00,200,73,127,0,0,0
2019-03-21 16:15,188,81,107,0,0,0
2019-03-21 16:30,203,85,118,0,0,0
2019-03-21 16:45,226,105,121,0,0,0
2019-03-21 17:00,219,82,137,0,0,0
2019-03-21 17:15,222,98,124,0,0,0
2019-03-21 17:30,222,76,146,0,0,0
2019-03-21 17:45,254,116,138,0,0,0
2019-03-21 18:00,234,72,162,0,0,0
2019-03-21 18:15,187,71,116,0,0,0
2019-03-21 18:30,180,67,113,0,0,0
2019-03-21 18:45,207,78,129,0,0,0
2019-03-21 19:00,150,39,111,0,0,0
2019-03-21 19:15,165,51,114,0,0,0
2019-03-21 19:30,126,48,78,0,0,0
2019-03-21 19:45,123,44,79,0,0,0
2019-03-21 20:00,80,35,45,0,0,0
2019-03-21 20:15,88,40,48,0,0,0
2019-03-21 20:30,69,21,48,0,0,0
2019-03-21 20:45,67,21,46,0,0,0
2019-03-21 21:00,66,14,52,0,0,0
2019-03-21 21:15,73,27,46,0,0,0
2019-03-21 21:30,62,13,49,0,0,0
2019-03-21 21:45,74,22,52,0,0,0
2019-03-21 22:00,76,27,49,0,0,0
2019-03-21 22:15,46,11,35,0,0,0
2019-03-21 22:30,47,17,30,0,0,0
2019-03-21 22:45,45,14,31,0,0,0
2019-03-21 23:00,53,10,43,0,0,0
2019-03-21 23:15,33,12,21,0,0,0
2019-03-21 23:30,27,4,23,0,0,0
2019-03-21 23:45,18,1,17,0,0,0
2019-03-22 00:00,13,6,7,0,0,0
2019-03-22 00:15,9,5,4,0,0,0
2019-03-22 00:30,6,2,4,0,0,0
2019-03-22 00:45,11,0,11,0,0,0
2019-03-22 01:00,8,0,8,0,0,0
2019-03-22 01:15,2,0,2,0,0,0
2019-03-22 01:30,0,0,0,0,0,0
2019-03-22 01:45,3,0,3,0,0,0
2019-03-22 02:00,1,0,1,0,0,0
2019-03-22 02:15,0,0,0,0,0,0
2019-03-22 02:30,6,1,5,0,0,0
2019-03-22 02:45,2,1,1,0,0,0
2019-03-22 03:00,1,1,0,0,0,0
2019-03-22 03:15,0,0,0,0,0,0
2019-03-22 03:30,1,1,0,0,0,0
2019-03-22 03:45,2,2,0,0,0,0
2019-03-22 04:00,0,0,0,0,0,0
2019-03-22 04:15,0,0,0,0,0,0
2019-03-22 04:30,3,0,3,0,0,0
2019-03-22 04:45,4,4,0,0,0,0
2019-03-22 05:00,3,3,0,0,0,0
2019-03-22 05:15,9,8,1,0,0,0
2019-03-22 05:30,14,10,4,0,0,0
2019-03-22 05:45,23,20,3,0,0,0
2019-03-22 06:00,24,18,6,0,0,0
2019-03-22 06:15,34,24,10,0,0,0
2019-03-22 06:30,48,33,15,0,0,0
2019-03-22 06:45,74,53,21,0,0,0
2019-03-22 07:00,65,42,23,0,0,0
2019-03-22 07:15,112,79,33,0,0,0
2019-03-22 07:30,174,123,51,0,0,0
2019-03-22 07:45,181,133,48,0,0,0
2019-03-22 08:00,129,92,37,0,0,0
2019-03-22 08:15,125,84,41,0,0,0
2019-03-22 08:30,116,66,50,0,0,0
2019-03-22 08:45,134,93,41,0,0,0
2019-03-22 09:00,96,63,33,0,0,0
2019-03-22 09:15,108,78,30,0,0,0
2019-03-22 09:30,109,70,39,0,0,0
2019-03-22 09:45,101,76,25,0,0,0
2019-03-22 10:00,113,70,43,0,0,0
2019-03-22 10:15,133,79,54,0,0,0
2019-03-22 10:30,101,61,40,0,0,0
2019-03-22 10:45,135,78,57,0,0,0
2019-03-22 11:00,123,60,63,0,0,0
2019-03-22 11:15,139,64,75,0,0,0
2019-03-22 11:30,132,67,65,0,0,0
2019-03-22 11:45,178,71,107,0,0,0
2019-03-22 12:00,156,67,89,0,0,0
2019-03-22 12:15,149,71,78,0,0,0
2019-03-22 12:30,163,58,105,0,0,0
2019-03-22 12:45,160,72,88,0,0,0
2019-03-22 13:00,175,66,109,0,0,0
2019-03-22 13:15,210,75,135,0,0,0
2019-03-22 13:30,161,64,97,0,0,0
2019-03-22 13:45,195,92,103,0,0,0
2019-03-22 14:00,189,74,115,0,0,0
2019-03-22 14:15,195,85,110,0,0,0
2019-03-22 14:30,194,87,107,0,0,0
2019-03-22 14:45,188,85,103,0,0,0
2019-03-22 15:00,195,94,101,0,0,0
2019-03-22 15:15,202,82,120,0,0,0
2019-03-22 15:30,209,103,106,0,0,0
2019-03-22 15:45,215,94,121,0,0,0
2019-03-22 16:00,199,76,123,0,0,0
2019-03-22 16:15,189,82,107,0,0,0
2019-03-22 16:30,177,71,106,0,0,0
2019-03-22 16:45,170,69,101,0,0,0
2019-03-22 17:00,173,74,99,0,0,0
2019-03-22 17:15,179,74,105,0,0,0
2019-03-22 17:30,175,52,123,0,0,0
2019-03-22 17:45,196,80,116,0,0,0
2019-03-22 18:00,173,63,110,0,0,0
2019-03-22 18:15,183,61,122,0,0,0
2019-03-22 18:30,173,60,113,0,0,0
2019-03-22 18:45,169,63,106,0,0,0
2019-03-22 19:00,158,57,101,0,0,0
2019-03-22 19:15,146,44,102,0,0,0
2019-03-22 19:30,130,50,80,0,0,0
2019-03-22 19:45,123,61,62,0,0,0
2019-03-22 20:00,118,29,89,0,0,0
2019-03-22 20:15,95,45,50,0,0,0
2019-03-22 20:30,66,23,43,0,0,0
2019-03-22 20:45,53,29,24,0,0,0
2019-03-22 21:00,67,25,42,0,0,0
2019-03-22 21:15,51,16,35,0,0,0
2019-03-22 21:30,64,23,41,0,0,0
2019-03-22 21:45,61,23,38,0,0,0
2019-03-22 22:00,66,21,45,0,0,0
2019-03-22 22:15,52,20,32,0,0,0
2019-03-22 22:30,58,20,38,0,0,0
2019-03-22 22:45,59,12,47,0,0,0
2019-03-22 23:00,58,21,37,0,0,0
2019-03-22 23:15,57,24,33,0,0,0
2019-03-22 23:30,60,34,26,0,0,0
2019-03-22 23:45,39,24,15,0,0,0
2019-03-23 00:00,45,20,25,0,0,0
2019-03-23 00:15,50,22,28,0,0,0
2019-03-23 00:30,32,8,24,0,0,0
2019-03-23 00:45,32,18,14,0,0,0
2019-03-23 01:00,25,8,17,0,0,0
2019-03-23 01:15,20,5,15,0,0,0
2019-03-23 01:30,30,11,19,0,0,0
2019-03-23 01:45,12,4,8,0,0,0
2019-03-23 02:00,14,4,10,0,0,0
2019-03-23 02:15,11,2,9,0,0,0
2019-03-23 02:30,13,3,10,0,0,0
2019-03-23 02:45,12,1,11,0,0,0
2019-03-23 03:00,14,6,8,0,0,0
2019-03-23 03:15,5,3,2,0,0,0
2019-03-23 03:30,12,4,8,0,0,0
2019-03-23 03:45,5,1,4,0,0,0
2019-03-23 04:00,4,0,4,0,0,0
2019-03-23 04:15,6,0,6,0,0,0
2019-03-23 04:30,6,0,6,0,0,0
2019-03-23 04:45,10,5,5,0,0,0
2019-03-23 05:00,5,2,3,0,0,0
2019-03-23 05:15,6,4,2,0,0,0
2019-03-23 05:30,10,5,5,0,0,0
2019-03-23 05:45,13,4,9,0,0,0
2019-03-23 06:00,8,6,2,0,0,0
2019-03-23 06:15,10,7,3,0,0,0
2019-03-23 06:30,7,5,2,0,0,0
2019-03-23 06:45,15,7,8,0,0,0
2019-03-23 07:00,19,15,4,0,0,0
2019-03-23 07:15,13,8,5,0,0,0
2019-03-23 07:30,21,14,7,0,0,0
2019-03-23 07:45,25,17,8,0,0,0
2019-03-23 08:00,34,14,20,0,0,0
2019-03-23 08:15,40,27,13,0,0,0
2019-03-23 08:30,35,24,11,0,0,0
2019-03-23 08:45,91,59,32,0,0,0
2019-03-23 09:00,60,43,17,0,0,0
2019-03-23 09:15,79,58,21,0,0,0
2019-03-23 09:30,86,65,21,0,0,0
2019-03-23 09:45,109,81,28,0,0,0
2019-03-23 10:00,102,68,34,0,0,0
2019-03-23 10:15,118,77,41,0,0,0
2019-03-23 10:30,116,76,40,0,0,0
2019-03-23 10:45,136,87,49,0,0,0
2019-03-23 11:00,119,69,50,0,0,0
2019-03-23 11:15,124,69,55,0,0,0
2019-03-23 11:30,167,88,79,0,0,0
2019-03-23 11:45,167,94,73,0,0,0
2019-03-23 12:00,118,73,45,0,0,0
2019-03-23 12:15,155,67,88,0,0,0
2019-03-23 12:30,164,84,80,0,0,0
2019-03-23 12:45,221,100,121,0,0,0
2019-03-23 13:00,190,73,117,0,0,0
2019-03-23 13:15,219,73,146,0,0,0
2019-03-23 13:30,203,88,115,0,0,0
2019-03-23 13:45,167,81,86,0,0,0
2019-03-23 14:00,131,60,71,0,0,0
2019-03-23 14:15,138,57,81,0,0,0
2019-03-23 14:30,153,58,95,0,0,0
2019-03-23 14:45,150,60,90,0,0,0
2019-03-23 15:00,154,62,92,0,0,0
2019-03-23 15:15,165,58,107,0,0,0
2019-03-23 15:30,158,68,90,0,0,0
2019-03-23 15:45,144,68,76,0,0,0
2019-03-23 16:00,177,109,68,0,0,0
2019-03-23 16:15,165,98,67,0,0,0
2019-03-23 16:30,143,66,77,0,0,0
2019-03-23 16:45,137,51,86,0,0,0
2019-03-23 17:00,138,57,81,0,0,0
2019-03-23 17:15,119,40,79,0,0,0
2019-03-23 17:30,125,54,71,0,0,0
2019-03-23 17:45,135,57,78,0,0,0
2019-03-23 18:00,126,37,89,0,0,0
2019-03-23 18:15,113,33,80,0,0,0
2019-03-23 18:30,94,41,53,0,0,0
2019-03-23 18:45,109,56,53,0,0,0
2019-03-23 19:00,91,36,55,0,0,0
2019-03-23 19:15,90,46,44,0,0,0
2019-03-23 19:30,81,29,52,0,0,0
2019-03-23 19:45,58,27,31,0,0,0
2019-03-23 20:00,77,35,42,0,0,0
2019-03-23 20:15,107,69,38,0,0,0
2019-03-23 20:30,63,29,34,0,0,0
2019-03-23 20:45,64,26,38,0,0,0
2019-03-23 21:00,52,25,27,0,0,0
2019-03-23 21:15,39,15,24,0,0,0
2019-03-23 21:30,42,13,29,0,0,0
2019-03-23 21:45,33,13,20,0,0,0
2019-03-23 22:00,46,15,31,0,0,0
2019-03-23 22:15,42,16,26,0,0,0
2019-03-23 22:30,31,12,19,0,0,0
2019-03-23 22:45,36,10,26,0,0,0
2019-03-23 23:00,46,16,30,0,0,0
2019-03-23 23:15,31,12,19,0,0,0
2019-03-23 23:30,41,13,28,0,0,0
2019-03-23 23:45,51,21,30,0,0,0
2019-03-24 00:00,29,4,25,0,0,0
2019-03-24 00:15,35,24,11,0,0,0
2019-03-24 00:30,23,11,12,0,0,0
2019-03-24 00:45,39,18,21,0,0,0
2019-03-24 01:00,24,9,15,0,0,0
2019-03-24 01:15,22,6,16,0,0,0
2019-03-24 01:30,12,4,8,0,0,0
2019-03-24 01:45,15,4,11,0,0,0
2019-03-24 02:00,9,0,9,0,0,0
2019-03-24 02:15,10,2,8,0,0,0
2019-03-24 02:30,12,3,9,0,0,0
2019-03-24 02:45,19,3,16,0,0,0
2019-03-24 03:00,14,1,13,0,0,0
2019-03-24 03:15,10,2,8,0,0,0
2019-03-24 03:30,7,3,4,0,0,0
2019-03-24 03:45,10,2,8,0,0,0
2019-03-24 04:00,12,0,12,0,0,0
2019-03-24 04:15,10,6,4,0,0,0
2019-03-24 04:30,9,1,8,0,0,0
2019-03-24 04:45,1,0,1,0,0,0
2019-03-24 05:00,3,1,2,0,0,0
2019-03-24 05:15,3,1,2,0,0,0
2019-03-24 05:30,5,3,2,0,0,0
2019-03-24 05:45,4,4,0,0,0,0
2019-03-24 06:00,3,3,0,0,0,0
2019-03-24 06:15,6,2,4,0,0,0
2019-03-24 06:30,3,0,3,0,0,0
2019-03-24 06:45,3,1,2,0,0,0
2019-03-24 07:00,1,1,0,0,0,0
2019-03-24 07:15,6,3,3,0,0,0
2019-03-24 07:30,3,1,2,0,0,0
2019-03-24 07:45,14,10,4,0,0,0
2019-03-24 08:00,8,5,3,0,0,0
2019-03-24 08:15,6,2,4,0,0,0
2019-03-24 08:30,13,6,7,0,0,0
2019-03-24 08:45,18,11,7,0,0,0
2019-03-24 09:00,16,11,5,0,0,0
2019-03-24 09:15,27,19,8,0,0,0
2019-03-24 09:30,31,18,13,0,0,0
2019-03-24 09:45,57,36,21,0,0,0
2019-03-24 10:00,40,27,13,0,0,0
2019-03-24 10:15,42,28,14,0,0,0
2019-03-24 10:30,40,29,11,0,0,0
2019-03-24 10:45,53,32,21,0,0,0
2019-03-24 11:00,60,37,23,0,0,0
2019-03-24 11:15,42,21,21,0,0,0
2019-03-24 11:30,60,41,19,0,0,0
2019-03-24 11:45,64,30,34,0,0,0
2019-03-24 12:00,55,26,29,0,0,0
2019-03-24 12:15,73,46,27,0,0,0
2019-03-24 12:30,89,62,27,0,0,0
2019-03-24 12:45,81,34,47,0,0,0
2019-03-24 13:00,72,32,40,0,0,0
2019-03-24 13:15,97,51,46,0,0,0
2019-03-24 13:30,81,38,43,0,0,0
2019-03-24 13:45,118,57,61,0,0,0
2019-03-24 14:00,75,38,37,0,0,0
2019-03-24 14:15,125,34,91,0,0,0
2019-03-24 14:30,120,33,87,0,0,0
2019-03-24 14:45,119,56,63,0,0,0
2019-03-24 15:00,138,60,78,0,0,0
2019-03-24 15:15,101,41,60,0,0,0
2019-03-24 15:30,82,44,38,0,0,0
2019-03-24 15:45,78,34,44,0,0,0
2019-03-24 16:00,92,40,52,0,0,0
2019-03-24 16:15,91,44,47,0,0,0
2019-03-24 16:30,95,35,60,0,0,0
2019-03-24 16:45,105,49,56,0,0,0
2019-03-24 17:00,93,34,59,0,0,0
2019-03-24 17:15,89,41,48,0,0,0
2019-03-24 17:30,93,39,54,0,0,0
2019-03-24 17:45,106,50,56,0,0,0
2019-03-24 18:00,185,133,52,0,0,0
2019-03-24 18:15,114,73,41,0,0,0
2019-03-24 18:30,79,36,43,0,0,0
2019-03-24 18:45,73,35,38,0,0,0
2019-03-24 19:00,70,25,45,0,0,0
2019-03-24 19:15,76,35,41,0,0,0
2019-03-24 19:30,40,15,25,0,0,0
2019-03-24 19:45,64,36,28,0,0,0
2019-03-24 20:00,38,12,26,0,0,0
2019-03-24 20:15,66,24,42,0,0,0
2019-03-24 20:30,33,11,22,0,0,0
2019-03-24 20:45,35,13,22,0,0,0
2019-03-24 21:00,51,16,35,0,0,0
2019-03-24 21:15,28,6,22,0,0,0
2019-03-24 21:30,24,8,16,0,0,0
2019-03-24 21:45,27,8,19,0,0,0
2019-03-24 22:00,26,9,17,0,0,0
2019-03-24 22:15,11,4,7,0,0,0
2019-03-24 22:30,15,4,11,0,0,0
2019-03-24 22:45,12,5,7,0,0,0
2019-03-24 23:00,15,3,12,0,0,0
2019-03-24 23:15,12,7,5,0,0,0
2019-03-24 23:30,13,6,7,0,0,0
2019-03-24 23:45,6,2,4,0,0,0
2019-03-25 00:00,2,0,2,0,0,0
2019-03-25 00:15,3,0,3,0,0,0
2019-03-25 00:30,4,0,4,0,0,0
2019-03-25 00:45,3,2,1,0,0,0
2019-03-25 01:00,1,1,0,0,0,0
2019-03-25 01:15,3,0,3,0,0,0
2019-03-25 01:30,3,1,2,0,0,0
2019-03-25 01:45,2,0,2,0,0,0
2019-03-25 02:00,0,0,0,0,0,0
2019-03-25 02:15,0,0,0,0,0,0
2019-03-25 02:30,1,0,1,0,0,0
2019-03-25 02:45,2,1,1,0,0,0
2019-03-25 03:00,1,1,0,0,0,0
2019-03-25 03:15,0,0,0,0,0,0
2019-03-25 03:30,2,0,2,0,0,0
2019-03-25 03:45,0,0,0,0,0,0
2019-03-25 04:00,1,1,0,0,0,0
2019-03-25 04:15,2,1,1,0,0,0
2019-03-25 04:30,0,0,0,0,0,0
2019-03-25 04:45,3,3,0,0,0,0
2019-03-25 05:00,4,3,1,0,0,0
2019-03-25 05:15,7,6,1,0,0,0
2019-03-25 05:30,13,12,1,0,0,0
2019-03-25 05:45,18,13,5,0,0,0
2019-03-25 06:00,23,15,8,0,0,0
2019-03-25 06:15,39,34,5,0,0,0
2019-03-25 06:30,41,29,12,0,0,0
2019-03-25 06:45,61,41,20,0,0,0
2019-03-25 07:00,62,41,21,0,0,0
2019-03-25 07:15,110,74,36,0,0,0
2019-03-25 07:30,149,104,45,0,0,0
2019-03-25 07:45,177,130,47,0,0,0
2019-03-25 08:00,112,76,36,0,0,0
2019-03-25 08:15,125,89,36,0,0,0
2019-03-25 08:30,107,78,29,0,0,0
2019-03-25 08:45,101,75,26,0,0,0
2019-03-25 09:00,73,50,23,0,0,0
2019-03-25 09:15,69,47,22,0,0,0
2019-03-25 09:30,77,52,25,0,0,0
2019-03-25 09:45,77,50,27,0,0,0
2019-03-25 10:00,56,31,25,0,0,0
2019-03-25 10:15,70,37,33,0,0,0
2019-03-25 10:30,47,23,24,0,0,0
2019-03-25 10:45,63,32,31,0,0,0
2019-03-25 11:00,73,38,35,0,0,0
2019-03-25 11:15,87,50,37,0,0,0
2019-03-25 11:30,85,41,44,0,0,0
2019-03-25 11:45,83,49,34,0,0,0
2019-03-25 12:00,96,37,59,0,0,0
2019-03-25 12:15,71,35,36,0,0,0
2019-03-25 12:30,81,27,54,0,0,0
2019-03-25 12:45,107,45,62,0,0,0
2019-03-25 13:00,102,39,63,0,0,0
2019-03-25 13:15,102,35,67,0,0,0
2019-03-25 13:30,87,40,47,0,0,0
2019-03-25 13:45,93,34,59,0,0,0
2019-03-25 14:00,79,23,56,0,0,0
2019-03-25 14:15,86,26,60,0,0,0
2019-03-25 14:30,104,45,59,0,0,0
2019-03-25 14:45,121,60,61,0,0,0
2019-03-25 15:00,96,26,70,0,0,0
2019-03-25 15:15,89,35,54,0,0,0
2019-03-25 15:30,124,37,87,0,0,0
2019-03-25 15:45,150,57,93,0,0,0
2019-03-25 16:00,124,43,81,0,0,0
2019-03-25 16:15,130,46,84,0,0,0
2019-03-25 16:30,111,37,74,0,0,0
2019-03-25 16:45,143,56,87,0,0,0
2019-03-25 17:00,149,59,90,0,0,0
2019-03-25 17:15,165,54,111,0,0,0
2019-03-25 17:30,147,61,86,0,0,0
2019-03-25 17:45,138,44,94,0,0,0
2019-03-25 18:00,169,65,104,0,0,0
2019-03-25 18:15,144,50,94,0,0,0
2019-03-25 18:30,106,43,63,0,0,0
2019-03-25 18:45,103,51,52,0,0,0
2019-03-25 19:00,113,36,77,0,0,0
2019-03-25 19:15,117,32,85,0,0,0
2019-03-25 19:30,92,30,62,0,0,0
2019-03-25 19:45,87,36,51,0,0,0
2019-03-25 20:00,76,34,42,0,0,0
2019-03-25 20:15,60,16,44,0,0,0
2019-03-25 20:30,39,13,26,0,0,0
2019-03-25 20:45,29,13,16,0,0,0
2019-03-25 21:00,45,11,34,0,0,0
2019-03-25 21:15,47,9,38,0,0,0
2019-03-25 21:30,47,12,35,0,0,0
2019-03-25 21:45,68,35,33,0,0,0
2019-03-25 22:00,44,10,34,0,0,0
2019-03-25 22:15,47,11,36,0,0,0
2019-03-25 22:30,27,5,22,0,0,0
2019-03-25 22:45,19,5,14,0,0,0
2019-03-25 23:00,25,6,19,0,0,0
2019-03-25 23:15,19,6,13,0,0,0
2019-03-25 23:30,13,3,10,0,0,0
2019-03-25 23:45,12,1,11,0,0,0
2019-03-26 00:00,13,5,8,0,0,0
2019-03-26 00:15,5,2,3,0,0,0
2019-03-26 00:30,5,2,3,0,0,0
2019-03-26 00:45,5,1,4,0,0,0
2019-03-26 01:00,3,2,1,0,0,0
2019-03-26 01:15,7,4,3,0,0,0
2019-03-26 01:30,1,0,1,0,0,0
2019-03-26 01:45,2,2,0,0,0,0
2019-03-26 02:00,1,1,0,0,0,0
2019-03-26 02:15,1,0,1,0,0,0
2019-03-26 02:30,0,0,0,0,0,0
2019-03-26 02:45,2,1,1,0,0,0
2019-03-26 03:00,1,1,0,0,0,0
2019-03-26 03:15,1,1,0,0,0,0
2019-03-26 03:30,0,0,0,0,0,0
2019-03-26 03:45,0,0,0,0,0,0
2019-03-26 04:00,0,0,0,0,0,0
2019-03-26 04:15,2,1,1,0,0,0
2019-03-26 04:30,1,0,1,0,0,0
2019-03-26 04:45,1,0,1,0,0,0
2019-03-26 05:00,4,3,1,0,0,0
2019-03-26 05:15,11,3,8,0,0,0
2019-03-26 05:30,11,8,3,0,0,0
2019-03-26 05:45,16,16,0,0,0,0
2019-03-26 06:00,26,17,9,0,0,0
2019-03-26 06:15,32,24,8,0,0,0
2019-03-26 06:30,41,36,5,0,0,0
2019-03-26 06:45,71,48,23,0,0,0
2019-03-26 07:00,69,42,27,0,0,0
2019-03-26 07:15,127,73,54,0,0,0
2019-03-26 07:30,152,100,52,0,0,0
2019-03-26 07:45,184,133,51,0,0,0
2019-03-26 08:00,130,95,35,0,0,0
2019-03-26 08:15,141,97,44,0,0,0
2019-03-26 08:30,139,99,40,0,0,0
2019-03-26 08:45,149,108,41,0,0,0
2019-03-26 09:00,94,56,38,0,0,0
2019-03-26 09:15,104,68,36,0,0,0
2019-03-26 09:30,100,75,25,0,0,0
2019-03-26 09:45,111,78,33,0,0,0
2019-03-26 10:00,87,52,35,0,0,0
2019-03-26 10:15,106,57,49,0,0,0
2019-03-26 10:30,73,38,35,0,0,0
2019-03-26 10:45,92,55,37,0,0,0
2019-03-26 11:00,86,42,44,0,0,0
2019-03-26 11:15,93,49,44,0,0,0
2019-03-26 11:30,87,35,52,0,0,0
2019-03-26 11:45,92,39,53,0,0,0
2019-03-26 12:00,127,47,80,0,0,0
2019-03-26 12:15,122,47,75,0,0,0
2019-03-26 12:30,104,47,57,0,0,0
2019-03-26 12:45,112,53,59,0,0,0
2019-03-26 13:00,119,45,74,0,0,0
2019-03-26 13:15,129,39,90,0,0,0
2019-03-26 13:30,100,44,56,0,0,0
2019-03-26 13:45,127,55,72,0,0,0
2019-03-26 14:00,99,31,68,0,0,0
2019-03-26 14:15,133,53,80,0,0,0
2019-03-26 14:30,130,54,76,0,0,0
2019-03-26 14:45,141,58,83,0,0,0
2019-03-26 15:00,121,49,72,0,0,0
2019-03-26 15:15,149,55,94,0,0,0
2019-03-26 15:30,135,56,79,0,0,0
2019-03-26 15:45,167,69,98,0,0,0
2019-03-26 16:00,156,55,101,0,0,0
2019-03-26 16:15,182,82,100,0,0,0
2019-03-26 16:30,174,69,105,0,0,0
2019-03-26 16:45,173,60,113,0,0,0
2019-03-26 17:00,211,66,145,0,0,0
2019-03-26 17:15,177,58,119,0,0,0
2019-03-26 17:30,171,67,104,0,0,0
2019-03-26 17:45,200,76,124,0,0,0
2019-03-26 18:00,169,55,114,0,0,0
2019-03-26 18:15,127,48,79,0,0,0
2019-03-26 18:30,141,49,92,0,0,0
2019-03-26 18:45,119,51,68,0,0,0
2019-03-26 19:00,108,33,75,0,0,0
2019-03-26 19:15,114,48,66,0,0,0
2019-03-26 19:30,96,31,65,0,0,0
2019-03-26 19:45,108,36,72,0,0,0
2019-03-26 20:00,91,37,54,0,0,0
2019-03-26 20:15,59,16,43,0,0,0
2019-03-26 20:30,44,14,30,0,0,0
2019-03-26 20:45,44,13,31,0,0,0
2019-03-26 21:00,50,17,33,0,0,0
2019-03-26 21:15,52,10,42,0,0,0
2019-03-26 21:30,56,20,36,0,0,0
2019-03-26 21:45,60,12,48,0,0,0
2019-03-26 22:00,44,18,26,0,0,0
2019-03-26 22:15,48,11,37,0,0,0
2019-03-26 22:30,38,2,36,0,0,0
2019-03-26 22:45,40,18,22,0,0,0
2019-03-26 23:00,29,6,23,0,0,0
2019-03-26 23:15,29,12,17,0,0,0
2019-03-26 23:30,18,7,11,0,0,0
2019-03-26 23:45,9,0,9,0,0,0
2019-03-27 00:00,10,5,5,0,0,0
2019-03-27 00:15,16,6,10,0,0,0
2019-03-27 00:30,7,0,7,0,0,0
2019-03-27 00:45,5,0,5,0,0,0
2019-03-27 01:00,16,1,15,0,0,0
2019-03-27 01:15,2,0,2,0,0,0
2019-03-27 01:30,1,1,0,0,0,0
2019-03-27 01:45,1,0,1,0,0,0
2019-03-27 02:00,1,0,1,0,0,0
2019-03-27 02:15,0,0,0,0,0,0
2019-03-27 02:30,4,2,2,0,0,0
2019-03-27 02:45,3,2,1,0,0,0
2019-03-27 03:00,2,1,1,0,0,0
2019-03-27 03:15,0,0,0,0,0,0
2019-03-27 03:30,3,1,2,0,0,0
2019-03-27 03:45,2,2,0,0,0,0
2019-03-27 04:00,0,0,0,0,0,0
2019-03-27 04:15,3,0,3,0,0,0
2019-03-27 04:30,1,0,1,0,0,0
2019-03-27 04:45,1,1,0,0,0,0
2019-03-27 05:00,4,4,0,0,0,0
2019-03-27 05:15,11,7,4,0,0,0
2019-03-27 05:30,10,9,1,0,0,0
2019-03-27 05:45,18,16,2,0,0,0
2019-03-27 06:00,21,16,5,0,0,0
2019-03-27 06:15,36,28,8,0,0,0
2019-03-27 06:30,38,30,8,0,0,0
2019-03-27 06:45,79,55,24,0,0,0
2019-03-27 07:00,66,38,28,0,0,0
2019-03-27 07:15,118,79,39,0,0,0
2019-03-27 07:30,148,106,42,0,0,0
2019-03-27 07:45,152,103,49,0,0,0
2019-03-27 08:00,133,101,32,0,0,0
2019-03-27 08:15,162,111,51,0,0,0
2019-03-27 08:30,130,86,44,0,0,0
2019-03-27 08:45,146,95,51,0,0,0
2019-03-27 09:00,125,83,42,0,0,0
2019-03-27 09:15,99,72,27,0,0,0
2019-03-27 09:30,117,81,36,0,0,0
2019-03-27 09:45,103,74,29,0,0,0
2019-03-27 10:00,113,69,44,0,0,0
2019-03-27 10:15,94,55,39,0,0,0
2019-03-27 10:30,90,53,37,0,0,0
2019-03-27 10:45,125,76,49,0,0,0
2019-03-27 11:00,86,44,42,0,0,0
2019-03-27 11:15,132,68,64,0,0,0
2019-03-27 11:30,135,63,72,0,0,0
2019-03-27 11:45,156,85,71,0,0,0
2019-03-27 12:00,135,58,77,0,0,0
2019-03-27 12:15,151,79,72,0,0,0
2019-03-27 12:30,142,53,89,0,0,0
2019-03-27 12:45,146,67,79,0,0,0
2019-03-27 13:00,158,60,98,0,0,0
2019-03-27 13:15,116,44,72,0,0,0
2019-03-27 13:30,137,56,81,0,0,0
2019-03-27 13:45,172,86,86,0,0,0
2019-03-27 14:00,145,51,94,0,0,0
2019-03-27 14:15,137,49,88,0,0,0
2019-03-27 14:30,135,55,80,0,0,0
2019-03-27 14:45,145,52,93,0,0,0
2019-03-27 15:00,156,51,105,0,0,0
2019-03-27 15:15,140,60,80,0,0,0
2019-03-27 15:30,168,58,110,0,0,0
2019-03-27 15:45,159,62,97,0,0,0
2019-03-27 16:00,164,65,99,0,0,0
2019-03-27 16:15,192,76,116,0,0,0
2019-03-27 16:30,199,80,119,0,0,0
2019-03-27 16:45,246,87,159,0,0,0
2019-03-27 17:00,203,69,134,0,0,0
2019-03-27 17:15,167,51,116,0,0,0
2019-03-27 17:30,164,66,98,0,0,0
2019-03-27 17:45,225,82,143,0,0,0
2019-03-27 18:00,191,69,122,0,0,0
2019-03-27 18:15,164,73,91,0,0,0
2019-03-27 18:30,129,47,82,0,0,0
2019-03-27 18:45,154,67,87,0,0,0
2019-03-27 19:00,130,49,81,0,0,0
2019-03-27 19:15,124,51,73,0,0,0
2019-03-27 19:30,109,38,71,0,0,0
2019-03-27 19:45,120,37,83,0,0,0
2019-03-27 20:00,100,29,71,0,0,0
2019-03-27 20:15,77,27,50,0,0,0
2019-03-27 20:30,61,25,36,0,0,0
2019-03-27 20:45,59,21,38,0,0,0
2019-03-27 21:00,79,30,49,0,0,0
2019-03-27 21:15,61,19,42,0,0,0
2019-03-27 21:30,53,14,39,0,0,0
2019-03-27 21:45,59,20,39,0,0,0
2019-03-27 22:00,61,13,48,0,0,0
2019-03-27 22:15,51,12,39,0,0,0
2019-03-27 22:30,33,13,20,0,0,0
2019-03-27 22:45,37,17,20,0,0,0
2019-03-27 23:00,38,8,30,0,0,0
2019-03-27 23:15,27,6,21,0,0,0
2019-03-27 23:30,16,7,9,0,0,0
2019-03-27 23:45,24,4,20,0,0,0
2019-03-28 00:00,18,5,13,0,0,0
2019-03-28 00:15,16,10,6,0,0,0
2019-03-28 00:30,12,4,8,0,0,0
2019-03-28 00:45,12,5,7,0,0,0
2019-03-28 01:00,9,3,6,0,0,0
2019-03-28 01:15,11,1,10,0,0,0
2019-03-28 01:30,3,1,2,0,0,0
2019-03-28 01:45,4,0,4,0,0,0
2019-03-28 02:00,5,0,5,0,0,0
2019-03-28 02:15,2,0,2,0,0,0
2019-03-28 02:30,5,2,3,0,0,0
2019-03-28 02:45,5,1,4,0,0,0
2019-03-28 03:00,6,1,5,0,0,0
2019-03-28 03:15,6,0,6,0,0,0
2019-03-28 03:30,4,0,4,0,0,0
2019-03-28 03:45,8,3,5,0,0,0
2019-03-28 04:00,6,1,5,0,0,0
2019-03-28 04:15,0,0,0,0,0,0
2019-03-28 04:30,1,0,1,0,0,0
2019-03-28 04:45,1,1,0,0,0,0
2019-03-28 05:00,6,5,1,0,0,0
2019-03-28 05:15,9,4,5,0,0,0
2019-03-28 05:30,16,11,5,0,0,0
2019-03-28 05:45,17,13,4,0,0,0
2019-03-28 06:00,28,18,10,0,0,0
2019-03-28 06:15,34,29,5,0,0,0
2019-03-28 06:30,47,37,10,0,0,0
2019-03-28 06:45,80,57,23,0,0,0
2019-03-28 07:00,69,48,21,0,0,0
2019-03-28 07:15,109,69,40,0,0,0
2019-03-28 07:30,143,93,50,0,0,0
2019-03-28 07:45,168,116,52,0,0,0
2019-03-28 08:00,138,111,27,0,0,0
2019-03-28 08:15,123,81,42,0,0,0
2019-03-28 08:30,120,90,30,0,0,0
2019-03-28 08:45,133,86,47,0,0,0
2019-03-28 09:00,89,56,33,0,0,0
2019-03-28 09:15,126,89,37,0,0,0
2019-03-28 09:30,107,70,37,0,0,0
2019-03-28 09:45,104,59,45,0,0,0
2019-03-28 10:00,96,52,44,0,0,0
2019-03-28 10:15,114,80,34,0,0,0
2019-03-28 10:30,80,46,34,0,0,0
2019-03-28 10:45,120,72,48,0,0,0
2019-03-28 11:00,105,60,45,0,0,0
2019-03-28 11:15,119,62,57,0,0,0
2019-03-28 11:30,127,53,74,0,0,0
2019-03-28 11:45,130,64,66,0,0,0
2019-03-28 12:00,111,37,74,0,0,0
2019-03-28 12:15,148,60,88,0,0,0
2019-03-28 12:30,147,48,99,0,0,0
2019-03-28 12:45,129,61,68,0,0,0
2019-03-28 13:00,140,54,86,0,0,0
2019-03-28 13:15,132,54,78,0,0,0
2019-03-28 13:30,138,63,75,0,0,0
2019-03-28 13:45,144,74,70,0,0,0
2019-03-28 14:00,164,65,99,0,0,0
2019-03-28 14:15,132,58,74,0,0,0
2019-03-28 14:30,115,45,70,0,0,0
2019-03-28 14:45,169,78,91,0,0,0
2019-03-28 15:00,162,77,85,0,0,0
2019-03-28 15:15,162,65,97,0,0,0
2019-03-28 15:30,175,70,105,0,0,0
2019-03-28 15:45,203,88,115,0,0,0
2019-03-28 16:00,179,71,108,0,0,0
2019-03-28 16:15,166,78,88,0,0,0
2019-03-28 16:30,188,66,122,0,0,0
2019-03-28 16:45,211,78,133,0,0,0
2019-03-28 17:00,222,96,126,0,0,0
2019-03-28 17:15,208,77,131,0,0,0
2019-03-28 17:30,176,79,97,0,0,0
2019-03-28 17:45,164,74,90,0,0,0
2019-03-28 18:00,189,72,117,0,0,0
2019-03-28 18:15,148,58,90,0,0,0
2019-03-28 18:30,149,45,104,0,0,0
2019-03-28 18:45,161,72,89,0,0,0
2019-03-28 19:00,147,42,105,0,0,0
2019-03-28 19:15,133,47,86,0,0,0
2019-03-28 19:30,94,29,65,0,0,0
2019-03-28 19:45,101,48,53,0,0,0
2019-03-28 20:00,94,29,65,0,0,0
2019-03-28 20:15,77,35,42,0,0,0
2019-03-28 20:30,52,29,23,0,0,0
2019-03-28 20:45,54,15,39,0,0,0
2019-03-28 21:00,59,15,44,0,0,0
2019-03-28 21:15,52,13,39,0,0,0
2019-03-28 21:30,47,16,31,0,0,0
2019-03-28 21:45,59,17,42,0,0,0
2019-03-28 22:00,49,12,37,0,0,0
2019-03-28 22:15,53,14,39,0,0,0
2019-03-28 22:30,51,14,37,0,0,0
2019-03-28 22:45,48,22,26,0,0,0
2019-03-28 23:00,29,6,23,0,0,0
2019-03-28 23:15,33,12,21,0,0,0
2019-03-28 23:30,17,6,11,0,0,0
2019-03-28 23:45,18,7,11,0,0,0
2019-03-29 00:00,17,2,15,0,0,0
2019-03-29 00:15,12,5,7,0,0,0
2019-03-29 00:30,10,4,6,0,0,0
2019-03-29 00:45,4,2,2,0,0,0
2019-03-29 01:00,10,1,9,0,0,0
2019-03-29 01:15,4,0,4,0,0,0
2019-03-29 01:30,5,3,2,0,0,0
2019-03-29 01:45,6,0,6,0,0,0
2019-03-29 02:00,5,1,4,0,0,0
2019-03-29 02:15,2,0,2,0,0,0
2019-03-29 02:30,7,1,6,0,0,0
2019-03-29 02:45,6,3,3,0,0,0
2019-03-29 03:00,4,1,3,0,0,0
2019-03-29 03:15,1,0,1,0,0,0
2019-03-29 03:30,5,0,5,0,0,0
2019-03-29 03:45,1,1,0,0,0,0
2019-03-29 04:00,1,0,1,0,0,0
2019-03-29 04:15,1,0,1,0,0,0
2019-03-29 04:30,2,0,2,0,0,0
2019-03-29 04:45,1,0,1,0,0,0
2019-03-29 05:00,4,3,1,0,0,0
2019-03-29 05:15,13,7,6,0,0,0
2019-03-29 05:30,10,7,3,0,0,0
2019-03-29 05:45,20,15,5,0,0,0
2019-03-29 06:00,22,17,5,0,0,0
2019-03-29 06:15,40,30,10,0,0,0
2019-03-29 06:30,52,42,10,0,0,0
2019-03-29 06:45,66,48,18,0,0,0
2019-03-29 07:00,70,48,22,0,0,0
2019-03-29 07:15,115,74,41,0,0,0
2019-03-29 07:30,150,98,52,0,0,0
2019-03-29 07:45,148,95,53,0,0,0
2019-03-29 08:00,139,95,44,0,0,0
2019-03-29 08:15,140,96,44,0,0,0
2019-03-29 08:30,110,75,35,0,0,0
2019-03-29 08:45,120,83,37,0,0,0
2019-03-29 09:00,97,64,33,0,0,0
2019-03-29 09:15,105,62,43,0,0,0
2019-03-29 09:30,90,70,20,0,0,0
2019-03-29 09:45,126,89,37,0,0,0
2019-03-29 10:00,106,58,48,0,0,0
2019-03-29 10:15,137,79,58,0,0,0
2019-03-29 10:30,122,62,60,0,0,0
2019-03-29 10:45,106,68,38,0,0,0
2019-03-29 11:00,90,45,45,0,0,0
2019-03-29 11:15,137,68,69,0,0,0
2019-03-29 11:30,157,77,80,0,0,0
2019-03-29 11:45,143,78,65,0,0,0
2019-03-29 12:00,152,80,72,0,0,0
2019-03-29 12:15,164,68,96,0,0,0
2019-03-29 12:30,179,75,104,0,0,0
2019-03-29 12:45,188,83,105,0,0,0
2019-03-29 13:00,192,77,115,0,0,0
2019-03-29 13:15,165,59,106,0,0,0
2019-03-29 13:30,184,78,106,0,0,0
2019-03-29 13:45,211,101,110,0,0,0
2019-03-29 14:00,206,71,135,0,0,0
2019-03-29 14:15,196,76,120,0,0,0
2019-03-29 14:30,157,68,89,0,0,0
2019-03-29 14:45,224,98,126,0,0,0
2019-03-29 15:00,174,67,107,0,0,0
2019-03-29 15:15,211,83,128,0,0,0
2019-03-29 15:30,195,84,111,0,0,0
2019-03-29 15:45,211,85,126,0,0,0
2019-03-29 16:00,198,92,106,0,0,0
2019-03-29 16:15,201,81,120,0,0,0
2019-03-29 16:30,210,89,121,0,0,0
2019-03-29 16:45,173,75,98,0,0,0
2019-03-29 17:00,237,105,132,0,0,0
2019-03-29 17:15,173,77,96,0,0,0
2019-03-29 17:30,211,89,122,0,0,0
2019-03-29 17:45,184,96,88,0,0,0
2019-03-29 18:00,179,83,96,0,0,0
2019-03-29 18:15,174,69,105,0,0,0
2019-03-29 18:30,178,76,102,0,0,0
2019-03-29 18:45,171,80,91,0,0,0
2019-03-29 19:00,147,59,88,0,0,0
2019-03-29 19:15,138,68,70,0,0,0
2019-03-29 19:30,115,59,56,0,0,0
2019-03-29 19:45,130,75,55,0,0,0
2019-03-29 20:00,113,38,75,0,0,0
2019-03-29 20:15,105,43,62,0,0,0
2019-03-29 20:30,75,26,49,0,0,0
2019-03-29 20:45,81,45,36,0,0,0
2019-03-29 21:00,70,39,31,0,0,0
2019-03-29 21:15,80,33,47,0,0,0
2019-03-29 21:30,84,21,63,0,0,0
2019-03-29 21:45,63,24,39,0,0,0
2019-03-29 22:00,73,27,46,0,0,0
2019-03-29 22:15,65,26,39,0,0,0
2019-03-29 22:30,65,19,46,0,0,0
2019-03-29 22:45,61,18,43,0,0,0
2019-03-29 23:00,55,15,40,0,0,0
2019-03-29 23:15,42,11,31,0,0,0
2019-03-29 23:30,46,12,34,0,0,0
2019-03-29 23:45,66,20,46,0,0,0
2019-03-30 00:00,38,9,29,0,0,0
2019-03-30 00:15,34,10,24,0,0,0
2019-03-30 00:30,25,9,16,0,0,0
2019-03-30 00:45,52,23,29,0,0,0
2019-03-30 01:00,37,13,24,0,0,0
2019-03-30 01:15,48,14,34,0,0,0
2019-03-30 01:30,15,6,9,0,0,0
2019-03-30 01:45,21,8,13,0,0,0
2019-03-30 02:00,14,3,11,0,0,0
2019-03-30 02:15,21,8,13,0,0,0
2019-03-30 02:30,15,4,11,0,0,0
2019-03-30 02:45,12,1,11,0,0,0
2019-03-30 03:00,26,6,20,0,0,0
2019-03-30 03:15,13,11,2,0,0,0
2019-03-30 03:30,15,5,10,0,0,0
2019-03-30 03:45,8,4,4,0,0,0
2019-03-30 04:00,4,0,4,0,0,0
2019-03-30 04:15,2,0,2,0,0,0
2019-03-30 04:30,5,2,3,0,0,0
2019-03-30 04:45,1,1,0,0,0,0
2019-03-30 05:00,7,1,6,0,0,0
2019-03-30 05:15,6,2,4,0,0,0
2019-03-30 05:30,6,5,1,0,0,0
2019-03-30 05:45,11,6,5,0,0,0
2019-03-30 06:00,10,7,3,0,0,0
2019-03-30 06:15,13,5,8,0,0,0
2019-03-30 06:30,4,4,0,0,0,0
2019-03-30 06:45,12,6,6,0,0,0
2019-03-30 07:00,8,3,5,0,0,0
2019-03-30 07:15,15,11,4,0,0,0
2019-03-30 07:30,18,15,3,0,0,0
2019-03-30 07:45,30,25,5,0,0,0
2019-03-30 08:00,39,24,15,0,0,0
2019-03-30 08:15,42,25,17,0,0,0
2019-03-30 08:30,46,32,14,0,0,0
2019-03-30 08:45,60,32,28,0,0,0
2019-03-30 09:00,50,32,18,0,0,0
2019-03-30 09:15,93,71,22,0,0,0
2019-03-30 09:30,117,88,29,0,0,0
2019-03-30 09:45,125,89,36,0,0,0
2019-03-30 10:00,121,80,41,0,0,0
2019-03-30 10:15,153,102,51,0,0,0
2019-03-30 10:30,145,94,51,0,0,0
2019-03-30 10:45,171,113,58,0,0,0
2019-03-30 11:00,166,108,58,0,0,0
2019-03-30 11:15,156,102,54,0,0,0
2019-03-30 11:30,183,114,69,0,0,0
2019-03-30 11:45,212,109,103,0,0,0
2019-03-30 12:00,200,110,90,0,0,0
2019-03-30 12:15,182,90,92,0,0,0
2019-03-30 12:30,171,88,83,0,0,0
2019-03-30 12:45,170,91,79,0,0,0
2019-03-30 13:00,196,84,112,0,0,0
2019-03-30 13:15,192,81,111,0,0,0
2019-03-30 13:30,183,93,90,0,0,0
2019-03-30 13:45,198,106,92,0,0,0
2019-03-30 14:00,180,63,117,0,0,0
2019-03-30 14:15,189,69,120,0,0,0
2019-03-30 14:30,186,46,140,0,0,0
2019-03-30 14:45,178,77,101,0,0,0
2019-03-30 15:00,179,70,109,0,0,0
2019-03-30 15:15,178,70,108,0,0,0
2019-03-30 15:30,174,65,109,0,0,0
2019-03-30 15:45,172,82,90,0,0,0
2019-03-30 16:00,113,44,69,0,0,0
2019-03-30 16:15,128,63,65,0,0,0
2019-03-30 16:30,118,43,75,0,0,0
2019-03-30 16:45,158,76,82,0,0,0
2019-03-30 17:00,130,52,78,0,0,0
2019-03-30 17:15,150,56,94,0,0,0
2019-03-30 17:30,142,54,88,0,0,0
2019-03-30 17:45,141,50,91,0,0,0
2019-03-30 18:00,132,51,81,0,0,0
2019-03-30 18:15,110,35,75,0,0,0
2019-03-30 18:30,114,45,69,0,0,0
2019-03-30 18:45,131,67,64,0,0,0
2019-03-30 19:00,109,32,77,0,0,0
2019-03-30 19:15,108,39,69,0,0,0
2019-03-30 19:30,102,39,63,0,0,0
2019-03-30 19:45,107,57,50,0,0,0
2019-03-30 20:00,83,38,45,0,0,0
2019-03-30 20:15,71,24,47,0,0,0
2019-03-30 20:30,76,30,46,0,0,0
2019-03-30 20:45,68,23,45,0,0,0
2019-03-30 21:00,71,22,49,0,0,0
2019-03-30 21:15,35,18,17,0,0,0
2019-03-30 21:30,37,7,30,0,0,0
2019-03-30 21:45,34,10,24,0,0,0
2019-03-30 22:00,38,14,24,0,0,0
2019-03-30 22:15,48,12,36,0,0,0
2019-03-30 22:30,49,16,33,0,0,0
2019-03-30 22:45,65,16,49,0,0,0
2019-03-30 23:00,48,14,34,0,0,0
2019-03-30 23:15,26,11,15,0,0,0
2019-03-30 23:30,52,21,31,0,0,0
2019-03-30 23:45,37,13,24,0,0,0
2019-03-31 00:00,25,9,16,0,0,0
2019-03-31 00:15,36,17,19,0,0,0
2019-03-31 00:30,36,3,33,0,0,0
2019-03-31 00:45,37,12,25,0,0,0
2019-03-31 01:00,44,20,24,0,0,0
2019-03-31 01:15,27,12,15,0,0,0
2019-03-31 01:30,26,5,21,0,0,0
2019-03-31 01:45,18,3,15,0,0,0
2019-03-31 03:00,30,8,22,0,0,0
2019-03-31 03:15,23,4,19,0,0,0
2019-03-31 03:30,20,6,14,0,0,0
2019-03-31 03:45,10,1,9,0,0,0
2019-03-31 04:00,9,3,6,0,0,0
2019-03-31 04:15,13,4,9,0,0,0
2019-03-31 04:30,8,2,6,0,0,0
2019-03-31 04:45,8,2,6,0,0,0
2019-03-31 05:00,7,4,3,0,0,0
2019-03-31 05:15,6,1,5,0,0,0
2019-03-31 05:30,2,2,0,0,0,0
2019-03-31 05:45,6,2,4,0,0,0
2019-03-31 06:00,5,0,5,0,0,0
2019-03-31 06:15,5,0,5,0,0,0
2019-03-31 06:30,4,2,2,0,0,0
2019-03-31 06:45,4,1,3,0,0,0
2019-03-31 07:00,6,2,4,0,0,0
2019-03-31 07:15,4,3,1,0,0,0
2019-03-31 07:30,4,4,0,0,0,0
2019-03-31 07:45,4,4,0,0,0,0
2019-03-31 08:00,9,5,4,0,0,0
2019-03-31 08:15,8,1,7,0,0,0
2019-03-31 08:30,13,5,8,0,0,0
2019-03-31 08:45,26,14,12,0,0,0
2019-03-31 09:00,20,13,7,0,0,0
2019-03-31 09:15,40,28,12,0,0,0
2019-03-31 09:30,21,10,11,0,0,0
2019-03-31 09:45,36,29,7,0,0,0
2019-03-31 10:00,37,14,23,0,0,0
2019-03-31 10:15,28,12,16,0,0,0
2019-03-31 10:30,20,13,7,0,0,0
2019-03-31 10:45,30,19,11,0,0,0
2019-03-31 11:00,43,22,21,0,0,0
2019-03-31 11:15,45,20,25,0,0,0
2019-03-31 11:30,33,22,11,0,0,0
2019-03-31 11:45,59,24,35,0,0,0
2019-03-31 12:00,38,23,15,0,0,0
2019-03-31 12:15,33,16,17,0,0,0
2019-03-31 12:30,38,13,25,0,0,0
2019-03-31 12:45,61,26,35,0,0,0
2019-03-31 13:00,46,21,25,0,0,0
2019-03-31 13:15,51,29,22,0,0,0
2019-03-31 13:30,48,29,19,0,0,0
2019-03-31 13:45,78,45,33,0,0,0
2019-03-31 14:00,68,34,34,0,0,0
2019-03-31 14:15,77,41,36,0,0,0
2019-03-31 14:30,80,41,39,0,0,0
2019-03-31 14:45,69,35,34,0,0,0
2019-03-31 15:00,59,29,30,0,0,0
2019-03-31 15:15,76,42,34,0,0,0
2019-03-31 15:30,65,38,27,0,0,0
2019-03-31 15:45,74,41,33,0,0,0
2019-03-31 16:00,64,24,40,0,0,0
2019-03-31 16:15,64,38,26,0,0,0
2019-03-31 16:30,81,40,41,0,0,0
2019-03-31 16:45,90,36,54,0,0,0
2019-03-31 17:00,65,25,40,0,0,0
2019-03-31 17:15,87,34,53,0,0,0
2019-03-31 17:30,83,37,46,0,0,0
2019-03-31 17:45,96,42,54,0,0,0
2019-03-31 18:00,88,37,51,0,0,0
2019-03-31 18:15,77,34,43,0,0,0
2019-03-31 18:30,91,34,57,0,0,0
2019-03-31 18:45,84,31,53,0,0,0
2019-03-31 19:00,73,37,36,0,0,0
2019-03-31 19:15,71,25,46,0,0,0
2019-03-31 19:30,74,22,52,0,0,0
2019-03-31 19:45,66,34,32,0,0,0
2019-03-31 20:00,57,16,41,0,0,0
2019-03-31 20:15,41,12,29,0,0,0
2019-03-31 20:30,27,13,14,0,0,0
2019-03-31 20:45,36,11,25,0,0,0
2019-03-31 21:00,40,18,22,0,0,0
2019-03-31 21:15,27,8,19,0,0,0
2019-03-31 21:30,43,18,25,0,0,0
2019-03-31 21:45,31,6,25,0,0,0
2019-03-31 22:00,30,11,19,0,0,0
2019-03-31 22:15,23,5,18,0,0,0
2019-03-31 22:30,14,4,10,0,0,0
2019-03-31 22:45,26,8,18,0,0,0
2019-03-31 23:00,12,6,6,0,0,0
2019-03-31 23:15,13,4,9,0,0,0
2019-03-31 23:30,8,2,6,0,0,0
2019-03-31 23:45,12,9,3,0,0,0
