Datetime,100034980 (Hammer Straße),101034980 (Hammer Straße stadteinwärts),102034980 (Hammer Straße stadtauswärts),100034980-status,101034980-status,102034980-status
2021-12-01 00:00,14,5,9,0,0,0
2021-12-01 00:15,6,2,4,0,0,0
2021-12-01 00:30,7,2,5,0,0,0
2021-12-01 00:45,6,0,6,0,0,0
2021-12-01 01:00,3,1,2,0,0,0
2021-12-01 01:15,3,2,1,0,0,0
2021-12-01 01:30,0,0,0,0,0,0
2021-12-01 01:45,2,1,1,0,0,0
2021-12-01 02:00,1,0,1,0,0,0
2021-12-01 02:15,2,0,2,0,0,0
2021-12-01 02:30,3,1,2,0,0,0
2021-12-01 02:45,0,0,0,0,0,0
2021-12-01 03:00,0,0,0,0,0,0
2021-12-01 03:15,2,0,2,0,0,0
2021-12-01 03:30,1,0,1,0,0,0
2021-12-01 03:45,0,0,0,0,0,0
2021-12-01 04:00,0,0,0,0,0,0
2021-12-01 04:15,2,1,1,0,0,0
2021-12-01 04:30,3,3,0,0,0,0
2021-12-01 04:45,2,2,0,0,0,0
2021-12-01 05:00,2,2,0,0,0,0
2021-12-01 05:15,6,5,1,0,0,0
2021-12-01 05:30,13,8,5,0,0,0
2021-12-01 05:45,22,16,6,0,0,0
2021-12-01 06:00,23,17,6,0,0,0
2021-12-01 06:15,24,17,7,0,0,0
2021-12-01 06:30,47,29,18,0,0,0
2021-12-01 06:45,40,23,17,0,0,0
2021-12-01 07:00,70,44,26,0,0,0
2021-12-01 07:15,89,59,30,0,0,0
2021-12-01 07:30,114,71,43,0,0,0
2021-12-01 07:45,154,103,51,0,0,0
2021-12-01 08:00,139,93,46,0,0,0
2021-12-01 08:15,142,89,53,0,0,0
2021-12-01 08:30,99,78,21,0,0,0
2021-12-01 08:45,118,76,42,0,0,0
2021-12-01 09:00,97,53,44,0,0,0
2021-12-01 09:15,70,44,26,0,0,0
2021-12-01 09:30,73,45,28,0,0,0
2021-12-01 09:45,104,71,33,0,0,0
2021-12-01 10:00,93,52,41,0,0,0
2021-12-01 10:15,103,59,44,0,0,0
2021-12-01 10:30,84,47,37,0,0,0
2021-12-01 10:45,74,46,28,0,0,0
2021-12-01 11:00,79,38,41,0,0,0
2021-12-01 11:15,94,51,43,0,0,0
2021-12-01 11:30,104,53,51,0,0,0
2021-12-01 11:45,102,49,53,0,0,0
2021-12-01 12:00,102,48,54,0,0,0
2021-12-01 12:15,106,40,66,0,0,0
2021-12-01 12:30,89,32,57,0,0,0
2021-12-01 12:45,104,42,62,0,0,0
2021-12-01 13:00,109,52,57,0,0,0
2021-12-01 13:15,111,43,68,0,0,0
2021-12-01 13:30,114,43,71,0,0,0
2021-12-01 13:45,111,42,69,0,0,0
2021-12-01 14:00,125,46,79,0,0,0
2021-12-01 14:15,129,48,81,0,0,0
2021-12-01 14:30,129,47,82,0,0,0
2021-12-01 14:45,133,60,73,0,0,0
2021-12-01 15:00,119,47,72,0,0,0
2021-12-01 15:15,157,52,105,0,0,0
2021-12-01 15:30,140,59,81,0,0,0
2021-12-01 15:45,157,73,84,0,0,0
2021-12-01 16:00,175,72,103,0,0,0
2021-12-01 16:15,169,76,93,0,0,0
2021-12-01 16:30,148,59,89,0,0,0
2021-12-01 16:45,114,35,79,0,0,0
2021-12-01 17:00,140,35,105,0,0,0
2021-12-01 17:15,163,54,109,0,0,0
2021-12-01 17:30,118,49,69,0,0,0
2021-12-01 17:45,177,80,97,0,0,0
2021-12-01 18:00,144,51,93,0,0,0
2021-12-01 18:15,166,75,91,0,0,0
2021-12-01 18:30,137,56,81,0,0,0
2021-12-01 18:45,129,44,85,0,0,0
2021-12-01 19:00,97,31,66,0,0,0
2021-12-01 19:15,109,37,72,0,0,0
2021-12-01 19:30,83,33,50,0,0,0
2021-12-01 19:45,103,28,75,0,0,0
2021-12-01 20:00,100,22,78,0,0,0
2021-12-01 20:15,75,20,55,0,0,0
2021-12-01 20:30,48,12,36,0,0,0
2021-12-01 20:45,55,15,40,0,0,0
2021-12-01 21:00,45,11,34,0,0,0
2021-12-01 21:15,37,8,29,0,0,0
2021-12-01 21:30,49,19,30,0,0,0
2021-12-01 21:45,48,12,36,0,0,0
2021-12-01 22:00,46,15,31,0,0,0
2021-12-01 22:15,49,11,38,0,0,0
2021-12-01 22:30,32,9,23,0,0,0
2021-12-01 22:45,36,12,24,0,0,0
2021-12-01 23:00,26,3,23,0,0,0
2021-12-01 23:15,24,7,17,0,0,0
2021-12-01 23:30,21,9,12,0,0,0
2021-12-01 23:45,10,3,7,0,0,0
2021-12-02 00:00,11,2,9,0,0,0
2021-12-02 00:15,10,2,8,0,0,0
2021-12-02 00:30,8,3,5,0,0,0
2021-12-02 00:45,15,4,11,0,0,0
2021-12-02 01:00,5,2,3,0,0,0
2021-12-02 01:15,5,3,2,0,0,0
2021-12-02 01:30,12,4,8,0,0,0
2021-12-02 01:45,3,1,2,0,0,0
2021-12-02 02:00,2,2,0,0,0,0
2021-12-02 02:15,4,0,4,0,0,0
2021-12-02 02:30,3,2,1,0,0,0
2021-12-02 02:45,2,1,1,0,0,0
2021-12-02 03:00,7,1,6,0,0,0
2021-12-02 03:15,3,2,1,0,0,0
2021-12-02 03:30,2,0,2,0,0,0
2021-12-02 03:45,2,0,2,0,0,0
2021-12-02 04:00,0,0,0,0,0,0
2021-12-02 04:15,4,2,2,0,0,0
2021-12-02 04:30,3,1,2,0,0,0
2021-12-02 04:45,1,1,0,0,0,0
2021-12-02 05:00,7,3,4,0,0,0
2021-12-02 05:15,3,2,1,0,0,0
2021-12-02 05:30,10,8,2,0,0,0
2021-12-02 05:45,17,14,3,0,0,0
2021-12-02 06:00,17,11,6,0,0,0
2021-12-02 06:15,22,15,7,0,0,0
2021-12-02 06:30,35,21,14,0,0,0
2021-12-02 06:45,54,35,19,0,0,0
2021-12-02 07:00,53,35,18,0,0,0
2021-12-02 07:15,95,56,39,0,0,0
2021-12-02 07:30,104,74,30,0,0,0
2021-12-02 07:45,168,114,54,0,0,0
2021-12-02 08:00,171,107,64,0,0,0
2021-12-02 08:15,140,90,50,0,0,0
2021-12-02 08:30,117,86,31,0,0,0
2021-12-02 08:45,117,73,44,0,0,0
2021-12-02 09:00,97,57,40,0,0,0
2021-12-02 09:15,82,55,27,0,0,0
2021-12-02 09:30,83,54,29,0,0,0
2021-12-02 09:45,114,76,38,0,0,0
2021-12-02 10:00,97,61,36,0,0,0
2021-12-02 10:15,104,62,42,0,0,0
2021-12-02 10:30,111,64,47,0,0,0
2021-12-02 10:45,101,62,39,0,0,0
2021-12-02 11:00,105,64,41,0,0,0
2021-12-02 11:15,106,50,56,0,0,0
2021-12-02 11:30,113,38,75,0,0,0
2021-12-02 11:45,114,50,64,0,0,0
2021-12-02 12:00,135,65,70,0,0,0
2021-12-02 12:15,119,50,69,0,0,0
2021-12-02 12:30,128,42,86,0,0,0
2021-12-02 12:45,146,63,83,0,0,0
2021-12-02 13:00,141,54,87,0,0,0
2021-12-02 13:15,117,39,78,0,0,0
2021-12-02 13:30,105,52,53,0,0,0
2021-12-02 13:45,139,58,81,0,0,0
2021-12-02 14:00,135,63,72,0,0,0
2021-12-02 14:15,130,63,67,0,0,0
2021-12-02 14:30,138,58,80,0,0,0
2021-12-02 14:45,133,59,74,0,0,0
2021-12-02 15:00,142,59,83,0,0,0
2021-12-02 15:15,177,81,96,0,0,0
2021-12-02 15:30,141,60,81,0,0,0
2021-12-02 15:45,203,94,109,0,0,0
2021-12-02 16:00,174,58,116,0,0,0
2021-12-02 16:15,127,39,88,0,0,0
2021-12-02 16:30,134,51,83,0,0,0
2021-12-02 16:45,158,60,98,0,0,0
2021-12-02 17:00,153,67,86,0,0,0
2021-12-02 17:15,177,61,116,0,0,0
2021-12-02 17:30,153,47,106,0,0,0
2021-12-02 17:45,159,71,88,0,0,0
2021-12-02 18:00,168,60,108,0,0,0
2021-12-02 18:15,152,70,82,0,0,0
2021-12-02 18:30,137,58,79,0,0,0
2021-12-02 18:45,126,47,79,0,0,0
2021-12-02 19:00,115,43,72,0,0,0
2021-12-02 19:15,108,38,70,0,0,0
2021-12-02 19:30,75,25,50,0,0,0
2021-12-02 19:45,104,31,73,0,0,0
2021-12-02 20:00,96,19,77,0,0,0
2021-12-02 20:15,75,9,66,0,0,0
2021-12-02 20:30,77,20,57,0,0,0
2021-12-02 20:45,53,12,41,0,0,0
2021-12-02 21:00,37,11,26,0,0,0
2021-12-02 21:15,42,16,26,0,0,0
2021-12-02 21:30,49,13,36,0,0,0
2021-12-02 21:45,50,16,34,0,0,0
2021-12-02 22:00,42,13,29,0,0,0
2021-12-02 22:15,39,7,32,0,0,0
2021-12-02 22:30,26,7,19,0,0,0
2021-12-02 22:45,36,12,24,0,0,0
2021-12-02 23:00,34,12,22,0,0,0
2021-12-02 23:15,25,10,15,0,0,0
2021-12-02 23:30,14,5,9,0,0,0
2021-12-02 23:45,19,5,14,0,0,0
2021-12-03 00:00,15,1,14,0,0,0
2021-12-03 00:15,9,3,6,0,0,0
2021-12-03 00:30,11,1,10,0,0,0
2021-12-03 00:45,7,7,0,0,0,0
2021-12-03 01:00,10,6,4,0,0,0
2021-12-03 01:15,4,2,2,0,0,0
2021-12-03 01:30,2,1,1,0,0,0
2021-12-03 01:45,2,0,2,0,0,0
2021-12-03 02:00,7,0,7,0,0,0
2021-12-03 02:15,3,0,3,0,0,0
2021-12-03 02:30,1,0,1,0,0,0
2021-12-03 02:45,3,0,3,0,0,0
2021-12-03 03:00,1,0,1,0,0,0
2021-12-03 03:15,1,1,0,0,0,0
2021-12-03 03:30,2,1,1,0,0,0
2021-12-03 03:45,2,1,1,0,0,0
2021-12-03 04:00,1,0,1,0,0,0
2021-12-03 04:15,2,1,1,0,0,0
2021-12-03 04:30,3,2,1,0,0,0
2021-12-03 04:45,3,3,0,0,0,0
2021-12-03 05:00,2,1,1,0,0,0
2021-12-03 05:15,4,3,1,0,0,0
2021-12-03 05:30,15,14,1,0,0,0
2021-12-03 05:45,14,9,5,0,0,0
2021-12-03 06:00,25,15,10,0,0,0
2021-12-03 06:15,21,19,2,0,0,0
2021-12-03 06:30,38,24,14,0,0,0
2021-12-03 06:45,40,26,14,0,0,0
2021-12-03 07:00,56,35,21,0,0,0
2021-12-03 07:15,68,38,30,0,0,0
2021-12-03 07:30,117,71,46,0,0,0
2021-12-03 07:45,157,102,55,0,0,0
2021-12-03 08:00,122,73,49,0,0,0
2021-12-03 08:15,102,66,36,0,0,0
2021-12-03 08:30,81,57,24,0,0,0
2021-12-03 08:45,110,72,38,0,0,0
2021-12-03 09:00,77,50,27,0,0,0
2021-12-03 09:15,66,34,32,0,0,0
2021-12-03 09:30,94,67,27,0,0,0
2021-12-03 09:45,104,72,32,0,0,0
2021-12-03 10:00,83,54,29,0,0,0
2021-12-03 10:15,96,56,40,0,0,0
2021-12-03 10:30,108,62,46,0,0,0
2021-12-03 10:45,90,55,35,0,0,0
2021-12-03 11:00,74,38,36,0,0,0
2021-12-03 11:15,105,62,43,0,0,0
2021-12-03 11:30,142,74,68,0,0,0
2021-12-03 11:45,124,63,61,0,0,0
2021-12-03 12:00,130,55,75,0,0,0
2021-12-03 12:15,125,61,64,0,0,0
2021-12-03 12:30,130,44,86,0,0,0
2021-12-03 12:45,162,79,83,0,0,0
2021-12-03 13:00,161,62,99,0,0,0
2021-12-03 13:15,145,56,89,0,0,0
2021-12-03 13:30,132,59,73,0,0,0
2021-12-03 13:45,160,62,98,0,0,0
2021-12-03 14:00,147,56,91,0,0,0
2021-12-03 14:15,174,78,96,0,0,0
2021-12-03 14:30,139,60,79,0,0,0
2021-12-03 14:45,165,64,101,0,0,0
2021-12-03 15:00,156,64,92,0,0,0
2021-12-03 15:15,144,64,80,0,0,0
2021-12-03 15:30,154,63,91,0,0,0
2021-12-03 15:45,174,65,109,0,0,0
2021-12-03 16:00,170,80,90,0,0,0
2021-12-03 16:15,171,82,89,0,0,0
2021-12-03 16:30,131,56,75,0,0,0
2021-12-03 16:45,137,70,67,0,0,0
2021-12-03 17:00,135,53,82,0,0,0
2021-12-03 17:15,119,43,76,0,0,0
2021-12-03 17:30,108,47,61,0,0,0
2021-12-03 17:45,123,51,72,0,0,0
2021-12-03 18:00,147,74,73,0,0,0
2021-12-03 18:15,127,53,74,0,0,0
2021-12-03 18:30,111,52,59,0,0,0
2021-12-03 18:45,104,52,52,0,0,0
2021-12-03 19:00,105,45,60,0,0,0
2021-12-03 19:15,119,52,67,0,0,0
2021-12-03 19:30,86,28,58,0,0,0
2021-12-03 19:45,78,31,47,0,0,0
2021-12-03 20:00,83,24,59,0,0,0
2021-12-03 20:15,63,12,51,0,0,0
2021-12-03 20:30,59,28,31,0,0,0
2021-12-03 20:45,56,17,39,0,0,0
2021-12-03 21:00,56,18,38,0,0,0
2021-12-03 21:15,80,16,64,0,0,0
2021-12-03 21:30,66,17,49,0,0,0
2021-12-03 21:45,39,8,31,0,0,0
2021-12-03 22:00,44,15,29,0,0,0
2021-12-03 22:15,33,9,24,0,0,0
2021-12-03 22:30,32,7,25,0,0,0
2021-12-03 22:45,38,12,26,0,0,0
2021-12-03 23:00,30,8,22,0,0,0
2021-12-03 23:15,25,6,19,0,0,0
2021-12-03 23:30,29,5,24,0,0,0
2021-12-03 23:45,23,8,15,0,0,0
2021-12-04 00:00,24,5,19,0,0,0
2021-12-04 00:15,27,11,16,0,0,0
2021-12-04 00:30,23,4,19,0,0,0
2021-12-04 00:45,23,4,19,0,0,0
2021-12-04 01:00,31,10,21,0,0,0
2021-12-04 01:15,17,2,15,0,0,0
2021-12-04 01:30,22,6,16,0,0,0
2021-12-04 01:45,11,3,8,0,0,0
2021-12-04 02:00,11,3,8,0,0,0
2021-12-04 02:15,8,4,4,0,0,0
2021-12-04 02:30,15,6,9,0,0,0
2021-12-04 02:45,10,4,6,0,0,0
2021-12-04 03:00,4,1,3,0,0,0
2021-12-04 03:15,5,3,2,0,0,0
2021-12-04 03:30,11,3,8,0,0,0
2021-12-04 03:45,6,0,6,0,0,0
2021-12-04 04:00,3,0,3,0,0,0
2021-12-04 04:15,2,2,0,0,0,0
2021-12-04 04:30,5,2,3,0,0,0
2021-12-04 04:45,5,3,2,0,0,0
2021-12-04 05:00,3,1,2,0,0,0
2021-12-04 05:15,5,0,5,0,0,0
2021-12-04 05:30,10,9,1,0,0,0
2021-12-04 05:45,9,3,6,0,0,0
2021-12-04 06:00,4,3,1,0,0,0
2021-12-04 06:15,1,1,0,0,0,0
2021-12-04 06:30,9,7,2,0,0,0
2021-12-04 06:45,7,4,3,0,0,0
2021-12-04 07:00,14,7,7,0,0,0
2021-12-04 07:15,16,12,4,0,0,0
2021-12-04 07:30,16,12,4,0,0,0
2021-12-04 07:45,23,20,3,0,0,0
2021-12-04 08:00,22,13,9,0,0,0
2021-12-04 08:15,26,13,13,0,0,0
2021-12-04 08:30,31,20,11,0,0,0
2021-12-04 08:45,45,30,15,0,0,0
2021-12-04 09:00,52,31,21,0,0,0
2021-12-04 09:15,48,34,14,0,0,0
2021-12-04 09:30,72,47,25,0,0,0
2021-12-04 09:45,118,93,25,0,0,0
2021-12-04 10:00,87,52,35,0,0,0
2021-12-04 10:15,88,59,29,0,0,0
2021-12-04 10:30,119,80,39,0,0,0
2021-12-04 10:45,114,66,48,0,0,0
2021-12-04 11:00,126,78,48,0,0,0
2021-12-04 11:15,121,60,61,0,0,0
2021-12-04 11:30,146,74,72,0,0,0
2021-12-04 11:45,133,66,67,0,0,0
2021-12-04 12:00,130,73,57,0,0,0
2021-12-04 12:15,146,56,90,0,0,0
2021-12-04 12:30,128,63,65,0,0,0
2021-12-04 12:45,168,83,85,0,0,0
2021-12-04 13:00,134,64,70,0,0,0
2021-12-04 13:15,136,65,71,0,0,0
2021-12-04 13:30,130,59,71,0,0,0
2021-12-04 13:45,153,81,72,0,0,0
2021-12-04 14:00,150,72,78,0,0,0
2021-12-04 14:15,124,64,60,0,0,0
2021-12-04 14:30,116,51,65,0,0,0
2021-12-04 14:45,146,44,102,0,0,0
2021-12-04 15:00,113,42,71,0,0,0
2021-12-04 15:15,123,57,66,0,0,0
2021-12-04 15:30,114,46,68,0,0,0
2021-12-04 15:45,123,47,76,0,0,0
2021-12-04 16:00,95,37,58,0,0,0
2021-12-04 16:15,73,22,51,0,0,0
2021-12-04 16:30,62,25,37,0,0,0
2021-12-04 16:45,74,32,42,0,0,0
2021-12-04 17:00,69,18,51,0,0,0
2021-12-04 17:15,83,17,66,0,0,0
2021-12-04 17:30,64,14,50,0,0,0
2021-12-04 17:45,72,24,48,0,0,0
2021-12-04 18:00,60,18,42,0,0,0
2021-12-04 18:15,92,27,65,0,0,0
2021-12-04 18:30,44,14,30,0,0,0
2021-12-04 18:45,54,18,36,0,0,0
2021-12-04 19:00,60,32,28,0,0,0
2021-12-04 19:15,53,20,33,0,0,0
2021-12-04 19:30,34,16,18,0,0,0
2021-12-04 19:45,40,14,26,0,0,0
2021-12-04 20:00,39,19,20,0,0,0
2021-12-04 20:15,45,24,21,0,0,0
2021-12-04 20:30,33,9,24,0,0,0
2021-12-04 20:45,26,7,19,0,0,0
2021-12-04 21:00,49,23,26,0,0,0
2021-12-04 21:15,30,12,18,0,0,0
2021-12-04 21:30,37,8,29,0,0,0
2021-12-04 21:45,25,14,11,0,0,0
2021-12-04 22:00,31,12,19,0,0,0
2021-12-04 22:15,29,7,22,0,0,0
2021-12-04 22:30,18,5,13,0,0,0
2021-12-04 22:45,25,7,18,0,0,0
2021-12-04 23:00,22,9,13,0,0,0
2021-12-04 23:15,20,5,15,0,0,0
2021-12-04 23:30,19,5,14,0,0,0
2021-12-04 23:45,27,7,20,0,0,0
2021-12-05 00:00,25,10,15,0,0,0
2021-12-05 00:15,23,4,19,0,0,0
2021-12-05 00:30,20,5,15,0,0,0
2021-12-05 00:45,19,3,16,0,0,0
2021-12-05 01:00,17,4,13,0,0,0
2021-12-05 01:15,19,5,14,0,0,0
2021-12-05 01:30,17,6,11,0,0,0
2021-12-05 01:45,14,6,8,0,0,0
2021-12-05 02:00,14,2,12,0,0,0
2021-12-05 02:15,5,2,3,0,0,0
2021-12-05 02:30,8,1,7,0,0,0
2021-12-05 02:45,11,7,4,0,0,0
2021-12-05 03:00,3,0,3,0,0,0
2021-12-05 03:15,6,2,4,0,0,0
2021-12-05 03:30,4,0,4,0,0,0
2021-12-05 03:45,1,0,1,0,0,0
2021-12-05 04:00,9,2,7,0,0,0
2021-12-05 04:15,3,2,1,0,0,0
2021-12-05 04:30,0,0,0,0,0,0
2021-12-05 04:45,1,1,0,0,0,0
2021-12-05 05:00,1,0,1,0,0,0
2021-12-05 05:15,2,0,2,0,0,0
2021-12-05 05:30,8,6,2,0,0,0
2021-12-05 05:45,1,1,0,0,0,0
2021-12-05 06:00,3,1,2,0,0,0
2021-12-05 06:15,0,0,0,0,0,0
2021-12-05 06:30,2,1,1,0,0,0
2021-12-05 06:45,2,1,1,0,0,0
2021-12-05 07:00,3,2,1,0,0,0
2021-12-05 07:15,3,2,1,0,0,0
2021-12-05 07:30,6,2,4,0,0,0
2021-12-05 07:45,7,4,3,0,0,0
2021-12-05 08:00,2,2,0,0,0,0
2021-12-05 08:15,3,1,2,0,0,0
2021-12-05 08:30,12,3,9,0,0,0
2021-12-05 08:45,15,11,4,0,0,0
2021-12-05 09:00,10,3,7,0,0,0
2021-12-05 09:15,11,5,6,0,0,0
2021-12-05 09:30,20,7,13,0,0,0
2021-12-05 09:45,28,21,7,0,0,0
2021-12-05 10:00,35,20,15,0,0,0
2021-12-05 10:15,27,11,16,0,0,0
2021-12-05 10:30,29,19,10,0,0,0
2021-12-05 10:45,37,24,13,0,0,0
2021-12-05 11:00,36,16,20,0,0,0
2021-12-05 11:15,42,13,29,0,0,0
2021-12-05 11:30,40,23,17,0,0,0
2021-12-05 11:45,37,14,23,0,0,0
2021-12-05 12:00,44,22,22,0,0,0
2021-12-05 12:15,53,25,28,0,0,0
2021-12-05 12:30,39,22,17,0,0,0
2021-12-05 12:45,50,23,27,0,0,0
2021-12-05 13:00,49,24,25,0,0,0
2021-12-05 13:15,47,22,25,0,0,0
2021-12-05 13:30,43,14,29,0,0,0
2021-12-05 13:45,66,36,30,0,0,0
2021-12-05 14:00,57,32,25,0,0,0
2021-12-05 14:15,58,34,24,0,0,0
2021-12-05 14:30,52,28,24,0,0,0
2021-12-05 14:45,69,37,32,0,0,0
2021-12-05 15:00,71,35,36,0,0,0
2021-12-05 15:15,70,32,38,0,0,0
2021-12-05 15:30,78,34,44,0,0,0
2021-12-05 15:45,56,33,23,0,0,0
2021-12-05 16:00,82,31,51,0,0,0
2021-12-05 16:15,50,28,22,0,0,0
2021-12-05 16:30,75,28,47,0,0,0
2021-12-05 16:45,62,25,37,0,0,0
2021-12-05 17:00,60,38,22,0,0,0
2021-12-05 17:15,63,32,31,0,0,0
2021-12-05 17:30,71,24,47,0,0,0
2021-12-05 17:45,65,22,43,0,0,0
2021-12-05 18:00,63,32,31,0,0,0
2021-12-05 18:15,61,19,42,0,0,0
2021-12-05 18:30,54,21,33,0,0,0
2021-12-05 18:45,64,26,38,0,0,0
2021-12-05 19:00,58,19,39,0,0,0
2021-12-05 19:15,48,22,26,0,0,0
2021-12-05 19:30,38,13,25,0,0,0
2021-12-05 19:45,47,9,38,0,0,0
2021-12-05 20:00,34,9,25,0,0,0
2021-12-05 20:15,46,18,28,0,0,0
2021-12-05 20:30,38,10,28,0,0,0
2021-12-05 20:45,34,18,16,0,0,0
2021-12-05 21:00,32,13,19,0,0,0
2021-12-05 21:15,31,9,22,0,0,0
2021-12-05 21:30,28,8,20,0,0,0
2021-12-05 21:45,18,4,14,0,0,0
2021-12-05 22:00,12,4,8,0,0,0
2021-12-05 22:15,20,11,9,0,0,0
2021-12-05 22:30,16,8,8,0,0,0
2021-12-05 22:45,16,6,10,0,0,0
2021-12-05 23:00,9,1,8,0,0,0
2021-12-05 23:15,11,6,5,0,0,0
2021-12-05 23:30,7,2,5,0,0,0
2021-12-05 23:45,5,3,2,0,0,0
2021-12-06 00:00,7,1,6,0,0,0
2021-12-06 00:15,3,1,2,0,0,0
2021-12-06 00:30,5,3,2,0,0,0
2021-12-06 00:45,4,4,0,0,0,0
2021-12-06 01:00,8,1,7,0,0,0
2021-12-06 01:15,5,3,2,0,0,0
2021-12-06 01:30,1,0,1,0,0,0
2021-12-06 01:45,0,0,0,0,0,0
2021-12-06 02:00,3,1,2,0,0,0
2021-12-06 02:15,0,0,0,0,0,0
2021-12-06 02:30,3,0,3,0,0,0
2021-12-06 02:45,1,0,1,0,0,0
2021-12-06 03:00,3,2,1,0,0,0
2021-12-06 03:15,1,0,1,0,0,0
2021-12-06 03:30,3,0,3,0,0,0
2021-12-06 03:45,2,0,2,0,0,0
2021-12-06 04:00,0,0,0,0,0,0
2021-12-06 04:15,4,3,1,0,0,0
2021-12-06 04:30,2,2,0,0,0,0
2021-12-06 04:45,1,1,0,0,0,0
2021-12-06 05:00,6,3,3,0,0,0
2021-12-06 05:15,12,9,3,0,0,0
2021-12-06 05:30,11,10,1,0,0,0
2021-12-06 05:45,17,12,5,0,0,0
2021-12-06 06:00,19,14,5,0,0,0
2021-12-06 06:15,21,12,9,0,0,0
2021-12-06 06:30,46,30,16,0,0,0
2021-12-06 06:45,50,31,19,0,0,0
2021-12-06 07:00,69,44,25,0,0,0
2021-12-06 07:15,89,56,33,0,0,0
2021-12-06 07:30,131,84,47,0,0,0
2021-12-06 07:45,193,130,63,0,0,0
2021-12-06 08:00,133,70,63,0,0,0
2021-12-06 08:15,127,69,58,0,0,0
2021-12-06 08:30,102,58,44,0,0,0
2021-12-06 08:45,125,80,45,0,0,0
2021-12-06 09:00,65,41,24,0,0,0
2021-12-06 09:15,75,43,32,0,0,0
2021-12-06 09:30,90,57,33,0,0,0
2021-12-06 09:45,122,73,49,0,0,0
2021-12-06 10:00,119,71,48,0,0,0
2021-12-06 10:15,93,55,38,0,0,0
2021-12-06 10:30,85,51,34,0,0,0
2021-12-06 10:45,86,44,42,0,0,0
2021-12-06 11:00,91,49,42,0,0,0
2021-12-06 11:15,116,53,63,0,0,0
2021-12-06 11:30,120,58,62,0,0,0
2021-12-06 11:45,121,54,67,0,0,0
2021-12-06 12:00,128,60,68,0,0,0
2021-12-06 12:15,105,40,65,0,0,0
2021-12-06 12:30,131,64,67,0,0,0
2021-12-06 12:45,112,52,60,0,0,0
2021-12-06 13:00,141,51,90,0,0,0
2021-12-06 13:15,131,52,79,0,0,0
2021-12-06 13:30,122,54,68,0,0,0
2021-12-06 13:45,149,77,72,0,0,0
2021-12-06 14:00,157,68,89,0,0,0
2021-12-06 14:15,125,41,84,0,0,0
2021-12-06 14:30,133,51,82,0,0,0
2021-12-06 14:45,179,77,102,0,0,0
2021-12-06 15:00,125,50,75,0,0,0
2021-12-06 15:15,138,51,87,0,0,0
2021-12-06 15:30,155,63,92,0,0,0
2021-12-06 15:45,181,84,97,0,0,0
2021-12-06 16:00,177,64,113,0,0,0
2021-12-06 16:15,190,79,111,0,0,0
2021-12-06 16:30,173,71,102,0,0,0
2021-12-06 16:45,190,74,116,0,0,0
2021-12-06 17:00,190,64,126,0,0,0
2021-12-06 17:15,183,68,115,0,0,0
2021-12-06 17:30,178,68,110,0,0,0
2021-12-06 17:45,191,70,121,0,0,0
2021-12-06 18:00,172,59,113,0,0,0
2021-12-06 18:15,161,53,108,0,0,0
2021-12-06 18:30,130,52,78,0,0,0
2021-12-06 18:45,148,51,97,0,0,0
2021-12-06 19:00,114,46,68,0,0,0
2021-12-06 19:15,108,31,77,0,0,0
2021-12-06 19:30,105,38,67,0,0,0
2021-12-06 19:45,88,27,61,0,0,0
2021-12-06 20:00,101,21,80,0,0,0
2021-12-06 20:15,79,30,49,0,0,0
2021-12-06 20:30,48,11,37,0,0,0
2021-12-06 20:45,45,16,29,0,0,0
2021-12-06 21:00,29,11,18,0,0,0
2021-12-06 21:15,38,11,27,0,0,0
2021-12-06 21:30,44,12,32,0,0,0
2021-12-06 21:45,33,8,25,0,0,0
2021-12-06 22:00,52,10,42,0,0,0
2021-12-06 22:15,41,14,27,0,0,0
2021-12-06 22:30,34,8,26,0,0,0
2021-12-06 22:45,26,6,20,0,0,0
2021-12-06 23:00,22,8,14,0,0,0
2021-12-06 23:15,27,6,21,0,0,0
2021-12-06 23:30,8,2,6,0,0,0
2021-12-06 23:45,10,2,8,0,0,0
2021-12-07 00:00,15,2,13,0,0,0
2021-12-07 00:15,8,2,6,0,0,0
2021-12-07 00:30,6,0,6,0,0,0
2021-12-07 00:45,7,2,5,0,0,0
2021-12-07 01:00,10,7,3,0,0,0
2021-12-07 01:15,2,1,1,0,0,0
2021-12-07 01:30,2,1,1,0,0,0
2021-12-07 01:45,1,0,1,0,0,0
2021-12-07 02:00,2,1,1,0,0,0
2021-12-07 02:15,3,1,2,0,0,0
2021-12-07 02:30,0,0,0,0,0,0
2021-12-07 02:45,0,0,0,0,0,0
2021-12-07 03:00,1,0,1,0,0,0
2021-12-07 03:15,0,0,0,0,0,0
2021-12-07 03:30,2,0,2,0,0,0
2021-12-07 03:45,0,0,0,0,0,0
2021-12-07 04:00,0,0,0,0,0,0
2021-12-07 04:15,2,2,0,0,0,0
2021-12-07 04:30,4,3,1,0,0,0
2021-12-07 04:45,2,2,0,0,0,0
2021-12-07 05:00,6,6,0,0,0,0
2021-12-07 05:15,9,3,6,0,0,0
2021-12-07 05:30,19,16,3,0,0,0
2021-12-07 05:45,18,16,2,0,0,0
2021-12-07 06:00,12,10,2,0,0,0
2021-12-07 06:15,31,22,9,0,0,0
2021-12-07 06:30,33,24,9,0,0,0
2021-12-07 06:45,60,40,20,0,0,0
2021-12-07 07:00,87,52,35,0,0,0
2021-12-07 07:15,83,49,34,0,0,0
2021-12-07 07:30,112,77,35,0,0,0
2021-12-07 07:45,180,115,65,0,0,0
2021-12-07 08:00,176,98,78,0,0,0
2021-12-07 08:15,150,103,47,0,0,0
2021-12-07 08:30,110,73,37,0,0,0
2021-12-07 08:45,110,71,39,0,0,0
2021-12-07 09:00,83,57,26,0,0,0
2021-12-07 09:15,98,64,34,0,0,0
2021-12-07 09:30,84,56,28,0,0,0
2021-12-07 09:45,128,93,35,0,0,0
2021-12-07 10:00,110,62,48,0,0,0
2021-12-07 10:15,106,52,54,0,0,0
2021-12-07 10:30,117,64,53,0,0,0
2021-12-07 10:45,120,64,56,0,0,0
2021-12-07 11:00,90,40,50,0,0,0
2021-12-07 11:15,101,49,52,0,0,0
2021-12-07 11:30,113,45,68,0,0,0
2021-12-07 11:45,123,60,63,0,0,0
2021-12-07 12:00,122,56,66,0,0,0
2021-12-07 12:15,126,68,58,0,0,0
2021-12-07 12:30,122,53,69,0,0,0
2021-12-07 12:45,122,44,78,0,0,0
2021-12-07 13:00,124,50,74,0,0,0
2021-12-07 13:15,120,44,76,0,0,0
2021-12-07 13:30,129,60,69,0,0,0
2021-12-07 13:45,139,57,82,0,0,0
2021-12-07 14:00,138,70,68,0,0,0
2021-12-07 14:15,123,44,79,0,0,0
2021-12-07 14:30,136,57,79,0,0,0
2021-12-07 14:45,169,79,90,0,0,0
2021-12-07 15:00,153,56,97,0,0,0
2021-12-07 15:15,150,71,79,0,0,0
2021-12-07 15:30,135,57,78,0,0,0
2021-12-07 15:45,173,76,97,0,0,0
2021-12-07 16:00,215,70,145,0,0,0
2021-12-07 16:15,175,64,111,0,0,0
2021-12-07 16:30,176,76,100,0,0,0
2021-12-07 16:45,201,96,105,0,0,0
2021-12-07 17:00,172,72,100,0,0,0
2021-12-07 17:15,160,77,83,0,0,0
2021-12-07 17:30,174,55,119,0,0,0
2021-12-07 17:45,180,90,90,0,0,0
2021-12-07 18:00,206,71,135,0,0,0
2021-12-07 18:15,171,47,124,0,0,0
2021-12-07 18:30,130,50,80,0,0,0
2021-12-07 18:45,163,61,102,0,0,0
2021-12-07 19:00,143,38,105,0,0,0
2021-12-07 19:15,115,34,81,0,0,0
2021-12-07 19:30,131,44,87,0,0,0
2021-12-07 19:45,88,33,55,0,0,0
2021-12-07 20:00,82,24,58,0,0,0
2021-12-07 20:15,93,21,72,0,0,0
2021-12-07 20:30,62,16,46,0,0,0
2021-12-07 20:45,65,17,48,0,0,0
2021-12-07 21:00,43,14,29,0,0,0
2021-12-07 21:15,46,12,34,0,0,0
2021-12-07 21:30,60,19,41,0,0,0
2021-12-07 21:45,50,13,37,0,0,0
2021-12-07 22:00,38,10,28,0,0,0
2021-12-07 22:15,41,9,32,0,0,0
2021-12-07 22:30,32,8,24,0,0,0
2021-12-07 22:45,36,15,21,0,0,0
2021-12-07 23:00,45,8,37,0,0,0
2021-12-07 23:15,23,10,13,0,0,0
2021-12-07 23:30,24,4,20,0,0,0
2021-12-07 23:45,17,3,14,0,0,0
2021-12-08 00:00,12,7,5,0,0,0
2021-12-08 00:15,9,2,7,0,0,0
2021-12-08 00:30,11,6,5,0,0,0
2021-12-08 00:45,4,0,4,0,0,0
2021-12-08 01:00,9,3,6,0,0,0
2021-12-08 01:15,2,0,2,0,0,0
2021-12-08 01:30,1,1,0,0,0,0
2021-12-08 01:45,2,2,0,0,0,0
2021-12-08 02:00,2,2,0,0,0,0
2021-12-08 02:15,3,0,3,0,0,0
2021-12-08 02:30,0,0,0,0,0,0
2021-12-08 02:45,0,0,0,0,0,0
2021-12-08 03:00,1,1,0,0,0,0
2021-12-08 03:15,0,0,0,0,0,0
2021-12-08 03:30,0,0,0,0,0,0
2021-12-08 03:45,1,0,1,0,0,0
2021-12-08 04:00,1,0,1,0,0,0
2021-12-08 04:15,2,2,0,0,0,0
2021-12-08 04:30,3,2,1,0,0,0
2021-12-08 04:45,4,4,0,0,0,0
2021-12-08 05:00,6,5,1,0,0,0
2021-12-08 05:15,8,6,2,0,0,0
2021-12-08 05:30,15,14,1,0,0,0
2021-12-08 05:45,23,18,5,0,0,0
2021-12-08 06:00,23,19,4,0,0,0
2021-12-08 06:15,26,19,7,0,0,0
2021-12-08 06:30,45,25,20,0,0,0
2021-12-08 06:45,63,38,25,0,0,0
2021-12-08 07:00,81,54,27,0,0,0
2021-12-08 07:15,88,53,35,0,0,0
2021-12-08 07:30,129,86,43,0,0,0
2021-12-08 07:45,178,122,56,0,0,0
2021-12-08 08:00,155,113,42,0,0,0
2021-12-08 08:15,136,77,59,0,0,0
2021-12-08 08:30,121,80,41,0,0,0
2021-12-08 08:45,137,93,44,0,0,0
2021-12-08 09:00,97,54,43,0,0,0
2021-12-08 09:15,87,48,39,0,0,0
2021-12-08 09:30,91,68,23,0,0,0
2021-12-08 09:45,144,97,47,0,0,0
2021-12-08 10:00,107,70,37,0,0,0
2021-12-08 10:15,126,81,45,0,0,0
2021-12-08 10:30,110,59,51,0,0,0
2021-12-08 10:45,122,78,44,0,0,0
2021-12-08 11:00,112,49,63,0,0,0
2021-12-08 11:15,113,56,57,0,0,0
2021-12-08 11:30,119,56,63,0,0,0
2021-12-08 11:45,168,79,89,0,0,0
2021-12-08 12:00,139,75,64,0,0,0
2021-12-08 12:15,145,73,72,0,0,0
2021-12-08 12:30,136,50,86,0,0,0
2021-12-08 12:45,150,63,87,0,0,0
2021-12-08 13:00,170,68,102,0,0,0
2021-12-08 13:15,139,52,87,0,0,0
2021-12-08 13:30,136,55,81,0,0,0
2021-12-08 13:45,159,66,93,0,0,0
2021-12-08 14:00,144,65,79,0,0,0
2021-12-08 14:15,139,55,84,0,0,0
2021-12-08 14:30,134,51,83,0,0,0
2021-12-08 14:45,140,61,79,0,0,0
2021-12-08 15:00,162,62,100,0,0,0
2021-12-08 15:15,175,62,113,0,0,0
2021-12-08 15:30,166,75,91,0,0,0
2021-12-08 15:45,184,73,111,0,0,0
2021-12-08 16:00,177,73,104,0,0,0
2021-12-08 16:15,163,81,82,0,0,0
2021-12-08 16:30,179,80,99,0,0,0
2021-12-08 16:45,172,81,91,0,0,0
2021-12-08 17:00,173,69,104,0,0,0
2021-12-08 17:15,174,67,107,0,0,0
2021-12-08 17:30,191,82,109,0,0,0
2021-12-08 17:45,208,92,116,0,0,0
2021-12-08 18:00,181,71,110,0,0,0
2021-12-08 18:15,197,78,119,0,0,0
2021-12-08 18:30,138,55,83,0,0,0
2021-12-08 18:45,151,64,87,0,0,0
2021-12-08 19:00,128,44,84,0,0,0
2021-12-08 19:15,128,41,87,0,0,0
2021-12-08 19:30,111,36,75,0,0,0
2021-12-08 19:45,110,35,75,0,0,0
2021-12-08 20:00,93,26,67,0,0,0
2021-12-08 20:15,124,27,97,0,0,0
2021-12-08 20:30,84,27,57,0,0,0
2021-12-08 20:45,59,15,44,0,0,0
2021-12-08 21:00,49,8,41,0,0,0
2021-12-08 21:15,28,12,16,0,0,0
2021-12-08 21:30,52,18,34,0,0,0
2021-12-08 21:45,69,24,45,0,0,0
2021-12-08 22:00,44,11,33,0,0,0
2021-12-08 22:15,45,17,28,0,0,0
2021-12-08 22:30,38,14,24,0,0,0
2021-12-08 22:45,46,13,33,0,0,0
2021-12-08 23:00,41,8,33,0,0,0
2021-12-08 23:15,46,11,35,0,0,0
2021-12-08 23:30,22,9,13,0,0,0
2021-12-08 23:45,16,1,15,0,0,0
2021-12-09 00:00,12,1,11,0,0,0
2021-12-09 00:15,8,3,5,0,0,0
2021-12-09 00:30,18,12,6,0,0,0
2021-12-09 00:45,3,0,3,0,0,0
2021-12-09 01:00,4,2,2,0,0,0
2021-12-09 01:15,7,1,6,0,0,0
2021-12-09 01:30,3,0,3,0,0,0
2021-12-09 01:45,1,0,1,0,0,0
2021-12-09 02:00,1,0,1,0,0,0
2021-12-09 02:15,1,0,1,0,0,0
2021-12-09 02:30,3,0,3,0,0,0
2021-12-09 02:45,5,0,5,0,0,0
2021-12-09 03:00,0,0,0,0,0,0
2021-12-09 03:15,4,0,4,0,0,0
2021-12-09 03:30,2,0,2,0,0,0
2021-12-09 03:45,2,0,2,0,0,0
2021-12-09 04:00,0,0,0,0,0,0
2021-12-09 04:15,6,4,2,0,0,0
2021-12-09 04:30,4,1,3,0,0,0
2021-12-09 04:45,2,1,1,0,0,0
2021-12-09 05:00,1,1,0,0,0,0
2021-12-09 05:15,5,4,1,0,0,0
2021-12-09 05:30,12,12,0,0,0,0
2021-12-09 05:45,20,19,1,0,0,0
2021-12-09 06:00,22,17,5,0,0,0
2021-12-09 06:15,28,19,9,0,0,0
2021-12-09 06:30,50,31,19,0,0,0
2021-12-09 06:45,57,40,17,0,0,0
2021-12-09 07:00,72,42,30,0,0,0
2021-12-09 07:15,86,61,25,0,0,0
2021-12-09 07:30,117,79,38,0,0,0
2021-12-09 07:45,177,122,55,0,0,0
2021-12-09 08:00,155,106,49,0,0,0
2021-12-09 08:15,123,85,38,0,0,0
2021-12-09 08:30,119,79,40,0,0,0
2021-12-09 08:45,132,86,46,0,0,0
2021-12-09 09:00,77,45,32,0,0,0
2021-12-09 09:15,91,63,28,0,0,0
2021-12-09 09:30,92,58,34,0,0,0
2021-12-09 09:45,105,69,36,0,0,0
2021-12-09 10:00,106,66,40,0,0,0
2021-12-09 10:15,75,49,26,0,0,0
2021-12-09 10:30,93,53,40,0,0,0
2021-12-09 10:45,128,66,62,0,0,0
2021-12-09 11:00,90,47,43,0,0,0
2021-12-09 11:15,106,56,50,0,0,0
2021-12-09 11:30,109,58,51,0,0,0
2021-12-09 11:45,126,62,64,0,0,0
2021-12-09 12:00,117,49,68,0,0,0
2021-12-09 12:15,138,52,86,0,0,0
2021-12-09 12:30,107,45,62,0,0,0
2021-12-09 12:45,116,46,70,0,0,0
2021-12-09 13:00,165,71,94,0,0,0
2021-12-09 13:15,134,56,78,0,0,0
2021-12-09 13:30,107,47,60,0,0,0
2021-12-09 13:45,144,70,74,0,0,0
2021-12-09 14:00,115,54,61,0,0,0
2021-12-09 14:15,163,65,98,0,0,0
2021-12-09 14:30,137,55,82,0,0,0
2021-12-09 14:45,156,69,87,0,0,0
2021-12-09 15:00,140,63,77,0,0,0
2021-12-09 15:15,152,79,73,0,0,0
2021-12-09 15:30,164,73,91,0,0,0
2021-12-09 15:45,196,86,110,0,0,0
2021-12-09 16:00,196,89,107,0,0,0
2021-12-09 16:15,188,82,106,0,0,0
2021-12-09 16:30,161,78,83,0,0,0
2021-12-09 16:45,213,101,112,0,0,0
2021-12-09 17:00,183,79,104,0,0,0
2021-12-09 17:15,195,77,118,0,0,0
2021-12-09 17:30,165,57,108,0,0,0
2021-12-09 17:45,176,74,102,0,0,0
2021-12-09 18:00,181,66,115,0,0,0
2021-12-09 18:15,157,63,94,0,0,0
2021-12-09 18:30,129,54,75,0,0,0
2021-12-09 18:45,145,69,76,0,0,0
2021-12-09 19:00,111,42,69,0,0,0
2021-12-09 19:15,113,33,80,0,0,0
2021-12-09 19:30,103,28,75,0,0,0
2021-12-09 19:45,106,34,72,0,0,0
2021-12-09 20:00,86,14,72,0,0,0
2021-12-09 20:15,89,14,75,0,0,0
2021-12-09 20:30,58,17,41,0,0,0
2021-12-09 20:45,59,20,39,0,0,0
2021-12-09 21:00,51,7,44,0,0,0
2021-12-09 21:15,37,13,24,0,0,0
2021-12-09 21:30,48,12,36,0,0,0
2021-12-09 21:45,49,9,40,0,0,0
2021-12-09 22:00,50,6,44,0,0,0
2021-12-09 22:15,34,9,25,0,0,0
2021-12-09 22:30,51,18,33,0,0,0
2021-12-09 22:45,38,13,25,0,0,0
2021-12-09 23:00,39,11,28,0,0,0
2021-12-09 23:15,27,6,21,0,0,0
2021-12-09 23:30,25,11,14,0,0,0
2021-12-09 23:45,24,7,17,0,0,0
2021-12-10 00:00,16,1,15,0,0,0
2021-12-10 00:15,7,2,5,0,0,0
2021-12-10 00:30,16,4,12,0,0,0
2021-12-10 00:45,11,2,9,0,0,0
2021-12-10 01:00,10,4,6,0,0,0
2021-12-10 01:15,7,3,4,0,0,0
2021-12-10 01:30,4,2,2,0,0,0
2021-12-10 01:45,2,2,0,0,0,0
2021-12-10 02:00,3,0,3,0,0,0
2021-12-10 02:15,2,0,2,0,0,0
2021-12-10 02:30,3,0,3,0,0,0
2021-12-10 02:45,4,1,3,0,0,0
2021-12-10 03:00,2,0,2,0,0,0
2021-12-10 03:15,1,0,1,0,0,0
2021-12-10 03:30,2,0,2,0,0,0
2021-12-10 03:45,6,0,6,0,0,0
2021-12-10 04:00,1,0,1,0,0,0
2021-12-10 04:15,1,1,0,0,0,0
2021-12-10 04:30,4,2,2,0,0,0
2021-12-10 04:45,4,3,1,0,0,0
2021-12-10 05:00,4,3,1,0,0,0
2021-12-10 05:15,8,7,1,0,0,0
2021-12-10 05:30,14,12,2,0,0,0
2021-12-10 05:45,19,15,4,0,0,0
2021-12-10 06:00,22,14,8,0,0,0
2021-12-10 06:15,23,15,8,0,0,0
2021-12-10 06:30,43,22,21,0,0,0
2021-12-10 06:45,51,33,18,0,0,0
2021-12-10 07:00,49,27,22,0,0,0
2021-12-10 07:15,102,59,43,0,0,0
2021-12-10 07:30,119,75,44,0,0,0
2021-12-10 07:45,152,96,56,0,0,0
2021-12-10 08:00,131,79,52,0,0,0
2021-12-10 08:15,142,83,59,0,0,0
2021-12-10 08:30,114,84,30,0,0,0
2021-12-10 08:45,116,73,43,0,0,0
2021-12-10 09:00,100,66,34,0,0,0
2021-12-10 09:15,97,65,32,0,0,0
2021-12-10 09:30,106,63,43,0,0,0
2021-12-10 09:45,116,82,34,0,0,0
2021-12-10 10:00,94,57,37,0,0,0
2021-12-10 10:15,101,63,38,0,0,0
2021-12-10 10:30,96,57,39,0,0,0
2021-12-10 10:45,104,56,48,0,0,0
2021-12-10 11:00,97,52,45,0,0,0
2021-12-10 11:15,118,51,67,0,0,0
2021-12-10 11:30,108,57,51,0,0,0
2021-12-10 11:45,160,79,81,0,0,0
2021-12-10 12:00,143,58,85,0,0,0
2021-12-10 12:15,131,67,64,0,0,0
2021-12-10 12:30,153,67,86,0,0,0
2021-12-10 12:45,158,64,94,0,0,0
2021-12-10 13:00,174,68,106,0,0,0
2021-12-10 13:15,141,58,83,0,0,0
2021-12-10 13:30,128,53,75,0,0,0
2021-12-10 13:45,145,54,91,0,0,0
2021-12-10 14:00,181,73,108,0,0,0
2021-12-10 14:15,184,75,109,0,0,0
2021-12-10 14:30,152,71,81,0,0,0
2021-12-10 14:45,214,108,106,0,0,0
2021-12-10 15:00,189,91,98,0,0,0
2021-12-10 15:15,179,65,114,0,0,0
2021-12-10 15:30,152,59,93,0,0,0
2021-12-10 15:45,166,89,77,0,0,0
2021-12-10 16:00,182,93,89,0,0,0
2021-12-10 16:15,192,89,103,0,0,0
2021-12-10 16:30,178,96,82,0,0,0
2021-12-10 16:45,167,73,94,0,0,0
2021-12-10 17:00,156,64,92,0,0,0
2021-12-10 17:15,167,73,94,0,0,0
2021-12-10 17:30,166,78,88,0,0,0
2021-12-10 17:45,151,90,61,0,0,0
2021-12-10 18:00,175,78,97,0,0,0
2021-12-10 18:15,153,77,76,0,0,0
2021-12-10 18:30,115,50,65,0,0,0
2021-12-10 18:45,130,61,69,0,0,0
2021-12-10 19:00,138,60,78,0,0,0
2021-12-10 19:15,125,54,71,0,0,0
2021-12-10 19:30,107,43,64,0,0,0
2021-12-10 19:45,100,46,54,0,0,0
2021-12-10 20:00,86,31,55,0,0,0
2021-12-10 20:15,83,29,54,0,0,0
2021-12-10 20:30,61,13,48,0,0,0
2021-12-10 20:45,72,15,57,0,0,0
2021-12-10 21:00,70,16,54,0,0,0
2021-12-10 21:15,65,15,50,0,0,0
2021-12-10 21:30,61,16,45,0,0,0
2021-12-10 21:45,28,9,19,0,0,0
2021-12-10 22:00,28,7,21,0,0,0
2021-12-10 22:15,39,14,25,0,0,0
2021-12-10 22:30,35,10,25,0,0,0
2021-12-10 22:45,46,10,36,0,0,0
2021-12-10 23:00,40,8,32,0,0,0
2021-12-10 23:15,51,24,27,0,0,0
2021-12-10 23:30,22,8,14,0,0,0
2021-12-10 23:45,51,11,40,0,0,0
2021-12-11 00:00,37,14,23,0,0,0
2021-12-11 00:15,38,10,28,0,0,0
2021-12-11 00:30,31,9,22,0,0,0
2021-12-11 00:45,19,4,15,0,0,0
2021-12-11 01:00,21,9,12,0,0,0
2021-12-11 01:15,34,9,25,0,0,0
2021-12-11 01:30,29,6,23,0,0,0
2021-12-11 01:45,10,0,10,0,0,0
2021-12-11 02:00,14,5,9,0,0,0
2021-12-11 02:15,10,2,8,0,0,0
2021-12-11 02:30,13,4,9,0,0,0
2021-12-11 02:45,15,8,7,0,0,0
2021-12-11 03:00,12,4,8,0,0,0
2021-12-11 03:15,10,2,8,0,0,0
2021-12-11 03:30,4,0,4,0,0,0
2021-12-11 03:45,7,3,4,0,0,0
2021-12-11 04:00,7,0,7,0,0,0
2021-12-11 04:15,2,0,2,0,0,0
2021-12-11 04:30,7,1,6,0,0,0
2021-12-11 04:45,5,2,3,0,0,0
2021-12-11 05:00,5,0,5,0,0,0
2021-12-11 05:15,3,0,3,0,0,0
2021-12-11 05:30,6,3,3,0,0,0
2021-12-11 05:45,14,8,6,0,0,0
2021-12-11 06:00,8,6,2,0,0,0
2021-12-11 06:15,8,7,1,0,0,0
2021-12-11 06:30,14,7,7,0,0,0
2021-12-11 06:45,12,7,5,0,0,0
2021-12-11 07:00,8,5,3,0,0,0
2021-12-11 07:15,18,14,4,0,0,0
2021-12-11 07:30,12,7,5,0,0,0
2021-12-11 07:45,21,14,7,0,0,0
2021-12-11 08:00,21,13,8,0,0,0
2021-12-11 08:15,21,14,7,0,0,0
2021-12-11 08:30,31,18,13,0,0,0
2021-12-11 08:45,51,34,17,0,0,0
2021-12-11 09:00,45,30,15,0,0,0
2021-12-11 09:15,58,35,23,0,0,0
2021-12-11 09:30,58,39,19,0,0,0
2021-12-11 09:45,98,70,28,0,0,0
2021-12-11 10:00,93,59,34,0,0,0
2021-12-11 10:15,94,58,36,0,0,0
2021-12-11 10:30,82,54,28,0,0,0
2021-12-11 10:45,116,67,49,0,0,0
2021-12-11 11:00,117,76,41,0,0,0
2021-12-11 11:15,121,70,51,0,0,0
2021-12-11 11:30,125,79,46,0,0,0
2021-12-11 11:45,127,62,65,0,0,0
2021-12-11 12:00,148,79,69,0,0,0
2021-12-11 12:15,113,61,52,0,0,0
2021-12-11 12:30,99,46,53,0,0,0
2021-12-11 12:45,126,75,51,0,0,0
2021-12-11 13:00,132,60,72,0,0,0
2021-12-11 13:15,119,60,59,0,0,0
2021-12-11 13:30,90,36,54,0,0,0
2021-12-11 13:45,143,64,79,0,0,0
2021-12-11 14:00,123,60,63,0,0,0
2021-12-11 14:15,132,55,77,0,0,0
2021-12-11 14:30,98,35,63,0,0,0
2021-12-11 14:45,124,51,73,0,0,0
2021-12-11 15:00,111,45,66,0,0,0
2021-12-11 15:15,120,44,76,0,0,0
2021-12-11 15:30,103,53,50,0,0,0
2021-12-11 15:45,111,47,64,0,0,0
2021-12-11 16:00,142,49,93,0,0,0
2021-12-11 16:15,118,43,75,0,0,0
2021-12-11 16:30,113,58,55,0,0,0
2021-12-11 16:45,90,40,50,0,0,0
2021-12-11 17:00,89,40,49,0,0,0
2021-12-11 17:15,107,46,61,0,0,0
2021-12-11 17:30,85,36,49,0,0,0
2021-12-11 17:45,101,55,46,0,0,0
2021-12-11 18:00,122,48,74,0,0,0
2021-12-11 18:15,104,45,59,0,0,0
2021-12-11 18:30,90,21,69,0,0,0
2021-12-11 18:45,126,51,75,0,0,0
2021-12-11 19:00,111,40,71,0,0,0
2021-12-11 19:15,86,40,46,0,0,0
2021-12-11 19:30,66,24,42,0,0,0
2021-12-11 19:45,62,26,36,0,0,0
2021-12-11 20:00,64,21,43,0,0,0
2021-12-11 20:15,45,12,33,0,0,0
2021-12-11 20:30,39,12,27,0,0,0
2021-12-11 20:45,33,10,23,0,0,0
2021-12-11 21:00,52,16,36,0,0,0
2021-12-11 21:15,41,10,31,0,0,0
2021-12-11 21:30,76,47,29,0,0,0
2021-12-11 21:45,57,43,14,0,0,0
2021-12-11 22:00,43,26,17,0,0,0
2021-12-11 22:15,27,5,22,0,0,0
2021-12-11 22:30,32,11,21,0,0,0
2021-12-11 22:45,25,12,13,0,0,0
2021-12-11 23:00,36,9,27,0,0,0
2021-12-11 23:15,41,17,24,0,0,0
2021-12-11 23:30,31,14,17,0,0,0
2021-12-11 23:45,21,10,11,0,0,0
2021-12-12 00:00,27,7,20,0,0,0
2021-12-12 00:15,27,5,22,0,0,0
2021-12-12 00:30,26,10,16,0,0,0
2021-12-12 00:45,34,9,25,0,0,0
2021-12-12 01:00,22,9,13,0,0,0
2021-12-12 01:15,15,8,7,0,0,0
2021-12-12 01:30,28,9,19,0,0,0
2021-12-12 01:45,22,8,14,0,0,0
2021-12-12 02:00,13,2,11,0,0,0
2021-12-12 02:15,18,4,14,0,0,0
2021-12-12 02:30,20,7,13,0,0,0
2021-12-12 02:45,4,3,1,0,0,0
2021-12-12 03:00,6,2,4,0,0,0
2021-12-12 03:15,8,2,6,0,0,0
2021-12-12 03:30,10,2,8,0,0,0
2021-12-12 03:45,8,4,4,0,0,0
2021-12-12 04:00,6,0,6,0,0,0
2021-12-12 04:15,4,2,2,0,0,0
2021-12-12 04:30,5,0,5,0,0,0
2021-12-12 04:45,1,0,1,0,0,0
2021-12-12 05:00,1,1,0,0,0,0
2021-12-12 05:15,0,0,0,0,0,0
2021-12-12 05:30,5,4,1,0,0,0
2021-12-12 05:45,6,3,3,0,0,0
2021-12-12 06:00,5,4,1,0,0,0
2021-12-12 06:15,4,3,1,0,0,0
2021-12-12 06:30,4,1,3,0,0,0
2021-12-12 06:45,2,1,1,0,0,0
2021-12-12 07:00,4,3,1,0,0,0
2021-12-12 07:15,8,7,1,0,0,0
2021-12-12 07:30,9,8,1,0,0,0
2021-12-12 07:45,3,3,0,0,0,0
2021-12-12 08:00,4,2,2,0,0,0
2021-12-12 08:15,6,3,3,0,0,0
2021-12-12 08:30,10,5,5,0,0,0
2021-12-12 08:45,14,8,6,0,0,0
2021-12-12 09:00,11,7,4,0,0,0
2021-12-12 09:15,8,6,2,0,0,0
2021-12-12 09:30,20,10,10,0,0,0
2021-12-12 09:45,30,21,9,0,0,0
2021-12-12 10:00,27,17,10,0,0,0
2021-12-12 10:15,23,7,16,0,0,0
2021-12-12 10:30,20,14,6,0,0,0
2021-12-12 10:45,32,16,16,0,0,0
2021-12-12 11:00,30,20,10,0,0,0
2021-12-12 11:15,29,7,22,0,0,0
2021-12-12 11:30,11,7,4,0,0,0
2021-12-12 11:45,32,16,16,0,0,0
2021-12-12 12:00,19,11,8,0,0,0
2021-12-12 12:15,33,16,17,0,0,0
2021-12-12 12:30,20,11,9,0,0,0
2021-12-12 12:45,31,17,14,0,0,0
2021-12-12 13:00,44,13,31,0,0,0
2021-12-12 13:15,43,15,28,0,0,0
2021-12-12 13:30,35,16,19,0,0,0
2021-12-12 13:45,39,19,20,0,0,0
2021-12-12 14:00,22,7,15,0,0,0
2021-12-12 14:15,31,11,20,0,0,0
2021-12-12 14:30,38,10,28,0,0,0
2021-12-12 14:45,35,22,13,0,0,0
2021-12-12 15:00,37,14,23,0,0,0
2021-12-12 15:15,31,17,14,0,0,0
2021-12-12 15:30,30,13,17,0,0,0
2021-12-12 15:45,38,19,19,0,0,0
2021-12-12 16:00,41,23,18,0,0,0
2021-12-12 16:15,37,19,18,0,0,0
2021-12-12 16:30,43,20,23,0,0,0
2021-12-12 16:45,46,23,23,0,0,0
2021-12-12 17:00,35,15,20,0,0,0
2021-12-12 17:15,45,26,19,0,0,0
2021-12-12 17:30,40,24,16,0,0,0
2021-12-12 17:45,66,35,31,0,0,0
2021-12-12 18:00,41,20,21,0,0,0
2021-12-12 18:15,45,17,28,0,0,0
2021-12-12 18:30,50,17,33,0,0,0
2021-12-12 18:45,47,18,29,0,0,0
2021-12-12 19:00,31,8,23,0,0,0
2021-12-12 19:15,30,9,21,0,0,0
2021-12-12 19:30,34,13,21,0,0,0
2021-12-12 19:45,21,12,9,0,0,0
2021-12-12 20:00,22,10,12,0,0,0
2021-12-12 20:15,31,8,23,0,0,0
2021-12-12 20:30,29,10,19,0,0,0
2021-12-12 20:45,28,8,20,0,0,0
2021-12-12 21:00,25,8,17,0,0,0
2021-12-12 21:15,18,6,12,0,0,0
2021-12-12 21:30,17,6,11,0,0,0
2021-12-12 21:45,18,8,10,0,0,0
2021-12-12 22:00,15,6,9,0,0,0
2021-12-12 22:15,21,8,13,0,0,0
2021-12-12 22:30,23,8,15,0,0,0
2021-12-12 22:45,19,4,15,0,0,0
2021-12-12 23:00,23,2,21,0,0,0
2021-12-12 23:15,13,3,10,0,0,0
2021-12-12 23:30,7,2,5,0,0,0
2021-12-12 23:45,7,4,3,0,0,0
2021-12-13 00:00,10,3,7,0,0,0
2021-12-13 00:15,4,1,3,0,0,0
2021-12-13 00:30,2,0,2,0,0,0
2021-12-13 00:45,9,0,9,0,0,0
2021-12-13 01:00,1,0,1,0,0,0
2021-12-13 01:15,0,0,0,0,0,0
2021-12-13 01:30,1,1,0,0,0,0
2021-12-13 01:45,0,0,0,0,0,0
2021-12-13 02:00,1,0,1,0,0,0
2021-12-13 02:15,1,1,0,0,0,0
2021-12-13 02:30,2,2,0,0,0,0
2021-12-13 02:45,1,0,1,0,0,0
2021-12-13 03:00,1,0,1,0,0,0
2021-12-13 03:15,0,0,0,0,0,0
2021-12-13 03:30,1,0,1,0,0,0
2021-12-13 03:45,0,0,0,0,0,0
2021-12-13 04:00,0,0,0,0,0,0
2021-12-13 04:15,4,2,2,0,0,0
2021-12-13 04:30,1,0,1,0,0,0
2021-12-13 04:45,4,3,1,0,0,0
2021-12-13 05:00,2,1,1,0,0,0
2021-12-13 05:15,7,6,1,0,0,0
2021-12-13 05:30,10,8,2,0,0,0
2021-12-13 05:45,16,11,5,0,0,0
2021-12-13 06:00,16,14,2,0,0,0
2021-12-13 06:15,20,13,7,0,0,0
2021-12-13 06:30,41,24,17,0,0,0
2021-12-13 06:45,49,33,16,0,0,0
2021-12-13 07:00,87,56,31,0,0,0
2021-12-13 07:15,96,62,34,0,0,0
2021-12-13 07:30,113,74,39,0,0,0
2021-12-13 07:45,175,122,53,0,0,0
2021-12-13 08:00,152,91,61,0,0,0
2021-12-13 08:15,105,71,34,0,0,0
2021-12-13 08:30,98,61,37,0,0,0
2021-12-13 08:45,99,68,31,0,0,0
2021-12-13 09:00,97,65,32,0,0,0
2021-12-13 09:15,96,64,32,0,0,0
2021-12-13 09:30,98,63,35,0,0,0
2021-12-13 09:45,142,99,43,0,0,0
2021-12-13 10:00,101,59,42,0,0,0
2021-12-13 10:15,101,70,31,0,0,0
2021-12-13 10:30,120,68,52,0,0,0
2021-12-13 10:45,117,67,50,0,0,0
2021-12-13 11:00,87,45,42,0,0,0
2021-12-13 11:15,97,44,53,0,0,0
2021-12-13 11:30,109,47,62,0,0,0
2021-12-13 11:45,113,55,58,0,0,0
2021-12-13 12:00,123,53,70,0,0,0
2021-12-13 12:15,127,51,76,0,0,0
2021-12-13 12:30,143,59,84,0,0,0
2021-12-13 12:45,168,79,89,0,0,0
2021-12-13 13:00,131,42,89,0,0,0
2021-12-13 13:15,125,40,85,0,0,0
2021-12-13 13:30,134,58,76,0,0,0
2021-12-13 13:45,143,74,69,0,0,0
2021-12-13 14:00,160,65,95,0,0,0
2021-12-13 14:15,122,55,67,0,0,0
2021-12-13 14:30,134,68,66,0,0,0
2021-12-13 14:45,171,86,85,0,0,0
2021-12-13 15:00,125,45,80,0,0,0
2021-12-13 15:15,149,66,83,0,0,0
2021-12-13 15:30,165,67,98,0,0,0
2021-12-13 15:45,169,68,101,0,0,0
2021-12-13 16:00,219,82,137,0,0,0
2021-12-13 16:15,179,81,98,0,0,0
2021-12-13 16:30,157,60,97,0,0,0
2021-12-13 16:45,173,86,87,0,0,0
2021-12-13 17:00,204,71,133,0,0,0
2021-12-13 17:15,183,86,97,0,0,0
2021-12-13 17:30,166,67,99,0,0,0
2021-12-13 17:45,189,83,106,0,0,0
2021-12-13 18:00,163,55,108,0,0,0
2021-12-13 18:15,171,64,107,0,0,0
2021-12-13 18:30,148,53,95,0,0,0
2021-12-13 18:45,135,57,78,0,0,0
2021-12-13 19:00,135,47,88,0,0,0
2021-12-13 19:15,95,26,69,0,0,0
2021-12-13 19:30,102,25,77,0,0,0
2021-12-13 19:45,93,29,64,0,0,0
2021-12-13 20:00,123,28,95,0,0,0
2021-12-13 20:15,73,25,48,0,0,0
2021-12-13 20:30,67,18,49,0,0,0
2021-12-13 20:45,54,18,36,0,0,0
2021-12-13 21:00,46,9,37,0,0,0
2021-12-13 21:15,46,8,38,0,0,0
2021-12-13 21:30,35,6,29,0,0,0
2021-12-13 21:45,39,12,27,0,0,0
2021-12-13 22:00,42,11,31,0,0,0
2021-12-13 22:15,33,9,24,0,0,0
2021-12-13 22:30,46,8,38,0,0,0
2021-12-13 22:45,25,8,17,0,0,0
2021-12-13 23:00,27,4,23,0,0,0
2021-12-13 23:15,19,3,16,0,0,0
2021-12-13 23:30,22,3,19,0,0,0
2021-12-13 23:45,17,3,14,0,0,0
2021-12-14 00:00,8,1,7,0,0,0
2021-12-14 00:15,8,4,4,0,0,0
2021-12-14 00:30,6,2,4,0,0,0
2021-12-14 00:45,8,4,4,0,0,0
2021-12-14 01:00,8,1,7,0,0,0
2021-12-14 01:15,5,2,3,0,0,0
2021-12-14 01:30,3,1,2,0,0,0
2021-12-14 01:45,1,0,1,0,0,0
2021-12-14 02:00,1,0,1,0,0,0
2021-12-14 02:15,5,1,4,0,0,0
2021-12-14 02:30,1,0,1,0,0,0
2021-12-14 02:45,2,1,1,0,0,0
2021-12-14 03:00,0,0,0,0,0,0
2021-12-14 03:15,2,1,1,0,0,0
2021-12-14 03:30,2,0,2,0,0,0
2021-12-14 03:45,2,0,2,0,0,0
2021-12-14 04:00,1,1,0,0,0,0
2021-12-14 04:15,2,1,1,0,0,0
2021-12-14 04:30,0,0,0,0,0,0
2021-12-14 04:45,2,2,0,0,0,0
2021-12-14 05:00,3,3,0,0,0,0
2021-12-14 05:15,6,5,1,0,0,0
2021-12-14 05:30,14,9,5,0,0,0
2021-12-14 05:45,25,16,9,0,0,0
2021-12-14 06:00,17,15,2,0,0,0
2021-12-14 06:15,24,18,6,0,0,0
2021-12-14 06:30,49,29,20,0,0,0
2021-12-14 06:45,59,31,28,0,0,0
2021-12-14 07:00,65,39,26,0,0,0
2021-12-14 07:15,104,69,35,0,0,0
2021-12-14 07:30,122,72,50,0,0,0
2021-12-14 07:45,175,114,61,0,0,0
2021-12-14 08:00,155,101,54,0,0,0
2021-12-14 08:15,126,70,56,0,0,0
2021-12-14 08:30,114,72,42,0,0,0
2021-12-14 08:45,140,95,45,0,0,0
2021-12-14 09:00,80,44,36,0,0,0
2021-12-14 09:15,62,40,22,0,0,0
2021-12-14 09:30,103,67,36,0,0,0
2021-12-14 09:45,99,63,36,0,0,0
2021-12-14 10:00,80,49,31,0,0,0
2021-12-14 10:15,150,73,77,0,0,0
2021-12-14 10:30,119,53,66,0,0,0
2021-12-14 10:45,126,62,64,0,0,0
2021-12-14 11:00,103,39,64,0,0,0
2021-12-14 11:15,115,52,63,0,0,0
2021-12-14 11:30,104,47,57,0,0,0
2021-12-14 11:45,142,67,75,0,0,0
2021-12-14 12:00,152,72,80,0,0,0
2021-12-14 12:15,140,55,85,0,0,0
2021-12-14 12:30,115,49,66,0,0,0
2021-12-14 12:45,157,52,105,0,0,0
2021-12-14 13:00,162,51,111,0,0,0
2021-12-14 13:15,125,43,82,0,0,0
2021-12-14 13:30,131,47,84,0,0,0
2021-12-14 13:45,144,74,70,0,0,0
2021-12-14 14:00,159,61,98,0,0,0
2021-12-14 14:15,157,61,96,0,0,0
2021-12-14 14:30,145,72,73,0,0,0
2021-12-14 14:45,147,65,82,0,0,0
2021-12-14 15:00,165,65,100,0,0,0
2021-12-14 15:15,169,81,88,0,0,0
2021-12-14 15:30,165,74,91,0,0,0
2021-12-14 15:45,183,93,90,0,0,0
2021-12-14 16:00,167,67,100,0,0,0
2021-12-14 16:15,180,80,100,0,0,0
2021-12-14 16:30,171,72,99,0,0,0
2021-12-14 16:45,179,68,111,0,0,0
2021-12-14 17:00,170,70,100,0,0,0
2021-12-14 17:15,182,76,106,0,0,0
2021-12-14 17:30,173,57,116,0,0,0
2021-12-14 17:45,174,71,103,0,0,0
2021-12-14 18:00,175,66,109,0,0,0
2021-12-14 18:15,176,55,121,0,0,0
2021-12-14 18:30,169,51,118,0,0,0
2021-12-14 18:45,129,52,77,0,0,0
2021-12-14 19:00,124,28,96,0,0,0
2021-12-14 19:15,120,34,86,0,0,0
2021-12-14 19:30,97,20,77,0,0,0
2021-12-14 19:45,89,26,63,0,0,0
2021-12-14 20:00,85,23,62,0,0,0
2021-12-14 20:15,97,18,79,0,0,0
2021-12-14 20:30,65,15,50,0,0,0
2021-12-14 20:45,39,9,30,0,0,0
2021-12-14 21:00,54,18,36,0,0,0
2021-12-14 21:15,63,12,51,0,0,0
2021-12-14 21:30,47,15,32,0,0,0
2021-12-14 21:45,66,21,45,0,0,0
2021-12-14 22:00,63,15,48,0,0,0
2021-12-14 22:15,45,9,36,0,0,0
2021-12-14 22:30,30,7,23,0,0,0
2021-12-14 22:45,31,13,18,0,0,0
2021-12-14 23:00,35,9,26,0,0,0
2021-12-14 23:15,23,3,20,0,0,0
2021-12-14 23:30,19,6,13,0,0,0
2021-12-14 23:45,23,6,17,0,0,0
2021-12-15 00:00,10,1,9,0,0,0
2021-12-15 00:15,8,3,5,0,0,0
2021-12-15 00:30,7,1,6,0,0,0
2021-12-15 00:45,8,1,7,0,0,0
2021-12-15 01:00,4,0,4,0,0,0
2021-12-15 01:15,5,1,4,0,0,0
2021-12-15 01:30,1,0,1,0,0,0
2021-12-15 01:45,4,0,4,0,0,0
2021-12-15 02:00,0,0,0,0,0,0
2021-12-15 02:15,2,0,2,0,0,0
2021-12-15 02:30,2,0,2,0,0,0
2021-12-15 02:45,1,0,1,0,0,0
2021-12-15 03:00,0,0,0,0,0,0
2021-12-15 03:15,0,0,0,0,0,0
2021-12-15 03:30,1,0,1,0,0,0
2021-12-15 03:45,0,0,0,0,0,0
2021-12-15 04:00,1,1,0,0,0,0
2021-12-15 04:15,4,1,3,0,0,0
2021-12-15 04:30,1,1,0,0,0,0
2021-12-15 04:45,5,5,0,0,0,0
2021-12-15 05:00,0,0,0,0,0,0
2021-12-15 05:15,5,4,1,0,0,0
2021-12-15 05:30,10,7,3,0,0,0
2021-12-15 05:45,21,15,6,0,0,0
2021-12-15 06:00,23,16,7,0,0,0
2021-12-15 06:15,26,16,10,0,0,0
2021-12-15 06:30,61,36,25,0,0,0
2021-12-15 06:45,53,31,22,0,0,0
2021-12-15 07:00,94,63,31,0,0,0
2021-12-15 07:15,103,67,36,0,0,0
2021-12-15 07:30,131,87,44,0,0,0
2021-12-15 07:45,189,119,70,0,0,0
2021-12-15 08:00,134,94,40,0,0,0
2021-12-15 08:15,122,68,54,0,0,0
2021-12-15 08:30,111,75,36,0,0,0
2021-12-15 08:45,119,81,38,0,0,0
2021-12-15 09:00,114,57,57,0,0,0
2021-12-15 09:15,107,64,43,0,0,0
2021-12-15 09:30,100,67,33,0,0,0
2021-12-15 09:45,128,91,37,0,0,0
2021-12-15 10:00,111,65,46,0,0,0
2021-12-15 10:15,108,70,38,0,0,0
2021-12-15 10:30,104,54,50,0,0,0
2021-12-15 10:45,132,78,54,0,0,0
2021-12-15 11:00,87,47,40,0,0,0
2021-12-15 11:15,139,55,84,0,0,0
2021-12-15 11:30,125,56,69,0,0,0
2021-12-15 11:45,158,89,69,0,0,0
2021-12-15 12:00,145,64,81,0,0,0
2021-12-15 12:15,149,68,81,0,0,0
2021-12-15 12:30,154,60,94,0,0,0
2021-12-15 12:45,157,71,86,0,0,0
2021-12-15 13:00,188,79,109,0,0,0
2021-12-15 13:15,135,60,75,0,0,0
2021-12-15 13:30,135,55,80,0,0,0
2021-12-15 13:45,163,59,104,0,0,0
2021-12-15 14:00,143,68,75,0,0,0
2021-12-15 14:15,162,58,104,0,0,0
2021-12-15 14:30,139,57,82,0,0,0
2021-12-15 14:45,168,75,93,0,0,0
2021-12-15 15:00,167,67,100,0,0,0
2021-12-15 15:15,145,57,88,0,0,0
2021-12-15 15:30,152,73,79,0,0,0
2021-12-15 15:45,205,103,102,0,0,0
2021-12-15 16:00,181,73,108,0,0,0
2021-12-15 16:15,167,78,89,0,0,0
2021-12-15 16:30,151,65,86,0,0,0
2021-12-15 16:45,176,88,88,0,0,0
2021-12-15 17:00,205,101,104,0,0,0
2021-12-15 17:15,180,76,104,0,0,0
2021-12-15 17:30,199,91,108,0,0,0
2021-12-15 17:45,205,83,122,0,0,0
2021-12-15 18:00,206,77,129,0,0,0
2021-12-15 18:15,174,83,91,0,0,0
2021-12-15 18:30,150,56,94,0,0,0
2021-12-15 18:45,154,71,83,0,0,0
2021-12-15 19:00,169,64,105,0,0,0
2021-12-15 19:15,111,46,65,0,0,0
2021-12-15 19:30,120,32,88,0,0,0
2021-12-15 19:45,127,32,95,0,0,0
2021-12-15 20:00,112,30,82,0,0,0
2021-12-15 20:15,102,20,82,0,0,0
2021-12-15 20:30,82,21,61,0,0,0
2021-12-15 20:45,55,13,42,0,0,0
2021-12-15 21:00,73,17,56,0,0,0
2021-12-15 21:15,63,21,42,0,0,0
2021-12-15 21:30,66,19,47,0,0,0
2021-12-15 21:45,64,18,46,0,0,0
2021-12-15 22:00,64,16,48,0,0,0
2021-12-15 22:15,57,14,43,0,0,0
2021-12-15 22:30,61,25,36,0,0,0
2021-12-15 22:45,48,14,34,0,0,0
2021-12-15 23:00,21,5,16,0,0,0
2021-12-15 23:15,30,11,19,0,0,0
2021-12-15 23:30,23,8,15,0,0,0
2021-12-15 23:45,10,1,9,0,0,0
2021-12-16 00:00,15,6,9,0,0,0
2021-12-16 00:15,15,4,11,0,0,0
2021-12-16 00:30,12,2,10,0,0,0
2021-12-16 00:45,9,1,8,0,0,0
2021-12-16 01:00,7,2,5,0,0,0
2021-12-16 01:15,10,5,5,0,0,0
2021-12-16 01:30,6,1,5,0,0,0
2021-12-16 01:45,2,1,1,0,0,0
2021-12-16 02:00,5,0,5,0,0,0
2021-12-16 02:15,5,2,3,0,0,0
2021-12-16 02:30,6,2,4,0,0,0
2021-12-16 02:45,2,2,0,0,0,0
2021-12-16 03:00,1,0,1,0,0,0
2021-12-16 03:15,1,0,1,0,0,0
2021-12-16 03:30,1,0,1,0,0,0
2021-12-16 03:45,4,0,4,0,0,0
2021-12-16 04:00,4,1,3,0,0,0
2021-12-16 04:15,7,5,2,0,0,0
2021-12-16 04:30,2,0,2,0,0,0
2021-12-16 04:45,5,5,0,0,0,0
2021-12-16 05:00,5,3,2,0,0,0
2021-12-16 05:15,9,6,3,0,0,0
2021-12-16 05:30,9,6,3,0,0,0
2021-12-16 05:45,25,13,12,0,0,0
2021-12-16 06:00,20,14,6,0,0,0
2021-12-16 06:15,27,20,7,0,0,0
2021-12-16 06:30,42,26,16,0,0,0
2021-12-16 06:45,45,33,12,0,0,0
2021-12-16 07:00,84,42,42,0,0,0
2021-12-16 07:15,89,57,32,0,0,0
2021-12-16 07:30,115,71,44,0,0,0
2021-12-16 07:45,181,128,53,0,0,0
2021-12-16 08:00,140,82,58,0,0,0
2021-12-16 08:15,112,74,38,0,0,0
2021-12-16 08:30,93,65,28,0,0,0
2021-12-16 08:45,118,80,38,0,0,0
2021-12-16 09:00,101,60,41,0,0,0
2021-12-16 09:15,105,56,49,0,0,0
2021-12-16 09:30,132,89,43,0,0,0
2021-12-16 09:45,106,71,35,0,0,0
2021-12-16 10:00,101,67,34,0,0,0
2021-12-16 10:15,116,68,48,0,0,0
2021-12-16 10:30,134,80,54,0,0,0
2021-12-16 10:45,135,69,66,0,0,0
2021-12-16 11:00,124,65,59,0,0,0
2021-12-16 11:15,144,73,71,0,0,0
2021-12-16 11:30,148,73,75,0,0,0
2021-12-16 11:45,164,80,84,0,0,0
2021-12-16 12:00,151,63,88,0,0,0
2021-12-16 12:15,182,74,108,0,0,0
2021-12-16 12:30,133,55,78,0,0,0
2021-12-16 12:45,189,88,101,0,0,0
2021-12-16 13:00,143,61,82,0,0,0
2021-12-16 13:15,133,63,70,0,0,0
2021-12-16 13:30,128,52,76,0,0,0
2021-12-16 13:45,179,83,96,0,0,0
2021-12-16 14:00,115,55,60,0,0,0
2021-12-16 14:15,166,83,83,0,0,0
2021-12-16 14:30,159,74,85,0,0,0
2021-12-16 14:45,189,97,92,0,0,0
2021-12-16 15:00,155,71,84,0,0,0
2021-12-16 15:15,171,74,97,0,0,0
2021-12-16 15:30,174,79,95,0,0,0
2021-12-16 15:45,202,87,115,0,0,0
2021-12-16 16:00,222,107,115,0,0,0
2021-12-16 16:15,191,96,95,0,0,0
2021-12-16 16:30,220,90,130,0,0,0
2021-12-16 16:45,233,107,126,0,0,0
2021-12-16 17:00,171,79,92,0,0,0
2021-12-16 17:15,202,80,122,0,0,0
2021-12-16 17:30,177,76,101,0,0,0
2021-12-16 17:45,217,107,110,0,0,0
2021-12-16 18:00,181,64,117,0,0,0
2021-12-16 18:15,181,62,119,0,0,0
2021-12-16 18:30,132,55,77,0,0,0
2021-12-16 18:45,182,80,102,0,0,0
2021-12-16 19:00,138,60,78,0,0,0
2021-12-16 19:15,128,50,78,0,0,0
2021-12-16 19:30,95,29,66,0,0,0
2021-12-16 19:45,121,33,88,0,0,0
2021-12-16 20:00,119,27,92,0,0,0
2021-12-16 20:15,101,25,76,0,0,0
2021-12-16 20:30,96,24,72,0,0,0
2021-12-16 20:45,45,11,34,0,0,0
2021-12-16 21:00,52,17,35,0,0,0
2021-12-16 21:15,50,9,41,0,0,0
2021-12-16 21:30,47,19,28,0,0,0
2021-12-16 21:45,47,10,37,0,0,0
2021-12-16 22:00,44,7,37,0,0,0
2021-12-16 22:15,42,17,25,0,0,0
2021-12-16 22:30,57,21,36,0,0,0
2021-12-16 22:45,38,13,25,0,0,0
2021-12-16 23:00,35,13,22,0,0,0
2021-12-16 23:15,24,3,21,0,0,0
2021-12-16 23:30,30,10,20,0,0,0
2021-12-16 23:45,22,6,16,0,0,0
2021-12-17 00:00,32,11,21,0,0,0
2021-12-17 00:15,11,2,9,0,0,0
2021-12-17 00:30,7,2,5,0,0,0
2021-12-17 00:45,14,3,11,0,0,0
2021-12-17 01:00,9,3,6,0,0,0
2021-12-17 01:15,6,1,5,0,0,0
2021-12-17 01:30,7,1,6,0,0,0
2021-12-17 01:45,5,1,4,0,0,0
2021-12-17 02:00,9,2,7,0,0,0
2021-12-17 02:15,6,0,6,0,0,0
2021-12-17 02:30,5,0,5,0,0,0
2021-12-17 02:45,2,0,2,0,0,0
2021-12-17 03:00,2,0,2,0,0,0
2021-12-17 03:15,4,1,3,0,0,0
2021-12-17 03:30,3,0,3,0,0,0
2021-12-17 03:45,0,0,0,0,0,0
2021-12-17 04:00,2,1,1,0,0,0
2021-12-17 04:15,2,0,2,0,0,0
2021-12-17 04:30,3,3,0,0,0,0
2021-12-17 04:45,4,3,1,0,0,0
2021-12-17 05:00,4,4,0,0,0,0
2021-12-17 05:15,5,3,2,0,0,0
2021-12-17 05:30,11,8,3,0,0,0
2021-12-17 05:45,22,15,7,0,0,0
2021-12-17 06:00,22,16,6,0,0,0
2021-12-17 06:15,23,19,4,0,0,0
2021-12-17 06:30,33,20,13,0,0,0
2021-12-17 06:45,38,30,8,0,0,0
2021-12-17 07:00,55,30,25,0,0,0
2021-12-17 07:15,86,60,26,0,0,0
2021-12-17 07:30,118,74,44,0,0,0
2021-12-17 07:45,168,114,54,0,0,0
2021-12-17 08:00,142,96,46,0,0,0
2021-12-17 08:15,102,69,33,0,0,0
2021-12-17 08:30,97,56,41,0,0,0
2021-12-17 08:45,116,80,36,0,0,0
2021-12-17 09:00,77,54,23,0,0,0
2021-12-17 09:15,113,71,42,0,0,0
2021-12-17 09:30,80,49,31,0,0,0
2021-12-17 09:45,125,84,41,0,0,0
2021-12-17 10:00,106,62,44,0,0,0
2021-12-17 10:15,116,69,47,0,0,0
2021-12-17 10:30,118,66,52,0,0,0
2021-12-17 10:45,147,94,53,0,0,0
2021-12-17 11:00,118,64,54,0,0,0
2021-12-17 11:15,127,59,68,0,0,0
2021-12-17 11:30,126,65,61,0,0,0
2021-12-17 11:45,145,74,71,0,0,0
2021-12-17 12:00,148,70,78,0,0,0
2021-12-17 12:15,150,66,84,0,0,0
2021-12-17 12:30,149,63,86,0,0,0
2021-12-17 12:45,175,76,99,0,0,0
2021-12-17 13:00,180,67,113,0,0,0
2021-12-17 13:15,173,53,120,0,0,0
2021-12-17 13:30,159,56,103,0,0,0
2021-12-17 13:45,169,68,101,0,0,0
2021-12-17 14:00,177,59,118,0,0,0
2021-12-17 14:15,202,80,122,0,0,0
2021-12-17 14:30,182,87,95,0,0,0
2021-12-17 14:45,192,93,99,0,0,0
2021-12-17 15:00,170,85,85,0,0,0
2021-12-17 15:15,184,77,107,0,0,0
2021-12-17 15:30,172,81,91,0,0,0
2021-12-17 15:45,178,101,77,0,0,0
2021-12-17 16:00,187,92,95,0,0,0
2021-12-17 16:15,204,91,113,0,0,0
2021-12-17 16:30,189,86,103,0,0,0
2021-12-17 16:45,181,85,96,0,0,0
2021-12-17 17:00,202,91,111,0,0,0
2021-12-17 17:15,179,74,105,0,0,0
2021-12-17 17:30,177,73,104,0,0,0
2021-12-17 17:45,194,94,100,0,0,0
2021-12-17 18:00,192,76,116,0,0,0
2021-12-17 18:15,161,73,88,0,0,0
2021-12-17 18:30,162,71,91,0,0,0
2021-12-17 18:45,184,89,95,0,0,0
2021-12-17 19:00,170,89,81,0,0,0
2021-12-17 19:15,123,43,80,0,0,0
2021-12-17 19:30,116,44,72,0,0,0
2021-12-17 19:45,99,39,60,0,0,0
2021-12-17 20:00,148,56,92,0,0,0
2021-12-17 20:15,95,31,64,0,0,0
2021-12-17 20:30,91,33,58,0,0,0
2021-12-17 20:45,70,17,53,0,0,0
2021-12-17 21:00,51,7,44,0,0,0
2021-12-17 21:15,71,19,52,0,0,0
2021-12-17 21:30,50,12,38,0,0,0
2021-12-17 21:45,52,10,42,0,0,0
2021-12-17 22:00,60,9,51,0,0,0
2021-12-17 22:15,59,23,36,0,0,0
2021-12-17 22:30,46,10,36,0,0,0
2021-12-17 22:45,57,5,52,0,0,0
2021-12-17 23:00,43,12,31,0,0,0
2021-12-17 23:15,52,14,38,0,0,0
2021-12-17 23:30,47,9,38,0,0,0
2021-12-17 23:45,50,14,36,0,0,0
2021-12-18 00:00,50,7,43,0,0,0
2021-12-18 00:15,50,15,35,0,0,0
2021-12-18 00:30,34,8,26,0,0,0
2021-12-18 00:45,35,12,23,0,0,0
2021-12-18 01:00,25,9,16,0,0,0
2021-12-18 01:15,27,13,14,0,0,0
2021-12-18 01:30,24,10,14,0,0,0
2021-12-18 01:45,25,9,16,0,0,0
2021-12-18 02:00,24,9,15,0,0,0
2021-12-18 02:15,10,3,7,0,0,0
2021-12-18 02:30,19,5,14,0,0,0
2021-12-18 02:45,13,6,7,0,0,0
2021-12-18 03:00,17,7,10,0,0,0
2021-12-18 03:15,20,15,5,0,0,0
2021-12-18 03:30,6,5,1,0,0,0
2021-12-18 03:45,5,0,5,0,0,0
2021-12-18 04:00,7,0,7,0,0,0
2021-12-18 04:15,7,2,5,0,0,0
2021-12-18 04:30,4,1,3,0,0,0
2021-12-18 04:45,2,1,1,0,0,0
2021-12-18 05:00,9,4,5,0,0,0
2021-12-18 05:15,2,0,2,0,0,0
2021-12-18 05:30,9,8,1,0,0,0
2021-12-18 05:45,13,8,5,0,0,0
2021-12-18 06:00,6,6,0,0,0,0
2021-12-18 06:15,7,5,2,0,0,0
2021-12-18 06:30,8,6,2,0,0,0
2021-12-18 06:45,10,6,4,0,0,0
2021-12-18 07:00,9,7,2,0,0,0
2021-12-18 07:15,23,17,6,0,0,0
2021-12-18 07:30,19,9,10,0,0,0
2021-12-18 07:45,30,21,9,0,0,0
2021-12-18 08:00,21,7,14,0,0,0
2021-12-18 08:15,35,19,16,0,0,0
2021-12-18 08:30,32,15,17,0,0,0
2021-12-18 08:45,55,33,22,0,0,0
2021-12-18 09:00,49,34,15,0,0,0
2021-12-18 09:15,78,54,24,0,0,0
2021-12-18 09:30,77,50,27,0,0,0
2021-12-18 09:45,134,99,35,0,0,0
2021-12-18 10:00,117,64,53,0,0,0
2021-12-18 10:15,123,87,36,0,0,0
2021-12-18 10:30,151,87,64,0,0,0
2021-12-18 10:45,149,87,62,0,0,0
2021-12-18 11:00,155,82,73,0,0,0
2021-12-18 11:15,146,71,75,0,0,0
2021-12-18 11:30,177,93,84,0,0,0
2021-12-18 11:45,180,98,82,0,0,0
2021-12-18 12:00,165,84,81,0,0,0
2021-12-18 12:15,164,82,82,0,0,0
2021-12-18 12:30,167,73,94,0,0,0
2021-12-18 12:45,202,94,108,0,0,0
2021-12-18 13:00,183,86,97,0,0,0
2021-12-18 13:15,178,75,103,0,0,0
2021-12-18 13:30,161,72,89,0,0,0
2021-12-18 13:45,214,92,122,0,0,0
2021-12-18 14:00,155,69,86,0,0,0
2021-12-18 14:15,151,62,89,0,0,0
2021-12-18 14:30,137,63,74,0,0,0
2021-12-18 14:45,171,69,102,0,0,0
2021-12-18 15:00,146,57,89,0,0,0
2021-12-18 15:15,126,55,71,0,0,0
2021-12-18 15:30,149,67,82,0,0,0
2021-12-18 15:45,135,61,74,0,0,0
2021-12-18 16:00,150,73,77,0,0,0
2021-12-18 16:15,155,81,74,0,0,0
2021-12-18 16:30,120,67,53,0,0,0
2021-12-18 16:45,110,59,51,0,0,0
2021-12-18 17:00,104,51,53,0,0,0
2021-12-18 17:15,130,52,78,0,0,0
2021-12-18 17:30,100,36,64,0,0,0
2021-12-18 17:45,117,54,63,0,0,0
2021-12-18 18:00,120,50,70,0,0,0
2021-12-18 18:15,108,36,72,0,0,0
2021-12-18 18:30,117,64,53,0,0,0
2021-12-18 18:45,115,48,67,0,0,0
2021-12-18 19:00,83,29,54,0,0,0
2021-12-18 19:15,83,36,47,0,0,0
2021-12-18 19:30,84,27,57,0,0,0
2021-12-18 19:45,94,34,60,0,0,0
2021-12-18 20:00,94,28,66,0,0,0
2021-12-18 20:15,76,16,60,0,0,0
2021-12-18 20:30,56,15,41,0,0,0
2021-12-18 20:45,50,13,37,0,0,0
2021-12-18 21:00,44,7,37,0,0,0
2021-12-18 21:15,42,14,28,0,0,0
2021-12-18 21:30,36,11,25,0,0,0
2021-12-18 21:45,38,10,28,0,0,0
2021-12-18 22:00,39,7,32,0,0,0
2021-12-18 22:15,29,10,19,0,0,0
2021-12-18 22:30,44,13,31,0,0,0
2021-12-18 22:45,43,21,22,0,0,0
2021-12-18 23:00,40,8,32,0,0,0
2021-12-18 23:15,36,15,21,0,0,0
2021-12-18 23:30,34,13,21,0,0,0
2021-12-18 23:45,28,13,15,0,0,0
2021-12-19 00:00,40,12,28,0,0,0
2021-12-19 00:15,30,9,21,0,0,0
2021-12-19 00:30,26,8,18,0,0,0
2021-12-19 00:45,22,7,15,0,0,0
2021-12-19 01:00,20,8,12,0,0,0
2021-12-19 01:15,19,6,13,0,0,0
2021-12-19 01:30,16,5,11,0,0,0
2021-12-19 01:45,20,7,13,0,0,0
2021-12-19 02:00,11,5,6,0,0,0
2021-12-19 02:15,13,7,6,0,0,0
2021-12-19 02:30,12,5,7,0,0,0
2021-12-19 02:45,14,3,11,0,0,0
2021-12-19 03:00,10,2,8,0,0,0
2021-12-19 03:15,6,1,5,0,0,0
2021-12-19 03:30,9,1,8,0,0,0
2021-12-19 03:45,5,0,5,0,0,0
2021-12-19 04:00,6,5,1,0,0,0
2021-12-19 04:15,5,3,2,0,0,0
2021-12-19 04:30,5,1,4,0,0,0
2021-12-19 04:45,0,0,0,0,0,0
2021-12-19 05:00,3,1,2,0,0,0
2021-12-19 05:15,9,2,7,0,0,0
2021-12-19 05:30,11,7,4,0,0,0
2021-12-19 05:45,8,5,3,0,0,0
2021-12-19 06:00,4,3,1,0,0,0
2021-12-19 06:15,3,1,2,0,0,0
2021-12-19 06:30,6,2,4,0,0,0
2021-12-19 06:45,8,4,4,0,0,0
2021-12-19 07:00,1,1,0,0,0,0
2021-12-19 07:15,6,1,5,0,0,0
2021-12-19 07:30,3,2,1,0,0,0
2021-12-19 07:45,9,9,0,0,0,0
2021-12-19 08:00,11,3,8,0,0,0
2021-12-19 08:15,5,3,2,0,0,0
2021-12-19 08:30,9,3,6,0,0,0
2021-12-19 08:45,12,8,4,0,0,0
2021-12-19 09:00,5,4,1,0,0,0
2021-12-19 09:15,12,7,5,0,0,0
2021-12-19 09:30,28,12,16,0,0,0
2021-12-19 09:45,36,22,14,0,0,0
2021-12-19 10:00,29,17,12,0,0,0
2021-12-19 10:15,46,32,14,0,0,0
2021-12-19 10:30,39,23,16,0,0,0
2021-12-19 10:45,39,20,19,0,0,0
2021-12-19 11:00,32,21,11,0,0,0
2021-12-19 11:15,41,19,22,0,0,0
2021-12-19 11:30,26,11,15,0,0,0
2021-12-19 11:45,50,28,22,0,0,0
2021-12-19 12:00,46,23,23,0,0,0
2021-12-19 12:15,55,22,33,0,0,0
2021-12-19 12:30,50,12,38,0,0,0
2021-12-19 12:45,46,19,27,0,0,0
2021-12-19 13:00,36,13,23,0,0,0
2021-12-19 13:15,56,29,27,0,0,0
2021-12-19 13:30,41,20,21,0,0,0
2021-12-19 13:45,78,43,35,0,0,0
2021-12-19 14:00,58,25,33,0,0,0
2021-12-19 14:15,47,16,31,0,0,0
2021-12-19 14:30,64,28,36,0,0,0
2021-12-19 14:45,73,29,44,0,0,0
2021-12-19 15:00,61,23,38,0,0,0
2021-12-19 15:15,50,25,25,0,0,0
2021-12-19 15:30,53,27,26,0,0,0
2021-12-19 15:45,76,34,42,0,0,0
2021-12-19 16:00,66,27,39,0,0,0
2021-12-19 16:15,80,33,47,0,0,0
2021-12-19 16:30,46,26,20,0,0,0
2021-12-19 16:45,100,54,46,0,0,0
2021-12-19 17:00,59,32,27,0,0,0
2021-12-19 17:15,86,34,52,0,0,0
2021-12-19 17:30,65,42,23,0,0,0
2021-12-19 17:45,88,46,42,0,0,0
2021-12-19 18:00,53,12,41,0,0,0
2021-12-19 18:15,66,24,42,0,0,0
2021-12-19 18:30,65,27,38,0,0,0
2021-12-19 18:45,50,23,27,0,0,0
2021-12-19 19:00,49,19,30,0,0,0
2021-12-19 19:15,45,13,32,0,0,0
2021-12-19 19:30,36,14,22,0,0,0
2021-12-19 19:45,57,20,37,0,0,0
2021-12-19 20:00,45,18,27,0,0,0
2021-12-19 20:15,39,7,32,0,0,0
2021-12-19 20:30,39,13,26,0,0,0
2021-12-19 20:45,36,15,21,0,0,0
2021-12-19 21:00,24,6,18,0,0,0
2021-12-19 21:15,26,6,20,0,0,0
2021-12-19 21:30,22,7,15,0,0,0
2021-12-19 21:45,22,4,18,0,0,0
2021-12-19 22:00,14,2,12,0,0,0
2021-12-19 22:15,28,5,23,0,0,0
2021-12-19 22:30,20,0,20,0,0,0
2021-12-19 22:45,19,5,14,0,0,0
2021-12-19 23:00,12,3,9,0,0,0
2021-12-19 23:15,12,4,8,0,0,0
2021-12-19 23:30,17,7,10,0,0,0
2021-12-19 23:45,5,4,1,0,0,0
2021-12-20 00:00,9,2,7,0,0,0
2021-12-20 00:15,8,4,4,0,0,0
2021-12-20 00:30,4,0,4,0,0,0
2021-12-20 00:45,3,1,2,0,0,0
2021-12-20 01:00,3,0,3,0,0,0
2021-12-20 01:15,1,1,0,0,0,0
2021-12-20 01:30,3,1,2,0,0,0
2021-12-20 01:45,0,0,0,0,0,0
2021-12-20 02:00,0,0,0,0,0,0
2021-12-20 02:15,0,0,0,0,0,0
2021-12-20 02:30,1,0,1,0,0,0
2021-12-20 02:45,0,0,0,0,0,0
2021-12-20 03:00,3,1,2,0,0,0
2021-12-20 03:15,0,0,0,0,0,0
2021-12-20 03:30,3,0,3,0,0,0
2021-12-20 03:45,1,0,1,0,0,0
2021-12-20 04:00,0,0,0,0,0,0
2021-12-20 04:15,3,2,1,0,0,0
2021-12-20 04:30,0,0,0,0,0,0
2021-12-20 04:45,6,6,0,0,0,0
2021-12-20 05:00,3,2,1,0,0,0
2021-12-20 05:15,6,4,2,0,0,0
2021-12-20 05:30,17,13,4,0,0,0
2021-12-20 05:45,17,13,4,0,0,0
2021-12-20 06:00,21,13,8,0,0,0
2021-12-20 06:15,18,11,7,0,0,0
2021-12-20 06:30,39,23,16,0,0,0
2021-12-20 06:45,41,29,12,0,0,0
2021-12-20 07:00,75,45,30,0,0,0
2021-12-20 07:15,87,57,30,0,0,0
2021-12-20 07:30,114,75,39,0,0,0
2021-12-20 07:45,171,111,60,0,0,0
2021-12-20 08:00,142,87,55,0,0,0
2021-12-20 08:15,123,69,54,0,0,0
2021-12-20 08:30,97,66,31,0,0,0
2021-12-20 08:45,124,87,37,0,0,0
2021-12-20 09:00,94,56,38,0,0,0
2021-12-20 09:15,100,70,30,0,0,0
2021-12-20 09:30,113,86,27,0,0,0
2021-12-20 09:45,110,76,34,0,0,0
2021-12-20 10:00,101,65,36,0,0,0
2021-12-20 10:15,108,59,49,0,0,0
2021-12-20 10:30,123,65,58,0,0,0
2021-12-20 10:45,146,80,66,0,0,0
2021-12-20 11:00,136,78,58,0,0,0
2021-12-20 11:15,139,70,69,0,0,0
2021-12-20 11:30,146,73,73,0,0,0
2021-12-20 11:45,194,103,91,0,0,0
2021-12-20 12:00,175,83,92,0,0,0
2021-12-20 12:15,151,67,84,0,0,0
2021-12-20 12:30,156,56,100,0,0,0
2021-12-20 12:45,160,59,101,0,0,0
2021-12-20 13:00,181,73,108,0,0,0
2021-12-20 13:15,139,61,78,0,0,0
2021-12-20 13:30,166,71,95,0,0,0
2021-12-20 13:45,181,89,92,0,0,0
2021-12-20 14:00,185,76,109,0,0,0
2021-12-20 14:15,184,80,104,0,0,0
2021-12-20 14:30,169,82,87,0,0,0
2021-12-20 14:45,210,83,127,0,0,0
2021-12-20 15:00,163,86,77,0,0,0
2021-12-20 15:15,227,103,124,0,0,0
2021-12-20 15:30,220,98,122,0,0,0
2021-12-20 15:45,211,87,124,0,0,0
2021-12-20 16:00,223,91,132,0,0,0
2021-12-20 16:15,209,94,115,0,0,0
2021-12-20 16:30,223,88,135,0,0,0
2021-12-20 16:45,256,106,150,0,0,0
2021-12-20 17:00,238,91,147,0,0,0
2021-12-20 17:15,236,104,132,0,0,0
2021-12-20 17:30,195,79,116,0,0,0
2021-12-20 17:45,208,97,111,0,0,0
2021-12-20 18:00,200,85,115,0,0,0
2021-12-20 18:15,198,79,119,0,0,0
2021-12-20 18:30,152,49,103,0,0,0
2021-12-20 18:45,168,54,114,0,0,0
2021-12-20 19:00,159,47,112,0,0,0
2021-12-20 19:15,108,35,73,0,0,0
2021-12-20 19:30,108,27,81,0,0,0
2021-12-20 19:45,114,23,91,0,0,0
2021-12-20 20:00,130,23,107,0,0,0
2021-12-20 20:15,95,22,73,0,0,0
2021-12-20 20:30,58,18,40,0,0,0
2021-12-20 20:45,35,10,25,0,0,0
2021-12-20 21:00,45,12,33,0,0,0
2021-12-20 21:15,67,13,54,0,0,0
2021-12-20 21:30,53,12,41,0,0,0
2021-12-20 21:45,41,6,35,0,0,0
2021-12-20 22:00,36,12,24,0,0,0
2021-12-20 22:15,26,9,17,0,0,0
2021-12-20 22:30,35,9,26,0,0,0
2021-12-20 22:45,19,5,14,0,0,0
2021-12-20 23:00,23,6,17,0,0,0
2021-12-20 23:15,20,3,17,0,0,0
2021-12-20 23:30,18,4,14,0,0,0
2021-12-20 23:45,21,7,14,0,0,0
2021-12-21 00:00,18,6,12,0,0,0
2021-12-21 00:15,8,1,7,0,0,0
2021-12-21 00:30,15,5,10,0,0,0
2021-12-21 00:45,17,1,16,0,0,0
2021-12-21 01:00,11,3,8,0,0,0
2021-12-21 01:15,6,1,5,0,0,0
2021-12-21 01:30,2,1,1,0,0,0
2021-12-21 01:45,5,2,3,0,0,0
2021-12-21 02:00,0,0,0,0,0,0
2021-12-21 02:15,0,0,0,0,0,0
2021-12-21 02:30,3,0,3,0,0,0
2021-12-21 02:45,3,2,1,0,0,0
2021-12-21 03:00,1,1,0,0,0,0
2021-12-21 03:15,2,0,2,0,0,0
2021-12-21 03:30,2,0,2,0,0,0
2021-12-21 03:45,0,0,0,0,0,0
2021-12-21 04:00,0,0,0,0,0,0
2021-12-21 04:15,1,1,0,0,0,0
2021-12-21 04:30,2,2,0,0,0,0
2021-12-21 04:45,7,6,1,0,0,0
2021-12-21 05:00,2,2,0,0,0,0
2021-12-21 05:15,8,4,4,0,0,0
2021-12-21 05:30,14,11,3,0,0,0
2021-12-21 05:45,20,16,4,0,0,0
2021-12-21 06:00,20,12,8,0,0,0
2021-12-21 06:15,15,14,1,0,0,0
2021-12-21 06:30,35,20,15,0,0,0
2021-12-21 06:45,56,33,23,0,0,0
2021-12-21 07:00,66,36,30,0,0,0
2021-12-21 07:15,83,51,32,0,0,0
2021-12-21 07:30,110,69,41,0,0,0
2021-12-21 07:45,135,88,47,0,0,0
2021-12-21 08:00,129,75,54,0,0,0
2021-12-21 08:15,114,63,51,0,0,0
2021-12-21 08:30,99,63,36,0,0,0
2021-12-21 08:45,98,58,40,0,0,0
2021-12-21 09:00,97,65,32,0,0,0
2021-12-21 09:15,85,57,28,0,0,0
2021-12-21 09:30,91,63,28,0,0,0
2021-12-21 09:45,100,63,37,0,0,0
2021-12-21 10:00,97,57,40,0,0,0
2021-12-21 10:15,121,68,53,0,0,0
2021-12-21 10:30,100,63,37,0,0,0
2021-12-21 10:45,79,36,43,0,0,0
2021-12-21 11:00,89,42,47,0,0,0
2021-12-21 11:15,96,51,45,0,0,0
2021-12-21 11:30,107,61,46,0,0,0
2021-12-21 11:45,126,57,69,0,0,0
2021-12-21 12:00,133,47,86,0,0,0
2021-12-21 12:15,137,61,76,0,0,0
2021-12-21 12:30,117,49,68,0,0,0
2021-12-21 12:45,127,52,75,0,0,0
2021-12-21 13:00,160,56,104,0,0,0
2021-12-21 13:15,124,62,62,0,0,0
2021-12-21 13:30,95,37,58,0,0,0
2021-12-21 13:45,132,55,77,0,0,0
2021-12-21 14:00,114,44,70,0,0,0
2021-12-21 14:15,147,54,93,0,0,0
2021-12-21 14:30,145,63,82,0,0,0
2021-12-21 14:45,151,71,80,0,0,0
2021-12-21 15:00,125,64,61,0,0,0
2021-12-21 15:15,147,57,90,0,0,0
2021-12-21 15:30,137,59,78,0,0,0
2021-12-21 15:45,188,83,105,0,0,0
2021-12-21 16:00,189,87,102,0,0,0
2021-12-21 16:15,183,71,112,0,0,0
2021-12-21 16:30,174,79,95,0,0,0
2021-12-21 16:45,164,68,96,0,0,0
2021-12-21 17:00,160,66,94,0,0,0
2021-12-21 17:15,190,82,108,0,0,0
2021-12-21 17:30,165,67,98,0,0,0
2021-12-21 17:45,160,60,100,0,0,0
2021-12-21 18:00,161,62,99,0,0,0
2021-12-21 18:15,163,58,105,0,0,0
2021-12-21 18:30,123,43,80,0,0,0
2021-12-21 18:45,140,45,95,0,0,0
2021-12-21 19:00,110,47,63,0,0,0
2021-12-21 19:15,115,41,74,0,0,0
2021-12-21 19:30,91,26,65,0,0,0
2021-12-21 19:45,71,13,58,0,0,0
2021-12-21 20:00,93,18,75,0,0,0
2021-12-21 20:15,71,19,52,0,0,0
2021-12-21 20:30,55,13,42,0,0,0
2021-12-21 20:45,41,17,24,0,0,0
2021-12-21 21:00,43,14,29,0,0,0
2021-12-21 21:15,50,11,39,0,0,0
2021-12-21 21:30,30,9,21,0,0,0
2021-12-21 21:45,52,11,41,0,0,0
2021-12-21 22:00,52,16,36,0,0,0
2021-12-21 22:15,39,8,31,0,0,0
2021-12-21 22:30,41,3,38,0,0,0
2021-12-21 22:45,28,11,17,0,0,0
2021-12-21 23:00,38,8,30,0,0,0
2021-12-21 23:15,23,7,16,0,0,0
2021-12-21 23:30,24,9,15,0,0,0
2021-12-21 23:45,15,4,11,0,0,0
2021-12-22 00:00,7,4,3,0,0,0
2021-12-22 00:15,11,2,9,0,0,0
2021-12-22 00:30,10,2,8,0,0,0
2021-12-22 00:45,8,2,6,0,0,0
2021-12-22 01:00,12,6,6,0,0,0
2021-12-22 01:15,14,5,9,0,0,0
2021-12-22 01:30,4,1,3,0,0,0
2021-12-22 01:45,3,1,2,0,0,0
2021-12-22 02:00,4,1,3,0,0,0
2021-12-22 02:15,1,1,0,0,0,0
2021-12-22 02:30,3,0,3,0,0,0
2021-12-22 02:45,0,0,0,0,0,0
2021-12-22 03:00,1,0,1,0,0,0
2021-12-22 03:15,1,0,1,0,0,0
2021-12-22 03:30,2,0,2,0,0,0
2021-12-22 03:45,1,1,0,0,0,0
2021-12-22 04:00,1,1,0,0,0,0
2021-12-22 04:15,1,1,0,0,0,0
2021-12-22 04:30,1,0,1,0,0,0
2021-12-22 04:45,8,6,2,0,0,0
2021-12-22 05:00,0,0,0,0,0,0
2021-12-22 05:15,6,2,4,0,0,0
2021-12-22 05:30,17,12,5,0,0,0
2021-12-22 05:45,15,13,2,0,0,0
2021-12-22 06:00,9,7,2,0,0,0
2021-12-22 06:15,15,13,2,0,0,0
2021-12-22 06:30,28,16,12,0,0,0
2021-12-22 06:45,49,34,15,0,0,0
2021-12-22 07:00,53,35,18,0,0,0
2021-12-22 07:15,75,51,24,0,0,0
2021-12-22 07:30,87,54,33,0,0,0
2021-12-22 07:45,127,85,42,0,0,0
2021-12-22 08:00,95,62,33,0,0,0
2021-12-22 08:15,95,57,38,0,0,0
2021-12-22 08:30,82,53,29,0,0,0
2021-12-22 08:45,120,77,43,0,0,0
2021-12-22 09:00,94,57,37,0,0,0
2021-12-22 09:15,109,72,37,0,0,0
2021-12-22 09:30,103,74,29,0,0,0
2021-12-22 09:45,116,85,31,0,0,0
2021-12-22 10:00,96,54,42,0,0,0
2021-12-22 10:15,105,59,46,0,0,0
2021-12-22 10:30,117,74,43,0,0,0
2021-12-22 10:45,138,82,56,0,0,0
2021-12-22 11:00,118,65,53,0,0,0
2021-12-22 11:15,102,47,55,0,0,0
2021-12-22 11:30,124,65,59,0,0,0
2021-12-22 11:45,150,86,64,0,0,0
2021-12-22 12:00,133,78,55,0,0,0
2021-12-22 12:15,136,58,78,0,0,0
2021-12-22 12:30,131,60,71,0,0,0
2021-12-22 12:45,135,54,81,0,0,0
2021-12-22 13:00,142,51,91,0,0,0
2021-12-22 13:15,153,68,85,0,0,0
2021-12-22 13:30,144,68,76,0,0,0
2021-12-22 13:45,133,59,74,0,0,0
2021-12-22 14:00,112,53,59,0,0,0
2021-12-22 14:15,125,57,68,0,0,0
2021-12-22 14:30,133,56,77,0,0,0
2021-12-22 14:45,169,57,112,0,0,0
2021-12-22 15:00,133,49,84,0,0,0
2021-12-22 15:15,139,57,82,0,0,0
2021-12-22 15:30,155,73,82,0,0,0
2021-12-22 15:45,149,58,91,0,0,0
2021-12-22 16:00,150,65,85,0,0,0
2021-12-22 16:15,147,53,94,0,0,0
2021-12-22 16:30,178,66,112,0,0,0
2021-12-22 16:45,144,60,84,0,0,0
2021-12-22 17:00,153,60,93,0,0,0
2021-12-22 17:15,156,72,84,0,0,0
2021-12-22 17:30,145,50,95,0,0,0
2021-12-22 17:45,183,72,111,0,0,0
2021-12-22 18:00,140,58,82,0,0,0
2021-12-22 18:15,152,62,90,0,0,0
2021-12-22 18:30,121,46,75,0,0,0
2021-12-22 18:45,125,56,69,0,0,0
2021-12-22 19:00,96,45,51,0,0,0
2021-12-22 19:15,103,37,66,0,0,0
2021-12-22 19:30,88,22,66,0,0,0
2021-12-22 19:45,104,41,63,0,0,0
2021-12-22 20:00,74,17,57,0,0,0
2021-12-22 20:15,92,15,77,0,0,0
2021-12-22 20:30,44,9,35,0,0,0
2021-12-22 20:45,45,9,36,0,0,0
2021-12-22 21:00,20,11,9,0,0,0
2021-12-22 21:15,41,10,31,0,0,0
2021-12-22 21:30,39,13,26,0,0,0
2021-12-22 21:45,32,5,27,0,0,0
2021-12-22 22:00,32,5,27,0,0,0
2021-12-22 22:15,27,2,25,0,0,0
2021-12-22 22:30,42,11,31,0,0,0
2021-12-22 22:45,36,10,26,0,0,0
2021-12-22 23:00,21,7,14,0,0,0
2021-12-22 23:15,29,13,16,0,0,0
2021-12-22 23:30,23,9,14,0,0,0
2021-12-22 23:45,20,5,15,0,0,0
2021-12-23 00:00,17,4,13,0,0,0
2021-12-23 00:15,14,2,12,0,0,0
2021-12-23 00:30,14,2,12,0,0,0
2021-12-23 00:45,16,2,14,0,0,0
2021-12-23 01:00,0,0,0,0,0,0
2021-12-23 01:15,6,2,4,0,0,0
2021-12-23 01:30,7,4,3,0,0,0
2021-12-23 01:45,2,2,0,0,0,0
2021-12-23 02:00,6,6,0,0,0,0
2021-12-23 02:15,6,1,5,0,0,0
2021-12-23 02:30,4,0,4,0,0,0
2021-12-23 02:45,3,1,2,0,0,0
2021-12-23 03:00,4,1,3,0,0,0
2021-12-23 03:15,1,1,0,0,0,0
2021-12-23 03:30,2,0,2,0,0,0
2021-12-23 03:45,4,2,2,0,0,0
2021-12-23 04:00,5,5,0,0,0,0
2021-12-23 04:15,2,2,0,0,0,0
2021-12-23 04:30,2,1,1,0,0,0
2021-12-23 04:45,5,5,0,0,0,0
2021-12-23 05:00,1,1,0,0,0,0
2021-12-23 05:15,5,1,4,0,0,0
2021-12-23 05:30,15,13,2,0,0,0
2021-12-23 05:45,19,16,3,0,0,0
2021-12-23 06:00,13,6,7,0,0,0
2021-12-23 06:15,21,18,3,0,0,0
2021-12-23 06:30,20,14,6,0,0,0
2021-12-23 06:45,33,17,16,0,0,0
2021-12-23 07:00,47,29,18,0,0,0
2021-12-23 07:15,42,30,12,0,0,0
2021-12-23 07:30,64,46,18,0,0,0
2021-12-23 07:45,75,46,29,0,0,0
2021-12-23 08:00,79,47,32,0,0,0
2021-12-23 08:15,68,36,32,0,0,0
2021-12-23 08:30,62,36,26,0,0,0
2021-12-23 08:45,69,47,22,0,0,0
2021-12-23 09:00,48,28,20,0,0,0
2021-12-23 09:15,54,32,22,0,0,0
2021-12-23 09:30,83,50,33,0,0,0
2021-12-23 09:45,100,63,37,0,0,0
2021-12-23 10:00,83,58,25,0,0,0
2021-12-23 10:15,103,55,48,0,0,0
2021-12-23 10:30,118,70,48,0,0,0
2021-12-23 10:45,119,66,53,0,0,0
2021-12-23 11:00,108,52,56,0,0,0
2021-12-23 11:15,126,59,67,0,0,0
2021-12-23 11:30,113,55,58,0,0,0
2021-12-23 11:45,154,72,82,0,0,0
2021-12-23 12:00,126,56,70,0,0,0
2021-12-23 12:15,147,64,83,0,0,0
2021-12-23 12:30,120,45,75,0,0,0
2021-12-23 12:45,118,53,65,0,0,0
2021-12-23 13:00,128,53,75,0,0,0
2021-12-23 13:15,136,55,81,0,0,0
2021-12-23 13:30,134,61,73,0,0,0
2021-12-23 13:45,144,60,84,0,0,0
2021-12-23 14:00,146,67,79,0,0,0
2021-12-23 14:15,134,58,76,0,0,0
2021-12-23 14:30,147,60,87,0,0,0
2021-12-23 14:45,147,60,87,0,0,0
2021-12-23 15:00,143,66,77,0,0,0
2021-12-23 15:15,130,47,83,0,0,0
2021-12-23 15:30,147,64,83,0,0,0
2021-12-23 15:45,162,64,98,0,0,0
2021-12-23 16:00,157,68,89,0,0,0
2021-12-23 16:15,168,70,98,0,0,0
2021-12-23 16:30,121,58,63,0,0,0
2021-12-23 16:45,148,74,74,0,0,0
2021-12-23 17:00,124,53,71,0,0,0
2021-12-23 17:15,136,62,74,0,0,0
2021-12-23 17:30,112,32,80,0,0,0
2021-12-23 17:45,125,47,78,0,0,0
2021-12-23 18:00,106,46,60,0,0,0
2021-12-23 18:15,92,39,53,0,0,0
2021-12-23 18:30,96,48,48,0,0,0
2021-12-23 18:45,107,37,70,0,0,0
2021-12-23 19:00,61,12,49,0,0,0
2021-12-23 19:15,83,22,61,0,0,0
2021-12-23 19:30,64,19,45,0,0,0
2021-12-23 19:45,70,18,52,0,0,0
2021-12-23 20:00,61,13,48,0,0,0
2021-12-23 20:15,46,12,34,0,0,0
2021-12-23 20:30,40,10,30,0,0,0
2021-12-23 20:45,22,10,12,0,0,0
2021-12-23 21:00,22,9,13,0,0,0
2021-12-23 21:15,23,6,17,0,0,0
2021-12-23 21:30,21,10,11,0,0,0
2021-12-23 21:45,19,2,17,0,0,0
2021-12-23 22:00,21,8,13,0,0,0
2021-12-23 22:15,14,4,10,0,0,0
2021-12-23 22:30,21,4,17,0,0,0
2021-12-23 22:45,16,4,12,0,0,0
2021-12-23 23:00,7,0,7,0,0,0
2021-12-23 23:15,14,3,11,0,0,0
2021-12-23 23:30,12,6,6,0,0,0
2021-12-23 23:45,14,2,12,0,0,0
2021-12-24 00:00,15,7,8,0,0,0
2021-12-24 00:15,11,3,8,0,0,0
2021-12-24 00:30,10,4,6,0,0,0
2021-12-24 00:45,7,4,3,0,0,0
2021-12-24 01:00,9,6,3,0,0,0
2021-12-24 01:15,7,2,5,0,0,0
2021-12-24 01:30,6,1,5,0,0,0
2021-12-24 01:45,12,2,10,0,0,0
2021-12-24 02:00,4,0,4,0,0,0
2021-12-24 02:15,1,0,1,0,0,0
2021-12-24 02:30,3,0,3,0,0,0
2021-12-24 02:45,3,0,3,0,0,0
2021-12-24 03:00,0,0,0,0,0,0
2021-12-24 03:15,2,0,2,0,0,0
2021-12-24 03:30,1,0,1,0,0,0
2021-12-24 03:45,1,0,1,0,0,0
2021-12-24 04:00,0,0,0,0,0,0
2021-12-24 04:15,2,1,1,0,0,0
2021-12-24 04:30,1,1,0,0,0,0
2021-12-24 04:45,3,3,0,0,0,0
2021-12-24 05:00,3,3,0,0,0,0
2021-12-24 05:15,5,0,5,0,0,0
2021-12-24 05:30,10,9,1,0,0,0
2021-12-24 05:45,6,3,3,0,0,0
2021-12-24 06:00,4,2,2,0,0,0
2021-12-24 06:15,6,4,2,0,0,0
2021-12-24 06:30,7,5,2,0,0,0
2021-12-24 06:45,18,17,1,0,0,0
2021-12-24 07:00,23,18,5,0,0,0
2021-12-24 07:15,27,17,10,0,0,0
2021-12-24 07:30,36,20,16,0,0,0
2021-12-24 07:45,29,15,14,0,0,0
2021-12-24 08:00,37,17,20,0,0,0
2021-12-24 08:15,36,21,15,0,0,0
2021-12-24 08:30,52,29,23,0,0,0
2021-12-24 08:45,47,30,17,0,0,0
2021-12-24 09:00,63,34,29,0,0,0
2021-12-24 09:15,71,36,35,0,0,0
2021-12-24 09:30,89,48,41,0,0,0
2021-12-24 09:45,73,47,26,0,0,0
2021-12-24 10:00,104,66,38,0,0,0
2021-12-24 10:15,112,67,45,0,0,0
2021-12-24 10:30,88,49,39,0,0,0
2021-12-24 10:45,118,67,51,0,0,0
2021-12-24 11:00,106,59,47,0,0,0
2021-12-24 11:15,115,51,64,0,0,0
2021-12-24 11:30,110,46,64,0,0,0
2021-12-24 11:45,99,43,56,0,0,0
2021-12-24 12:00,102,33,69,0,0,0
2021-12-24 12:15,88,35,53,0,0,0
2021-12-24 12:30,88,31,57,0,0,0
2021-12-24 12:45,84,28,56,0,0,0
2021-12-24 13:00,76,22,54,0,0,0
2021-12-24 13:15,65,14,51,0,0,0
2021-12-24 13:30,51,10,41,0,0,0
2021-12-24 13:45,51,14,37,0,0,0
2021-12-24 14:00,49,15,34,0,0,0
2021-12-24 14:15,25,9,16,0,0,0
2021-12-24 14:30,22,5,17,0,0,0
2021-12-24 14:45,28,9,19,0,0,0
2021-12-24 15:00,17,6,11,0,0,0
2021-12-24 15:15,36,5,31,0,0,0
2021-12-24 15:30,19,5,14,0,0,0
2021-12-24 15:45,12,6,6,0,0,0
2021-12-24 16:00,6,2,4,0,0,0
2021-12-24 16:15,13,5,8,0,0,0
2021-12-24 16:30,6,6,0,0,0,0
2021-12-24 16:45,11,5,6,0,0,0
2021-12-24 17:00,7,2,5,0,0,0
2021-12-24 17:15,7,3,4,0,0,0
2021-12-24 17:30,12,4,8,0,0,0
2021-12-24 17:45,14,7,7,0,0,0
2021-12-24 18:00,5,3,2,0,0,0
2021-12-24 18:15,11,6,5,0,0,0
2021-12-24 18:30,5,5,0,0,0,0
2021-12-24 18:45,2,1,1,0,0,0
2021-12-24 19:00,4,2,2,0,0,0
2021-12-24 19:15,6,3,3,0,0,0
2021-12-24 19:30,5,3,2,0,0,0
2021-12-24 19:45,7,3,4,0,0,0
2021-12-24 20:00,7,1,6,0,0,0
2021-12-24 20:15,1,0,1,0,0,0
2021-12-24 20:30,3,1,2,0,0,0
2021-12-24 20:45,4,2,2,0,0,0
2021-12-24 21:00,11,6,5,0,0,0
2021-12-24 21:15,5,1,4,0,0,0
2021-12-24 21:30,8,2,6,0,0,0
2021-12-24 21:45,7,5,2,0,0,0
2021-12-24 22:00,4,1,3,0,0,0
2021-12-24 22:15,3,2,1,0,0,0
2021-12-24 22:30,3,1,2,0,0,0
2021-12-24 22:45,3,1,2,0,0,0
2021-12-24 23:00,4,1,3,0,0,0
2021-12-24 23:15,11,8,3,0,0,0
2021-12-24 23:30,7,5,2,0,0,0
2021-12-24 23:45,6,3,3,0,0,0
2021-12-25 00:00,8,2,6,0,0,0
2021-12-25 00:15,3,0,3,0,0,0
2021-12-25 00:30,6,2,4,0,0,0
2021-12-25 00:45,5,0,5,0,0,0
2021-12-25 01:00,3,0,3,0,0,0
2021-12-25 01:15,6,4,2,0,0,0
2021-12-25 01:30,7,0,7,0,0,0
2021-12-25 01:45,1,1,0,0,0,0
2021-12-25 02:00,3,0,3,0,0,0
2021-12-25 02:15,0,0,0,0,0,0
2021-12-25 02:30,3,1,2,0,0,0
2021-12-25 02:45,0,0,0,0,0,0
2021-12-25 03:00,1,0,1,0,0,0
2021-12-25 03:15,0,0,0,0,0,0
2021-12-25 03:30,0,0,0,0,0,0
2021-12-25 03:45,2,0,2,0,0,0
2021-12-25 04:00,3,2,1,0,0,0
2021-12-25 04:15,0,0,0,0,0,0
2021-12-25 04:30,0,0,0,0,0,0
2021-12-25 04:45,1,0,1,0,0,0
2021-12-25 05:00,1,1,0,0,0,0
2021-12-25 05:15,1,1,0,0,0,0
2021-12-25 05:30,0,0,0,0,0,0
2021-12-25 05:45,3,1,2,0,0,0
2021-12-25 06:00,2,1,1,0,0,0
2021-12-25 06:15,3,1,2,0,0,0
2021-12-25 06:30,2,1,1,0,0,0
2021-12-25 06:45,2,0,2,0,0,0
2021-12-25 07:00,0,0,0,0,0,0
2021-12-25 07:15,6,3,3,0,0,0
2021-12-25 07:30,3,1,2,0,0,0
2021-12-25 07:45,3,2,1,0,0,0
2021-12-25 08:00,1,1,0,0,0,0
2021-12-25 08:15,1,1,0,0,0,0
2021-12-25 08:30,4,1,3,0,0,0
2021-12-25 08:45,10,7,3,0,0,0
2021-12-25 09:00,1,0,1,0,0,0
2021-12-25 09:15,3,2,1,0,0,0
2021-12-25 09:30,9,8,1,0,0,0
2021-12-25 09:45,8,5,3,0,0,0
2021-12-25 10:00,9,1,8,0,0,0
2021-12-25 10:15,7,3,4,0,0,0
2021-12-25 10:30,11,5,6,0,0,0
2021-12-25 10:45,14,9,5,0,0,0
2021-12-25 11:00,11,6,5,0,0,0
2021-12-25 11:15,10,5,5,0,0,0
2021-12-25 11:30,6,2,4,0,0,0
2021-12-25 11:45,14,6,8,0,0,0
2021-12-25 12:00,23,9,14,0,0,0
2021-12-25 12:15,26,11,15,0,0,0
2021-12-25 12:30,15,9,6,0,0,0
2021-12-25 12:45,16,10,6,0,0,0
2021-12-25 13:00,22,5,17,0,0,0
2021-12-25 13:15,14,9,5,0,0,0
2021-12-25 13:30,10,2,8,0,0,0
2021-12-25 13:45,18,6,12,0,0,0
2021-12-25 14:00,15,10,5,0,0,0
2021-12-25 14:15,14,10,4,0,0,0
2021-12-25 14:30,10,6,4,0,0,0
2021-12-25 14:45,24,7,17,0,0,0
2021-12-25 15:00,14,3,11,0,0,0
2021-12-25 15:15,19,9,10,0,0,0
2021-12-25 15:30,15,7,8,0,0,0
2021-12-25 15:45,15,7,8,0,0,0
2021-12-25 16:00,10,5,5,0,0,0
2021-12-25 16:15,17,6,11,0,0,0
2021-12-25 16:30,22,9,13,0,0,0
2021-12-25 16:45,17,10,7,0,0,0
2021-12-25 17:00,11,3,8,0,0,0
2021-12-25 17:15,8,3,5,0,0,0
2021-12-25 17:30,10,3,7,0,0,0
2021-12-25 17:45,5,3,2,0,0,0
2021-12-25 18:00,9,3,6,0,0,0
2021-12-25 18:15,15,3,12,0,0,0
2021-12-25 18:30,5,3,2,0,0,0
2021-12-25 18:45,13,7,6,0,0,0
2021-12-25 19:00,9,5,4,0,0,0
2021-12-25 19:15,10,5,5,0,0,0
2021-12-25 19:30,10,6,4,0,0,0
2021-12-25 19:45,8,4,4,0,0,0
2021-12-25 20:00,15,7,8,0,0,0
2021-12-25 20:15,12,4,8,0,0,0
2021-12-25 20:30,2,2,0,0,0,0
2021-12-25 20:45,16,8,8,0,0,0
2021-12-25 21:00,6,2,4,0,0,0
2021-12-25 21:15,4,1,3,0,0,0
2021-12-25 21:30,2,1,1,0,0,0
2021-12-25 21:45,4,1,3,0,0,0
2021-12-25 22:00,8,2,6,0,0,0
2021-12-25 22:15,2,0,2,0,0,0
2021-12-25 22:30,11,6,5,0,0,0
2021-12-25 22:45,5,0,5,0,0,0
2021-12-25 23:00,7,2,5,0,0,0
2021-12-25 23:15,8,0,8,0,0,0
2021-12-25 23:30,1,1,0,0,0,0
2021-12-25 23:45,2,0,2,0,0,0
2021-12-26 00:00,2,0,2,0,0,0
2021-12-26 00:15,2,0,2,0,0,0
2021-12-26 00:30,5,3,2,0,0,0
2021-12-26 00:45,2,1,1,0,0,0
2021-12-26 01:00,6,2,4,0,0,0
2021-12-26 01:15,0,0,0,0,0,0
2021-12-26 01:30,0,0,0,0,0,0
2021-12-26 01:45,2,0,2,0,0,0
2021-12-26 02:00,3,1,2,0,0,0
2021-12-26 02:15,4,0,4,0,0,0
2021-12-26 02:30,2,2,0,0,0,0
2021-12-26 02:45,2,0,2,0,0,0
2021-12-26 03:00,0,0,0,0,0,0
2021-12-26 03:15,2,0,2,0,0,0
2021-12-26 03:30,2,2,0,0,0,0
2021-12-26 03:45,0,0,0,0,0,0
2021-12-26 04:00,2,0,2,0,0,0
2021-12-26 04:15,0,0,0,0,0,0
2021-12-26 04:30,0,0,0,0,0,0
2021-12-26 04:45,0,0,0,0,0,0
2021-12-26 05:00,1,1,0,0,0,0
2021-12-26 05:15,0,0,0,0,0,0
2021-12-26 05:30,4,2,2,0,0,0
2021-12-26 05:45,4,1,3,0,0,0
2021-12-26 06:00,3,3,0,0,0,0
2021-12-26 06:15,2,1,1,0,0,0
2021-12-26 06:30,0,0,0,0,0,0
2021-12-26 06:45,1,0,1,0,0,0
2021-12-26 07:00,1,0,1,0,0,0
2021-12-26 07:15,1,0,1,0,0,0
2021-12-26 07:30,4,4,0,0,0,0
2021-12-26 07:45,1,0,1,0,0,0
2021-12-26 08:00,1,1,0,0,0,0
2021-12-26 08:15,4,2,2,0,0,0
2021-12-26 08:30,1,0,1,0,0,0
2021-12-26 08:45,11,9,2,0,0,0
2021-12-26 09:00,6,5,1,0,0,0
2021-12-26 09:15,9,8,1,0,0,0
2021-12-26 09:30,14,6,8,0,0,0
2021-12-26 09:45,7,4,3,0,0,0
2021-12-26 10:00,12,9,3,0,0,0
2021-12-26 10:15,11,6,5,0,0,0
2021-12-26 10:30,14,3,11,0,0,0
2021-12-26 10:45,14,2,12,0,0,0
2021-12-26 11:00,11,8,3,0,0,0
2021-12-26 11:15,20,12,8,0,0,0
2021-12-26 11:30,29,13,16,0,0,0
2021-12-26 11:45,19,9,10,0,0,0
2021-12-26 12:00,23,11,12,0,0,0
2021-12-26 12:15,16,10,6,0,0,0
2021-12-26 12:30,20,8,12,0,0,0
2021-12-26 12:45,18,10,8,0,0,0
2021-12-26 13:00,22,12,10,0,0,0
2021-12-26 13:15,22,10,12,0,0,0
2021-12-26 13:30,16,8,8,0,0,0
2021-12-26 13:45,29,11,18,0,0,0
2021-12-26 14:00,27,11,16,0,0,0
2021-12-26 14:15,14,3,11,0,0,0
2021-12-26 14:30,30,15,15,0,0,0
2021-12-26 14:45,22,7,15,0,0,0
2021-12-26 15:00,16,6,10,0,0,0
2021-12-26 15:15,20,9,11,0,0,0
2021-12-26 15:30,20,10,10,0,0,0
2021-12-26 15:45,31,23,8,0,0,0
2021-12-26 16:00,19,9,10,0,0,0
2021-12-26 16:15,27,12,15,0,0,0
2021-12-26 16:30,19,6,13,0,0,0
2021-12-26 16:45,18,9,9,0,0,0
2021-12-26 17:00,13,8,5,0,0,0
2021-12-26 17:15,20,5,15,0,0,0
2021-12-26 17:30,23,10,13,0,0,0
2021-12-26 17:45,21,9,12,0,0,0
2021-12-26 18:00,22,11,11,0,0,0
2021-12-26 18:15,20,7,13,0,0,0
2021-12-26 18:30,14,4,10,0,0,0
2021-12-26 18:45,16,6,10,0,0,0
2021-12-26 19:00,11,4,7,0,0,0
2021-12-26 19:15,22,10,12,0,0,0
2021-12-26 19:30,19,8,11,0,0,0
2021-12-26 19:45,19,10,9,0,0,0
2021-12-26 20:00,19,9,10,0,0,0
2021-12-26 20:15,14,2,12,0,0,0
2021-12-26 20:30,4,1,3,0,0,0
2021-12-26 20:45,13,5,8,0,0,0
2021-12-26 21:00,10,5,5,0,0,0
2021-12-26 21:15,13,4,9,0,0,0
2021-12-26 21:30,11,2,9,0,0,0
2021-12-26 21:45,8,5,3,0,0,0
2021-12-26 22:00,7,2,5,0,0,0
2021-12-26 22:15,2,1,1,0,0,0
2021-12-26 22:30,5,2,3,0,0,0
2021-12-26 22:45,9,2,7,0,0,0
2021-12-26 23:00,10,1,9,0,0,0
2021-12-26 23:15,13,6,7,0,0,0
2021-12-26 23:30,6,1,5,0,0,0
2021-12-26 23:45,10,2,8,0,0,0
2021-12-27 00:00,2,0,2,0,0,0
2021-12-27 00:15,1,1,0,0,0,0
2021-12-27 00:30,5,1,4,0,0,0
2021-12-27 00:45,2,0,2,0,0,0
2021-12-27 01:00,2,0,2,0,0,0
2021-12-27 01:15,3,0,3,0,0,0
2021-12-27 01:30,3,1,2,0,0,0
2021-12-27 01:45,1,0,1,0,0,0
2021-12-27 02:00,2,0,2,0,0,0
2021-12-27 02:15,1,1,0,0,0,0
2021-12-27 02:30,1,1,0,0,0,0
2021-12-27 02:45,0,0,0,0,0,0
2021-12-27 03:00,1,1,0,0,0,0
2021-12-27 03:15,0,0,0,0,0,0
2021-12-27 03:30,0,0,0,0,0,0
2021-12-27 03:45,2,0,2,0,0,0
2021-12-27 04:00,3,0,3,0,0,0
2021-12-27 04:15,0,0,0,0,0,0
2021-12-27 04:30,2,2,0,0,0,0
2021-12-27 04:45,1,1,0,0,0,0
2021-12-27 05:00,0,0,0,0,0,0
2021-12-27 05:15,4,2,2,0,0,0
2021-12-27 05:30,4,3,1,0,0,0
2021-12-27 05:45,16,13,3,0,0,0
2021-12-27 06:00,10,6,4,0,0,0
2021-12-27 06:15,10,10,0,0,0,0
2021-12-27 06:30,17,9,8,0,0,0
2021-12-27 06:45,20,13,7,0,0,0
2021-12-27 07:00,38,17,21,0,0,0
2021-12-27 07:15,35,21,14,0,0,0
2021-12-27 07:30,40,19,21,0,0,0
2021-12-27 07:45,40,26,14,0,0,0
2021-12-27 08:00,27,17,10,0,0,0
2021-12-27 08:15,29,21,8,0,0,0
2021-12-27 08:30,41,25,16,0,0,0
2021-12-27 08:45,44,30,14,0,0,0
2021-12-27 09:00,31,23,8,0,0,0
2021-12-27 09:15,37,25,12,0,0,0
2021-12-27 09:30,48,34,14,0,0,0
2021-12-27 09:45,49,36,13,0,0,0
2021-12-27 10:00,46,28,18,0,0,0
2021-12-27 10:15,58,36,22,0,0,0
2021-12-27 10:30,60,33,27,0,0,0
2021-12-27 10:45,61,44,17,0,0,0
2021-12-27 11:00,85,44,41,0,0,0
2021-12-27 11:15,63,32,31,0,0,0
2021-12-27 11:30,70,25,45,0,0,0
2021-12-27 11:45,71,36,35,0,0,0
2021-12-27 12:00,67,42,25,0,0,0
2021-12-27 12:15,84,34,50,0,0,0
2021-12-27 12:30,83,30,53,0,0,0
2021-12-27 12:45,81,32,49,0,0,0
2021-12-27 13:00,121,59,62,0,0,0
2021-12-27 13:15,88,36,52,0,0,0
2021-12-27 13:30,69,35,34,0,0,0
2021-12-27 13:45,99,55,44,0,0,0
2021-12-27 14:00,107,46,61,0,0,0
2021-12-27 14:15,114,45,69,0,0,0
2021-12-27 14:30,117,42,75,0,0,0
2021-12-27 14:45,121,61,60,0,0,0
2021-12-27 15:00,102,43,59,0,0,0
2021-12-27 15:15,105,45,60,0,0,0
2021-12-27 15:30,101,47,54,0,0,0
2021-12-27 15:45,92,46,46,0,0,0
2021-12-27 16:00,106,46,60,0,0,0
2021-12-27 16:15,132,44,88,0,0,0
2021-12-27 16:30,127,47,80,0,0,0
2021-12-27 16:45,103,40,63,0,0,0
2021-12-27 17:00,103,41,62,0,0,0
2021-12-27 17:15,95,33,62,0,0,0
2021-12-27 17:30,99,32,67,0,0,0
2021-12-27 17:45,107,45,62,0,0,0
2021-12-27 18:00,95,34,61,0,0,0
2021-12-27 18:15,87,30,57,0,0,0
2021-12-27 18:30,59,12,47,0,0,0
2021-12-27 18:45,63,15,48,0,0,0
2021-12-27 19:00,70,28,42,0,0,0
2021-12-27 19:15,61,20,41,0,0,0
2021-12-27 19:30,70,10,60,0,0,0
2021-12-27 19:45,49,14,35,0,0,0
2021-12-27 20:00,50,15,35,0,0,0
2021-12-27 20:15,32,10,22,0,0,0
2021-12-27 20:30,15,6,9,0,0,0
2021-12-27 20:45,24,9,15,0,0,0
2021-12-27 21:00,16,4,12,0,0,0
2021-12-27 21:15,23,7,16,0,0,0
2021-12-27 21:30,16,3,13,0,0,0
2021-12-27 21:45,23,12,11,0,0,0
2021-12-27 22:00,10,4,6,0,0,0
2021-12-27 22:15,10,2,8,0,0,0
2021-12-27 22:30,10,1,9,0,0,0
2021-12-27 22:45,9,3,6,0,0,0
2021-12-27 23:00,15,3,12,0,0,0
2021-12-27 23:15,17,3,14,0,0,0
2021-12-27 23:30,8,3,5,0,0,0
2021-12-27 23:45,11,5,6,0,0,0
2021-12-28 00:00,2,1,1,0,0,0
2021-12-28 00:15,3,1,2,0,0,0
2021-12-28 00:30,5,0,5,0,0,0
2021-12-28 00:45,7,3,4,0,0,0
2021-12-28 01:00,4,3,1,0,0,0
2021-12-28 01:15,5,3,2,0,0,0
2021-12-28 01:30,8,2,6,0,0,0
2021-12-28 01:45,6,1,5,0,0,0
2021-12-28 02:00,7,2,5,0,0,0
2021-12-28 02:15,3,1,2,0,0,0
2021-12-28 02:30,2,0,2,0,0,0
2021-12-28 02:45,4,0,4,0,0,0
2021-12-28 03:00,3,0,3,0,0,0
2021-12-28 03:15,0,0,0,0,0,0
2021-12-28 03:30,3,1,2,0,0,0
2021-12-28 03:45,4,0,4,0,0,0
2021-12-28 04:00,1,0,1,0,0,0
2021-12-28 04:15,4,1,3,0,0,0
2021-12-28 04:30,1,1,0,0,0,0
2021-12-28 04:45,4,3,1,0,0,0
2021-12-28 05:00,1,0,1,0,0,0
2021-12-28 05:15,4,1,3,0,0,0
2021-12-28 05:30,8,5,3,0,0,0
2021-12-28 05:45,13,8,5,0,0,0
2021-12-28 06:00,11,8,3,0,0,0
2021-12-28 06:15,13,8,5,0,0,0
2021-12-28 06:30,27,15,12,0,0,0
2021-12-28 06:45,18,10,8,0,0,0
2021-12-28 07:00,31,21,10,0,0,0
2021-12-28 07:15,35,20,15,0,0,0
2021-12-28 07:30,42,28,14,0,0,0
2021-12-28 07:45,35,22,13,0,0,0
2021-12-28 08:00,34,24,10,0,0,0
2021-12-28 08:15,38,23,15,0,0,0
2021-12-28 08:30,37,19,18,0,0,0
2021-12-28 08:45,45,32,13,0,0,0
2021-12-28 09:00,31,24,7,0,0,0
2021-12-28 09:15,35,24,11,0,0,0
2021-12-28 09:30,45,26,19,0,0,0
2021-12-28 09:45,86,59,27,0,0,0
2021-12-28 10:00,70,43,27,0,0,0
2021-12-28 10:15,74,53,21,0,0,0
2021-12-28 10:30,85,56,29,0,0,0
2021-12-28 10:45,111,60,51,0,0,0
2021-12-28 11:00,70,51,19,0,0,0
2021-12-28 11:15,96,43,53,0,0,0
2021-12-28 11:30,85,44,41,0,0,0
2021-12-28 11:45,109,65,44,0,0,0
2021-12-28 12:00,88,36,52,0,0,0
2021-12-28 12:15,100,40,60,0,0,0
2021-12-28 12:30,73,20,53,0,0,0
2021-12-28 12:45,85,35,50,0,0,0
2021-12-28 13:00,54,20,34,0,0,0
2021-12-28 13:15,89,29,60,0,0,0
2021-12-28 13:30,67,28,39,0,0,0
2021-12-28 13:45,76,34,42,0,0,0
2021-12-28 14:00,59,31,28,0,0,0
2021-12-28 14:15,79,24,55,0,0,0
2021-12-28 14:30,55,23,32,0,0,0
2021-12-28 14:45,79,29,50,0,0,0
2021-12-28 15:00,66,36,30,0,0,0
2021-12-28 15:15,74,34,40,0,0,0
2021-12-28 15:30,79,20,59,0,0,0
2021-12-28 15:45,82,32,50,0,0,0
2021-12-28 16:00,83,26,57,0,0,0
2021-12-28 16:15,82,29,53,0,0,0
2021-12-28 16:30,84,39,45,0,0,0
2021-12-28 16:45,90,41,49,0,0,0
2021-12-28 17:00,72,23,49,0,0,0
2021-12-28 17:15,69,29,40,0,0,0
2021-12-28 17:30,76,29,47,0,0,0
2021-12-28 17:45,72,24,48,0,0,0
2021-12-28 18:00,71,25,46,0,0,0
2021-12-28 18:15,77,35,42,0,0,0
2021-12-28 18:30,76,30,46,0,0,0
2021-12-28 18:45,64,33,31,0,0,0
2021-12-28 19:00,80,33,47,0,0,0
2021-12-28 19:15,56,14,42,0,0,0
2021-12-28 19:30,37,12,25,0,0,0
2021-12-28 19:45,42,10,32,0,0,0
2021-12-28 20:00,40,14,26,0,0,0
2021-12-28 20:15,32,10,22,0,0,0
2021-12-28 20:30,20,4,16,0,0,0
2021-12-28 20:45,31,12,19,0,0,0
2021-12-28 21:00,16,4,12,0,0,0
2021-12-28 21:15,25,2,23,0,0,0
2021-12-28 21:30,26,3,23,0,0,0
2021-12-28 21:45,17,3,14,0,0,0
2021-12-28 22:00,34,7,27,0,0,0
2021-12-28 22:15,23,10,13,0,0,0
2021-12-28 22:30,9,4,5,0,0,0
2021-12-28 22:45,12,3,9,0,0,0
2021-12-28 23:00,22,6,16,0,0,0
2021-12-28 23:15,14,7,7,0,0,0
2021-12-28 23:30,15,10,5,0,0,0
2021-12-28 23:45,17,5,12,0,0,0
2021-12-29 00:00,16,3,13,0,0,0
2021-12-29 00:15,6,4,2,0,0,0
2021-12-29 00:30,6,0,6,0,0,0
2021-12-29 00:45,7,4,3,0,0,0
2021-12-29 01:00,8,5,3,0,0,0
2021-12-29 01:15,2,1,1,0,0,0
2021-12-29 01:30,3,1,2,0,0,0
2021-12-29 01:45,3,2,1,0,0,0
2021-12-29 02:00,7,1,6,0,0,0
2021-12-29 02:15,2,1,1,0,0,0
2021-12-29 02:30,2,0,2,0,0,0
2021-12-29 02:45,1,0,1,0,0,0
2021-12-29 03:00,1,1,0,0,0,0
2021-12-29 03:15,2,0,2,0,0,0
2021-12-29 03:30,2,1,1,0,0,0
2021-12-29 03:45,2,1,1,0,0,0
2021-12-29 04:00,3,0,3,0,0,0
2021-12-29 04:15,2,1,1,0,0,0
2021-12-29 04:30,4,4,0,0,0,0
2021-12-29 04:45,1,1,0,0,0,0
2021-12-29 05:00,1,1,0,0,0,0
2021-12-29 05:15,3,2,1,0,0,0
2021-12-29 05:30,11,7,4,0,0,0
2021-12-29 05:45,19,16,3,0,0,0
2021-12-29 06:00,14,8,6,0,0,0
2021-12-29 06:15,8,4,4,0,0,0
2021-12-29 06:30,24,14,10,0,0,0
2021-12-29 06:45,20,14,6,0,0,0
2021-12-29 07:00,36,25,11,0,0,0
2021-12-29 07:15,33,21,12,0,0,0
2021-12-29 07:30,32,19,13,0,0,0
2021-12-29 07:45,53,37,16,0,0,0
2021-12-29 08:00,41,30,11,0,0,0
2021-12-29 08:15,56,34,22,0,0,0
2021-12-29 08:30,40,19,21,0,0,0
2021-12-29 08:45,65,38,27,0,0,0
2021-12-29 09:00,39,27,12,0,0,0
2021-12-29 09:15,52,40,12,0,0,0
2021-12-29 09:30,44,32,12,0,0,0
2021-12-29 09:45,87,49,38,0,0,0
2021-12-29 10:00,68,42,26,0,0,0
2021-12-29 10:15,85,53,32,0,0,0
2021-12-29 10:30,79,57,22,0,0,0
2021-12-29 10:45,84,48,36,0,0,0
2021-12-29 11:00,76,48,28,0,0,0
2021-12-29 11:15,81,41,40,0,0,0
2021-12-29 11:30,79,41,38,0,0,0
2021-12-29 11:45,93,43,50,0,0,0
2021-12-29 12:00,95,47,48,0,0,0
2021-12-29 12:15,87,44,43,0,0,0
2021-12-29 12:30,80,37,43,0,0,0
2021-12-29 12:45,101,48,53,0,0,0
2021-12-29 13:00,112,46,66,0,0,0
2021-12-29 13:15,95,42,53,0,0,0
2021-12-29 13:30,83,37,46,0,0,0
2021-12-29 13:45,125,64,61,0,0,0
2021-12-29 14:00,97,45,52,0,0,0
2021-12-29 14:15,95,37,58,0,0,0
2021-12-29 14:30,98,37,61,0,0,0
2021-12-29 14:45,137,65,72,0,0,0
2021-12-29 15:00,97,40,57,0,0,0
2021-12-29 15:15,100,43,57,0,0,0
2021-12-29 15:30,89,32,57,0,0,0
2021-12-29 15:45,112,47,65,0,0,0
2021-12-29 16:00,128,51,77,0,0,0
2021-12-29 16:15,94,33,61,0,0,0
2021-12-29 16:30,84,30,54,0,0,0
2021-12-29 16:45,84,35,49,0,0,0
2021-12-29 17:00,70,25,45,0,0,0
2021-12-29 17:15,81,20,61,0,0,0
2021-12-29 17:30,83,26,57,0,0,0
2021-12-29 17:45,59,19,40,0,0,0
2021-12-29 18:00,77,13,64,0,0,0
2021-12-29 18:15,76,29,47,0,0,0
2021-12-29 18:30,66,23,43,0,0,0
2021-12-29 18:45,64,33,31,0,0,0
2021-12-29 19:00,47,14,33,0,0,0
2021-12-29 19:15,43,15,28,0,0,0
2021-12-29 19:30,34,15,19,0,0,0
2021-12-29 19:45,25,6,19,0,0,0
2021-12-29 20:00,32,14,18,0,0,0
2021-12-29 20:15,32,10,22,0,0,0
2021-12-29 20:30,26,13,13,0,0,0
2021-12-29 20:45,19,9,10,0,0,0
2021-12-29 21:00,20,8,12,0,0,0
2021-12-29 21:15,14,10,4,0,0,0
2021-12-29 21:30,14,11,3,0,0,0
2021-12-29 21:45,21,7,14,0,0,0
2021-12-29 22:00,22,5,17,0,0,0
2021-12-29 22:15,20,5,15,0,0,0
2021-12-29 22:30,22,4,18,0,0,0
2021-12-29 22:45,12,5,7,0,0,0
2021-12-29 23:00,20,9,11,0,0,0
2021-12-29 23:15,21,6,15,0,0,0
2021-12-29 23:30,20,6,14,0,0,0
2021-12-29 23:45,20,9,11,0,0,0
2021-12-30 00:00,5,5,,0,0,
2021-12-30 00:15,1,1,,0,0,
2021-12-30 00:30,3,3,,0,0,
2021-12-30 00:45,3,3,,0,0,
2021-12-30 01:00,1,1,,0,0,
2021-12-30 01:15,4,4,,0,0,
2021-12-30 01:30,1,1,,0,0,
2021-12-30 01:45,5,5,,0,0,
2021-12-30 02:00,5,5,,0,0,
2021-12-30 02:15,1,1,,0,0,
2021-12-30 02:30,1,1,,0,0,
2021-12-30 02:45,0,0,,0,0,
2021-12-30 03:00,0,0,,0,0,
2021-12-30 03:15,0,0,,0,0,
2021-12-30 03:30,0,0,,0,0,
2021-12-30 03:45,1,1,,0,0,
2021-12-30 04:00,0,0,,0,0,
2021-12-30 04:15,1,1,,0,0,
2021-12-30 04:30,2,2,,0,0,
2021-12-30 04:45,0,0,,0,0,
2021-12-30 05:00,1,1,,0,0,
2021-12-30 05:15,4,4,,0,0,
2021-12-30 05:30,12,12,,0,0,
2021-12-30 05:45,12,12,,0,0,
2021-12-30 06:00,7,7,,0,0,
2021-12-30 06:15,10,10,,0,0,
2021-12-30 06:30,5,5,,0,0,
2021-12-30 06:45,13,13,,0,0,
2021-12-30 07:00,15,15,,0,0,
2021-12-30 07:15,18,18,,0,0,
2021-12-30 07:30,22,22,,0,0,
2021-12-30 07:45,19,19,,0,0,
2021-12-30 08:00,22,22,,0,0,
2021-12-30 08:15,21,21,,0,0,
2021-12-30 08:30,18,18,,0,0,
2021-12-30 08:45,24,24,,0,0,
2021-12-30 09:00,31,31,,0,0,
2021-12-30 09:15,24,24,,0,0,
2021-12-30 09:30,33,33,,0,0,
2021-12-30 09:45,29,29,,0,0,
2021-12-30 10:00,29,29,,0,0,
2021-12-30 10:15,31,31,,0,0,
2021-12-30 10:30,27,27,,0,0,
2021-12-30 10:45,47,47,,0,0,
2021-12-30 11:00,35,35,,0,0,
2021-12-30 11:15,46,46,,0,0,
2021-12-30 11:30,33,33,,0,0,
2021-12-30 11:45,52,52,,0,0,
2021-12-30 12:00,26,26,,0,0,
2021-12-30 12:15,53,53,,0,0,
2021-12-30 12:30,38,38,,0,0,
2021-12-30 12:45,63,63,,0,0,
2021-12-30 13:00,55,55,,0,0,
2021-12-30 13:15,47,47,,0,0,
2021-12-30 13:30,40,40,,0,0,
2021-12-30 13:45,52,52,,0,0,
2021-12-30 14:00,44,44,,0,0,
2021-12-30 14:15,49,49,,0,0,
2021-12-30 14:30,41,41,,0,0,
2021-12-30 14:45,57,57,,0,0,
2021-12-30 15:00,54,54,,0,0,
2021-12-30 15:15,66,66,,0,0,
2021-12-30 15:30,41,41,,0,0,
2021-12-30 15:45,47,47,,0,0,
2021-12-30 16:00,45,45,,0,0,
2021-12-30 16:15,44,44,,0,0,
2021-12-30 16:30,43,43,,0,0,
2021-12-30 16:45,34,34,,0,0,
2021-12-30 17:00,42,42,,0,0,
2021-12-30 17:15,49,49,,0,0,
2021-12-30 17:30,30,30,,0,0,
2021-12-30 17:45,48,48,,0,0,
2021-12-30 18:00,28,28,,0,0,
2021-12-30 18:15,27,27,,0,0,
2021-12-30 18:30,30,30,,0,0,
2021-12-30 18:45,37,37,,0,0,
2021-12-30 19:00,18,18,,0,0,
2021-12-30 19:15,22,22,,0,0,
2021-12-30 19:30,19,19,,0,0,
2021-12-30 19:45,24,24,,0,0,
2021-12-30 20:00,25,25,,0,0,
2021-12-30 20:15,18,18,,0,0,
2021-12-30 20:30,9,9,,0,0,
2021-12-30 20:45,6,6,,0,0,
2021-12-30 21:00,10,10,,0,0,
2021-12-30 21:15,8,8,,0,0,
2021-12-30 21:30,5,5,,0,0,
2021-12-30 21:45,11,11,,0,0,
2021-12-30 22:00,13,13,,0,0,
2021-12-30 22:15,6,6,,0,0,
2021-12-30 22:30,2,2,,0,0,
2021-12-30 22:45,4,4,,0,0,
2021-12-30 23:00,3,3,,0,0,
2021-12-30 23:15,1,1,,0,0,
2021-12-30 23:30,4,4,,0,0,
2021-12-30 23:45,2,2,,0,0,
