Datetime,100034980 (Hammer Straße),101034980 (Hammer Straße stadteinwärts),102034980 (Hammer Straße stadtauswärts),100034980-status,101034980-status,102034980-status
2022-02-01 00:00,3,1,2,0,0,0
2022-02-01 00:15,2,0,2,0,0,0
2022-02-01 00:30,6,2,4,0,0,0
2022-02-01 00:45,0,0,0,0,0,0
2022-02-01 01:00,6,1,5,0,0,0
2022-02-01 01:15,4,0,4,0,0,0
2022-02-01 01:30,0,0,0,0,0,0
2022-02-01 01:45,1,1,0,0,0,0
2022-02-01 02:00,1,0,1,0,0,0
2022-02-01 02:15,3,1,2,0,0,0
2022-02-01 02:30,1,0,1,0,0,0
2022-02-01 02:45,1,0,1,0,0,0
2022-02-01 03:00,1,1,0,0,0,0
2022-02-01 03:15,0,0,0,0,0,0
2022-02-01 03:30,3,0,3,0,0,0
2022-02-01 03:45,0,0,0,0,0,0
2022-02-01 04:00,0,0,0,0,0,0
2022-02-01 04:15,1,0,1,0,0,0
2022-02-01 04:30,2,2,0,0,0,0
2022-02-01 04:45,2,2,0,0,0,0
2022-02-01 05:00,3,2,1,0,0,0
2022-02-01 05:15,7,2,5,0,0,0
2022-02-01 05:30,16,11,5,0,0,0
2022-02-01 05:45,17,13,4,0,0,0
2022-02-01 06:00,18,9,9,0,0,0
2022-02-01 06:15,24,20,4,0,0,0
2022-02-01 06:30,41,26,15,0,0,0
2022-02-01 06:45,46,30,16,0,0,0
2022-02-01 07:00,67,40,27,0,0,0
2022-02-01 07:15,83,51,32,0,0,0
2022-02-01 07:30,145,81,64,0,0,0
2022-02-01 07:45,143,92,51,0,0,0
2022-02-01 08:00,121,72,49,0,0,0
2022-02-01 08:15,115,89,26,0,0,0
2022-02-01 08:30,126,80,46,0,0,0
2022-02-01 08:45,121,74,47,0,0,0
2022-02-01 09:00,81,54,27,0,0,0
2022-02-01 09:15,64,41,23,0,0,0
2022-02-01 09:30,82,44,38,0,0,0
2022-02-01 09:45,91,63,28,0,0,0
2022-02-01 10:00,69,42,27,0,0,0
2022-02-01 10:15,60,26,34,0,0,0
2022-02-01 10:30,61,25,36,0,0,0
2022-02-01 10:45,63,35,28,0,0,0
2022-02-01 11:00,53,24,29,0,0,0
2022-02-01 11:15,79,43,36,0,0,0
2022-02-01 11:30,73,36,37,0,0,0
2022-02-01 11:45,78,35,43,0,0,0
2022-02-01 12:00,88,32,56,0,0,0
2022-02-01 12:15,79,29,50,0,0,0
2022-02-01 12:30,73,37,36,0,0,0
2022-02-01 12:45,83,32,51,0,0,0
2022-02-01 13:00,77,23,54,0,0,0
2022-02-01 13:15,85,31,54,0,0,0
2022-02-01 13:30,69,26,43,0,0,0
2022-02-01 13:45,91,39,52,0,0,0
2022-02-01 14:00,84,36,48,0,0,0
2022-02-01 14:15,81,35,46,0,0,0
2022-02-01 14:30,76,26,50,0,0,0
2022-02-01 14:45,108,45,63,0,0,0
2022-02-01 15:00,112,45,67,0,0,0
2022-02-01 15:15,89,30,59,0,0,0
2022-02-01 15:30,109,48,61,0,0,0
2022-02-01 15:45,117,49,68,0,0,0
2022-02-01 16:00,116,47,69,0,0,0
2022-02-01 16:15,119,48,71,0,0,0
2022-02-01 16:30,121,41,80,0,0,0
2022-02-01 16:45,109,43,66,0,0,0
2022-02-01 17:00,121,48,73,0,0,0
2022-02-01 17:15,146,42,104,0,0,0
2022-02-01 17:30,119,37,82,0,0,0
2022-02-01 17:45,116,45,71,0,0,0
2022-02-01 18:00,132,43,89,0,0,0
2022-02-01 18:15,143,61,82,0,0,0
2022-02-01 18:30,100,37,63,0,0,0
2022-02-01 18:45,86,34,52,0,0,0
2022-02-01 19:00,88,28,60,0,0,0
2022-02-01 19:15,94,40,54,0,0,0
2022-02-01 19:30,63,28,35,0,0,0
2022-02-01 19:45,77,35,42,0,0,0
2022-02-01 20:00,46,15,31,0,0,0
2022-02-01 20:15,55,25,30,0,0,0
2022-02-01 20:30,32,15,17,0,0,0
2022-02-01 20:45,27,10,17,0,0,0
2022-02-01 21:00,34,8,26,0,0,0
2022-02-01 21:15,41,6,35,0,0,0
2022-02-01 21:30,25,5,20,0,0,0
2022-02-01 21:45,43,15,28,0,0,0
2022-02-01 22:00,39,15,24,0,0,0
2022-02-01 22:15,26,5,21,0,0,0
2022-02-01 22:30,28,8,20,0,0,0
2022-02-01 22:45,25,9,16,0,0,0
2022-02-01 23:00,22,8,14,0,0,0
2022-02-01 23:15,22,8,14,0,0,0
2022-02-01 23:30,15,5,10,0,0,0
2022-02-01 23:45,10,3,7,0,0,0
2022-02-02 00:00,10,4,6,0,0,0
2022-02-02 00:15,9,7,2,0,0,0
2022-02-02 00:30,6,1,5,0,0,0
2022-02-02 00:45,1,0,1,0,0,0
2022-02-02 01:00,0,0,0,0,0,0
2022-02-02 01:15,2,1,1,0,0,0
2022-02-02 01:30,1,0,1,0,0,0
2022-02-02 01:45,3,0,3,0,0,0
2022-02-02 02:00,3,1,2,0,0,0
2022-02-02 02:15,3,2,1,0,0,0
2022-02-02 02:30,0,0,0,0,0,0
2022-02-02 02:45,6,1,5,0,0,0
2022-02-02 03:00,0,0,0,0,0,0
2022-02-02 03:15,0,0,0,0,0,0
2022-02-02 03:30,0,0,0,0,0,0
2022-02-02 03:45,0,0,0,0,0,0
2022-02-02 04:00,1,1,0,0,0,0
2022-02-02 04:15,6,1,5,0,0,0
2022-02-02 04:30,5,4,1,0,0,0
2022-02-02 04:45,2,2,0,0,0,0
2022-02-02 05:00,4,1,3,0,0,0
2022-02-02 05:15,10,7,3,0,0,0
2022-02-02 05:30,10,8,2,0,0,0
2022-02-02 05:45,26,22,4,0,0,0
2022-02-02 06:00,24,18,6,0,0,0
2022-02-02 06:15,30,26,4,0,0,0
2022-02-02 06:30,53,38,15,0,0,0
2022-02-02 06:45,55,35,20,0,0,0
2022-02-02 07:00,77,48,29,0,0,0
2022-02-02 07:15,111,71,40,0,0,0
2022-02-02 07:30,133,80,53,0,0,0
2022-02-02 07:45,160,106,54,0,0,0
2022-02-02 08:00,135,87,48,0,0,0
2022-02-02 08:15,169,109,60,0,0,0
2022-02-02 08:30,109,74,35,0,0,0
2022-02-02 08:45,137,95,42,0,0,0
2022-02-02 09:00,97,72,25,0,0,0
2022-02-02 09:15,95,61,34,0,0,0
2022-02-02 09:30,80,49,31,0,0,0
2022-02-02 09:45,121,79,42,0,0,0
2022-02-02 10:00,110,73,37,0,0,0
2022-02-02 10:15,114,61,53,0,0,0
2022-02-02 10:30,86,57,29,0,0,0
2022-02-02 10:45,102,50,52,0,0,0
2022-02-02 11:00,117,58,59,0,0,0
2022-02-02 11:15,126,61,65,0,0,0
2022-02-02 11:30,131,69,62,0,0,0
2022-02-02 11:45,126,63,63,0,0,0
2022-02-02 12:00,153,74,79,0,0,0
2022-02-02 12:15,138,64,74,0,0,0
2022-02-02 12:30,153,49,104,0,0,0
2022-02-02 12:45,117,49,68,0,0,0
2022-02-02 13:00,141,52,89,0,0,0
2022-02-02 13:15,125,46,79,0,0,0
2022-02-02 13:30,138,65,73,0,0,0
2022-02-02 13:45,171,77,94,0,0,0
2022-02-02 14:00,138,57,81,0,0,0
2022-02-02 14:15,137,51,86,0,0,0
2022-02-02 14:30,113,43,70,0,0,0
2022-02-02 14:45,149,67,82,0,0,0
2022-02-02 15:00,144,45,99,0,0,0
2022-02-02 15:15,155,59,96,0,0,0
2022-02-02 15:30,134,51,83,0,0,0
2022-02-02 15:45,141,54,87,0,0,0
2022-02-02 16:00,180,82,98,0,0,0
2022-02-02 16:15,171,72,99,0,0,0
2022-02-02 16:30,145,66,79,0,0,0
2022-02-02 16:45,163,66,97,0,0,0
2022-02-02 17:00,166,55,111,0,0,0
2022-02-02 17:15,160,55,105,0,0,0
2022-02-02 17:30,183,69,114,0,0,0
2022-02-02 17:45,162,65,97,0,0,0
2022-02-02 18:00,146,56,90,0,0,0
2022-02-02 18:15,148,48,100,0,0,0
2022-02-02 18:30,107,35,72,0,0,0
2022-02-02 18:45,118,44,74,0,0,0
2022-02-02 19:00,142,52,90,0,0,0
2022-02-02 19:15,116,43,73,0,0,0
2022-02-02 19:30,89,39,50,0,0,0
2022-02-02 19:45,81,38,43,0,0,0
2022-02-02 20:00,79,26,53,0,0,0
2022-02-02 20:15,48,13,35,0,0,0
2022-02-02 20:30,35,16,19,0,0,0
2022-02-02 20:45,40,18,22,0,0,0
2022-02-02 21:00,41,19,22,0,0,0
2022-02-02 21:15,36,10,26,0,0,0
2022-02-02 21:30,40,11,29,0,0,0
2022-02-02 21:45,33,6,27,0,0,0
2022-02-02 22:00,55,20,35,0,0,0
2022-02-02 22:15,38,11,27,0,0,0
2022-02-02 22:30,35,18,17,0,0,0
2022-02-02 22:45,39,6,33,0,0,0
2022-02-02 23:00,30,5,25,0,0,0
2022-02-02 23:15,21,3,18,0,0,0
2022-02-02 23:30,16,2,14,0,0,0
2022-02-02 23:45,11,3,8,0,0,0
2022-02-03 00:00,8,2,6,0,0,0
2022-02-03 00:15,13,1,12,0,0,0
2022-02-03 00:30,9,0,9,0,0,0
2022-02-03 00:45,9,2,7,0,0,0
2022-02-03 01:00,2,1,1,0,0,0
2022-02-03 01:15,4,2,2,0,0,0
2022-02-03 01:30,3,1,2,0,0,0
2022-02-03 01:45,2,2,0,0,0,0
2022-02-03 02:00,5,0,5,0,0,0
2022-02-03 02:15,0,0,0,0,0,0
2022-02-03 02:30,3,2,1,0,0,0
2022-02-03 02:45,1,0,1,0,0,0
2022-02-03 03:00,0,0,0,0,0,0
2022-02-03 03:15,2,1,1,0,0,0
2022-02-03 03:30,1,0,1,0,0,0
2022-02-03 03:45,3,0,3,0,0,0
2022-02-03 04:00,4,0,4,0,0,0
2022-02-03 04:15,2,1,1,0,0,0
2022-02-03 04:30,3,3,0,0,0,0
2022-02-03 04:45,1,1,0,0,0,0
2022-02-03 05:00,1,1,0,0,0,0
2022-02-03 05:15,5,4,1,0,0,0
2022-02-03 05:30,17,12,5,0,0,0
2022-02-03 05:45,28,20,8,0,0,0
2022-02-03 06:00,15,9,6,0,0,0
2022-02-03 06:15,32,27,5,0,0,0
2022-02-03 06:30,40,27,13,0,0,0
2022-02-03 06:45,53,38,15,0,0,0
2022-02-03 07:00,65,41,24,0,0,0
2022-02-03 07:15,93,55,38,0,0,0
2022-02-03 07:30,128,76,52,0,0,0
2022-02-03 07:45,157,108,49,0,0,0
2022-02-03 08:00,129,79,50,0,0,0
2022-02-03 08:15,116,69,47,0,0,0
2022-02-03 08:30,104,69,35,0,0,0
2022-02-03 08:45,105,73,32,0,0,0
2022-02-03 09:00,66,46,20,0,0,0
2022-02-03 09:15,93,54,39,0,0,0
2022-02-03 09:30,65,40,25,0,0,0
2022-02-03 09:45,115,61,54,0,0,0
2022-02-03 10:00,68,43,25,0,0,0
2022-02-03 10:15,61,38,23,0,0,0
2022-02-03 10:30,70,42,28,0,0,0
2022-02-03 10:45,98,59,39,0,0,0
2022-02-03 11:00,81,39,42,0,0,0
2022-02-03 11:15,65,32,33,0,0,0
2022-02-03 11:30,80,30,50,0,0,0
2022-02-03 11:45,81,46,35,0,0,0
2022-02-03 12:00,88,40,48,0,0,0
2022-02-03 12:15,85,43,42,0,0,0
2022-02-03 12:30,111,41,70,0,0,0
2022-02-03 12:45,90,34,56,0,0,0
2022-02-03 13:00,108,41,67,0,0,0
2022-02-03 13:15,97,37,60,0,0,0
2022-02-03 13:30,105,45,60,0,0,0
2022-02-03 13:45,129,66,63,0,0,0
2022-02-03 14:00,109,41,68,0,0,0
2022-02-03 14:15,110,44,66,0,0,0
2022-02-03 14:30,127,58,69,0,0,0
2022-02-03 14:45,157,77,80,0,0,0
2022-02-03 15:00,131,50,81,0,0,0
2022-02-03 15:15,127,48,79,0,0,0
2022-02-03 15:30,125,48,77,0,0,0
2022-02-03 15:45,137,61,76,0,0,0
2022-02-03 16:00,164,63,101,0,0,0
2022-02-03 16:15,158,63,95,0,0,0
2022-02-03 16:30,179,71,108,0,0,0
2022-02-03 16:45,133,40,93,0,0,0
2022-02-03 17:00,147,47,100,0,0,0
2022-02-03 17:15,121,43,78,0,0,0
2022-02-03 17:30,133,48,85,0,0,0
2022-02-03 17:45,146,58,88,0,0,0
2022-02-03 18:00,129,42,87,0,0,0
2022-02-03 18:15,140,43,97,0,0,0
2022-02-03 18:30,102,35,67,0,0,0
2022-02-03 18:45,99,43,56,0,0,0
2022-02-03 19:00,94,30,64,0,0,0
2022-02-03 19:15,96,43,53,0,0,0
2022-02-03 19:30,66,26,40,0,0,0
2022-02-03 19:45,79,20,59,0,0,0
2022-02-03 20:00,66,16,50,0,0,0
2022-02-03 20:15,46,11,35,0,0,0
2022-02-03 20:30,41,15,26,0,0,0
2022-02-03 20:45,41,15,26,0,0,0
2022-02-03 21:00,40,22,18,0,0,0
2022-02-03 21:15,32,9,23,0,0,0
2022-02-03 21:30,48,12,36,0,0,0
2022-02-03 21:45,31,9,22,0,0,0
2022-02-03 22:00,25,7,18,0,0,0
2022-02-03 22:15,51,22,29,0,0,0
2022-02-03 22:30,18,4,14,0,0,0
2022-02-03 22:45,41,20,21,0,0,0
2022-02-03 23:00,25,4,21,0,0,0
2022-02-03 23:15,19,7,12,0,0,0
2022-02-03 23:30,17,7,10,0,0,0
2022-02-03 23:45,20,5,15,0,0,0
2022-02-04 00:00,8,0,8,0,0,0
2022-02-04 00:15,16,2,14,0,0,0
2022-02-04 00:30,8,2,6,0,0,0
2022-02-04 00:45,5,3,2,0,0,0
2022-02-04 01:00,6,3,3,0,0,0
2022-02-04 01:15,7,4,3,0,0,0
2022-02-04 01:30,4,0,4,0,0,0
2022-02-04 01:45,6,3,3,0,0,0
2022-02-04 02:00,2,1,1,0,0,0
2022-02-04 02:15,2,0,2,0,0,0
2022-02-04 02:30,2,0,2,0,0,0
2022-02-04 02:45,1,0,1,0,0,0
2022-02-04 03:00,0,0,0,0,0,0
2022-02-04 03:15,5,1,4,0,0,0
2022-02-04 03:30,1,0,1,0,0,0
2022-02-04 03:45,1,0,1,0,0,0
2022-02-04 04:00,1,0,1,0,0,0
2022-02-04 04:15,1,1,0,0,0,0
2022-02-04 04:30,2,1,1,0,0,0
2022-02-04 04:45,2,2,0,0,0,0
2022-02-04 05:00,2,1,1,0,0,0
2022-02-04 05:15,2,1,1,0,0,0
2022-02-04 05:30,19,17,2,0,0,0
2022-02-04 05:45,22,16,6,0,0,0
2022-02-04 06:00,23,11,12,0,0,0
2022-02-04 06:15,24,20,4,0,0,0
2022-02-04 06:30,33,20,13,0,0,0
2022-02-04 06:45,45,29,16,0,0,0
2022-02-04 07:00,70,43,27,0,0,0
2022-02-04 07:15,84,55,29,0,0,0
2022-02-04 07:30,133,82,51,0,0,0
2022-02-04 07:45,134,93,41,0,0,0
2022-02-04 08:00,115,66,49,0,0,0
2022-02-04 08:15,101,67,34,0,0,0
2022-02-04 08:30,105,73,32,0,0,0
2022-02-04 08:45,131,88,43,0,0,0
2022-02-04 09:00,70,51,19,0,0,0
2022-02-04 09:15,82,56,26,0,0,0
2022-02-04 09:30,82,57,25,0,0,0
2022-02-04 09:45,102,68,34,0,0,0
2022-02-04 10:00,83,48,35,0,0,0
2022-02-04 10:15,69,45,24,0,0,0
2022-02-04 10:30,78,40,38,0,0,0
2022-02-04 10:45,104,58,46,0,0,0
2022-02-04 11:00,96,49,47,0,0,0
2022-02-04 11:15,92,48,44,0,0,0
2022-02-04 11:30,83,38,45,0,0,0
2022-02-04 11:45,116,62,54,0,0,0
2022-02-04 12:00,107,46,61,0,0,0
2022-02-04 12:15,110,44,66,0,0,0
2022-02-04 12:30,105,32,73,0,0,0
2022-02-04 12:45,105,35,70,0,0,0
2022-02-04 13:00,137,56,81,0,0,0
2022-02-04 13:15,117,42,75,0,0,0
2022-02-04 13:30,111,40,71,0,0,0
2022-02-04 13:45,106,40,66,0,0,0
2022-02-04 14:00,138,47,91,0,0,0
2022-02-04 14:15,118,40,78,0,0,0
2022-02-04 14:30,103,42,61,0,0,0
2022-02-04 14:45,109,52,57,0,0,0
2022-02-04 15:00,112,45,67,0,0,0
2022-02-04 15:15,106,45,61,0,0,0
2022-02-04 15:30,112,41,71,0,0,0
2022-02-04 15:45,116,49,67,0,0,0
2022-02-04 16:00,114,41,73,0,0,0
2022-02-04 16:15,101,47,54,0,0,0
2022-02-04 16:30,89,38,51,0,0,0
2022-02-04 16:45,96,36,60,0,0,0
2022-02-04 17:00,80,28,52,0,0,0
2022-02-04 17:15,93,39,54,0,0,0
2022-02-04 17:30,62,17,45,0,0,0
2022-02-04 17:45,74,33,41,0,0,0
2022-02-04 18:00,87,30,57,0,0,0
2022-02-04 18:15,101,31,70,0,0,0
2022-02-04 18:30,78,31,47,0,0,0
2022-02-04 18:45,75,34,41,0,0,0
2022-02-04 19:00,70,21,49,0,0,0
2022-02-04 19:15,86,46,40,0,0,0
2022-02-04 19:30,55,27,28,0,0,0
2022-02-04 19:45,71,32,39,0,0,0
2022-02-04 20:00,60,27,33,0,0,0
2022-02-04 20:15,47,23,24,0,0,0
2022-02-04 20:30,32,15,17,0,0,0
2022-02-04 20:45,41,20,21,0,0,0
2022-02-04 21:00,16,6,10,0,0,0
2022-02-04 21:15,34,14,20,0,0,0
2022-02-04 21:30,26,8,18,0,0,0
2022-02-04 21:45,18,4,14,0,0,0
2022-02-04 22:00,25,5,20,0,0,0
2022-02-04 22:15,22,8,14,0,0,0
2022-02-04 22:30,29,7,22,0,0,0
2022-02-04 22:45,19,6,13,0,0,0
2022-02-04 23:00,28,7,21,0,0,0
2022-02-04 23:15,17,3,14,0,0,0
2022-02-04 23:30,33,13,20,0,0,0
2022-02-04 23:45,27,11,16,0,0,0
2022-02-05 00:00,16,10,6,0,0,0
2022-02-05 00:15,20,6,14,0,0,0
2022-02-05 00:30,10,4,6,0,0,0
2022-02-05 00:45,24,4,20,0,0,0
2022-02-05 01:00,12,9,3,0,0,0
2022-02-05 01:15,14,5,9,0,0,0
2022-02-05 01:30,13,4,9,0,0,0
2022-02-05 01:45,11,5,6,0,0,0
2022-02-05 02:00,7,3,4,0,0,0
2022-02-05 02:15,5,1,4,0,0,0
2022-02-05 02:30,8,3,5,0,0,0
2022-02-05 02:45,7,1,6,0,0,0
2022-02-05 03:00,13,3,10,0,0,0
2022-02-05 03:15,5,1,4,0,0,0
2022-02-05 03:30,5,0,5,0,0,0
2022-02-05 03:45,2,0,2,0,0,0
2022-02-05 04:00,2,0,2,0,0,0
2022-02-05 04:15,6,2,4,0,0,0
2022-02-05 04:30,4,1,3,0,0,0
2022-02-05 04:45,1,1,0,0,0,0
2022-02-05 05:00,5,1,4,0,0,0
2022-02-05 05:15,6,3,3,0,0,0
2022-02-05 05:30,15,9,6,0,0,0
2022-02-05 05:45,11,5,6,0,0,0
2022-02-05 06:00,6,4,2,0,0,0
2022-02-05 06:15,5,5,0,0,0,0
2022-02-05 06:30,12,5,7,0,0,0
2022-02-05 06:45,5,2,3,0,0,0
2022-02-05 07:00,9,5,4,0,0,0
2022-02-05 07:15,11,7,4,0,0,0
2022-02-05 07:30,26,16,10,0,0,0
2022-02-05 07:45,19,15,4,0,0,0
2022-02-05 08:00,18,12,6,0,0,0
2022-02-05 08:15,23,14,9,0,0,0
2022-02-05 08:30,27,20,7,0,0,0
2022-02-05 08:45,54,33,21,0,0,0
2022-02-05 09:00,47,35,12,0,0,0
2022-02-05 09:15,56,37,19,0,0,0
2022-02-05 09:30,77,51,26,0,0,0
2022-02-05 09:45,102,77,25,0,0,0
2022-02-05 10:00,71,49,22,0,0,0
2022-02-05 10:15,94,60,34,0,0,0
2022-02-05 10:30,112,75,37,0,0,0
2022-02-05 10:45,116,81,35,0,0,0
2022-02-05 11:00,102,56,46,0,0,0
2022-02-05 11:15,121,77,44,0,0,0
2022-02-05 11:30,139,88,51,0,0,0
2022-02-05 11:45,165,85,80,0,0,0
2022-02-05 12:00,147,83,64,0,0,0
2022-02-05 12:15,132,69,63,0,0,0
2022-02-05 12:30,143,68,75,0,0,0
2022-02-05 12:45,163,92,71,0,0,0
2022-02-05 13:00,149,74,75,0,0,0
2022-02-05 13:15,123,62,61,0,0,0
2022-02-05 13:30,115,49,66,0,0,0
2022-02-05 13:45,142,58,84,0,0,0
2022-02-05 14:00,121,50,71,0,0,0
2022-02-05 14:15,147,56,91,0,0,0
2022-02-05 14:30,148,59,89,0,0,0
2022-02-05 14:45,134,52,82,0,0,0
2022-02-05 15:00,141,54,87,0,0,0
2022-02-05 15:15,109,48,61,0,0,0
2022-02-05 15:30,121,52,69,0,0,0
2022-02-05 15:45,100,37,63,0,0,0
2022-02-05 16:00,120,53,67,0,0,0
2022-02-05 16:15,141,57,84,0,0,0
2022-02-05 16:30,106,44,62,0,0,0
2022-02-05 16:45,88,41,47,0,0,0
2022-02-05 17:00,101,40,61,0,0,0
2022-02-05 17:15,84,37,47,0,0,0
2022-02-05 17:30,86,27,59,0,0,0
2022-02-05 17:45,86,34,52,0,0,0
2022-02-05 18:00,93,31,62,0,0,0
2022-02-05 18:15,90,40,50,0,0,0
2022-02-05 18:30,60,21,39,0,0,0
2022-02-05 18:45,87,39,48,0,0,0
2022-02-05 19:00,66,29,37,0,0,0
2022-02-05 19:15,71,27,44,0,0,0
2022-02-05 19:30,53,17,36,0,0,0
2022-02-05 19:45,58,24,34,0,0,0
2022-02-05 20:00,47,22,25,0,0,0
2022-02-05 20:15,33,17,16,0,0,0
2022-02-05 20:30,36,9,27,0,0,0
2022-02-05 20:45,27,11,16,0,0,0
2022-02-05 21:00,19,4,15,0,0,0
2022-02-05 21:15,33,14,19,0,0,0
2022-02-05 21:30,24,5,19,0,0,0
2022-02-05 21:45,27,9,18,0,0,0
2022-02-05 22:00,37,9,28,0,0,0
2022-02-05 22:15,40,19,21,0,0,0
2022-02-05 22:30,21,3,18,0,0,0
2022-02-05 22:45,18,8,10,0,0,0
2022-02-05 23:00,17,5,12,0,0,0
2022-02-05 23:15,18,7,11,0,0,0
2022-02-05 23:30,18,5,13,0,0,0
2022-02-05 23:45,27,11,16,0,0,0
2022-02-06 00:00,33,14,19,0,0,0
2022-02-06 00:15,20,2,18,0,0,0
2022-02-06 00:30,26,5,21,0,0,0
2022-02-06 00:45,11,4,7,0,0,0
2022-02-06 01:00,23,12,11,0,0,0
2022-02-06 01:15,18,3,15,0,0,0
2022-02-06 01:30,11,4,7,0,0,0
2022-02-06 01:45,16,8,8,0,0,0
2022-02-06 02:00,15,7,8,0,0,0
2022-02-06 02:15,8,5,3,0,0,0
2022-02-06 02:30,10,2,8,0,0,0
2022-02-06 02:45,7,3,4,0,0,0
2022-02-06 03:00,5,2,3,0,0,0
2022-02-06 03:15,16,5,11,0,0,0
2022-02-06 03:30,7,1,6,0,0,0
2022-02-06 03:45,4,2,2,0,0,0
2022-02-06 04:00,3,2,1,0,0,0
2022-02-06 04:15,2,1,1,0,0,0
2022-02-06 04:30,1,1,0,0,0,0
2022-02-06 04:45,4,0,4,0,0,0
2022-02-06 05:00,0,0,0,0,0,0
2022-02-06 05:15,4,3,1,0,0,0
2022-02-06 05:30,3,3,0,0,0,0
2022-02-06 05:45,2,2,0,0,0,0
2022-02-06 06:00,2,1,1,0,0,0
2022-02-06 06:15,4,2,2,0,0,0
2022-02-06 06:30,4,1,3,0,0,0
2022-02-06 06:45,2,1,1,0,0,0
2022-02-06 07:00,0,0,0,0,0,0
2022-02-06 07:15,5,4,1,0,0,0
2022-02-06 07:30,4,3,1,0,0,0
2022-02-06 07:45,6,3,3,0,0,0
2022-02-06 08:00,3,2,1,0,0,0
2022-02-06 08:15,5,3,2,0,0,0
2022-02-06 08:30,14,8,6,0,0,0
2022-02-06 08:45,12,11,1,0,0,0
2022-02-06 09:00,6,2,4,0,0,0
2022-02-06 09:15,15,10,5,0,0,0
2022-02-06 09:30,20,12,8,0,0,0
2022-02-06 09:45,21,12,9,0,0,0
2022-02-06 10:00,16,10,6,0,0,0
2022-02-06 10:15,12,8,4,0,0,0
2022-02-06 10:30,13,6,7,0,0,0
2022-02-06 10:45,10,6,4,0,0,0
2022-02-06 11:00,14,6,8,0,0,0
2022-02-06 11:15,15,7,8,0,0,0
2022-02-06 11:30,12,6,6,0,0,0
2022-02-06 11:45,20,7,13,0,0,0
2022-02-06 12:00,10,1,9,0,0,0
2022-02-06 12:15,14,4,10,0,0,0
2022-02-06 12:30,16,8,8,0,0,0
2022-02-06 12:45,12,2,10,0,0,0
2022-02-06 13:00,12,4,8,0,0,0
2022-02-06 13:15,10,5,5,0,0,0
2022-02-06 13:30,27,13,14,0,0,0
2022-02-06 13:45,15,10,5,0,0,0
2022-02-06 14:00,15,3,12,0,0,0
2022-02-06 14:15,15,10,5,0,0,0
2022-02-06 14:30,22,8,14,0,0,0
2022-02-06 14:45,20,12,8,0,0,0
2022-02-06 15:00,31,11,20,0,0,0
2022-02-06 15:15,35,22,13,0,0,0
2022-02-06 15:30,34,16,18,0,0,0
2022-02-06 15:45,35,15,20,0,0,0
2022-02-06 16:00,18,7,11,0,0,0
2022-02-06 16:15,18,4,14,0,0,0
2022-02-06 16:30,27,12,15,0,0,0
2022-02-06 16:45,25,15,10,0,0,0
2022-02-06 17:00,32,19,13,0,0,0
2022-02-06 17:15,32,13,19,0,0,0
2022-02-06 17:30,34,14,20,0,0,0
2022-02-06 17:45,34,16,18,0,0,0
2022-02-06 18:00,47,18,29,0,0,0
2022-02-06 18:15,23,11,12,0,0,0
2022-02-06 18:30,19,5,14,0,0,0
2022-02-06 18:45,25,11,14,0,0,0
2022-02-06 19:00,27,11,16,0,0,0
2022-02-06 19:15,26,7,19,0,0,0
2022-02-06 19:30,13,7,6,0,0,0
2022-02-06 19:45,28,13,15,0,0,0
2022-02-06 20:00,24,9,15,0,0,0
2022-02-06 20:15,22,4,18,0,0,0
2022-02-06 20:30,21,8,13,0,0,0
2022-02-06 20:45,13,8,5,0,0,0
2022-02-06 21:00,13,4,9,0,0,0
2022-02-06 21:15,12,6,6,0,0,0
2022-02-06 21:30,14,6,8,0,0,0
2022-02-06 21:45,10,2,8,0,0,0
2022-02-06 22:00,15,9,6,0,0,0
2022-02-06 22:15,3,1,2,0,0,0
2022-02-06 22:30,6,2,4,0,0,0
2022-02-06 22:45,4,2,2,0,0,0
2022-02-06 23:00,5,1,4,0,0,0
2022-02-06 23:15,9,4,5,0,0,0
2022-02-06 23:30,7,6,1,0,0,0
2022-02-06 23:45,6,0,6,0,0,0
2022-02-07 00:00,1,0,1,0,0,0
2022-02-07 00:15,0,0,0,0,0,0
2022-02-07 00:30,3,1,2,0,0,0
2022-02-07 00:45,3,2,1,0,0,0
2022-02-07 01:00,4,0,4,0,0,0
2022-02-07 01:15,1,1,0,0,0,0
2022-02-07 01:30,1,1,0,0,0,0
2022-02-07 01:45,2,0,2,0,0,0
2022-02-07 02:00,0,0,0,0,0,0
2022-02-07 02:15,2,0,2,0,0,0
2022-02-07 02:30,0,0,0,0,0,0
2022-02-07 02:45,0,0,0,0,0,0
2022-02-07 03:00,0,0,0,0,0,0
2022-02-07 03:15,0,0,0,0,0,0
2022-02-07 03:30,1,1,0,0,0,0
2022-02-07 03:45,4,3,1,0,0,0
2022-02-07 04:00,2,0,2,0,0,0
2022-02-07 04:15,0,0,0,0,0,0
2022-02-07 04:30,4,4,0,0,0,0
2022-02-07 04:45,2,2,0,0,0,0
2022-02-07 05:00,2,1,1,0,0,0
2022-02-07 05:15,6,5,1,0,0,0
2022-02-07 05:30,10,7,3,0,0,0
2022-02-07 05:45,19,17,2,0,0,0
2022-02-07 06:00,21,14,7,0,0,0
2022-02-07 06:15,28,19,9,0,0,0
2022-02-07 06:30,33,22,11,0,0,0
2022-02-07 06:45,47,32,15,0,0,0
2022-02-07 07:00,79,50,29,0,0,0
2022-02-07 07:15,97,64,33,0,0,0
2022-02-07 07:30,143,87,56,0,0,0
2022-02-07 07:45,146,103,43,0,0,0
2022-02-07 08:00,121,82,39,0,0,0
2022-02-07 08:15,131,82,49,0,0,0
2022-02-07 08:30,91,61,30,0,0,0
2022-02-07 08:45,130,91,39,0,0,0
2022-02-07 09:00,74,53,21,0,0,0
2022-02-07 09:15,93,70,23,0,0,0
2022-02-07 09:30,83,54,29,0,0,0
2022-02-07 09:45,87,57,30,0,0,0
2022-02-07 10:00,80,43,37,0,0,0
2022-02-07 10:15,79,49,30,0,0,0
2022-02-07 10:30,75,30,45,0,0,0
2022-02-07 10:45,81,43,38,0,0,0
2022-02-07 11:00,102,51,51,0,0,0
2022-02-07 11:15,69,34,35,0,0,0
2022-02-07 11:30,97,51,46,0,0,0
2022-02-07 11:45,90,42,48,0,0,0
2022-02-07 12:00,91,41,50,0,0,0
2022-02-07 12:15,103,42,61,0,0,0
2022-02-07 12:30,127,55,72,0,0,0
2022-02-07 12:45,89,37,52,0,0,0
2022-02-07 13:00,120,57,63,0,0,0
2022-02-07 13:15,81,35,46,0,0,0
2022-02-07 13:30,110,51,59,0,0,0
2022-02-07 13:45,130,78,52,0,0,0
2022-02-07 14:00,109,52,57,0,0,0
2022-02-07 14:15,131,60,71,0,0,0
2022-02-07 14:30,135,56,79,0,0,0
2022-02-07 14:45,132,67,65,0,0,0
2022-02-07 15:00,113,46,67,0,0,0
2022-02-07 15:15,125,58,67,0,0,0
2022-02-07 15:30,122,39,83,0,0,0
2022-02-07 15:45,142,76,66,0,0,0
2022-02-07 16:00,169,63,106,0,0,0
2022-02-07 16:15,186,74,112,0,0,0
2022-02-07 16:30,150,70,80,0,0,0
2022-02-07 16:45,179,82,97,0,0,0
2022-02-07 17:00,166,56,110,0,0,0
2022-02-07 17:15,172,58,114,0,0,0
2022-02-07 17:30,155,67,88,0,0,0
2022-02-07 17:45,172,81,91,0,0,0
2022-02-07 18:00,154,65,89,0,0,0
2022-02-07 18:15,139,48,91,0,0,0
2022-02-07 18:30,124,49,75,0,0,0
2022-02-07 18:45,120,35,85,0,0,0
2022-02-07 19:00,91,17,74,0,0,0
2022-02-07 19:15,78,39,39,0,0,0
2022-02-07 19:30,66,26,40,0,0,0
2022-02-07 19:45,85,36,49,0,0,0
2022-02-07 20:00,82,28,54,0,0,0
2022-02-07 20:15,66,11,55,0,0,0
2022-02-07 20:30,52,17,35,0,0,0
2022-02-07 20:45,40,16,24,0,0,0
2022-02-07 21:00,36,12,24,0,0,0
2022-02-07 21:15,36,14,22,0,0,0
2022-02-07 21:30,40,9,31,0,0,0
2022-02-07 21:45,39,14,25,0,0,0
2022-02-07 22:00,28,11,17,0,0,0
2022-02-07 22:15,38,11,27,0,0,0
2022-02-07 22:30,33,4,29,0,0,0
2022-02-07 22:45,35,5,30,0,0,0
2022-02-07 23:00,22,4,18,0,0,0
2022-02-07 23:15,19,4,15,0,0,0
2022-02-07 23:30,18,12,6,0,0,0
2022-02-07 23:45,10,5,5,0,0,0
2022-02-08 00:00,11,4,7,0,0,0
2022-02-08 00:15,0,0,0,0,0,0
2022-02-08 00:30,6,2,4,0,0,0
2022-02-08 00:45,3,0,3,0,0,0
2022-02-08 01:00,0,0,0,0,0,0
2022-02-08 01:15,0,0,0,0,0,0
2022-02-08 01:30,0,0,0,0,0,0
2022-02-08 01:45,2,0,2,0,0,0
2022-02-08 02:00,5,0,5,0,0,0
2022-02-08 02:15,0,0,0,0,0,0
2022-02-08 02:30,4,0,4,0,0,0
2022-02-08 02:45,1,0,1,0,0,0
2022-02-08 03:00,4,0,4,0,0,0
2022-02-08 03:15,1,0,1,0,0,0
2022-02-08 03:30,1,0,1,0,0,0
2022-02-08 03:45,1,0,1,0,0,0
2022-02-08 04:00,1,0,1,0,0,0
2022-02-08 04:15,2,2,0,0,0,0
2022-02-08 04:30,2,2,0,0,0,0
2022-02-08 04:45,4,4,0,0,0,0
2022-02-08 05:00,2,2,0,0,0,0
2022-02-08 05:15,6,4,2,0,0,0
2022-02-08 05:30,18,11,7,0,0,0
2022-02-08 05:45,24,19,5,0,0,0
2022-02-08 06:00,19,14,5,0,0,0
2022-02-08 06:15,24,18,6,0,0,0
2022-02-08 06:30,40,26,14,0,0,0
2022-02-08 06:45,53,27,26,0,0,0
2022-02-08 07:00,75,49,26,0,0,0
2022-02-08 07:15,99,59,40,0,0,0
2022-02-08 07:30,174,100,74,0,0,0
2022-02-08 07:45,139,93,46,0,0,0
2022-02-08 08:00,142,92,50,0,0,0
2022-02-08 08:15,121,79,42,0,0,0
2022-02-08 08:30,108,84,24,0,0,0
2022-02-08 08:45,116,88,28,0,0,0
2022-02-08 09:00,102,64,38,0,0,0
2022-02-08 09:15,79,53,26,0,0,0
2022-02-08 09:30,86,51,35,0,0,0
2022-02-08 09:45,101,70,31,0,0,0
2022-02-08 10:00,83,51,32,0,0,0
2022-02-08 10:15,89,53,36,0,0,0
2022-02-08 10:30,79,35,44,0,0,0
2022-02-08 10:45,94,42,52,0,0,0
2022-02-08 11:00,67,30,37,0,0,0
2022-02-08 11:15,89,40,49,0,0,0
2022-02-08 11:30,86,42,44,0,0,0
2022-02-08 11:45,87,40,47,0,0,0
2022-02-08 12:00,92,41,51,0,0,0
2022-02-08 12:15,90,39,51,0,0,0
2022-02-08 12:30,110,45,65,0,0,0
2022-02-08 12:45,105,47,58,0,0,0
2022-02-08 13:00,105,41,64,0,0,0
2022-02-08 13:15,124,37,87,0,0,0
2022-02-08 13:30,110,43,67,0,0,0
2022-02-08 13:45,114,58,56,0,0,0
2022-02-08 14:00,116,45,71,0,0,0
2022-02-08 14:15,103,49,54,0,0,0
2022-02-08 14:30,94,47,47,0,0,0
2022-02-08 14:45,157,70,87,0,0,0
2022-02-08 15:00,128,51,77,0,0,0
2022-02-08 15:15,105,49,56,0,0,0
2022-02-08 15:30,153,65,88,0,0,0
2022-02-08 15:45,144,66,78,0,0,0
2022-02-08 16:00,159,55,104,0,0,0
2022-02-08 16:15,144,59,85,0,0,0
2022-02-08 16:30,149,51,98,0,0,0
2022-02-08 16:45,158,52,106,0,0,0
2022-02-08 17:00,141,55,86,0,0,0
2022-02-08 17:15,134,44,90,0,0,0
2022-02-08 17:30,169,54,115,0,0,0
2022-02-08 17:45,126,48,78,0,0,0
2022-02-08 18:00,145,41,104,0,0,0
2022-02-08 18:15,130,49,81,0,0,0
2022-02-08 18:30,89,35,54,0,0,0
2022-02-08 18:45,106,29,77,0,0,0
2022-02-08 19:00,103,34,69,0,0,0
2022-02-08 19:15,78,29,49,0,0,0
2022-02-08 19:30,60,18,42,0,0,0
2022-02-08 19:45,64,21,43,0,0,0
2022-02-08 20:00,65,25,40,0,0,0
2022-02-08 20:15,45,13,32,0,0,0
2022-02-08 20:30,36,10,26,0,0,0
2022-02-08 20:45,31,10,21,0,0,0
2022-02-08 21:00,25,3,22,0,0,0
2022-02-08 21:15,37,15,22,0,0,0
2022-02-08 21:30,39,10,29,0,0,0
2022-02-08 21:45,29,6,23,0,0,0
2022-02-08 22:00,43,10,33,0,0,0
2022-02-08 22:15,30,8,22,0,0,0
2022-02-08 22:30,44,9,35,0,0,0
2022-02-08 22:45,28,8,20,0,0,0
2022-02-08 23:00,23,7,16,0,0,0
2022-02-08 23:15,28,13,15,0,0,0
2022-02-08 23:30,13,8,5,0,0,0
2022-02-08 23:45,7,3,4,0,0,0
2022-02-09 00:00,6,0,6,0,0,0
2022-02-09 00:15,6,2,4,0,0,0
2022-02-09 00:30,8,4,4,0,0,0
2022-02-09 00:45,6,2,4,0,0,0
2022-02-09 01:00,5,1,4,0,0,0
2022-02-09 01:15,0,0,0,0,0,0
2022-02-09 01:30,0,0,0,0,0,0
2022-02-09 01:45,2,1,1,0,0,0
2022-02-09 02:00,0,0,0,0,0,0
2022-02-09 02:15,3,1,2,0,0,0
2022-02-09 02:30,0,0,0,0,0,0
2022-02-09 02:45,0,0,0,0,0,0
2022-02-09 03:00,2,0,2,0,0,0
2022-02-09 03:15,3,0,3,0,0,0
2022-02-09 03:30,1,0,1,0,0,0
2022-02-09 03:45,1,1,0,0,0,0
2022-02-09 04:00,0,0,0,0,0,0
2022-02-09 04:15,2,1,1,0,0,0
2022-02-09 04:30,2,2,0,0,0,0
2022-02-09 04:45,4,3,1,0,0,0
2022-02-09 05:00,5,5,0,0,0,0
2022-02-09 05:15,10,7,3,0,0,0
2022-02-09 05:30,22,14,8,0,0,0
2022-02-09 05:45,20,16,4,0,0,0
2022-02-09 06:00,30,25,5,0,0,0
2022-02-09 06:15,26,22,4,0,0,0
2022-02-09 06:30,45,30,15,0,0,0
2022-02-09 06:45,55,33,22,0,0,0
2022-02-09 07:00,69,44,25,0,0,0
2022-02-09 07:15,114,71,43,0,0,0
2022-02-09 07:30,146,93,53,0,0,0
2022-02-09 07:45,176,116,60,0,0,0
2022-02-09 08:00,124,94,30,0,0,0
2022-02-09 08:15,142,94,48,0,0,0
2022-02-09 08:30,122,88,34,0,0,0
2022-02-09 08:45,117,78,39,0,0,0
2022-02-09 09:00,95,72,23,0,0,0
2022-02-09 09:15,94,61,33,0,0,0
2022-02-09 09:30,90,60,30,0,0,0
2022-02-09 09:45,85,61,24,0,0,0
2022-02-09 10:00,102,63,39,0,0,0
2022-02-09 10:15,85,44,41,0,0,0
2022-02-09 10:30,102,48,54,0,0,0
2022-02-09 10:45,107,57,50,0,0,0
2022-02-09 11:00,86,49,37,0,0,0
2022-02-09 11:15,96,42,54,0,0,0
2022-02-09 11:30,87,47,40,0,0,0
2022-02-09 11:45,108,51,57,0,0,0
2022-02-09 12:00,89,41,48,0,0,0
2022-02-09 12:15,96,38,58,0,0,0
2022-02-09 12:30,134,61,73,0,0,0
2022-02-09 12:45,95,46,49,0,0,0
2022-02-09 13:00,106,36,70,0,0,0
2022-02-09 13:15,92,36,56,0,0,0
2022-02-09 13:30,105,39,66,0,0,0
2022-02-09 13:45,130,59,71,0,0,0
2022-02-09 14:00,111,35,76,0,0,0
2022-02-09 14:15,116,31,85,0,0,0
2022-02-09 14:30,92,39,53,0,0,0
2022-02-09 14:45,101,43,58,0,0,0
2022-02-09 15:00,136,52,84,0,0,0
2022-02-09 15:15,106,42,64,0,0,0
2022-02-09 15:30,124,50,74,0,0,0
2022-02-09 15:45,127,44,83,0,0,0
2022-02-09 16:00,134,61,73,0,0,0
2022-02-09 16:15,168,67,101,0,0,0
2022-02-09 16:30,120,47,73,0,0,0
2022-02-09 16:45,174,73,101,0,0,0
2022-02-09 17:00,158,52,106,0,0,0
2022-02-09 17:15,173,58,115,0,0,0
2022-02-09 17:30,167,58,109,0,0,0
2022-02-09 17:45,152,44,108,0,0,0
2022-02-09 18:00,120,34,86,0,0,0
2022-02-09 18:15,166,59,107,0,0,0
2022-02-09 18:30,118,48,70,0,0,0
2022-02-09 18:45,117,46,71,0,0,0
2022-02-09 19:00,116,42,74,0,0,0
2022-02-09 19:15,83,27,56,0,0,0
2022-02-09 19:30,57,23,34,0,0,0
2022-02-09 19:45,103,43,60,0,0,0
2022-02-09 20:00,60,23,37,0,0,0
2022-02-09 20:15,51,20,31,0,0,0
2022-02-09 20:30,43,19,24,0,0,0
2022-02-09 20:45,49,14,35,0,0,0
2022-02-09 21:00,37,14,23,0,0,0
2022-02-09 21:15,40,9,31,0,0,0
2022-02-09 21:30,36,15,21,0,0,0
2022-02-09 21:45,49,13,36,0,0,0
2022-02-09 22:00,30,5,25,0,0,0
2022-02-09 22:15,32,9,23,0,0,0
2022-02-09 22:30,49,20,29,0,0,0
2022-02-09 22:45,39,16,23,0,0,0
2022-02-09 23:00,32,7,25,0,0,0
2022-02-09 23:15,15,3,12,0,0,0
2022-02-09 23:30,22,5,17,0,0,0
2022-02-09 23:45,22,12,10,0,0,0
2022-02-10 00:00,18,8,10,0,0,0
2022-02-10 00:15,5,3,2,0,0,0
2022-02-10 00:30,7,1,6,0,0,0
2022-02-10 00:45,8,3,5,0,0,0
2022-02-10 01:00,8,2,6,0,0,0
2022-02-10 01:15,4,1,3,0,0,0
2022-02-10 01:30,2,1,1,0,0,0
2022-02-10 01:45,3,2,1,0,0,0
2022-02-10 02:00,3,0,3,0,0,0
2022-02-10 02:15,5,1,4,0,0,0
2022-02-10 02:30,4,1,3,0,0,0
2022-02-10 02:45,0,0,0,0,0,0
2022-02-10 03:00,2,0,2,0,0,0
2022-02-10 03:15,1,1,0,0,0,0
2022-02-10 03:30,4,0,4,0,0,0
2022-02-10 03:45,4,0,4,0,0,0
2022-02-10 04:00,2,0,2,0,0,0
2022-02-10 04:15,2,1,1,0,0,0
2022-02-10 04:30,3,1,2,0,0,0
2022-02-10 04:45,6,4,2,0,0,0
2022-02-10 05:00,1,1,0,0,0,0
2022-02-10 05:15,10,7,3,0,0,0
2022-02-10 05:30,18,13,5,0,0,0
2022-02-10 05:45,15,12,3,0,0,0
2022-02-10 06:00,21,12,9,0,0,0
2022-02-10 06:15,24,19,5,0,0,0
2022-02-10 06:30,43,26,17,0,0,0
2022-02-10 06:45,55,35,20,0,0,0
2022-02-10 07:00,78,45,33,0,0,0
2022-02-10 07:15,96,57,39,0,0,0
2022-02-10 07:30,148,101,47,0,0,0
2022-02-10 07:45,161,103,58,0,0,0
2022-02-10 08:00,95,63,32,0,0,0
2022-02-10 08:15,121,76,45,0,0,0
2022-02-10 08:30,105,59,46,0,0,0
2022-02-10 08:45,112,76,36,0,0,0
2022-02-10 09:00,81,53,28,0,0,0
2022-02-10 09:15,85,54,31,0,0,0
2022-02-10 09:30,84,47,37,0,0,0
2022-02-10 09:45,77,52,25,0,0,0
2022-02-10 10:00,74,52,22,0,0,0
2022-02-10 10:15,66,36,30,0,0,0
2022-02-10 10:30,67,24,43,0,0,0
2022-02-10 10:45,57,28,29,0,0,0
2022-02-10 11:00,57,30,27,0,0,0
2022-02-10 11:15,64,33,31,0,0,0
2022-02-10 11:30,76,31,45,0,0,0
2022-02-10 11:45,65,34,31,0,0,0
2022-02-10 12:00,68,23,45,0,0,0
2022-02-10 12:15,83,34,49,0,0,0
2022-02-10 12:30,119,37,82,0,0,0
2022-02-10 12:45,99,36,63,0,0,0
2022-02-10 13:00,78,27,51,0,0,0
2022-02-10 13:15,83,32,51,0,0,0
2022-02-10 13:30,91,48,43,0,0,0
2022-02-10 13:45,115,60,55,0,0,0
2022-02-10 14:00,121,52,69,0,0,0
2022-02-10 14:15,115,40,75,0,0,0
2022-02-10 14:30,111,51,60,0,0,0
2022-02-10 14:45,122,50,72,0,0,0
2022-02-10 15:00,107,38,69,0,0,0
2022-02-10 15:15,121,55,66,0,0,0
2022-02-10 15:30,127,52,75,0,0,0
2022-02-10 15:45,132,58,74,0,0,0
2022-02-10 16:00,139,51,88,0,0,0
2022-02-10 16:15,148,46,102,0,0,0
2022-02-10 16:30,139,56,83,0,0,0
2022-02-10 16:45,155,66,89,0,0,0
2022-02-10 17:00,163,56,107,0,0,0
2022-02-10 17:15,121,29,92,0,0,0
2022-02-10 17:30,123,40,83,0,0,0
2022-02-10 17:45,128,54,74,0,0,0
2022-02-10 18:00,113,44,69,0,0,0
2022-02-10 18:15,126,32,94,0,0,0
2022-02-10 18:30,105,42,63,0,0,0
2022-02-10 18:45,90,38,52,0,0,0
2022-02-10 19:00,91,28,63,0,0,0
2022-02-10 19:15,76,31,45,0,0,0
2022-02-10 19:30,94,23,71,0,0,0
2022-02-10 19:45,68,23,45,0,0,0
2022-02-10 20:00,37,13,24,0,0,0
2022-02-10 20:15,52,18,34,0,0,0
2022-02-10 20:30,46,20,26,0,0,0
2022-02-10 20:45,43,17,26,0,0,0
2022-02-10 21:00,42,9,33,0,0,0
2022-02-10 21:15,29,6,23,0,0,0
2022-02-10 21:30,22,2,20,0,0,0
2022-02-10 21:45,21,10,11,0,0,0
2022-02-10 22:00,27,9,18,0,0,0
2022-02-10 22:15,28,13,15,0,0,0
2022-02-10 22:30,29,10,19,0,0,0
2022-02-10 22:45,34,16,18,0,0,0
2022-02-10 23:00,26,3,23,0,0,0
2022-02-10 23:15,20,7,13,0,0,0
2022-02-10 23:30,18,8,10,0,0,0
2022-02-10 23:45,14,2,12,0,0,0
2022-02-11 00:00,11,2,9,0,0,0
2022-02-11 00:15,9,1,8,0,0,0
2022-02-11 00:30,8,1,7,0,0,0
2022-02-11 00:45,2,2,0,0,0,0
2022-02-11 01:00,7,1,6,0,0,0
2022-02-11 01:15,3,0,3,0,0,0
2022-02-11 01:30,5,4,1,0,0,0
2022-02-11 01:45,2,1,1,0,0,0
2022-02-11 02:00,4,0,4,0,0,0
2022-02-11 02:15,2,0,2,0,0,0
2022-02-11 02:30,6,3,3,0,0,0
2022-02-11 02:45,1,0,1,0,0,0
2022-02-11 03:00,0,0,0,0,0,0
2022-02-11 03:15,6,1,5,0,0,0
2022-02-11 03:30,0,0,0,0,0,0
2022-02-11 03:45,0,0,0,0,0,0
2022-02-11 04:00,0,0,0,0,0,0
2022-02-11 04:15,2,2,0,0,0,0
2022-02-11 04:30,5,3,2,0,0,0
2022-02-11 04:45,5,5,0,0,0,0
2022-02-11 05:00,2,2,0,0,0,0
2022-02-11 05:15,9,6,3,0,0,0
2022-02-11 05:30,17,9,8,0,0,0
2022-02-11 05:45,16,12,4,0,0,0
2022-02-11 06:00,11,7,4,0,0,0
2022-02-11 06:15,21,16,5,0,0,0
2022-02-11 06:30,37,20,17,0,0,0
2022-02-11 06:45,51,30,21,0,0,0
2022-02-11 07:00,54,34,20,0,0,0
2022-02-11 07:15,88,56,32,0,0,0
2022-02-11 07:30,122,78,44,0,0,0
2022-02-11 07:45,124,79,45,0,0,0
2022-02-11 08:00,108,67,41,0,0,0
2022-02-11 08:15,108,65,43,0,0,0
2022-02-11 08:30,97,72,25,0,0,0
2022-02-11 08:45,100,66,34,0,0,0
2022-02-11 09:00,79,55,24,0,0,0
2022-02-11 09:15,77,56,21,0,0,0
2022-02-11 09:30,74,49,25,0,0,0
2022-02-11 09:45,90,59,31,0,0,0
2022-02-11 10:00,66,32,34,0,0,0
2022-02-11 10:15,78,52,26,0,0,0
2022-02-11 10:30,76,51,25,0,0,0
2022-02-11 10:45,88,61,27,0,0,0
2022-02-11 11:00,77,33,44,0,0,0
2022-02-11 11:15,101,48,53,0,0,0
2022-02-11 11:30,97,46,51,0,0,0
2022-02-11 11:45,94,44,50,0,0,0
2022-02-11 12:00,91,44,47,0,0,0
2022-02-11 12:15,114,51,63,0,0,0
2022-02-11 12:30,113,40,73,0,0,0
2022-02-11 12:45,111,57,54,0,0,0
2022-02-11 13:00,148,40,108,0,0,0
2022-02-11 13:15,123,41,82,0,0,0
2022-02-11 13:30,84,25,59,0,0,0
2022-02-11 13:45,109,47,62,0,0,0
2022-02-11 14:00,113,44,69,0,0,0
2022-02-11 14:15,124,44,80,0,0,0
2022-02-11 14:30,133,52,81,0,0,0
2022-02-11 14:45,141,67,74,0,0,0
2022-02-11 15:00,99,42,57,0,0,0
2022-02-11 15:15,120,59,61,0,0,0
2022-02-11 15:30,131,48,83,0,0,0
2022-02-11 15:45,136,55,81,0,0,0
2022-02-11 16:00,137,56,81,0,0,0
2022-02-11 16:15,126,48,78,0,0,0
2022-02-11 16:30,129,44,85,0,0,0
2022-02-11 16:45,107,45,62,0,0,0
2022-02-11 17:00,140,63,77,0,0,0
2022-02-11 17:15,133,55,78,0,0,0
2022-02-11 17:30,121,51,70,0,0,0
2022-02-11 17:45,127,47,80,0,0,0
2022-02-11 18:00,107,45,62,0,0,0
2022-02-11 18:15,136,63,73,0,0,0
2022-02-11 18:30,105,37,68,0,0,0
2022-02-11 18:45,127,64,63,0,0,0
2022-02-11 19:00,92,38,54,0,0,0
2022-02-11 19:15,86,41,45,0,0,0
2022-02-11 19:30,75,24,51,0,0,0
2022-02-11 19:45,95,51,44,0,0,0
2022-02-11 20:00,68,17,51,0,0,0
2022-02-11 20:15,58,19,39,0,0,0
2022-02-11 20:30,31,17,14,0,0,0
2022-02-11 20:45,64,25,39,0,0,0
2022-02-11 21:00,39,20,19,0,0,0
2022-02-11 21:15,38,22,16,0,0,0
2022-02-11 21:30,33,10,23,0,0,0
2022-02-11 21:45,39,8,31,0,0,0
2022-02-11 22:00,29,14,15,0,0,0
2022-02-11 22:15,36,11,25,0,0,0
2022-02-11 22:30,32,8,24,0,0,0
2022-02-11 22:45,29,7,22,0,0,0
2022-02-11 23:00,30,11,19,0,0,0
2022-02-11 23:15,30,8,22,0,0,0
2022-02-11 23:30,41,11,30,0,0,0
2022-02-11 23:45,30,6,24,0,0,0
2022-02-12 00:00,24,8,16,0,0,0
2022-02-12 00:15,22,8,14,0,0,0
2022-02-12 00:30,28,7,21,0,0,0
2022-02-12 00:45,31,8,23,0,0,0
2022-02-12 01:00,24,9,15,0,0,0
2022-02-12 01:15,22,11,11,0,0,0
2022-02-12 01:30,22,9,13,0,0,0
2022-02-12 01:45,14,6,8,0,0,0
2022-02-12 02:00,7,1,6,0,0,0
2022-02-12 02:15,15,7,8,0,0,0
2022-02-12 02:30,12,4,8,0,0,0
2022-02-12 02:45,20,4,16,0,0,0
2022-02-12 03:00,6,1,5,0,0,0
2022-02-12 03:15,10,1,9,0,0,0
2022-02-12 03:30,4,0,4,0,0,0
2022-02-12 03:45,3,1,2,0,0,0
2022-02-12 04:00,2,0,2,0,0,0
2022-02-12 04:15,7,1,6,0,0,0
2022-02-12 04:30,1,0,1,0,0,0
2022-02-12 04:45,4,2,2,0,0,0
2022-02-12 05:00,3,1,2,0,0,0
2022-02-12 05:15,2,0,2,0,0,0
2022-02-12 05:30,14,9,5,0,0,0
2022-02-12 05:45,7,6,1,0,0,0
2022-02-12 06:00,5,3,2,0,0,0
2022-02-12 06:15,9,5,4,0,0,0
2022-02-12 06:30,6,3,3,0,0,0
2022-02-12 06:45,9,8,1,0,0,0
2022-02-12 07:00,7,4,3,0,0,0
2022-02-12 07:15,18,10,8,0,0,0
2022-02-12 07:30,24,19,5,0,0,0
2022-02-12 07:45,25,15,10,0,0,0
2022-02-12 08:00,16,9,7,0,0,0
2022-02-12 08:15,33,26,7,0,0,0
2022-02-12 08:30,24,19,5,0,0,0
2022-02-12 08:45,43,24,19,0,0,0
2022-02-12 09:00,36,25,11,0,0,0
2022-02-12 09:15,49,33,16,0,0,0
2022-02-12 09:30,77,53,24,0,0,0
2022-02-12 09:45,121,85,36,0,0,0
2022-02-12 10:00,70,51,19,0,0,0
2022-02-12 10:15,87,58,29,0,0,0
2022-02-12 10:30,92,51,41,0,0,0
2022-02-12 10:45,130,75,55,0,0,0
2022-02-12 11:00,121,66,55,0,0,0
2022-02-12 11:15,100,54,46,0,0,0
2022-02-12 11:30,141,74,67,0,0,0
2022-02-12 11:45,149,78,71,0,0,0
2022-02-12 12:00,149,63,86,0,0,0
2022-02-12 12:15,150,83,67,0,0,0
2022-02-12 12:30,146,69,77,0,0,0
2022-02-12 12:45,179,83,96,0,0,0
2022-02-12 13:00,177,76,101,0,0,0
2022-02-12 13:15,154,48,106,0,0,0
2022-02-12 13:30,164,79,85,0,0,0
2022-02-12 13:45,140,61,79,0,0,0
2022-02-12 14:00,143,59,84,0,0,0
2022-02-12 14:15,144,62,82,0,0,0
2022-02-12 14:30,150,52,98,0,0,0
2022-02-12 14:45,162,71,91,0,0,0
2022-02-12 15:00,111,44,67,0,0,0
2022-02-12 15:15,117,39,78,0,0,0
2022-02-12 15:30,122,46,76,0,0,0
2022-02-12 15:45,95,33,62,0,0,0
2022-02-12 16:00,146,83,63,0,0,0
2022-02-12 16:15,140,90,50,0,0,0
2022-02-12 16:30,121,56,65,0,0,0
2022-02-12 16:45,96,48,48,0,0,0
2022-02-12 17:00,98,38,60,0,0,0
2022-02-12 17:15,88,44,44,0,0,0
2022-02-12 17:30,106,51,55,0,0,0
2022-02-12 17:45,85,34,51,0,0,0
2022-02-12 18:00,86,34,52,0,0,0
2022-02-12 18:15,93,33,60,0,0,0
2022-02-12 18:30,92,37,55,0,0,0
2022-02-12 18:45,94,39,55,0,0,0
2022-02-12 19:00,66,27,39,0,0,0
2022-02-12 19:15,84,34,50,0,0,0
2022-02-12 19:30,53,15,38,0,0,0
2022-02-12 19:45,64,40,24,0,0,0
2022-02-12 20:00,55,20,35,0,0,0
2022-02-12 20:15,48,24,24,0,0,0
2022-02-12 20:30,42,23,19,0,0,0
2022-02-12 20:45,54,34,20,0,0,0
2022-02-12 21:00,36,11,25,0,0,0
2022-02-12 21:15,44,24,20,0,0,0
2022-02-12 21:30,33,14,19,0,0,0
2022-02-12 21:45,29,9,20,0,0,0
2022-02-12 22:00,25,12,13,0,0,0
2022-02-12 22:15,26,6,20,0,0,0
2022-02-12 22:30,43,5,38,0,0,0
2022-02-12 22:45,29,13,16,0,0,0
2022-02-12 23:00,29,6,23,0,0,0
2022-02-12 23:15,28,15,13,0,0,0
2022-02-12 23:30,24,11,13,0,0,0
2022-02-12 23:45,20,9,11,0,0,0
2022-02-13 00:00,17,3,14,0,0,0
2022-02-13 00:15,22,6,16,0,0,0
2022-02-13 00:30,25,5,20,0,0,0
2022-02-13 00:45,17,6,11,0,0,0
2022-02-13 01:00,35,16,19,0,0,0
2022-02-13 01:15,15,3,12,0,0,0
2022-02-13 01:30,19,5,14,0,0,0
2022-02-13 01:45,16,5,11,0,0,0
2022-02-13 02:00,10,4,6,0,0,0
2022-02-13 02:15,9,4,5,0,0,0
2022-02-13 02:30,12,3,9,0,0,0
2022-02-13 02:45,15,5,10,0,0,0
2022-02-13 03:00,6,3,3,0,0,0
2022-02-13 03:15,5,2,3,0,0,0
2022-02-13 03:30,2,1,1,0,0,0
2022-02-13 03:45,8,1,7,0,0,0
2022-02-13 04:00,1,0,1,0,0,0
2022-02-13 04:15,2,0,2,0,0,0
2022-02-13 04:30,8,3,5,0,0,0
2022-02-13 04:45,5,4,1,0,0,0
2022-02-13 05:00,1,0,1,0,0,0
2022-02-13 05:15,4,2,2,0,0,0
2022-02-13 05:30,8,6,2,0,0,0
2022-02-13 05:45,2,0,2,0,0,0
2022-02-13 06:00,6,3,3,0,0,0
2022-02-13 06:15,4,3,1,0,0,0
2022-02-13 06:30,3,0,3,0,0,0
2022-02-13 06:45,4,2,2,0,0,0
2022-02-13 07:00,4,1,3,0,0,0
2022-02-13 07:15,3,2,1,0,0,0
2022-02-13 07:30,6,3,3,0,0,0
2022-02-13 07:45,2,1,1,0,0,0
2022-02-13 08:00,5,2,3,0,0,0
2022-02-13 08:15,5,5,0,0,0,0
2022-02-13 08:30,11,6,5,0,0,0
2022-02-13 08:45,19,12,7,0,0,0
2022-02-13 09:00,16,7,9,0,0,0
2022-02-13 09:15,22,11,11,0,0,0
2022-02-13 09:30,32,18,14,0,0,0
2022-02-13 09:45,29,21,8,0,0,0
2022-02-13 10:00,20,12,8,0,0,0
2022-02-13 10:15,26,12,14,0,0,0
2022-02-13 10:30,30,17,13,0,0,0
2022-02-13 10:45,34,25,9,0,0,0
2022-02-13 11:00,25,12,13,0,0,0
2022-02-13 11:15,38,14,24,0,0,0
2022-02-13 11:30,35,18,17,0,0,0
2022-02-13 11:45,44,29,15,0,0,0
2022-02-13 12:00,51,22,29,0,0,0
2022-02-13 12:15,40,24,16,0,0,0
2022-02-13 12:30,68,36,32,0,0,0
2022-02-13 12:45,62,26,36,0,0,0
2022-02-13 13:00,69,39,30,0,0,0
2022-02-13 13:15,67,38,29,0,0,0
2022-02-13 13:30,77,49,28,0,0,0
2022-02-13 13:45,79,42,37,0,0,0
2022-02-13 14:00,62,30,32,0,0,0
2022-02-13 14:15,71,39,32,0,0,0
2022-02-13 14:30,86,44,42,0,0,0
2022-02-13 14:45,103,54,49,0,0,0
2022-02-13 15:00,70,22,48,0,0,0
2022-02-13 15:15,83,50,33,0,0,0
2022-02-13 15:30,63,29,34,0,0,0
2022-02-13 15:45,80,23,57,0,0,0
2022-02-13 16:00,67,30,37,0,0,0
2022-02-13 16:15,62,20,42,0,0,0
2022-02-13 16:30,91,30,61,0,0,0
2022-02-13 16:45,72,23,49,0,0,0
2022-02-13 17:00,55,14,41,0,0,0
2022-02-13 17:15,65,21,44,0,0,0
2022-02-13 17:30,86,44,42,0,0,0
2022-02-13 17:45,85,34,51,0,0,0
2022-02-13 18:00,82,36,46,0,0,0
2022-02-13 18:15,68,28,40,0,0,0
2022-02-13 18:30,43,16,27,0,0,0
2022-02-13 18:45,60,27,33,0,0,0
2022-02-13 19:00,53,24,29,0,0,0
2022-02-13 19:15,47,18,29,0,0,0
2022-02-13 19:30,47,10,37,0,0,0
2022-02-13 19:45,43,15,28,0,0,0
2022-02-13 20:00,24,7,17,0,0,0
2022-02-13 20:15,29,10,19,0,0,0
2022-02-13 20:30,53,16,37,0,0,0
2022-02-13 20:45,32,12,20,0,0,0
2022-02-13 21:00,23,11,12,0,0,0
2022-02-13 21:15,21,7,14,0,0,0
2022-02-13 21:30,20,8,12,0,0,0
2022-02-13 21:45,22,11,11,0,0,0
2022-02-13 22:00,20,8,12,0,0,0
2022-02-13 22:15,15,9,6,0,0,0
2022-02-13 22:30,11,6,5,0,0,0
2022-02-13 22:45,16,2,14,0,0,0
2022-02-13 23:00,13,6,7,0,0,0
2022-02-13 23:15,7,1,6,0,0,0
2022-02-13 23:30,8,0,8,0,0,0
2022-02-13 23:45,5,3,2,0,0,0
2022-02-14 00:00,4,2,2,0,0,0
2022-02-14 00:15,3,2,1,0,0,0
2022-02-14 00:30,1,0,1,0,0,0
2022-02-14 00:45,3,1,2,0,0,0
2022-02-14 01:00,3,1,2,0,0,0
2022-02-14 01:15,2,1,1,0,0,0
2022-02-14 01:30,3,2,1,0,0,0
2022-02-14 01:45,0,0,0,0,0,0
2022-02-14 02:00,1,0,1,0,0,0
2022-02-14 02:15,0,0,0,0,0,0
2022-02-14 02:30,0,0,0,0,0,0
2022-02-14 02:45,2,2,0,0,0,0
2022-02-14 03:00,0,0,0,0,0,0
2022-02-14 03:15,3,1,2,0,0,0
2022-02-14 03:30,2,2,0,0,0,0
2022-02-14 03:45,0,0,0,0,0,0
2022-02-14 04:00,5,4,1,0,0,0
2022-02-14 04:15,13,10,3,0,0,0
2022-02-14 04:30,16,9,7,0,0,0
2022-02-14 04:45,4,1,3,0,0,0
2022-02-14 05:00,3,3,0,0,0,0
2022-02-14 05:15,9,8,1,0,0,0
2022-02-14 05:30,20,15,5,0,0,0
2022-02-14 05:45,20,14,6,0,0,0
2022-02-14 06:00,19,15,4,0,0,0
2022-02-14 06:15,22,16,6,0,0,0
2022-02-14 06:30,43,33,10,0,0,0
2022-02-14 06:45,44,30,14,0,0,0
2022-02-14 07:00,93,66,27,0,0,0
2022-02-14 07:15,115,72,43,0,0,0
2022-02-14 07:30,174,104,70,0,0,0
2022-02-14 07:45,139,92,47,0,0,0
2022-02-14 08:00,130,96,34,0,0,0
2022-02-14 08:15,104,71,33,0,0,0
2022-02-14 08:30,115,77,38,0,0,0
2022-02-14 08:45,120,88,32,0,0,0
2022-02-14 09:00,88,51,37,0,0,0
2022-02-14 09:15,93,62,31,0,0,0
2022-02-14 09:30,111,63,48,0,0,0
2022-02-14 09:45,114,78,36,0,0,0
2022-02-14 10:00,76,47,29,0,0,0
2022-02-14 10:15,75,47,28,0,0,0
2022-02-14 10:30,64,31,33,0,0,0
2022-02-14 10:45,108,54,54,0,0,0
2022-02-14 11:00,101,45,56,0,0,0
2022-02-14 11:15,100,63,37,0,0,0
2022-02-14 11:30,87,35,52,0,0,0
2022-02-14 11:45,95,48,47,0,0,0
2022-02-14 12:00,113,44,69,0,0,0
2022-02-14 12:15,93,32,61,0,0,0
2022-02-14 12:30,107,49,58,0,0,0
2022-02-14 12:45,117,41,76,0,0,0
2022-02-14 13:00,123,49,74,0,0,0
2022-02-14 13:15,92,44,48,0,0,0
2022-02-14 13:30,110,49,61,0,0,0
2022-02-14 13:45,123,64,59,0,0,0
2022-02-14 14:00,106,45,61,0,0,0
2022-02-14 14:15,120,35,85,0,0,0
2022-02-14 14:30,95,39,56,0,0,0
2022-02-14 14:45,132,57,75,0,0,0
2022-02-14 15:00,112,45,67,0,0,0
2022-02-14 15:15,142,70,72,0,0,0
2022-02-14 15:30,138,59,79,0,0,0
2022-02-14 15:45,168,69,99,0,0,0
2022-02-14 16:00,170,58,112,0,0,0
2022-02-14 16:15,158,56,102,0,0,0
2022-02-14 16:30,167,65,102,0,0,0
2022-02-14 16:45,136,54,82,0,0,0
2022-02-14 17:00,169,53,116,0,0,0
2022-02-14 17:15,176,68,108,0,0,0
2022-02-14 17:30,151,62,89,0,0,0
2022-02-14 17:45,153,58,95,0,0,0
2022-02-14 18:00,161,45,116,0,0,0
2022-02-14 18:15,116,50,66,0,0,0
2022-02-14 18:30,96,37,59,0,0,0
2022-02-14 18:45,113,41,72,0,0,0
2022-02-14 19:00,99,27,72,0,0,0
2022-02-14 19:15,84,37,47,0,0,0
2022-02-14 19:30,65,27,38,0,0,0
2022-02-14 19:45,87,23,64,0,0,0
2022-02-14 20:00,70,22,48,0,0,0
2022-02-14 20:15,45,12,33,0,0,0
2022-02-14 20:30,37,9,28,0,0,0
2022-02-14 20:45,44,19,25,0,0,0
2022-02-14 21:00,33,6,27,0,0,0
2022-02-14 21:15,32,9,23,0,0,0
2022-02-14 21:30,35,11,24,0,0,0
2022-02-14 21:45,33,15,18,0,0,0
2022-02-14 22:00,45,11,34,0,0,0
2022-02-14 22:15,23,3,20,0,0,0
2022-02-14 22:30,27,4,23,0,0,0
2022-02-14 22:45,21,2,19,0,0,0
2022-02-14 23:00,23,16,7,0,0,0
2022-02-14 23:15,17,10,7,0,0,0
2022-02-14 23:30,7,2,5,0,0,0
2022-02-14 23:45,12,6,6,0,0,0
2022-02-15 00:00,7,1,6,0,0,0
2022-02-15 00:15,7,2,5,0,0,0
2022-02-15 00:30,5,1,4,0,0,0
2022-02-15 00:45,6,2,4,0,0,0
2022-02-15 01:00,2,1,1,0,0,0
2022-02-15 01:15,5,0,5,0,0,0
2022-02-15 01:30,4,0,4,0,0,0
2022-02-15 01:45,2,0,2,0,0,0
2022-02-15 02:00,6,2,4,0,0,0
2022-02-15 02:15,2,0,2,0,0,0
2022-02-15 02:30,1,0,1,0,0,0
2022-02-15 02:45,1,0,1,0,0,0
2022-02-15 03:00,1,1,0,0,0,0
2022-02-15 03:15,0,0,0,0,0,0
2022-02-15 03:30,1,0,1,0,0,0
2022-02-15 03:45,1,1,0,0,0,0
2022-02-15 04:00,0,0,0,0,0,0
2022-02-15 04:15,3,1,2,0,0,0
2022-02-15 04:30,6,6,0,0,0,0
2022-02-15 04:45,3,3,0,0,0,0
2022-02-15 05:00,4,3,1,0,0,0
2022-02-15 05:15,8,5,3,0,0,0
2022-02-15 05:30,22,15,7,0,0,0
2022-02-15 05:45,20,16,4,0,0,0
2022-02-15 06:00,23,15,8,0,0,0
2022-02-15 06:15,27,17,10,0,0,0
2022-02-15 06:30,44,31,13,0,0,0
2022-02-15 06:45,58,38,20,0,0,0
2022-02-15 07:00,80,51,29,0,0,0
2022-02-15 07:15,112,73,39,0,0,0
2022-02-15 07:30,170,92,78,0,0,0
2022-02-15 07:45,193,129,64,0,0,0
2022-02-15 08:00,135,82,53,0,0,0
2022-02-15 08:15,118,80,38,0,0,0
2022-02-15 08:30,118,83,35,0,0,0
2022-02-15 08:45,124,81,43,0,0,0
2022-02-15 09:00,81,63,18,0,0,0
2022-02-15 09:15,69,45,24,0,0,0
2022-02-15 09:30,87,58,29,0,0,0
2022-02-15 09:45,93,64,29,0,0,0
2022-02-15 10:00,71,38,33,0,0,0
2022-02-15 10:15,71,45,26,0,0,0
2022-02-15 10:30,93,54,39,0,0,0
2022-02-15 10:45,97,46,51,0,0,0
2022-02-15 11:00,72,33,39,0,0,0
2022-02-15 11:15,98,47,51,0,0,0
2022-02-15 11:30,85,35,50,0,0,0
2022-02-15 11:45,117,55,62,0,0,0
2022-02-15 12:00,124,62,62,0,0,0
2022-02-15 12:15,106,48,58,0,0,0
2022-02-15 12:30,97,40,57,0,0,0
2022-02-15 12:45,120,59,61,0,0,0
2022-02-15 13:00,115,45,70,0,0,0
2022-02-15 13:15,91,41,50,0,0,0
2022-02-15 13:30,95,41,54,0,0,0
2022-02-15 13:45,128,62,66,0,0,0
2022-02-15 14:00,109,40,69,0,0,0
2022-02-15 14:15,117,37,80,0,0,0
2022-02-15 14:30,109,55,54,0,0,0
2022-02-15 14:45,152,65,87,0,0,0
2022-02-15 15:00,150,43,107,0,0,0
2022-02-15 15:15,124,52,72,0,0,0
2022-02-15 15:30,152,60,92,0,0,0
2022-02-15 15:45,179,88,91,0,0,0
2022-02-15 16:00,156,70,86,0,0,0
2022-02-15 16:15,203,97,106,0,0,0
2022-02-15 16:30,177,80,97,0,0,0
2022-02-15 16:45,179,74,105,0,0,0
2022-02-15 17:00,189,60,129,0,0,0
2022-02-15 17:15,169,76,93,0,0,0
2022-02-15 17:30,159,61,98,0,0,0
2022-02-15 17:45,153,56,97,0,0,0
2022-02-15 18:00,153,54,99,0,0,0
2022-02-15 18:15,133,45,88,0,0,0
2022-02-15 18:30,121,33,88,0,0,0
2022-02-15 18:45,120,36,84,0,0,0
2022-02-15 19:00,107,38,69,0,0,0
2022-02-15 19:15,78,34,44,0,0,0
2022-02-15 19:30,66,22,44,0,0,0
2022-02-15 19:45,58,29,29,0,0,0
2022-02-15 20:00,63,22,41,0,0,0
2022-02-15 20:15,57,23,34,0,0,0
2022-02-15 20:30,34,10,24,0,0,0
2022-02-15 20:45,45,12,33,0,0,0
2022-02-15 21:00,25,5,20,0,0,0
2022-02-15 21:15,30,19,11,0,0,0
2022-02-15 21:30,22,8,14,0,0,0
2022-02-15 21:45,32,8,24,0,0,0
2022-02-15 22:00,33,8,25,0,0,0
2022-02-15 22:15,36,13,23,0,0,0
2022-02-15 22:30,29,6,23,0,0,0
2022-02-15 22:45,18,7,11,0,0,0
2022-02-15 23:00,17,2,15,0,0,0
2022-02-15 23:15,34,10,24,0,0,0
2022-02-15 23:30,11,5,6,0,0,0
2022-02-15 23:45,16,6,10,0,0,0
2022-02-16 00:00,13,3,10,0,0,0
2022-02-16 00:15,6,3,3,0,0,0
2022-02-16 00:30,7,3,4,0,0,0
2022-02-16 00:45,4,2,2,0,0,0
2022-02-16 01:00,1,0,1,0,0,0
2022-02-16 01:15,3,0,3,0,0,0
2022-02-16 01:30,4,1,3,0,0,0
2022-02-16 01:45,2,2,0,0,0,0
2022-02-16 02:00,1,0,1,0,0,0
2022-02-16 02:15,0,0,0,0,0,0
2022-02-16 02:30,1,0,1,0,0,0
2022-02-16 02:45,1,1,0,0,0,0
2022-02-16 03:00,0,0,0,0,0,0
2022-02-16 03:15,3,3,0,0,0,0
2022-02-16 03:30,0,0,0,0,0,0
2022-02-16 03:45,0,0,0,0,0,0
2022-02-16 04:00,2,2,0,0,0,0
2022-02-16 04:15,4,4,0,0,0,0
2022-02-16 04:30,2,2,0,0,0,0
2022-02-16 04:45,2,2,0,0,0,0
2022-02-16 05:00,4,2,2,0,0,0
2022-02-16 05:15,5,5,0,0,0,0
2022-02-16 05:30,14,12,2,0,0,0
2022-02-16 05:45,15,9,6,0,0,0
2022-02-16 06:00,12,6,6,0,0,0
2022-02-16 06:15,21,14,7,0,0,0
2022-02-16 06:30,27,17,10,0,0,0
2022-02-16 06:45,52,30,22,0,0,0
2022-02-16 07:00,77,53,24,0,0,0
2022-02-16 07:15,93,58,35,0,0,0
2022-02-16 07:30,120,64,56,0,0,0
2022-02-16 07:45,137,76,61,0,0,0
2022-02-16 08:00,97,68,29,0,0,0
2022-02-16 08:15,101,65,36,0,0,0
2022-02-16 08:30,69,54,15,0,0,0
2022-02-16 08:45,98,77,21,0,0,0
2022-02-16 09:00,71,40,31,0,0,0
2022-02-16 09:15,68,47,21,0,0,0
2022-02-16 09:30,51,34,17,0,0,0
2022-02-16 09:45,76,50,26,0,0,0
2022-02-16 10:00,56,32,24,0,0,0
2022-02-16 10:15,61,38,23,0,0,0
2022-02-16 10:30,53,35,18,0,0,0
2022-02-16 10:45,83,48,35,0,0,0
2022-02-16 11:00,63,31,32,0,0,0
2022-02-16 11:15,63,30,33,0,0,0
2022-02-16 11:30,63,35,28,0,0,0
2022-02-16 11:45,72,41,31,0,0,0
2022-02-16 12:00,96,54,42,0,0,0
2022-02-16 12:15,86,41,45,0,0,0
2022-02-16 12:30,101,30,71,0,0,0
2022-02-16 12:45,90,51,39,0,0,0
2022-02-16 13:00,77,31,46,0,0,0
2022-02-16 13:15,88,38,50,0,0,0
2022-02-16 13:30,93,39,54,0,0,0
2022-02-16 13:45,115,58,57,0,0,0
2022-02-16 14:00,120,45,75,0,0,0
2022-02-16 14:15,88,31,57,0,0,0
2022-02-16 14:30,71,30,41,0,0,0
2022-02-16 14:45,83,26,57,0,0,0
2022-02-16 15:00,95,38,57,0,0,0
2022-02-16 15:15,93,43,50,0,0,0
2022-02-16 15:30,67,28,39,0,0,0
2022-02-16 15:45,122,41,81,0,0,0
2022-02-16 16:00,103,43,60,0,0,0
2022-02-16 16:15,111,34,77,0,0,0
2022-02-16 16:30,118,43,75,0,0,0
2022-02-16 16:45,104,46,58,0,0,0
2022-02-16 17:00,105,39,66,0,0,0
2022-02-16 17:15,83,33,50,0,0,0
2022-02-16 17:30,82,28,54,0,0,0
2022-02-16 17:45,105,39,66,0,0,0
2022-02-16 18:00,105,35,70,0,0,0
2022-02-16 18:15,82,28,54,0,0,0
2022-02-16 18:30,69,21,48,0,0,0
2022-02-16 18:45,64,20,44,0,0,0
2022-02-16 19:00,55,18,37,0,0,0
2022-02-16 19:15,69,24,45,0,0,0
2022-02-16 19:30,43,14,29,0,0,0
2022-02-16 19:45,51,23,28,0,0,0
2022-02-16 20:00,30,11,19,0,0,0
2022-02-16 20:15,37,14,23,0,0,0
2022-02-16 20:30,24,7,17,0,0,0
2022-02-16 20:45,25,5,20,0,0,0
2022-02-16 21:00,24,6,18,0,0,0
2022-02-16 21:15,26,12,14,0,0,0
2022-02-16 21:30,27,9,18,0,0,0
2022-02-16 21:45,17,4,13,0,0,0
2022-02-16 22:00,28,9,19,0,0,0
2022-02-16 22:15,25,7,18,0,0,0
2022-02-16 22:30,18,6,12,0,0,0
2022-02-16 22:45,18,2,16,0,0,0
2022-02-16 23:00,21,3,18,0,0,0
2022-02-16 23:15,9,3,6,0,0,0
2022-02-16 23:30,3,0,3,0,0,0
2022-02-16 23:45,8,3,5,0,0,0
2022-02-17 00:00,5,0,5,0,0,0
2022-02-17 00:15,5,0,5,0,0,0
2022-02-17 00:30,1,0,1,0,0,0
2022-02-17 00:45,4,0,4,0,0,0
2022-02-17 01:00,8,1,7,0,0,0
2022-02-17 01:15,3,0,3,0,0,0
2022-02-17 01:30,3,3,0,0,0,0
2022-02-17 01:45,4,4,0,0,0,0
2022-02-17 02:00,0,0,0,0,0,0
2022-02-17 02:15,2,1,1,0,0,0
2022-02-17 02:30,0,0,0,0,0,0
2022-02-17 02:45,0,0,0,0,0,0
2022-02-17 03:00,1,0,1,0,0,0
2022-02-17 03:15,2,1,1,0,0,0
2022-02-17 03:30,0,0,0,0,0,0
2022-02-17 03:45,0,0,0,0,0,0
2022-02-17 04:00,2,2,0,0,0,0
2022-02-17 04:15,1,1,0,0,0,0
2022-02-17 04:30,3,3,0,0,0,0
2022-02-17 04:45,0,0,0,0,0,0
2022-02-17 05:00,2,0,2,0,0,0
2022-02-17 05:15,5,5,0,0,0,0
2022-02-17 05:30,6,4,2,0,0,0
2022-02-17 05:45,7,6,1,0,0,0
2022-02-17 06:00,11,7,4,0,0,0
2022-02-17 06:15,9,6,3,0,0,0
2022-02-17 06:30,18,14,4,0,0,0
2022-02-17 06:45,28,17,11,0,0,0
2022-02-17 07:00,37,21,16,0,0,0
2022-02-17 07:15,36,25,11,0,0,0
2022-02-17 07:30,56,29,27,0,0,0
2022-02-17 07:45,58,40,18,0,0,0
2022-02-17 08:00,48,31,17,0,0,0
2022-02-17 08:15,72,41,31,0,0,0
2022-02-17 08:30,52,43,9,0,0,0
2022-02-17 08:45,76,49,27,0,0,0
2022-02-17 09:00,60,47,13,0,0,0
2022-02-17 09:15,47,27,20,0,0,0
2022-02-17 09:30,55,37,18,0,0,0
2022-02-17 09:45,55,35,20,0,0,0
2022-02-17 10:00,26,11,15,0,0,0
2022-02-17 10:15,45,26,19,0,0,0
2022-02-17 10:30,51,25,26,0,0,0
2022-02-17 10:45,45,26,19,0,0,0
2022-02-17 11:00,41,18,23,0,0,0
2022-02-17 11:15,52,23,29,0,0,0
2022-02-17 11:30,45,23,22,0,0,0
2022-02-17 11:45,56,29,27,0,0,0
2022-02-17 12:00,70,30,40,0,0,0
2022-02-17 12:15,61,28,33,0,0,0
2022-02-17 12:30,77,26,51,0,0,0
2022-02-17 12:45,58,22,36,0,0,0
2022-02-17 13:00,59,23,36,0,0,0
2022-02-17 13:15,63,33,30,0,0,0
2022-02-17 13:30,70,28,42,0,0,0
2022-02-17 13:45,75,33,42,0,0,0
2022-02-17 14:00,58,28,30,0,0,0
2022-02-17 14:15,57,28,29,0,0,0
2022-02-17 14:30,78,35,43,0,0,0
2022-02-17 14:45,79,41,38,0,0,0
2022-02-17 15:00,70,35,35,0,0,0
2022-02-17 15:15,75,40,35,0,0,0
2022-02-17 15:30,59,23,36,0,0,0
2022-02-17 15:45,105,48,57,0,0,0
2022-02-17 16:00,85,35,50,0,0,0
2022-02-17 16:15,74,28,46,0,0,0
2022-02-17 16:30,101,27,74,0,0,0
2022-02-17 16:45,109,42,67,0,0,0
2022-02-17 17:00,96,40,56,0,0,0
2022-02-17 17:15,76,25,51,0,0,0
2022-02-17 17:30,94,34,60,0,0,0
2022-02-17 17:45,100,29,71,0,0,0
2022-02-17 18:00,101,38,63,0,0,0
2022-02-17 18:15,109,34,75,0,0,0
2022-02-17 18:30,66,20,46,0,0,0
2022-02-17 18:45,81,37,44,0,0,0
2022-02-17 19:00,60,20,40,0,0,0
2022-02-17 19:15,69,28,41,0,0,0
2022-02-17 19:30,52,19,33,0,0,0
2022-02-17 19:45,50,21,29,0,0,0
2022-02-17 20:00,47,15,32,0,0,0
2022-02-17 20:15,30,7,23,0,0,0
2022-02-17 20:30,34,13,21,0,0,0
2022-02-17 20:45,37,7,30,0,0,0
2022-02-17 21:00,27,7,20,0,0,0
2022-02-17 21:15,18,6,12,0,0,0
2022-02-17 21:30,27,7,20,0,0,0
2022-02-17 21:45,25,5,20,0,0,0
2022-02-17 22:00,42,15,27,0,0,0
2022-02-17 22:15,36,9,27,0,0,0
2022-02-17 22:30,33,4,29,0,0,0
2022-02-17 22:45,16,5,11,0,0,0
2022-02-17 23:00,24,5,19,0,0,0
2022-02-17 23:15,17,2,15,0,0,0
2022-02-17 23:30,10,3,7,0,0,0
2022-02-17 23:45,10,1,9,0,0,0
2022-02-18 00:00,5,3,2,0,0,0
2022-02-18 00:15,7,4,3,0,0,0
2022-02-18 00:30,5,1,4,0,0,0
2022-02-18 00:45,7,5,2,0,0,0
2022-02-18 01:00,3,1,2,0,0,0
2022-02-18 01:15,8,5,3,0,0,0
2022-02-18 01:30,6,2,4,0,0,0
2022-02-18 01:45,3,0,3,0,0,0
2022-02-18 02:00,7,0,7,0,0,0
2022-02-18 02:15,1,0,1,0,0,0
2022-02-18 02:30,0,0,0,0,0,0
2022-02-18 02:45,2,1,1,0,0,0
2022-02-18 03:00,1,0,1,0,0,0
2022-02-18 03:15,3,2,1,0,0,0
2022-02-18 03:30,1,0,1,0,0,0
2022-02-18 03:45,0,0,0,0,0,0
2022-02-18 04:00,0,0,0,0,0,0
2022-02-18 04:15,4,4,0,0,0,0
2022-02-18 04:30,3,2,1,0,0,0
2022-02-18 04:45,4,2,2,0,0,0
2022-02-18 05:00,1,1,0,0,0,0
2022-02-18 05:15,4,3,1,0,0,0
2022-02-18 05:30,21,16,5,0,0,0
2022-02-18 05:45,11,10,1,0,0,0
2022-02-18 06:00,17,10,7,0,0,0
2022-02-18 06:15,15,12,3,0,0,0
2022-02-18 06:30,39,20,19,0,0,0
2022-02-18 06:45,36,21,15,0,0,0
2022-02-18 07:00,59,39,20,0,0,0
2022-02-18 07:15,89,48,41,0,0,0
2022-02-18 07:30,113,66,47,0,0,0
2022-02-18 07:45,111,68,43,0,0,0
2022-02-18 08:00,93,50,43,0,0,0
2022-02-18 08:15,91,44,47,0,0,0
2022-02-18 08:30,72,51,21,0,0,0
2022-02-18 08:45,80,63,17,0,0,0
2022-02-18 09:00,52,31,21,0,0,0
2022-02-18 09:15,56,32,24,0,0,0
2022-02-18 09:30,71,42,29,0,0,0
2022-02-18 09:45,87,53,34,0,0,0
2022-02-18 10:00,75,48,27,0,0,0
2022-02-18 10:15,61,33,28,0,0,0
2022-02-18 10:30,67,42,25,0,0,0
2022-02-18 10:45,70,36,34,0,0,0
2022-02-18 11:00,44,22,22,0,0,0
2022-02-18 11:15,83,28,55,0,0,0
2022-02-18 11:30,53,22,31,0,0,0
2022-02-18 11:45,83,34,49,0,0,0
2022-02-18 12:00,76,34,42,0,0,0
2022-02-18 12:15,75,33,42,0,0,0
2022-02-18 12:30,99,40,59,0,0,0
2022-02-18 12:45,104,40,64,0,0,0
2022-02-18 13:00,101,37,64,0,0,0
2022-02-18 13:15,111,30,81,0,0,0
2022-02-18 13:30,117,34,83,0,0,0
2022-02-18 13:45,122,45,77,0,0,0
2022-02-18 14:00,113,38,75,0,0,0
2022-02-18 14:15,97,30,67,0,0,0
2022-02-18 14:30,93,29,64,0,0,0
2022-02-18 14:45,113,48,65,0,0,0
2022-02-18 15:00,118,51,67,0,0,0
2022-02-18 15:15,103,35,68,0,0,0
2022-02-18 15:30,64,19,45,0,0,0
2022-02-18 15:45,61,24,37,0,0,0
2022-02-18 16:00,60,15,45,0,0,0
2022-02-18 16:15,68,16,52,0,0,0
2022-02-18 16:30,59,20,39,0,0,0
2022-02-18 16:45,71,23,48,0,0,0
2022-02-18 17:00,81,19,62,0,0,0
2022-02-18 17:15,45,22,23,0,0,0
2022-02-18 17:30,53,18,35,0,0,0
2022-02-18 17:45,58,20,38,0,0,0
2022-02-18 18:00,49,10,39,0,0,0
2022-02-18 18:15,61,13,48,0,0,0
2022-02-18 18:30,56,11,45,0,0,0
2022-02-18 18:45,34,18,16,0,0,0
2022-02-18 19:00,35,6,29,0,0,0
2022-02-18 19:15,27,8,19,0,0,0
2022-02-18 19:30,20,4,16,0,0,0
2022-02-18 19:45,25,11,14,0,0,0
2022-02-18 20:00,15,5,10,0,0,0
2022-02-18 20:15,18,4,14,0,0,0
2022-02-18 20:30,14,4,10,0,0,0
2022-02-18 20:45,12,2,10,0,0,0
2022-02-18 21:00,8,3,5,0,0,0
2022-02-18 21:15,15,8,7,0,0,0
2022-02-18 21:30,11,3,8,0,0,0
2022-02-18 21:45,10,3,7,0,0,0
2022-02-18 22:00,4,2,2,0,0,0
2022-02-18 22:15,18,7,11,0,0,0
2022-02-18 22:30,6,4,2,0,0,0
2022-02-18 22:45,4,2,2,0,0,0
2022-02-18 23:00,14,6,8,0,0,0
2022-02-18 23:15,9,4,5,0,0,0
2022-02-18 23:30,6,2,4,0,0,0
2022-02-18 23:45,8,1,7,0,0,0
2022-02-19 00:00,17,7,10,0,0,0
2022-02-19 00:15,6,0,6,0,0,0
2022-02-19 00:30,12,1,11,0,0,0
2022-02-19 00:45,9,1,8,0,0,0
2022-02-19 01:00,3,1,2,0,0,0
2022-02-19 01:15,4,2,2,0,0,0
2022-02-19 01:30,7,2,5,0,0,0
2022-02-19 01:45,3,2,1,0,0,0
2022-02-19 02:00,3,1,2,0,0,0
2022-02-19 02:15,7,0,7,0,0,0
2022-02-19 02:30,2,0,2,0,0,0
2022-02-19 02:45,1,1,0,0,0,0
2022-02-19 03:00,2,0,2,0,0,0
2022-02-19 03:15,2,1,1,0,0,0
2022-02-19 03:30,2,0,2,0,0,0
2022-02-19 03:45,1,1,0,0,0,0
2022-02-19 04:00,4,1,3,0,0,0
2022-02-19 04:15,2,0,2,0,0,0
2022-02-19 04:30,2,1,1,0,0,0
2022-02-19 04:45,1,0,1,0,0,0
2022-02-19 05:00,0,0,0,0,0,0
2022-02-19 05:15,7,3,4,0,0,0
2022-02-19 05:30,8,3,5,0,0,0
2022-02-19 05:45,6,4,2,0,0,0
2022-02-19 06:00,2,1,1,0,0,0
2022-02-19 06:15,9,8,1,0,0,0
2022-02-19 06:30,5,5,0,0,0,0
2022-02-19 06:45,6,3,3,0,0,0
2022-02-19 07:00,3,1,2,0,0,0
2022-02-19 07:15,9,5,4,0,0,0
2022-02-19 07:30,17,10,7,0,0,0
2022-02-19 07:45,19,9,10,0,0,0
2022-02-19 08:00,16,10,6,0,0,0
2022-02-19 08:15,24,10,14,0,0,0
2022-02-19 08:30,30,19,11,0,0,0
2022-02-19 08:45,27,19,8,0,0,0
2022-02-19 09:00,24,19,5,0,0,0
2022-02-19 09:15,35,20,15,0,0,0
2022-02-19 09:30,58,38,20,0,0,0
2022-02-19 09:45,93,68,25,0,0,0
2022-02-19 10:00,70,40,30,0,0,0
2022-02-19 10:15,67,36,31,0,0,0
2022-02-19 10:30,65,39,26,0,0,0
2022-02-19 10:45,91,48,43,0,0,0
2022-02-19 11:00,90,49,41,0,0,0
2022-02-19 11:15,101,60,41,0,0,0
2022-02-19 11:30,116,69,47,0,0,0
2022-02-19 11:45,136,62,74,0,0,0
2022-02-19 12:00,105,53,52,0,0,0
2022-02-19 12:15,98,48,50,0,0,0
2022-02-19 12:30,126,70,56,0,0,0
2022-02-19 12:45,87,51,36,0,0,0
2022-02-19 13:00,139,65,74,0,0,0
2022-02-19 13:15,99,48,51,0,0,0
2022-02-19 13:30,113,54,59,0,0,0
2022-02-19 13:45,119,63,56,0,0,0
2022-02-19 14:00,133,64,69,0,0,0
2022-02-19 14:15,112,45,67,0,0,0
2022-02-19 14:30,99,44,55,0,0,0
2022-02-19 14:45,139,63,76,0,0,0
2022-02-19 15:00,102,38,64,0,0,0
2022-02-19 15:15,110,55,55,0,0,0
2022-02-19 15:30,130,61,69,0,0,0
2022-02-19 15:45,101,45,56,0,0,0
2022-02-19 16:00,94,25,69,0,0,0
2022-02-19 16:15,82,37,45,0,0,0
2022-02-19 16:30,88,35,53,0,0,0
2022-02-19 16:45,97,41,56,0,0,0
2022-02-19 17:00,92,36,56,0,0,0
2022-02-19 17:15,86,34,52,0,0,0
2022-02-19 17:30,76,34,42,0,0,0
2022-02-19 17:45,80,27,53,0,0,0
2022-02-19 18:00,73,17,56,0,0,0
2022-02-19 18:15,92,33,59,0,0,0
2022-02-19 18:30,64,20,44,0,0,0
2022-02-19 18:45,85,33,52,0,0,0
2022-02-19 19:00,71,20,51,0,0,0
2022-02-19 19:15,71,21,50,0,0,0
2022-02-19 19:30,42,27,15,0,0,0
2022-02-19 19:45,37,14,23,0,0,0
2022-02-19 20:00,56,19,37,0,0,0
2022-02-19 20:15,31,15,16,0,0,0
2022-02-19 20:30,33,11,22,0,0,0
2022-02-19 20:45,34,15,19,0,0,0
2022-02-19 21:00,20,15,5,0,0,0
2022-02-19 21:15,33,13,20,0,0,0
2022-02-19 21:30,27,8,19,0,0,0
2022-02-19 21:45,28,9,19,0,0,0
2022-02-19 22:00,24,7,17,0,0,0
2022-02-19 22:15,40,18,22,0,0,0
2022-02-19 22:30,19,4,15,0,0,0
2022-02-19 22:45,32,14,18,0,0,0
2022-02-19 23:00,31,9,22,0,0,0
2022-02-19 23:15,42,15,27,0,0,0
2022-02-19 23:30,18,7,11,0,0,0
2022-02-19 23:45,19,3,16,0,0,0
2022-02-20 00:00,13,5,8,0,0,0
2022-02-20 00:15,24,3,21,0,0,0
2022-02-20 00:30,22,10,12,0,0,0
2022-02-20 00:45,16,5,11,0,0,0
2022-02-20 01:00,22,5,17,0,0,0
2022-02-20 01:15,17,6,11,0,0,0
2022-02-20 01:30,19,8,11,0,0,0
2022-02-20 01:45,16,5,11,0,0,0
2022-02-20 02:00,14,8,6,0,0,0
2022-02-20 02:15,14,7,7,0,0,0
2022-02-20 02:30,11,3,8,0,0,0
2022-02-20 02:45,11,2,9,0,0,0
2022-02-20 03:00,7,2,5,0,0,0
2022-02-20 03:15,5,3,2,0,0,0
2022-02-20 03:30,10,4,6,0,0,0
2022-02-20 03:45,9,0,9,0,0,0
2022-02-20 04:00,1,0,1,0,0,0
2022-02-20 04:15,8,4,4,0,0,0
2022-02-20 04:30,1,0,1,0,0,0
2022-02-20 04:45,4,1,3,0,0,0
2022-02-20 05:00,0,0,0,0,0,0
2022-02-20 05:15,6,3,3,0,0,0
2022-02-20 05:30,5,2,3,0,0,0
2022-02-20 05:45,4,1,3,0,0,0
2022-02-20 06:00,3,1,2,0,0,0
2022-02-20 06:15,2,2,0,0,0,0
2022-02-20 06:30,5,1,4,0,0,0
2022-02-20 06:45,4,1,3,0,0,0
2022-02-20 07:00,4,1,3,0,0,0
2022-02-20 07:15,2,1,1,0,0,0
2022-02-20 07:30,6,4,2,0,0,0
2022-02-20 07:45,5,4,1,0,0,0
2022-02-20 08:00,5,1,4,0,0,0
2022-02-20 08:15,5,5,0,0,0,0
2022-02-20 08:30,9,4,5,0,0,0
2022-02-20 08:45,14,11,3,0,0,0
2022-02-20 09:00,10,3,7,0,0,0
2022-02-20 09:15,13,9,4,0,0,0
2022-02-20 09:30,8,2,6,0,0,0
2022-02-20 09:45,15,10,5,0,0,0
2022-02-20 10:00,16,14,2,0,0,0
2022-02-20 10:15,15,10,5,0,0,0
2022-02-20 10:30,21,12,9,0,0,0
2022-02-20 10:45,15,7,8,0,0,0
2022-02-20 11:00,14,4,10,0,0,0
2022-02-20 11:15,7,3,4,0,0,0
2022-02-20 11:30,22,9,13,0,0,0
2022-02-20 11:45,28,12,16,0,0,0
2022-02-20 12:00,22,12,10,0,0,0
2022-02-20 12:15,25,16,9,0,0,0
2022-02-20 12:30,17,7,10,0,0,0
2022-02-20 12:45,22,11,11,0,0,0
2022-02-20 13:00,12,6,6,0,0,0
2022-02-20 13:15,39,17,22,0,0,0
2022-02-20 13:30,30,13,17,0,0,0
2022-02-20 13:45,31,14,17,0,0,0
2022-02-20 14:00,28,12,16,0,0,0
2022-02-20 14:15,26,21,5,0,0,0
2022-02-20 14:30,22,6,16,0,0,0
2022-02-20 14:45,42,23,19,0,0,0
2022-02-20 15:00,32,18,14,0,0,0
2022-02-20 15:15,21,9,12,0,0,0
2022-02-20 15:30,23,9,14,0,0,0
2022-02-20 15:45,30,11,19,0,0,0
2022-02-20 16:00,30,13,17,0,0,0
2022-02-20 16:15,17,8,9,0,0,0
2022-02-20 16:30,24,6,18,0,0,0
2022-02-20 16:45,32,16,16,0,0,0
2022-02-20 17:00,22,6,16,0,0,0
2022-02-20 17:15,29,7,22,0,0,0
2022-02-20 17:30,20,10,10,0,0,0
2022-02-20 17:45,30,14,16,0,0,0
2022-02-20 18:00,29,7,22,0,0,0
2022-02-20 18:15,18,8,10,0,0,0
2022-02-20 18:30,31,7,24,0,0,0
2022-02-20 18:45,38,14,24,0,0,0
2022-02-20 19:00,20,5,15,0,0,0
2022-02-20 19:15,21,10,11,0,0,0
2022-02-20 19:30,17,6,11,0,0,0
2022-02-20 19:45,29,14,15,0,0,0
2022-02-20 20:00,21,10,11,0,0,0
2022-02-20 20:15,16,8,8,0,0,0
2022-02-20 20:30,10,6,4,0,0,0
2022-02-20 20:45,12,5,7,0,0,0
2022-02-20 21:00,15,4,11,0,0,0
2022-02-20 21:15,8,2,6,0,0,0
2022-02-20 21:30,14,5,9,0,0,0
2022-02-20 21:45,8,2,6,0,0,0
2022-02-20 22:00,9,3,6,0,0,0
2022-02-20 22:15,7,3,4,0,0,0
2022-02-20 22:30,4,0,4,0,0,0
2022-02-20 22:45,3,0,3,0,0,0
2022-02-20 23:00,8,2,6,0,0,0
2022-02-20 23:15,2,1,1,0,0,0
2022-02-20 23:30,4,2,2,0,0,0
2022-02-20 23:45,2,2,0,0,0,0
2022-02-21 00:00,3,1,2,0,0,0
2022-02-21 00:15,1,0,1,0,0,0
2022-02-21 00:30,1,0,1,0,0,0
2022-02-21 00:45,1,1,0,0,0,0
2022-02-21 01:00,2,0,2,0,0,0
2022-02-21 01:15,3,1,2,0,0,0
2022-02-21 01:30,0,0,0,0,0,0
2022-02-21 01:45,1,0,1,0,0,0
2022-02-21 02:00,2,0,2,0,0,0
2022-02-21 02:15,0,0,0,0,0,0
2022-02-21 02:30,1,1,0,0,0,0
2022-02-21 02:45,0,0,0,0,0,0
2022-02-21 03:00,0,0,0,0,0,0
2022-02-21 03:15,0,0,0,0,0,0
2022-02-21 03:30,0,0,0,0,0,0
2022-02-21 03:45,2,1,1,0,0,0
2022-02-21 04:00,0,0,0,0,0,0
2022-02-21 04:15,1,0,1,0,0,0
2022-02-21 04:30,3,3,0,0,0,0
2022-02-21 04:45,3,3,0,0,0,0
2022-02-21 05:00,2,1,1,0,0,0
2022-02-21 05:15,8,8,0,0,0,0
2022-02-21 05:30,12,9,3,0,0,0
2022-02-21 05:45,13,11,2,0,0,0
2022-02-21 06:00,15,10,5,0,0,0
2022-02-21 06:15,18,13,5,0,0,0
2022-02-21 06:30,27,13,14,0,0,0
2022-02-21 06:45,44,26,18,0,0,0
2022-02-21 07:00,66,42,24,0,0,0
2022-02-21 07:15,86,57,29,0,0,0
2022-02-21 07:30,152,102,50,0,0,0
2022-02-21 07:45,136,83,53,0,0,0
2022-02-21 08:00,109,69,40,0,0,0
2022-02-21 08:15,104,61,43,0,0,0
2022-02-21 08:30,88,64,24,0,0,0
2022-02-21 08:45,100,75,25,0,0,0
2022-02-21 09:00,75,52,23,0,0,0
2022-02-21 09:15,66,37,29,0,0,0
2022-02-21 09:30,74,54,20,0,0,0
2022-02-21 09:45,79,51,28,0,0,0
2022-02-21 10:00,73,42,31,0,0,0
2022-02-21 10:15,47,29,18,0,0,0
2022-02-21 10:30,67,38,29,0,0,0
2022-02-21 10:45,70,38,32,0,0,0
2022-02-21 11:00,79,31,48,0,0,0
2022-02-21 11:15,51,15,36,0,0,0
2022-02-21 11:30,66,21,45,0,0,0
2022-02-21 11:45,56,29,27,0,0,0
2022-02-21 12:00,66,24,42,0,0,0
2022-02-21 12:15,66,29,37,0,0,0
2022-02-21 12:30,61,21,40,0,0,0
2022-02-21 12:45,78,30,48,0,0,0
2022-02-21 13:00,67,26,41,0,0,0
2022-02-21 13:15,54,14,40,0,0,0
2022-02-21 13:30,53,26,27,0,0,0
2022-02-21 13:45,74,38,36,0,0,0
2022-02-21 14:00,77,27,50,0,0,0
2022-02-21 14:15,59,19,40,0,0,0
2022-02-21 14:30,52,19,33,0,0,0
2022-02-21 14:45,84,35,49,0,0,0
2022-02-21 15:00,70,21,49,0,0,0
2022-02-21 15:15,58,24,34,0,0,0
2022-02-21 15:30,78,27,51,0,0,0
2022-02-21 15:45,82,28,54,0,0,0
2022-02-21 16:00,84,29,55,0,0,0
2022-02-21 16:15,81,30,51,0,0,0
2022-02-21 16:30,102,38,64,0,0,0
2022-02-21 16:45,113,43,70,0,0,0
2022-02-21 17:00,127,31,96,0,0,0
2022-02-21 17:15,128,38,90,0,0,0
2022-02-21 17:30,115,39,76,0,0,0
2022-02-21 17:45,112,31,81,0,0,0
2022-02-21 18:00,112,38,74,0,0,0
2022-02-21 18:15,112,40,72,0,0,0
2022-02-21 18:30,101,32,69,0,0,0
2022-02-21 18:45,86,33,53,0,0,0
2022-02-21 19:00,81,13,68,0,0,0
2022-02-21 19:15,69,26,43,0,0,0
2022-02-21 19:30,57,18,39,0,0,0
2022-02-21 19:45,68,28,40,0,0,0
2022-02-21 20:00,70,22,48,0,0,0
2022-02-21 20:15,36,9,27,0,0,0
2022-02-21 20:30,42,13,29,0,0,0
2022-02-21 20:45,29,10,19,0,0,0
2022-02-21 21:00,23,7,16,0,0,0
2022-02-21 21:15,28,7,21,0,0,0
2022-02-21 21:30,23,8,15,0,0,0
2022-02-21 21:45,41,14,27,0,0,0
2022-02-21 22:00,39,4,35,0,0,0
2022-02-21 22:15,33,6,27,0,0,0
2022-02-21 22:30,14,4,10,0,0,0
2022-02-21 22:45,19,4,15,0,0,0
2022-02-21 23:00,5,3,2,0,0,0
2022-02-21 23:15,12,4,8,0,0,0
2022-02-21 23:30,6,2,4,0,0,0
2022-02-21 23:45,12,6,6,0,0,0
2022-02-22 00:00,6,3,3,0,0,0
2022-02-22 00:15,4,0,4,0,0,0
2022-02-22 00:30,10,0,10,0,0,0
2022-02-22 00:45,4,2,2,0,0,0
2022-02-22 01:00,6,3,3,0,0,0
2022-02-22 01:15,5,3,2,0,0,0
2022-02-22 01:30,5,2,3,0,0,0
2022-02-22 01:45,0,0,0,0,0,0
2022-02-22 02:00,1,0,1,0,0,0
2022-02-22 02:15,4,3,1,0,0,0
2022-02-22 02:30,0,0,0,0,0,0
2022-02-22 02:45,0,0,0,0,0,0
2022-02-22 03:00,0,0,0,0,0,0
2022-02-22 03:15,1,1,0,0,0,0
2022-02-22 03:30,1,0,1,0,0,0
2022-02-22 03:45,3,1,2,0,0,0
2022-02-22 04:00,2,2,0,0,0,0
2022-02-22 04:15,0,0,0,0,0,0
2022-02-22 04:30,3,3,0,0,0,0
2022-02-22 04:45,6,5,1,0,0,0
2022-02-22 05:00,2,1,1,0,0,0
2022-02-22 05:15,7,4,3,0,0,0
2022-02-22 05:30,18,14,4,0,0,0
2022-02-22 05:45,17,15,2,0,0,0
2022-02-22 06:00,20,14,6,0,0,0
2022-02-22 06:15,29,22,7,0,0,0
2022-02-22 06:30,38,27,11,0,0,0
2022-02-22 06:45,57,28,29,0,0,0
2022-02-22 07:00,76,49,27,0,0,0
2022-02-22 07:15,107,69,38,0,0,0
2022-02-22 07:30,163,98,65,0,0,0
2022-02-22 07:45,153,102,51,0,0,0
2022-02-22 08:00,117,84,33,0,0,0
2022-02-22 08:15,115,74,41,0,0,0
2022-02-22 08:30,124,85,39,0,0,0
2022-02-22 08:45,108,83,25,0,0,0
2022-02-22 09:00,83,63,20,0,0,0
2022-02-22 09:15,79,50,29,0,0,0
2022-02-22 09:30,91,60,31,0,0,0
2022-02-22 09:45,85,59,26,0,0,0
2022-02-22 10:00,67,41,26,0,0,0
2022-02-22 10:15,69,30,39,0,0,0
2022-02-22 10:30,71,42,29,0,0,0
2022-02-22 10:45,100,58,42,0,0,0
2022-02-22 11:00,86,43,43,0,0,0
2022-02-22 11:15,118,50,68,0,0,0
2022-02-22 11:30,89,46,43,0,0,0
2022-02-22 11:45,105,49,56,0,0,0
2022-02-22 12:00,106,48,58,0,0,0
2022-02-22 12:15,113,42,71,0,0,0
2022-02-22 12:30,107,45,62,0,0,0
2022-02-22 12:45,102,53,49,0,0,0
2022-02-22 13:00,104,46,58,0,0,0
2022-02-22 13:15,105,42,63,0,0,0
2022-02-22 13:30,74,27,47,0,0,0
2022-02-22 13:45,115,46,69,0,0,0
2022-02-22 14:00,99,40,59,0,0,0
2022-02-22 14:15,89,34,55,0,0,0
2022-02-22 14:30,76,30,46,0,0,0
2022-02-22 14:45,109,52,57,0,0,0
2022-02-22 15:00,99,40,59,0,0,0
2022-02-22 15:15,105,38,67,0,0,0
2022-02-22 15:30,93,39,54,0,0,0
2022-02-22 15:45,130,64,66,0,0,0
2022-02-22 16:00,132,53,79,0,0,0
2022-02-22 16:15,134,58,76,0,0,0
2022-02-22 16:30,111,46,65,0,0,0
2022-02-22 16:45,168,62,106,0,0,0
2022-02-22 17:00,121,49,72,0,0,0
2022-02-22 17:15,127,42,85,0,0,0
2022-02-22 17:30,123,36,87,0,0,0
2022-02-22 17:45,138,44,94,0,0,0
2022-02-22 18:00,134,40,94,0,0,0
2022-02-22 18:15,107,26,81,0,0,0
2022-02-22 18:30,108,32,76,0,0,0
2022-02-22 18:45,65,20,45,0,0,0
2022-02-22 19:00,79,28,51,0,0,0
2022-02-22 19:15,63,22,41,0,0,0
2022-02-22 19:30,52,17,35,0,0,0
2022-02-22 19:45,62,18,44,0,0,0
2022-02-22 20:00,54,19,35,0,0,0
2022-02-22 20:15,41,20,21,0,0,0
2022-02-22 20:30,23,9,14,0,0,0
2022-02-22 20:45,44,14,30,0,0,0
2022-02-22 21:00,37,14,23,0,0,0
2022-02-22 21:15,29,10,19,0,0,0
2022-02-22 21:30,26,2,24,0,0,0
2022-02-22 21:45,47,10,37,0,0,0
2022-02-22 22:00,20,6,14,0,0,0
2022-02-22 22:15,37,11,26,0,0,0
2022-02-22 22:30,25,7,18,0,0,0
2022-02-22 22:45,21,8,13,0,0,0
2022-02-22 23:00,19,6,13,0,0,0
2022-02-22 23:15,8,1,7,0,0,0
2022-02-22 23:30,16,8,8,0,0,0
2022-02-22 23:45,8,2,6,0,0,0
2022-02-23 00:00,9,5,4,0,0,0
2022-02-23 00:15,8,2,6,0,0,0
2022-02-23 00:30,8,3,5,0,0,0
2022-02-23 00:45,3,1,2,0,0,0
2022-02-23 01:00,6,3,3,0,0,0
2022-02-23 01:15,2,1,1,0,0,0
2022-02-23 01:30,2,1,1,0,0,0
2022-02-23 01:45,3,1,2,0,0,0
2022-02-23 02:00,4,0,4,0,0,0
2022-02-23 02:15,5,0,5,0,0,0
2022-02-23 02:30,0,0,0,0,0,0
2022-02-23 02:45,1,0,1,0,0,0
2022-02-23 03:00,1,1,0,0,0,0
2022-02-23 03:15,2,0,2,0,0,0
2022-02-23 03:30,0,0,0,0,0,0
2022-02-23 03:45,1,0,1,0,0,0
2022-02-23 04:00,0,0,0,0,0,0
2022-02-23 04:15,3,1,2,0,0,0
2022-02-23 04:30,2,2,0,0,0,0
2022-02-23 04:45,4,4,0,0,0,0
2022-02-23 05:00,4,4,0,0,0,0
2022-02-23 05:15,9,6,3,0,0,0
2022-02-23 05:30,23,14,9,0,0,0
2022-02-23 05:45,25,20,5,0,0,0
2022-02-23 06:00,29,22,7,0,0,0
2022-02-23 06:15,33,24,9,0,0,0
2022-02-23 06:30,56,33,23,0,0,0
2022-02-23 06:45,58,35,23,0,0,0
2022-02-23 07:00,89,54,35,0,0,0
2022-02-23 07:15,126,79,47,0,0,0
2022-02-23 07:30,178,113,65,0,0,0
2022-02-23 07:45,192,131,61,0,0,0
2022-02-23 08:00,152,103,49,0,0,0
2022-02-23 08:15,151,97,54,0,0,0
2022-02-23 08:30,126,79,47,0,0,0
2022-02-23 08:45,129,86,43,0,0,0
2022-02-23 09:00,95,63,32,0,0,0
2022-02-23 09:15,96,69,27,0,0,0
2022-02-23 09:30,104,64,40,0,0,0
2022-02-23 09:45,115,76,39,0,0,0
2022-02-23 10:00,109,61,48,0,0,0
2022-02-23 10:15,99,62,37,0,0,0
2022-02-23 10:30,118,70,48,0,0,0
2022-02-23 10:45,130,83,47,0,0,0
2022-02-23 11:00,117,54,63,0,0,0
2022-02-23 11:15,133,71,62,0,0,0
2022-02-23 11:30,122,65,57,0,0,0
2022-02-23 11:45,151,75,76,0,0,0
2022-02-23 12:00,128,65,63,0,0,0
2022-02-23 12:15,130,56,74,0,0,0
2022-02-23 12:30,184,83,101,0,0,0
2022-02-23 12:45,159,86,73,0,0,0
2022-02-23 13:00,168,79,89,0,0,0
2022-02-23 13:15,128,61,67,0,0,0
2022-02-23 13:30,162,74,88,0,0,0
2022-02-23 13:45,155,71,84,0,0,0
2022-02-23 14:00,150,61,89,0,0,0
2022-02-23 14:15,148,59,89,0,0,0
2022-02-23 14:30,169,70,99,0,0,0
2022-02-23 14:45,169,76,93,0,0,0
2022-02-23 15:00,139,53,86,0,0,0
2022-02-23 15:15,152,66,86,0,0,0
2022-02-23 15:30,156,66,90,0,0,0
2022-02-23 15:45,162,65,97,0,0,0
2022-02-23 16:00,182,82,100,0,0,0
2022-02-23 16:15,187,67,120,0,0,0
2022-02-23 16:30,192,79,113,0,0,0
2022-02-23 16:45,199,85,114,0,0,0
2022-02-23 17:00,156,55,101,0,0,0
2022-02-23 17:15,204,76,128,0,0,0
2022-02-23 17:30,151,55,96,0,0,0
2022-02-23 17:45,170,67,103,0,0,0
2022-02-23 18:00,169,56,113,0,0,0
2022-02-23 18:15,171,57,114,0,0,0
2022-02-23 18:30,123,29,94,0,0,0
2022-02-23 18:45,147,70,77,0,0,0
2022-02-23 19:00,108,37,71,0,0,0
2022-02-23 19:15,95,32,63,0,0,0
2022-02-23 19:30,85,37,48,0,0,0
2022-02-23 19:45,86,34,52,0,0,0
2022-02-23 20:00,89,39,50,0,0,0
2022-02-23 20:15,47,12,35,0,0,0
2022-02-23 20:30,44,9,35,0,0,0
2022-02-23 20:45,41,17,24,0,0,0
2022-02-23 21:00,44,6,38,0,0,0
2022-02-23 21:15,35,9,26,0,0,0
2022-02-23 21:30,63,18,45,0,0,0
2022-02-23 21:45,51,13,38,0,0,0
2022-02-23 22:00,38,10,28,0,0,0
2022-02-23 22:15,37,12,25,0,0,0
2022-02-23 22:30,47,11,36,0,0,0
2022-02-23 22:45,26,5,21,0,0,0
2022-02-23 23:00,27,2,25,0,0,0
2022-02-23 23:15,35,17,18,0,0,0
2022-02-23 23:30,22,9,13,0,0,0
2022-02-23 23:45,10,6,4,0,0,0
2022-02-24 00:00,11,1,10,0,0,0
2022-02-24 00:15,12,3,9,0,0,0
2022-02-24 00:30,10,1,9,0,0,0
2022-02-24 00:45,12,7,5,0,0,0
2022-02-24 01:00,1,0,1,0,0,0
2022-02-24 01:15,5,0,5,0,0,0
2022-02-24 01:30,2,1,1,0,0,0
2022-02-24 01:45,4,0,4,0,0,0
2022-02-24 02:00,4,1,3,0,0,0
2022-02-24 02:15,2,0,2,0,0,0
2022-02-24 02:30,3,1,2,0,0,0
2022-02-24 02:45,0,0,0,0,0,0
2022-02-24 03:00,2,0,2,0,0,0
2022-02-24 03:15,0,0,0,0,0,0
2022-02-24 03:30,3,0,3,0,0,0
2022-02-24 03:45,2,0,2,0,0,0
2022-02-24 04:00,3,1,2,0,0,0
2022-02-24 04:15,1,1,0,0,0,0
2022-02-24 04:30,2,1,1,0,0,0
2022-02-24 04:45,7,5,2,0,0,0
2022-02-24 05:00,2,2,0,0,0,0
2022-02-24 05:15,4,3,1,0,0,0
2022-02-24 05:30,21,10,11,0,0,0
2022-02-24 05:45,16,12,4,0,0,0
2022-02-24 06:00,15,8,7,0,0,0
2022-02-24 06:15,31,23,8,0,0,0
2022-02-24 06:30,42,21,21,0,0,0
2022-02-24 06:45,49,31,18,0,0,0
2022-02-24 07:00,54,32,22,0,0,0
2022-02-24 07:15,111,65,46,0,0,0
2022-02-24 07:30,173,105,68,0,0,0
2022-02-24 07:45,145,97,48,0,0,0
2022-02-24 08:00,122,78,44,0,0,0
2022-02-24 08:15,108,79,29,0,0,0
2022-02-24 08:30,109,58,51,0,0,0
2022-02-24 08:45,96,58,38,0,0,0
2022-02-24 09:00,68,44,24,0,0,0
2022-02-24 09:15,94,53,41,0,0,0
2022-02-24 09:30,88,59,29,0,0,0
2022-02-24 09:45,85,49,36,0,0,0
2022-02-24 10:00,69,42,27,0,0,0
2022-02-24 10:15,72,28,44,0,0,0
2022-02-24 10:30,91,44,47,0,0,0
2022-02-24 10:45,87,47,40,0,0,0
2022-02-24 11:00,85,46,39,0,0,0
2022-02-24 11:15,86,28,58,0,0,0
2022-02-24 11:30,102,55,47,0,0,0
2022-02-24 11:45,119,59,60,0,0,0
2022-02-24 12:00,106,38,68,0,0,0
2022-02-24 12:15,128,49,79,0,0,0
2022-02-24 12:30,106,36,70,0,0,0
2022-02-24 12:45,105,40,65,0,0,0
2022-02-24 13:00,116,44,72,0,0,0
2022-02-24 13:15,111,47,64,0,0,0
2022-02-24 13:30,106,40,66,0,0,0
2022-02-24 13:45,116,46,70,0,0,0
2022-02-24 14:00,117,58,59,0,0,0
2022-02-24 14:15,140,51,89,0,0,0
2022-02-24 14:30,115,34,81,0,0,0
2022-02-24 14:45,135,58,77,0,0,0
2022-02-24 15:00,155,52,103,0,0,0
2022-02-24 15:15,110,48,62,0,0,0
2022-02-24 15:30,129,64,65,0,0,0
2022-02-24 15:45,164,52,112,0,0,0
2022-02-24 16:00,144,61,83,0,0,0
2022-02-24 16:15,136,52,84,0,0,0
2022-02-24 16:30,130,48,82,0,0,0
2022-02-24 16:45,127,43,84,0,0,0
2022-02-24 17:00,126,25,101,0,0,0
2022-02-24 17:15,99,31,68,0,0,0
2022-02-24 17:30,111,40,71,0,0,0
2022-02-24 17:45,110,40,70,0,0,0
2022-02-24 18:00,128,43,85,0,0,0
2022-02-24 18:15,117,32,85,0,0,0
2022-02-24 18:30,102,32,70,0,0,0
2022-02-24 18:45,125,50,75,0,0,0
2022-02-24 19:00,93,31,62,0,0,0
2022-02-24 19:15,56,18,38,0,0,0
2022-02-24 19:30,58,14,44,0,0,0
2022-02-24 19:45,62,20,42,0,0,0
2022-02-24 20:00,50,18,32,0,0,0
2022-02-24 20:15,67,22,45,0,0,0
2022-02-24 20:30,48,18,30,0,0,0
2022-02-24 20:45,33,11,22,0,0,0
2022-02-24 21:00,37,13,24,0,0,0
2022-02-24 21:15,32,7,25,0,0,0
2022-02-24 21:30,34,13,21,0,0,0
2022-02-24 21:45,29,7,22,0,0,0
2022-02-24 22:00,37,9,28,0,0,0
2022-02-24 22:15,42,7,35,0,0,0
2022-02-24 22:30,15,4,11,0,0,0
2022-02-24 22:45,21,6,15,0,0,0
2022-02-24 23:00,25,6,19,0,0,0
2022-02-24 23:15,26,4,22,0,0,0
2022-02-24 23:30,16,10,6,0,0,0
2022-02-24 23:45,13,5,8,0,0,0
2022-02-25 00:00,11,1,10,0,0,0
2022-02-25 00:15,8,2,6,0,0,0
2022-02-25 00:30,13,2,11,0,0,0
2022-02-25 00:45,3,0,3,0,0,0
2022-02-25 01:00,11,4,7,0,0,0
2022-02-25 01:15,6,1,5,0,0,0
2022-02-25 01:30,8,2,6,0,0,0
2022-02-25 01:45,1,1,0,0,0,0
2022-02-25 02:00,2,1,1,0,0,0
2022-02-25 02:15,3,0,3,0,0,0
2022-02-25 02:30,2,0,2,0,0,0
2022-02-25 02:45,0,0,0,0,0,0
2022-02-25 03:00,2,0,2,0,0,0
2022-02-25 03:15,6,3,3,0,0,0
2022-02-25 03:30,0,0,0,0,0,0
2022-02-25 03:45,1,0,1,0,0,0
2022-02-25 04:00,3,0,3,0,0,0
2022-02-25 04:15,5,2,3,0,0,0
2022-02-25 04:30,2,2,0,0,0,0
2022-02-25 04:45,4,4,0,0,0,0
2022-02-25 05:00,5,4,1,0,0,0
2022-02-25 05:15,9,7,2,0,0,0
2022-02-25 05:30,17,11,6,0,0,0
2022-02-25 05:45,23,18,5,0,0,0
2022-02-25 06:00,15,13,2,0,0,0
2022-02-25 06:15,22,13,9,0,0,0
2022-02-25 06:30,36,23,13,0,0,0
2022-02-25 06:45,39,21,18,0,0,0
2022-02-25 07:00,61,37,24,0,0,0
2022-02-25 07:15,88,59,29,0,0,0
2022-02-25 07:30,142,87,55,0,0,0
2022-02-25 07:45,146,105,41,0,0,0
2022-02-25 08:00,92,57,35,0,0,0
2022-02-25 08:15,119,70,49,0,0,0
2022-02-25 08:30,102,72,30,0,0,0
2022-02-25 08:45,100,73,27,0,0,0
2022-02-25 09:00,68,44,24,0,0,0
2022-02-25 09:15,90,54,36,0,0,0
2022-02-25 09:30,71,44,27,0,0,0
2022-02-25 09:45,86,59,27,0,0,0
2022-02-25 10:00,63,32,31,0,0,0
2022-02-25 10:15,77,48,29,0,0,0
2022-02-25 10:30,68,33,35,0,0,0
2022-02-25 10:45,83,47,36,0,0,0
2022-02-25 11:00,90,46,44,0,0,0
2022-02-25 11:15,87,38,49,0,0,0
2022-02-25 11:30,90,42,48,0,0,0
2022-02-25 11:45,120,59,61,0,0,0
2022-02-25 12:00,110,46,64,0,0,0
2022-02-25 12:15,102,44,58,0,0,0
2022-02-25 12:30,112,44,68,0,0,0
2022-02-25 12:45,98,35,63,0,0,0
2022-02-25 13:00,120,39,81,0,0,0
2022-02-25 13:15,92,35,57,0,0,0
2022-02-25 13:30,122,36,86,0,0,0
2022-02-25 13:45,119,46,73,0,0,0
2022-02-25 14:00,132,51,81,0,0,0
2022-02-25 14:15,138,58,80,0,0,0
2022-02-25 14:30,99,39,60,0,0,0
2022-02-25 14:45,111,49,62,0,0,0
2022-02-25 15:00,107,35,72,0,0,0
2022-02-25 15:15,120,50,70,0,0,0
2022-02-25 15:30,137,36,101,0,0,0
2022-02-25 15:45,123,62,61,0,0,0
2022-02-25 16:00,126,49,77,0,0,0
2022-02-25 16:15,133,54,79,0,0,0
2022-02-25 16:30,133,66,67,0,0,0
2022-02-25 16:45,123,61,62,0,0,0
2022-02-25 17:00,143,87,56,0,0,0
2022-02-25 17:15,176,111,65,0,0,0
2022-02-25 17:30,145,88,57,0,0,0
2022-02-25 17:45,139,69,70,0,0,0
2022-02-25 18:00,138,65,73,0,0,0
2022-02-25 18:15,189,51,138,0,0,0
2022-02-25 18:30,203,53,150,0,0,0
2022-02-25 18:45,143,65,78,0,0,0
2022-02-25 19:00,92,42,50,0,0,0
2022-02-25 19:15,82,24,58,0,0,0
2022-02-25 19:30,76,20,56,0,0,0
2022-02-25 19:45,92,25,67,0,0,0
2022-02-25 20:00,57,22,35,0,0,0
2022-02-25 20:15,52,23,29,0,0,0
2022-02-25 20:30,34,13,21,0,0,0
2022-02-25 20:45,45,14,31,0,0,0
2022-02-25 21:00,40,11,29,0,0,0
2022-02-25 21:15,37,12,25,0,0,0
2022-02-25 21:30,27,18,9,0,0,0
2022-02-25 21:45,31,9,22,0,0,0
2022-02-25 22:00,42,11,31,0,0,0
2022-02-25 22:15,50,10,40,0,0,0
2022-02-25 22:30,24,9,15,0,0,0
2022-02-25 22:45,34,12,22,0,0,0
2022-02-25 23:00,47,9,38,0,0,0
2022-02-25 23:15,29,13,16,0,0,0
2022-02-25 23:30,32,13,19,0,0,0
2022-02-25 23:45,33,13,20,0,0,0
2022-02-26 00:00,36,7,29,0,0,0
2022-02-26 00:15,19,8,11,0,0,0
2022-02-26 00:30,17,5,12,0,0,0
2022-02-26 00:45,17,2,15,0,0,0
2022-02-26 01:00,25,10,15,0,0,0
2022-02-26 01:15,22,4,18,0,0,0
2022-02-26 01:30,14,5,9,0,0,0
2022-02-26 01:45,13,6,7,0,0,0
2022-02-26 02:00,10,6,4,0,0,0
2022-02-26 02:15,11,3,8,0,0,0
2022-02-26 02:30,6,3,3,0,0,0
2022-02-26 02:45,6,3,3,0,0,0
2022-02-26 03:00,9,3,6,0,0,0
2022-02-26 03:15,5,1,4,0,0,0
2022-02-26 03:30,2,1,1,0,0,0
2022-02-26 03:45,2,0,2,0,0,0
2022-02-26 04:00,3,1,2,0,0,0
2022-02-26 04:15,2,0,2,0,0,0
2022-02-26 04:30,5,1,4,0,0,0
2022-02-26 04:45,4,2,2,0,0,0
2022-02-26 05:00,3,1,2,0,0,0
2022-02-26 05:15,4,3,1,0,0,0
2022-02-26 05:30,7,6,1,0,0,0
2022-02-26 05:45,7,6,1,0,0,0
2022-02-26 06:00,6,4,2,0,0,0
2022-02-26 06:15,4,2,2,0,0,0
2022-02-26 06:30,8,6,2,0,0,0
2022-02-26 06:45,5,3,2,0,0,0
2022-02-26 07:00,9,6,3,0,0,0
2022-02-26 07:15,15,11,4,0,0,0
2022-02-26 07:30,18,9,9,0,0,0
2022-02-26 07:45,22,18,4,0,0,0
2022-02-26 08:00,28,21,7,0,0,0
2022-02-26 08:15,15,8,7,0,0,0
2022-02-26 08:30,21,13,8,0,0,0
2022-02-26 08:45,44,30,14,0,0,0
2022-02-26 09:00,68,50,18,0,0,0
2022-02-26 09:15,50,33,17,0,0,0
2022-02-26 09:30,71,48,23,0,0,0
2022-02-26 09:45,104,73,31,0,0,0
2022-02-26 10:00,100,76,24,0,0,0
2022-02-26 10:15,109,84,25,0,0,0
2022-02-26 10:30,119,78,41,0,0,0
2022-02-26 10:45,112,80,32,0,0,0
2022-02-26 11:00,113,63,50,0,0,0
2022-02-26 11:15,136,89,47,0,0,0
2022-02-26 11:30,146,79,67,0,0,0
2022-02-26 11:45,162,95,67,0,0,0
2022-02-26 12:00,150,83,67,0,0,0
2022-02-26 12:15,188,97,91,0,0,0
2022-02-26 12:30,162,73,89,0,0,0
2022-02-26 12:45,171,85,86,0,0,0
2022-02-26 13:00,171,67,104,0,0,0
2022-02-26 13:15,200,64,136,0,0,0
2022-02-26 13:30,177,69,108,0,0,0
2022-02-26 13:45,185,90,95,0,0,0
2022-02-26 14:00,136,60,76,0,0,0
2022-02-26 14:15,117,45,72,0,0,0
2022-02-26 14:30,144,58,86,0,0,0
2022-02-26 14:45,139,58,81,0,0,0
2022-02-26 15:00,130,47,83,0,0,0
2022-02-26 15:15,132,49,83,0,0,0
2022-02-26 15:30,132,52,80,0,0,0
2022-02-26 15:45,136,57,79,0,0,0
2022-02-26 16:00,147,93,54,0,0,0
2022-02-26 16:15,136,73,63,0,0,0
2022-02-26 16:30,111,59,52,0,0,0
2022-02-26 16:45,115,57,58,0,0,0
2022-02-26 17:00,116,50,66,0,0,0
2022-02-26 17:15,97,41,56,0,0,0
2022-02-26 17:30,78,27,51,0,0,0
2022-02-26 17:45,116,52,64,0,0,0
2022-02-26 18:00,91,37,54,0,0,0
2022-02-26 18:15,99,34,65,0,0,0
2022-02-26 18:30,72,22,50,0,0,0
2022-02-26 18:45,75,31,44,0,0,0
2022-02-26 19:00,101,51,50,0,0,0
2022-02-26 19:15,73,30,43,0,0,0
2022-02-26 19:30,53,25,28,0,0,0
2022-02-26 19:45,71,41,30,0,0,0
2022-02-26 20:00,77,31,46,0,0,0
2022-02-26 20:15,46,19,27,0,0,0
2022-02-26 20:30,48,21,27,0,0,0
2022-02-26 20:45,42,16,26,0,0,0
2022-02-26 21:00,50,22,28,0,0,0
2022-02-26 21:15,31,10,21,0,0,0
2022-02-26 21:30,37,17,20,0,0,0
2022-02-26 21:45,44,12,32,0,0,0
2022-02-26 22:00,32,12,20,0,0,0
2022-02-26 22:15,25,2,23,0,0,0
2022-02-26 22:30,48,21,27,0,0,0
2022-02-26 22:45,32,6,26,0,0,0
2022-02-26 23:00,18,11,7,0,0,0
2022-02-26 23:15,28,4,24,0,0,0
2022-02-26 23:30,20,8,12,0,0,0
2022-02-26 23:45,31,8,23,0,0,0
2022-02-27 00:00,21,17,4,0,0,0
2022-02-27 00:15,20,5,15,0,0,0
2022-02-27 00:30,25,12,13,0,0,0
2022-02-27 00:45,27,6,21,0,0,0
2022-02-27 01:00,17,1,16,0,0,0
2022-02-27 01:15,20,5,15,0,0,0
2022-02-27 01:30,13,4,9,0,0,0
2022-02-27 01:45,6,0,6,0,0,0
2022-02-27 02:00,23,3,20,0,0,0
2022-02-27 02:15,14,8,6,0,0,0
2022-02-27 02:30,9,5,4,0,0,0
2022-02-27 02:45,5,3,2,0,0,0
2022-02-27 03:00,10,4,6,0,0,0
2022-02-27 03:15,5,3,2,0,0,0
2022-02-27 03:30,16,3,13,0,0,0
2022-02-27 03:45,10,4,6,0,0,0
2022-02-27 04:00,4,0,4,0,0,0
2022-02-27 04:15,4,0,4,0,0,0
2022-02-27 04:30,2,0,2,0,0,0
2022-02-27 04:45,0,0,0,0,0,0
2022-02-27 05:00,2,0,2,0,0,0
2022-02-27 05:15,2,0,2,0,0,0
2022-02-27 05:30,9,6,3,0,0,0
2022-02-27 05:45,9,7,2,0,0,0
2022-02-27 06:00,1,1,0,0,0,0
2022-02-27 06:15,2,1,1,0,0,0
2022-02-27 06:30,7,4,3,0,0,0
2022-02-27 06:45,1,0,1,0,0,0
2022-02-27 07:00,2,2,0,0,0,0
2022-02-27 07:15,5,1,4,0,0,0
2022-02-27 07:30,1,1,0,0,0,0
2022-02-27 07:45,5,1,4,0,0,0
2022-02-27 08:00,4,3,1,0,0,0
2022-02-27 08:15,5,3,2,0,0,0
2022-02-27 08:30,8,2,6,0,0,0
2022-02-27 08:45,16,11,5,0,0,0
2022-02-27 09:00,14,10,4,0,0,0
2022-02-27 09:15,25,12,13,0,0,0
2022-02-27 09:30,28,13,15,0,0,0
2022-02-27 09:45,39,18,21,0,0,0
2022-02-27 10:00,36,20,16,0,0,0
2022-02-27 10:15,32,14,18,0,0,0
2022-02-27 10:30,36,17,19,0,0,0
2022-02-27 10:45,40,24,16,0,0,0
2022-02-27 11:00,43,22,21,0,0,0
2022-02-27 11:15,37,21,16,0,0,0
2022-02-27 11:30,45,19,26,0,0,0
2022-02-27 11:45,44,25,19,0,0,0
2022-02-27 12:00,58,25,33,0,0,0
2022-02-27 12:15,45,22,23,0,0,0
2022-02-27 12:30,63,36,27,0,0,0
2022-02-27 12:45,70,32,38,0,0,0
2022-02-27 13:00,63,40,23,0,0,0
2022-02-27 13:15,61,36,25,0,0,0
2022-02-27 13:30,69,28,41,0,0,0
2022-02-27 13:45,101,60,41,0,0,0
2022-02-27 14:00,75,37,38,0,0,0
2022-02-27 14:15,107,49,58,0,0,0
2022-02-27 14:30,103,55,48,0,0,0
2022-02-27 14:45,109,58,51,0,0,0
2022-02-27 15:00,85,40,45,0,0,0
2022-02-27 15:15,99,39,60,0,0,0
2022-02-27 15:30,107,54,53,0,0,0
2022-02-27 15:45,90,38,52,0,0,0
2022-02-27 16:00,89,37,52,0,0,0
2022-02-27 16:15,61,20,41,0,0,0
2022-02-27 16:30,69,20,49,0,0,0
2022-02-27 16:45,99,37,62,0,0,0
2022-02-27 17:00,82,25,57,0,0,0
2022-02-27 17:15,58,23,35,0,0,0
2022-02-27 17:30,78,20,58,0,0,0
2022-02-27 17:45,70,24,46,0,0,0
2022-02-27 18:00,53,23,30,0,0,0
2022-02-27 18:15,45,19,26,0,0,0
2022-02-27 18:30,50,24,26,0,0,0
2022-02-27 18:45,65,41,24,0,0,0
2022-02-27 19:00,40,21,19,0,0,0
2022-02-27 19:15,46,17,29,0,0,0
2022-02-27 19:30,33,12,21,0,0,0
2022-02-27 19:45,28,12,16,0,0,0
2022-02-27 20:00,33,10,23,0,0,0
2022-02-27 20:15,35,17,18,0,0,0
2022-02-27 20:30,22,9,13,0,0,0
2022-02-27 20:45,31,9,22,0,0,0
2022-02-27 21:00,37,11,26,0,0,0
2022-02-27 21:15,20,7,13,0,0,0
2022-02-27 21:30,20,5,15,0,0,0
2022-02-27 21:45,19,4,15,0,0,0
2022-02-27 22:00,30,2,28,0,0,0
2022-02-27 22:15,23,3,20,0,0,0
2022-02-27 22:30,13,5,8,0,0,0
2022-02-27 22:45,7,1,6,0,0,0
2022-02-27 23:00,14,4,10,0,0,0
2022-02-27 23:15,8,8,0,0,0,0
2022-02-27 23:30,6,2,4,0,0,0
2022-02-27 23:45,3,1,2,0,0,0
