Datetime,100034980 (Hammer Straße),101034980 (Hammer Straße stadteinwärts),102034980 (Hammer Straße stadtauswärts),100034980-status,101034980-status,102034980-status
2022-04-01 00:00,23,7,16,0,0,0
2022-04-01 00:15,5,3,2,0,0,0
2022-04-01 00:30,7,4,3,0,0,0
2022-04-01 00:45,11,1,10,0,0,0
2022-04-01 01:00,8,4,4,0,0,0
2022-04-01 01:15,2,1,1,0,0,0
2022-04-01 01:30,5,2,3,0,0,0
2022-04-01 01:45,3,1,2,0,0,0
2022-04-01 02:00,5,1,4,0,0,0
2022-04-01 02:15,3,1,2,0,0,0
2022-04-01 02:30,2,0,2,0,0,0
2022-04-01 02:45,1,0,1,0,0,0
2022-04-01 03:00,5,1,4,0,0,0
2022-04-01 03:15,1,0,1,0,0,0
2022-04-01 03:30,1,0,1,0,0,0
2022-04-01 03:45,2,1,1,0,0,0
2022-04-01 04:00,2,1,1,0,0,0
2022-04-01 04:15,3,2,1,0,0,0
2022-04-01 04:30,7,3,4,0,0,0
2022-04-01 04:45,3,2,1,0,0,0
2022-04-01 05:00,5,2,3,0,0,0
2022-04-01 05:15,4,4,0,0,0,0
2022-04-01 05:30,17,15,2,0,0,0
2022-04-01 05:45,13,12,1,0,0,0
2022-04-01 06:00,13,9,4,0,0,0
2022-04-01 06:15,29,20,9,0,0,0
2022-04-01 06:30,36,18,18,0,0,0
2022-04-01 06:45,44,29,15,0,0,0
2022-04-01 07:00,51,29,22,0,0,0
2022-04-01 07:15,70,47,23,0,0,0
2022-04-01 07:30,108,61,47,0,0,0
2022-04-01 07:45,130,85,45,0,0,0
2022-04-01 08:00,90,56,34,0,0,0
2022-04-01 08:15,81,47,34,0,0,0
2022-04-01 08:30,85,53,32,0,0,0
2022-04-01 08:45,107,70,37,0,0,0
2022-04-01 09:00,66,44,22,0,0,0
2022-04-01 09:15,52,36,16,0,0,0
2022-04-01 09:30,52,30,22,0,0,0
2022-04-01 09:45,75,44,31,0,0,0
2022-04-01 10:00,51,29,22,0,0,0
2022-04-01 10:15,41,19,22,0,0,0
2022-04-01 10:30,54,22,32,0,0,0
2022-04-01 10:45,56,36,20,0,0,0
2022-04-01 11:00,58,31,27,0,0,0
2022-04-01 11:15,69,36,33,0,0,0
2022-04-01 11:30,65,33,32,0,0,0
2022-04-01 11:45,75,30,45,0,0,0
2022-04-01 12:00,67,22,45,0,0,0
2022-04-01 12:15,83,38,45,0,0,0
2022-04-01 12:30,75,22,53,0,0,0
2022-04-01 12:45,69,38,31,0,0,0
2022-04-01 13:00,91,28,63,0,0,0
2022-04-01 13:15,92,37,55,0,0,0
2022-04-01 13:30,80,31,49,0,0,0
2022-04-01 13:45,92,35,57,0,0,0
2022-04-01 14:00,92,37,55,0,0,0
2022-04-01 14:15,94,28,66,0,0,0
2022-04-01 14:30,100,36,64,0,0,0
2022-04-01 14:45,113,41,72,0,0,0
2022-04-01 15:00,81,30,51,0,0,0
2022-04-01 15:15,102,37,65,0,0,0
2022-04-01 15:30,106,51,55,0,0,0
2022-04-01 15:45,89,46,43,0,0,0
2022-04-01 16:00,73,25,48,0,0,0
2022-04-01 16:15,106,42,64,0,0,0
2022-04-01 16:30,77,24,53,0,0,0
2022-04-01 16:45,100,49,51,0,0,0
2022-04-01 17:00,71,18,53,0,0,0
2022-04-01 17:15,96,36,60,0,0,0
2022-04-01 17:30,89,40,49,0,0,0
2022-04-01 17:45,98,43,55,0,0,0
2022-04-01 18:00,94,29,65,0,0,0
2022-04-01 18:15,84,30,54,0,0,0
2022-04-01 18:30,80,34,46,0,0,0
2022-04-01 18:45,89,46,43,0,0,0
2022-04-01 19:00,79,34,45,0,0,0
2022-04-01 19:15,60,33,27,0,0,0
2022-04-01 19:30,60,24,36,0,0,0
2022-04-01 19:45,61,33,28,0,0,0
2022-04-01 20:00,50,18,32,0,0,0
2022-04-01 20:15,53,20,33,0,0,0
2022-04-01 20:30,42,27,15,0,0,0
2022-04-01 20:45,33,12,21,0,0,0
2022-04-01 21:00,29,18,11,0,0,0
2022-04-01 21:15,39,16,23,0,0,0
2022-04-01 21:30,34,12,22,0,0,0
2022-04-01 21:45,22,5,17,0,0,0
2022-04-01 22:00,26,15,11,0,0,0
2022-04-01 22:15,31,9,22,0,0,0
2022-04-01 22:30,22,7,15,0,0,0
2022-04-01 22:45,33,8,25,0,0,0
2022-04-01 23:00,22,9,13,0,0,0
2022-04-01 23:15,27,8,19,0,0,0
2022-04-01 23:30,29,10,19,0,0,0
2022-04-01 23:45,22,6,16,0,0,0
2022-04-02 00:00,20,7,13,0,0,0
2022-04-02 00:15,26,16,10,0,0,0
2022-04-02 00:30,13,4,9,0,0,0
2022-04-02 00:45,12,0,12,0,0,0
2022-04-02 01:00,24,9,15,0,0,0
2022-04-02 01:15,10,6,4,0,0,0
2022-04-02 01:30,6,3,3,0,0,0
2022-04-02 01:45,9,3,6,0,0,0
2022-04-02 02:00,16,6,10,0,0,0
2022-04-02 02:15,7,1,6,0,0,0
2022-04-02 02:30,15,6,9,0,0,0
2022-04-02 02:45,6,3,3,0,0,0
2022-04-02 03:00,8,2,6,0,0,0
2022-04-02 03:15,6,4,2,0,0,0
2022-04-02 03:30,10,0,10,0,0,0
2022-04-02 03:45,8,3,5,0,0,0
2022-04-02 04:00,1,0,1,0,0,0
2022-04-02 04:15,1,0,1,0,0,0
2022-04-02 04:30,5,2,3,0,0,0
2022-04-02 04:45,1,0,1,0,0,0
2022-04-02 05:00,3,3,0,0,0,0
2022-04-02 05:15,10,4,6,0,0,0
2022-04-02 05:30,13,9,4,0,0,0
2022-04-02 05:45,4,4,0,0,0,0
2022-04-02 06:00,9,4,5,0,0,0
2022-04-02 06:15,6,1,5,0,0,0
2022-04-02 06:30,7,4,3,0,0,0
2022-04-02 06:45,6,3,3,0,0,0
2022-04-02 07:00,11,7,4,0,0,0
2022-04-02 07:15,9,7,2,0,0,0
2022-04-02 07:30,15,10,5,0,0,0
2022-04-02 07:45,22,16,6,0,0,0
2022-04-02 08:00,29,19,10,0,0,0
2022-04-02 08:15,24,14,10,0,0,0
2022-04-02 08:30,36,29,7,0,0,0
2022-04-02 08:45,52,30,22,0,0,0
2022-04-02 09:00,37,28,9,0,0,0
2022-04-02 09:15,39,30,9,0,0,0
2022-04-02 09:30,70,41,29,0,0,0
2022-04-02 09:45,82,58,24,0,0,0
2022-04-02 10:00,85,58,27,0,0,0
2022-04-02 10:15,75,53,22,0,0,0
2022-04-02 10:30,89,47,42,0,0,0
2022-04-02 10:45,100,59,41,0,0,0
2022-04-02 11:00,90,52,38,0,0,0
2022-04-02 11:15,104,63,41,0,0,0
2022-04-02 11:30,101,60,41,0,0,0
2022-04-02 11:45,113,61,52,0,0,0
2022-04-02 12:00,130,70,60,0,0,0
2022-04-02 12:15,119,53,66,0,0,0
2022-04-02 12:30,113,55,58,0,0,0
2022-04-02 12:45,159,58,101,0,0,0
2022-04-02 13:00,137,63,74,0,0,0
2022-04-02 13:15,157,47,110,0,0,0
2022-04-02 13:30,127,45,82,0,0,0
2022-04-02 13:45,106,55,51,0,0,0
2022-04-02 14:00,153,60,93,0,0,0
2022-04-02 14:15,104,51,53,0,0,0
2022-04-02 14:30,99,49,50,0,0,0
2022-04-02 14:45,119,57,62,0,0,0
2022-04-02 15:00,123,52,71,0,0,0
2022-04-02 15:15,124,51,73,0,0,0
2022-04-02 15:30,113,51,62,0,0,0
2022-04-02 15:45,104,46,58,0,0,0
2022-04-02 16:00,142,82,60,0,0,0
2022-04-02 16:15,121,80,41,0,0,0
2022-04-02 16:30,112,53,59,0,0,0
2022-04-02 16:45,103,53,50,0,0,0
2022-04-02 17:00,95,43,52,0,0,0
2022-04-02 17:15,96,41,55,0,0,0
2022-04-02 17:30,120,63,57,0,0,0
2022-04-02 17:45,92,37,55,0,0,0
2022-04-02 18:00,104,36,68,0,0,0
2022-04-02 18:15,94,48,46,0,0,0
2022-04-02 18:30,98,31,67,0,0,0
2022-04-02 18:45,135,40,95,0,0,0
2022-04-02 19:00,99,43,56,0,0,0
2022-04-02 19:15,87,33,54,0,0,0
2022-04-02 19:30,89,42,47,0,0,0
2022-04-02 19:45,85,34,51,0,0,0
2022-04-02 20:00,63,25,38,0,0,0
2022-04-02 20:15,41,21,20,0,0,0
2022-04-02 20:30,48,20,28,0,0,0
2022-04-02 20:45,51,25,26,0,0,0
2022-04-02 21:00,52,24,28,0,0,0
2022-04-02 21:15,38,17,21,0,0,0
2022-04-02 21:30,78,61,17,0,0,0
2022-04-02 21:45,59,43,16,0,0,0
2022-04-02 22:00,37,22,15,0,0,0
2022-04-02 22:15,35,15,20,0,0,0
2022-04-02 22:30,30,6,24,0,0,0
2022-04-02 22:45,34,16,18,0,0,0
2022-04-02 23:00,33,16,17,0,0,0
2022-04-02 23:15,23,10,13,0,0,0
2022-04-02 23:30,29,12,17,0,0,0
2022-04-02 23:45,43,19,24,0,0,0
2022-04-03 00:00,27,17,10,0,0,0
2022-04-03 00:15,21,13,8,0,0,0
2022-04-03 00:30,26,12,14,0,0,0
2022-04-03 00:45,24,21,3,0,0,0
2022-04-03 01:00,39,19,20,0,0,0
2022-04-03 01:15,19,10,9,0,0,0
2022-04-03 01:30,15,4,11,0,0,0
2022-04-03 01:45,17,5,12,0,0,0
2022-04-03 02:00,22,9,13,0,0,0
2022-04-03 02:15,8,3,5,0,0,0
2022-04-03 02:30,17,3,14,0,0,0
2022-04-03 02:45,14,3,11,0,0,0
2022-04-03 03:00,10,3,7,0,0,0
2022-04-03 03:15,10,2,8,0,0,0
2022-04-03 03:30,11,4,7,0,0,0
2022-04-03 03:45,11,4,7,0,0,0
2022-04-03 04:00,8,0,8,0,0,0
2022-04-03 04:15,6,2,4,0,0,0
2022-04-03 04:30,5,0,5,0,0,0
2022-04-03 04:45,3,0,3,0,0,0
2022-04-03 05:00,7,0,7,0,0,0
2022-04-03 05:15,8,3,5,0,0,0
2022-04-03 05:30,9,5,4,0,0,0
2022-04-03 05:45,3,2,1,0,0,0
2022-04-03 06:00,4,1,3,0,0,0
2022-04-03 06:15,3,2,1,0,0,0
2022-04-03 06:30,3,1,2,0,0,0
2022-04-03 06:45,3,2,1,0,0,0
2022-04-03 07:00,8,4,4,0,0,0
2022-04-03 07:15,2,2,0,0,0,0
2022-04-03 07:30,4,4,0,0,0,0
2022-04-03 07:45,7,4,3,0,0,0
2022-04-03 08:00,5,4,1,0,0,0
2022-04-03 08:15,3,3,0,0,0,0
2022-04-03 08:30,10,5,5,0,0,0
2022-04-03 08:45,18,10,8,0,0,0
2022-04-03 09:00,14,8,6,0,0,0
2022-04-03 09:15,10,6,4,0,0,0
2022-04-03 09:30,19,11,8,0,0,0
2022-04-03 09:45,27,14,13,0,0,0
2022-04-03 10:00,28,18,10,0,0,0
2022-04-03 10:15,32,27,5,0,0,0
2022-04-03 10:30,30,17,13,0,0,0
2022-04-03 10:45,35,17,18,0,0,0
2022-04-03 11:00,24,13,11,0,0,0
2022-04-03 11:15,28,14,14,0,0,0
2022-04-03 11:30,21,12,9,0,0,0
2022-04-03 11:45,39,14,25,0,0,0
2022-04-03 12:00,28,9,19,0,0,0
2022-04-03 12:15,24,12,12,0,0,0
2022-04-03 12:30,38,16,22,0,0,0
2022-04-03 12:45,47,27,20,0,0,0
2022-04-03 13:00,41,21,20,0,0,0
2022-04-03 13:15,46,26,20,0,0,0
2022-04-03 13:30,48,25,23,0,0,0
2022-04-03 13:45,46,18,28,0,0,0
2022-04-03 14:00,43,18,25,0,0,0
2022-04-03 14:15,43,16,27,0,0,0
2022-04-03 14:30,52,28,24,0,0,0
2022-04-03 14:45,50,30,20,0,0,0
2022-04-03 15:00,67,36,31,0,0,0
2022-04-03 15:15,58,29,29,0,0,0
2022-04-03 15:30,43,25,18,0,0,0
2022-04-03 15:45,73,35,38,0,0,0
2022-04-03 16:00,37,18,19,0,0,0
2022-04-03 16:15,47,22,25,0,0,0
2022-04-03 16:30,53,32,21,0,0,0
2022-04-03 16:45,49,23,26,0,0,0
2022-04-03 17:00,55,29,26,0,0,0
2022-04-03 17:15,60,31,29,0,0,0
2022-04-03 17:30,67,31,36,0,0,0
2022-04-03 17:45,45,17,28,0,0,0
2022-04-03 18:00,61,25,36,0,0,0
2022-04-03 18:15,63,27,36,0,0,0
2022-04-03 18:30,45,20,25,0,0,0
2022-04-03 18:45,67,34,33,0,0,0
2022-04-03 19:00,40,12,28,0,0,0
2022-04-03 19:15,27,14,13,0,0,0
2022-04-03 19:30,47,18,29,0,0,0
2022-04-03 19:45,57,25,32,0,0,0
2022-04-03 20:00,32,12,20,0,0,0
2022-04-03 20:15,51,18,33,0,0,0
2022-04-03 20:30,26,6,20,0,0,0
2022-04-03 20:45,37,15,22,0,0,0
2022-04-03 21:00,34,11,23,0,0,0
2022-04-03 21:15,31,11,20,0,0,0
2022-04-03 21:30,26,7,19,0,0,0
2022-04-03 21:45,14,2,12,0,0,0
2022-04-03 22:00,14,3,11,0,0,0
2022-04-03 22:15,23,8,15,0,0,0
2022-04-03 22:30,10,1,9,0,0,0
2022-04-03 22:45,10,4,6,0,0,0
2022-04-03 23:00,11,3,8,0,0,0
2022-04-03 23:15,5,4,1,0,0,0
2022-04-03 23:30,7,2,5,0,0,0
2022-04-03 23:45,7,1,6,0,0,0
2022-04-04 00:00,3,1,2,0,0,0
2022-04-04 00:15,4,3,1,0,0,0
2022-04-04 00:30,2,0,2,0,0,0
2022-04-04 00:45,5,2,3,0,0,0
2022-04-04 01:00,5,0,5,0,0,0
2022-04-04 01:15,0,0,0,0,0,0
2022-04-04 01:30,0,0,0,0,0,0
2022-04-04 01:45,3,0,3,0,0,0
2022-04-04 02:00,1,1,0,0,0,0
2022-04-04 02:15,1,1,0,0,0,0
2022-04-04 02:30,2,0,2,0,0,0
2022-04-04 02:45,0,0,0,0,0,0
2022-04-04 03:00,2,0,2,0,0,0
2022-04-04 03:15,0,0,0,0,0,0
2022-04-04 03:30,0,0,0,0,0,0
2022-04-04 03:45,1,1,0,0,0,0
2022-04-04 04:00,1,1,0,0,0,0
2022-04-04 04:15,1,1,0,0,0,0
2022-04-04 04:30,2,2,0,0,0,0
2022-04-04 04:45,3,2,1,0,0,0
2022-04-04 05:00,4,1,3,0,0,0
2022-04-04 05:15,9,6,3,0,0,0
2022-04-04 05:30,16,12,4,0,0,0
2022-04-04 05:45,18,14,4,0,0,0
2022-04-04 06:00,22,15,7,0,0,0
2022-04-04 06:15,24,19,5,0,0,0
2022-04-04 06:30,42,28,14,0,0,0
2022-04-04 06:45,42,28,14,0,0,0
2022-04-04 07:00,65,45,20,0,0,0
2022-04-04 07:15,107,80,27,0,0,0
2022-04-04 07:30,163,97,66,0,0,0
2022-04-04 07:45,166,100,66,0,0,0
2022-04-04 08:00,127,88,39,0,0,0
2022-04-04 08:15,126,80,46,0,0,0
2022-04-04 08:30,117,76,41,0,0,0
2022-04-04 08:45,114,84,30,0,0,0
2022-04-04 09:00,63,43,20,0,0,0
2022-04-04 09:15,91,59,32,0,0,0
2022-04-04 09:30,108,67,41,0,0,0
2022-04-04 09:45,105,73,32,0,0,0
2022-04-04 10:00,100,51,49,0,0,0
2022-04-04 10:15,82,45,37,0,0,0
2022-04-04 10:30,63,29,34,0,0,0
2022-04-04 10:45,94,41,53,0,0,0
2022-04-04 11:00,80,33,47,0,0,0
2022-04-04 11:15,79,35,44,0,0,0
2022-04-04 11:30,83,40,43,0,0,0
2022-04-04 11:45,78,36,42,0,0,0
2022-04-04 12:00,93,35,58,0,0,0
2022-04-04 12:15,68,37,31,0,0,0
2022-04-04 12:30,87,38,49,0,0,0
2022-04-04 12:45,63,29,34,0,0,0
2022-04-04 13:00,87,30,57,0,0,0
2022-04-04 13:15,73,24,49,0,0,0
2022-04-04 13:30,80,28,52,0,0,0
2022-04-04 13:45,103,48,55,0,0,0
2022-04-04 14:00,75,25,50,0,0,0
2022-04-04 14:15,70,20,50,0,0,0
2022-04-04 14:30,97,45,52,0,0,0
2022-04-04 14:45,100,44,56,0,0,0
2022-04-04 15:00,108,37,71,0,0,0
2022-04-04 15:15,77,28,49,0,0,0
2022-04-04 15:30,88,35,53,0,0,0
2022-04-04 15:45,101,39,62,0,0,0
2022-04-04 16:00,107,34,73,0,0,0
2022-04-04 16:15,88,28,60,0,0,0
2022-04-04 16:30,106,36,70,0,0,0
2022-04-04 16:45,138,39,99,0,0,0
2022-04-04 17:00,125,35,90,0,0,0
2022-04-04 17:15,131,40,91,0,0,0
2022-04-04 17:30,105,33,72,0,0,0
2022-04-04 17:45,124,44,80,0,0,0
2022-04-04 18:00,102,32,70,0,0,0
2022-04-04 18:15,102,39,63,0,0,0
2022-04-04 18:30,98,26,72,0,0,0
2022-04-04 18:45,93,43,50,0,0,0
2022-04-04 19:00,60,16,44,0,0,0
2022-04-04 19:15,55,14,41,0,0,0
2022-04-04 19:30,60,19,41,0,0,0
2022-04-04 19:45,63,23,40,0,0,0
2022-04-04 20:00,55,26,29,0,0,0
2022-04-04 20:15,34,10,24,0,0,0
2022-04-04 20:30,26,7,19,0,0,0
2022-04-04 20:45,25,10,15,0,0,0
2022-04-04 21:00,25,9,16,0,0,0
2022-04-04 21:15,26,13,13,0,0,0
2022-04-04 21:30,26,8,18,0,0,0
2022-04-04 21:45,25,13,12,0,0,0
2022-04-04 22:00,16,3,13,0,0,0
2022-04-04 22:15,29,7,22,0,0,0
2022-04-04 22:30,17,5,12,0,0,0
2022-04-04 22:45,16,2,14,0,0,0
2022-04-04 23:00,11,3,8,0,0,0
2022-04-04 23:15,10,8,2,0,0,0
2022-04-04 23:30,3,0,3,0,0,0
2022-04-04 23:45,11,7,4,0,0,0
2022-04-05 00:00,14,8,6,0,0,0
2022-04-05 00:15,5,2,3,0,0,0
2022-04-05 00:30,5,1,4,0,0,0
2022-04-05 00:45,5,1,4,0,0,0
2022-04-05 01:00,4,1,3,0,0,0
2022-04-05 01:15,2,0,2,0,0,0
2022-04-05 01:30,3,1,2,0,0,0
2022-04-05 01:45,5,1,4,0,0,0
2022-04-05 02:00,0,0,0,0,0,0
2022-04-05 02:15,1,0,1,0,0,0
2022-04-05 02:30,3,0,3,0,0,0
2022-04-05 02:45,2,0,2,0,0,0
2022-04-05 03:00,2,0,2,0,0,0
2022-04-05 03:15,0,0,0,0,0,0
2022-04-05 03:30,1,1,0,0,0,0
2022-04-05 03:45,1,1,0,0,0,0
2022-04-05 04:00,0,0,0,0,0,0
2022-04-05 04:15,4,3,1,0,0,0
2022-04-05 04:30,2,2,0,0,0,0
2022-04-05 04:45,3,3,0,0,0,0
2022-04-05 05:00,3,0,3,0,0,0
2022-04-05 05:15,6,2,4,0,0,0
2022-04-05 05:30,22,17,5,0,0,0
2022-04-05 05:45,24,20,4,0,0,0
2022-04-05 06:00,24,15,9,0,0,0
2022-04-05 06:15,26,19,7,0,0,0
2022-04-05 06:30,47,32,15,0,0,0
2022-04-05 06:45,55,36,19,0,0,0
2022-04-05 07:00,76,42,34,0,0,0
2022-04-05 07:15,82,59,23,0,0,0
2022-04-05 07:30,146,81,65,0,0,0
2022-04-05 07:45,168,113,55,0,0,0
2022-04-05 08:00,129,81,48,0,0,0
2022-04-05 08:15,107,70,37,0,0,0
2022-04-05 08:30,104,67,37,0,0,0
2022-04-05 08:45,123,93,30,0,0,0
2022-04-05 09:00,81,54,27,0,0,0
2022-04-05 09:15,88,52,36,0,0,0
2022-04-05 09:30,79,58,21,0,0,0
2022-04-05 09:45,93,61,32,0,0,0
2022-04-05 10:00,76,40,36,0,0,0
2022-04-05 10:15,62,37,25,0,0,0
2022-04-05 10:30,55,34,21,0,0,0
2022-04-05 10:45,81,44,37,0,0,0
2022-04-05 11:00,63,32,31,0,0,0
2022-04-05 11:15,80,42,38,0,0,0
2022-04-05 11:30,77,40,37,0,0,0
2022-04-05 11:45,73,32,41,0,0,0
2022-04-05 12:00,87,31,56,0,0,0
2022-04-05 12:15,95,43,52,0,0,0
2022-04-05 12:30,95,40,55,0,0,0
2022-04-05 12:45,111,44,67,0,0,0
2022-04-05 13:00,97,41,56,0,0,0
2022-04-05 13:15,101,32,69,0,0,0
2022-04-05 13:30,105,44,61,0,0,0
2022-04-05 13:45,155,80,75,0,0,0
2022-04-05 14:00,117,42,75,0,0,0
2022-04-05 14:15,108,50,58,0,0,0
2022-04-05 14:30,114,36,78,0,0,0
2022-04-05 14:45,119,57,62,0,0,0
2022-04-05 15:00,108,43,65,0,0,0
2022-04-05 15:15,138,57,81,0,0,0
2022-04-05 15:30,121,54,67,0,0,0
2022-04-05 15:45,163,67,96,0,0,0
2022-04-05 16:00,168,45,123,0,0,0
2022-04-05 16:15,122,38,84,0,0,0
2022-04-05 16:30,135,39,96,0,0,0
2022-04-05 16:45,150,52,98,0,0,0
2022-04-05 17:00,139,52,87,0,0,0
2022-04-05 17:15,156,51,105,0,0,0
2022-04-05 17:30,136,40,96,0,0,0
2022-04-05 17:45,139,37,102,0,0,0
2022-04-05 18:00,141,38,103,0,0,0
2022-04-05 18:15,102,37,65,0,0,0
2022-04-05 18:30,117,46,71,0,0,0
2022-04-05 18:45,115,51,64,0,0,0
2022-04-05 19:00,90,33,57,0,0,0
2022-04-05 19:15,86,35,51,0,0,0
2022-04-05 19:30,73,20,53,0,0,0
2022-04-05 19:45,66,25,41,0,0,0
2022-04-05 20:00,77,29,48,0,0,0
2022-04-05 20:15,44,20,24,0,0,0
2022-04-05 20:30,38,11,27,0,0,0
2022-04-05 20:45,28,13,15,0,0,0
2022-04-05 21:00,39,17,22,0,0,0
2022-04-05 21:15,37,14,23,0,0,0
2022-04-05 21:30,38,11,27,0,0,0
2022-04-05 21:45,36,10,26,0,0,0
2022-04-05 22:00,29,10,19,0,0,0
2022-04-05 22:15,38,18,20,0,0,0
2022-04-05 22:30,38,11,27,0,0,0
2022-04-05 22:45,24,6,18,0,0,0
2022-04-05 23:00,46,15,31,0,0,0
2022-04-05 23:15,28,6,22,0,0,0
2022-04-05 23:30,16,8,8,0,0,0
2022-04-05 23:45,10,4,6,0,0,0
2022-04-06 00:00,7,3,4,0,0,0
2022-04-06 00:15,10,1,9,0,0,0
2022-04-06 00:30,7,2,5,0,0,0
2022-04-06 00:45,9,1,8,0,0,0
2022-04-06 01:00,8,4,4,0,0,0
2022-04-06 01:15,2,2,0,0,0,0
2022-04-06 01:30,3,2,1,0,0,0
2022-04-06 01:45,3,1,2,0,0,0
2022-04-06 02:00,0,0,0,0,0,0
2022-04-06 02:15,0,0,0,0,0,0
2022-04-06 02:30,2,0,2,0,0,0
2022-04-06 02:45,4,1,3,0,0,0
2022-04-06 03:00,3,0,3,0,0,0
2022-04-06 03:15,0,0,0,0,0,0
2022-04-06 03:30,1,1,0,0,0,0
2022-04-06 03:45,1,1,0,0,0,0
2022-04-06 04:00,3,2,1,0,0,0
2022-04-06 04:15,4,1,3,0,0,0
2022-04-06 04:30,1,1,0,0,0,0
2022-04-06 04:45,5,4,1,0,0,0
2022-04-06 05:00,3,1,2,0,0,0
2022-04-06 05:15,11,3,8,0,0,0
2022-04-06 05:30,12,11,1,0,0,0
2022-04-06 05:45,22,18,4,0,0,0
2022-04-06 06:00,33,25,8,0,0,0
2022-04-06 06:15,26,16,10,0,0,0
2022-04-06 06:30,40,27,13,0,0,0
2022-04-06 06:45,75,46,29,0,0,0
2022-04-06 07:00,74,45,29,0,0,0
2022-04-06 07:15,106,70,36,0,0,0
2022-04-06 07:30,150,97,53,0,0,0
2022-04-06 07:45,171,104,67,0,0,0
2022-04-06 08:00,129,96,33,0,0,0
2022-04-06 08:15,133,91,42,0,0,0
2022-04-06 08:30,104,72,32,0,0,0
2022-04-06 08:45,147,99,48,0,0,0
2022-04-06 09:00,106,62,44,0,0,0
2022-04-06 09:15,112,74,38,0,0,0
2022-04-06 09:30,108,68,40,0,0,0
2022-04-06 09:45,145,107,38,0,0,0
2022-04-06 10:00,93,55,38,0,0,0
2022-04-06 10:15,136,71,65,0,0,0
2022-04-06 10:30,96,51,45,0,0,0
2022-04-06 10:45,104,62,42,0,0,0
2022-04-06 11:00,100,49,51,0,0,0
2022-04-06 11:15,105,55,50,0,0,0
2022-04-06 11:30,137,77,60,0,0,0
2022-04-06 11:45,120,62,58,0,0,0
2022-04-06 12:00,138,68,70,0,0,0
2022-04-06 12:15,124,51,73,0,0,0
2022-04-06 12:30,131,46,85,0,0,0
2022-04-06 12:45,131,53,78,0,0,0
2022-04-06 13:00,161,69,92,0,0,0
2022-04-06 13:15,134,50,84,0,0,0
2022-04-06 13:30,131,65,66,0,0,0
2022-04-06 13:45,160,60,100,0,0,0
2022-04-06 14:00,139,60,79,0,0,0
2022-04-06 14:15,105,32,73,0,0,0
2022-04-06 14:30,134,50,84,0,0,0
2022-04-06 14:45,145,64,81,0,0,0
2022-04-06 15:00,116,46,70,0,0,0
2022-04-06 15:15,144,56,88,0,0,0
2022-04-06 15:30,120,53,67,0,0,0
2022-04-06 15:45,151,73,78,0,0,0
2022-04-06 16:00,166,66,100,0,0,0
2022-04-06 16:15,149,50,99,0,0,0
2022-04-06 16:30,144,50,94,0,0,0
2022-04-06 16:45,166,52,114,0,0,0
2022-04-06 17:00,143,47,96,0,0,0
2022-04-06 17:15,169,59,110,0,0,0
2022-04-06 17:30,161,65,96,0,0,0
2022-04-06 17:45,164,59,105,0,0,0
2022-04-06 18:00,143,51,92,0,0,0
2022-04-06 18:15,169,54,115,0,0,0
2022-04-06 18:30,154,65,89,0,0,0
2022-04-06 18:45,134,40,94,0,0,0
2022-04-06 19:00,129,47,82,0,0,0
2022-04-06 19:15,120,31,89,0,0,0
2022-04-06 19:30,79,29,50,0,0,0
2022-04-06 19:45,104,44,60,0,0,0
2022-04-06 20:00,91,30,61,0,0,0
2022-04-06 20:15,54,24,30,0,0,0
2022-04-06 20:30,51,15,36,0,0,0
2022-04-06 20:45,51,7,44,0,0,0
2022-04-06 21:00,55,21,34,0,0,0
2022-04-06 21:15,46,14,32,0,0,0
2022-04-06 21:30,69,45,24,0,0,0
2022-04-06 21:45,93,64,29,0,0,0
2022-04-06 22:00,48,21,27,0,0,0
2022-04-06 22:15,71,36,35,0,0,0
2022-04-06 22:30,35,17,18,0,0,0
2022-04-06 22:45,58,47,11,0,0,0
2022-04-06 23:00,65,31,34,0,0,0
2022-04-06 23:15,43,14,29,0,0,0
2022-04-06 23:30,29,12,17,0,0,0
2022-04-06 23:45,15,5,10,0,0,0
2022-04-07 00:00,4,3,1,0,0,0
2022-04-07 00:15,14,2,12,0,0,0
2022-04-07 00:30,7,2,5,0,0,0
2022-04-07 00:45,13,4,9,0,0,0
2022-04-07 01:00,6,1,5,0,0,0
2022-04-07 01:15,8,0,8,0,0,0
2022-04-07 01:30,4,0,4,0,0,0
2022-04-07 01:45,8,2,6,0,0,0
2022-04-07 02:00,9,0,9,0,0,0
2022-04-07 02:15,6,2,4,0,0,0
2022-04-07 02:30,4,0,4,0,0,0
2022-04-07 02:45,2,0,2,0,0,0
2022-04-07 03:00,2,0,2,0,0,0
2022-04-07 03:15,5,1,4,0,0,0
2022-04-07 03:30,12,1,11,0,0,0
2022-04-07 03:45,1,1,0,0,0,0
2022-04-07 04:00,1,0,1,0,0,0
2022-04-07 04:15,4,3,1,0,0,0
2022-04-07 04:30,5,2,3,0,0,0
2022-04-07 04:45,7,2,5,0,0,0
2022-04-07 05:00,2,1,1,0,0,0
2022-04-07 05:15,5,1,4,0,0,0
2022-04-07 05:30,15,13,2,0,0,0
2022-04-07 05:45,17,15,2,0,0,0
2022-04-07 06:00,23,15,8,0,0,0
2022-04-07 06:15,24,15,9,0,0,0
2022-04-07 06:30,45,33,12,0,0,0
2022-04-07 06:45,51,31,20,0,0,0
2022-04-07 07:00,52,34,18,0,0,0
2022-04-07 07:15,91,61,30,0,0,0
2022-04-07 07:30,131,88,43,0,0,0
2022-04-07 07:45,151,105,46,0,0,0
2022-04-07 08:00,117,91,26,0,0,0
2022-04-07 08:15,107,63,44,0,0,0
2022-04-07 08:30,98,65,33,0,0,0
2022-04-07 08:45,92,63,29,0,0,0
2022-04-07 09:00,64,46,18,0,0,0
2022-04-07 09:15,53,32,21,0,0,0
2022-04-07 09:30,66,37,29,0,0,0
2022-04-07 09:45,71,47,24,0,0,0
2022-04-07 10:00,51,30,21,0,0,0
2022-04-07 10:15,41,20,21,0,0,0
2022-04-07 10:30,45,21,24,0,0,0
2022-04-07 10:45,44,30,14,0,0,0
2022-04-07 11:00,37,23,14,0,0,0
2022-04-07 11:15,39,16,23,0,0,0
2022-04-07 11:30,41,22,19,0,0,0
2022-04-07 11:45,61,33,28,0,0,0
2022-04-07 12:00,64,33,31,0,0,0
2022-04-07 12:15,78,37,41,0,0,0
2022-04-07 12:30,79,26,53,0,0,0
2022-04-07 12:45,78,37,41,0,0,0
2022-04-07 13:00,84,30,54,0,0,0
2022-04-07 13:15,90,39,51,0,0,0
2022-04-07 13:30,109,41,68,0,0,0
2022-04-07 13:45,122,60,62,0,0,0
2022-04-07 14:00,99,40,59,0,0,0
2022-04-07 14:15,86,48,38,0,0,0
2022-04-07 14:30,99,40,59,0,0,0
2022-04-07 14:45,146,74,72,0,0,0
2022-04-07 15:00,90,28,62,0,0,0
2022-04-07 15:15,116,46,70,0,0,0
2022-04-07 15:30,120,41,79,0,0,0
2022-04-07 15:45,142,64,78,0,0,0
2022-04-07 16:00,104,41,63,0,0,0
2022-04-07 16:15,129,50,79,0,0,0
2022-04-07 16:30,132,52,80,0,0,0
2022-04-07 16:45,111,45,66,0,0,0
2022-04-07 17:00,157,50,107,0,0,0
2022-04-07 17:15,126,47,79,0,0,0
2022-04-07 17:30,126,47,79,0,0,0
2022-04-07 17:45,128,42,86,0,0,0
2022-04-07 18:00,120,42,78,0,0,0
2022-04-07 18:15,116,34,82,0,0,0
2022-04-07 18:30,106,29,77,0,0,0
2022-04-07 18:45,118,55,63,0,0,0
2022-04-07 19:00,121,26,95,0,0,0
2022-04-07 19:15,86,33,53,0,0,0
2022-04-07 19:30,73,20,53,0,0,0
2022-04-07 19:45,74,28,46,0,0,0
2022-04-07 20:00,62,27,35,0,0,0
2022-04-07 20:15,56,18,38,0,0,0
2022-04-07 20:30,46,25,21,0,0,0
2022-04-07 20:45,46,16,30,0,0,0
2022-04-07 21:00,30,9,21,0,0,0
2022-04-07 21:15,44,14,30,0,0,0
2022-04-07 21:30,26,10,16,0,0,0
2022-04-07 21:45,33,15,18,0,0,0
2022-04-07 22:00,43,14,29,0,0,0
2022-04-07 22:15,24,6,18,0,0,0
2022-04-07 22:30,25,7,18,0,0,0
2022-04-07 22:45,27,10,17,0,0,0
2022-04-07 23:00,46,26,20,0,0,0
2022-04-07 23:15,48,34,14,0,0,0
2022-04-07 23:30,44,20,24,0,0,0
2022-04-07 23:45,21,6,15,0,0,0
2022-04-08 00:00,16,4,12,0,0,0
2022-04-08 00:15,15,1,14,0,0,0
2022-04-08 00:30,3,1,2,0,0,0
2022-04-08 00:45,6,2,4,0,0,0
2022-04-08 01:00,2,1,1,0,0,0
2022-04-08 01:15,5,2,3,0,0,0
2022-04-08 01:30,3,1,2,0,0,0
2022-04-08 01:45,9,0,9,0,0,0
2022-04-08 02:00,4,0,4,0,0,0
2022-04-08 02:15,0,0,0,0,0,0
2022-04-08 02:30,2,0,2,0,0,0
2022-04-08 02:45,5,0,5,0,0,0
2022-04-08 03:00,1,0,1,0,0,0
2022-04-08 03:15,0,0,0,0,0,0
2022-04-08 03:30,1,0,1,0,0,0
2022-04-08 03:45,1,0,1,0,0,0
2022-04-08 04:00,2,1,1,0,0,0
2022-04-08 04:15,1,1,0,0,0,0
2022-04-08 04:30,2,1,1,0,0,0
2022-04-08 04:45,1,1,0,0,0,0
2022-04-08 05:00,2,1,1,0,0,0
2022-04-08 05:15,2,2,0,0,0,0
2022-04-08 05:30,19,11,8,0,0,0
2022-04-08 05:45,23,15,8,0,0,0
2022-04-08 06:00,23,17,6,0,0,0
2022-04-08 06:15,21,15,6,0,0,0
2022-04-08 06:30,35,23,12,0,0,0
2022-04-08 06:45,51,22,29,0,0,0
2022-04-08 07:00,70,45,25,0,0,0
2022-04-08 07:15,78,48,30,0,0,0
2022-04-08 07:30,125,79,46,0,0,0
2022-04-08 07:45,122,80,42,0,0,0
2022-04-08 08:00,105,66,39,0,0,0
2022-04-08 08:15,103,62,41,0,0,0
2022-04-08 08:30,105,67,38,0,0,0
2022-04-08 08:45,120,82,38,0,0,0
2022-04-08 09:00,83,38,45,0,0,0
2022-04-08 09:15,61,39,22,0,0,0
2022-04-08 09:30,99,55,44,0,0,0
2022-04-08 09:45,123,77,46,0,0,0
2022-04-08 10:00,86,56,30,0,0,0
2022-04-08 10:15,104,59,45,0,0,0
2022-04-08 10:30,117,54,63,0,0,0
2022-04-08 10:45,118,57,61,0,0,0
2022-04-08 11:00,108,53,55,0,0,0
2022-04-08 11:15,115,57,58,0,0,0
2022-04-08 11:30,125,73,52,0,0,0
2022-04-08 11:45,146,62,84,0,0,0
2022-04-08 12:00,123,51,72,0,0,0
2022-04-08 12:15,124,47,77,0,0,0
2022-04-08 12:30,134,55,79,0,0,0
2022-04-08 12:45,153,67,86,0,0,0
2022-04-08 13:00,151,64,87,0,0,0
2022-04-08 13:15,157,58,99,0,0,0
2022-04-08 13:30,134,52,82,0,0,0
2022-04-08 13:45,155,58,97,0,0,0
2022-04-08 14:00,148,53,95,0,0,0
2022-04-08 14:15,145,55,90,0,0,0
2022-04-08 14:30,144,62,82,0,0,0
2022-04-08 14:45,146,69,77,0,0,0
2022-04-08 15:00,135,54,81,0,0,0
2022-04-08 15:15,148,61,87,0,0,0
2022-04-08 15:30,138,62,76,0,0,0
2022-04-08 15:45,163,73,90,0,0,0
2022-04-08 16:00,150,48,102,0,0,0
2022-04-08 16:15,125,45,80,0,0,0
2022-04-08 16:30,125,44,81,0,0,0
2022-04-08 16:45,137,59,78,0,0,0
2022-04-08 17:00,123,53,70,0,0,0
2022-04-08 17:15,128,42,86,0,0,0
2022-04-08 17:30,135,63,72,0,0,0
2022-04-08 17:45,141,54,87,0,0,0
2022-04-08 18:00,128,46,82,0,0,0
2022-04-08 18:15,124,54,70,0,0,0
2022-04-08 18:30,115,37,78,0,0,0
2022-04-08 18:45,117,52,65,0,0,0
2022-04-08 19:00,90,42,48,0,0,0
2022-04-08 19:15,139,51,88,0,0,0
2022-04-08 19:30,87,26,61,0,0,0
2022-04-08 19:45,113,54,59,0,0,0
2022-04-08 20:00,85,29,56,0,0,0
2022-04-08 20:15,71,22,49,0,0,0
2022-04-08 20:30,60,20,40,0,0,0
2022-04-08 20:45,49,20,29,0,0,0
2022-04-08 21:00,49,17,32,0,0,0
2022-04-08 21:15,39,15,24,0,0,0
2022-04-08 21:30,29,12,17,0,0,0
2022-04-08 21:45,45,16,29,0,0,0
2022-04-08 22:00,41,14,27,0,0,0
2022-04-08 22:15,39,18,21,0,0,0
2022-04-08 22:30,50,23,27,0,0,0
2022-04-08 22:45,60,37,23,0,0,0
2022-04-08 23:00,47,26,21,0,0,0
2022-04-08 23:15,57,33,24,0,0,0
2022-04-08 23:30,52,25,27,0,0,0
2022-04-08 23:45,22,5,17,0,0,0
2022-04-09 00:00,28,15,13,0,0,0
2022-04-09 00:15,20,7,13,0,0,0
2022-04-09 00:30,21,4,17,0,0,0
2022-04-09 00:45,30,9,21,0,0,0
2022-04-09 01:00,15,5,10,0,0,0
2022-04-09 01:15,21,7,14,0,0,0
2022-04-09 01:30,16,5,11,0,0,0
2022-04-09 01:45,8,4,4,0,0,0
2022-04-09 02:00,19,9,10,0,0,0
2022-04-09 02:15,24,3,21,0,0,0
2022-04-09 02:30,15,6,9,0,0,0
2022-04-09 02:45,11,4,7,0,0,0
2022-04-09 03:00,7,1,6,0,0,0
2022-04-09 03:15,11,4,7,0,0,0
2022-04-09 03:30,20,3,17,0,0,0
2022-04-09 03:45,8,1,7,0,0,0
2022-04-09 04:00,13,4,9,0,0,0
2022-04-09 04:15,4,1,3,0,0,0
2022-04-09 04:30,2,1,1,0,0,0
2022-04-09 04:45,6,2,4,0,0,0
2022-04-09 05:00,6,4,2,0,0,0
2022-04-09 05:15,7,4,3,0,0,0
2022-04-09 05:30,11,5,6,0,0,0
2022-04-09 05:45,9,7,2,0,0,0
2022-04-09 06:00,5,4,1,0,0,0
2022-04-09 06:15,11,8,3,0,0,0
2022-04-09 06:30,6,4,2,0,0,0
2022-04-09 06:45,6,4,2,0,0,0
2022-04-09 07:00,8,6,2,0,0,0
2022-04-09 07:15,13,11,2,0,0,0
2022-04-09 07:30,24,13,11,0,0,0
2022-04-09 07:45,22,12,10,0,0,0
2022-04-09 08:00,31,22,9,0,0,0
2022-04-09 08:15,25,16,9,0,0,0
2022-04-09 08:30,26,15,11,0,0,0
2022-04-09 08:45,46,27,19,0,0,0
2022-04-09 09:00,27,19,8,0,0,0
2022-04-09 09:15,47,35,12,0,0,0
2022-04-09 09:30,57,41,16,0,0,0
2022-04-09 09:45,69,42,27,0,0,0
2022-04-09 10:00,53,36,17,0,0,0
2022-04-09 10:15,89,64,25,0,0,0
2022-04-09 10:30,74,34,40,0,0,0
2022-04-09 10:45,84,62,22,0,0,0
2022-04-09 11:00,70,47,23,0,0,0
2022-04-09 11:15,96,47,49,0,0,0
2022-04-09 11:30,96,42,54,0,0,0
2022-04-09 11:45,101,60,41,0,0,0
2022-04-09 12:00,93,43,50,0,0,0
2022-04-09 12:15,119,62,57,0,0,0
2022-04-09 12:30,98,32,66,0,0,0
2022-04-09 12:45,66,28,38,0,0,0
2022-04-09 13:00,113,55,58,0,0,0
2022-04-09 13:15,108,55,53,0,0,0
2022-04-09 13:30,106,54,52,0,0,0
2022-04-09 13:45,98,46,52,0,0,0
2022-04-09 14:00,64,16,48,0,0,0
2022-04-09 14:15,82,29,53,0,0,0
2022-04-09 14:30,89,37,52,0,0,0
2022-04-09 14:45,88,36,52,0,0,0
2022-04-09 15:00,78,32,46,0,0,0
2022-04-09 15:15,84,34,50,0,0,0
2022-04-09 15:30,79,27,52,0,0,0
2022-04-09 15:45,86,42,44,0,0,0
2022-04-09 16:00,72,28,44,0,0,0
2022-04-09 16:15,58,23,35,0,0,0
2022-04-09 16:30,59,23,36,0,0,0
2022-04-09 16:45,38,17,21,0,0,0
2022-04-09 17:00,76,28,48,0,0,0
2022-04-09 17:15,69,22,47,0,0,0
2022-04-09 17:30,58,27,31,0,0,0
2022-04-09 17:45,54,34,20,0,0,0
2022-04-09 18:00,70,22,48,0,0,0
2022-04-09 18:15,74,22,52,0,0,0
2022-04-09 18:30,45,21,24,0,0,0
2022-04-09 18:45,80,36,44,0,0,0
2022-04-09 19:00,52,16,36,0,0,0
2022-04-09 19:15,56,16,40,0,0,0
2022-04-09 19:30,63,25,38,0,0,0
2022-04-09 19:45,80,29,51,0,0,0
2022-04-09 20:00,59,27,32,0,0,0
2022-04-09 20:15,58,27,31,0,0,0
2022-04-09 20:30,39,20,19,0,0,0
2022-04-09 20:45,46,14,32,0,0,0
2022-04-09 21:00,40,20,20,0,0,0
2022-04-09 21:15,26,14,12,0,0,0
2022-04-09 21:30,29,14,15,0,0,0
2022-04-09 21:45,26,15,11,0,0,0
2022-04-09 22:00,23,5,18,0,0,0
2022-04-09 22:15,27,6,21,0,0,0
2022-04-09 22:30,28,8,20,0,0,0
2022-04-09 22:45,26,7,19,0,0,0
2022-04-09 23:00,30,10,20,0,0,0
2022-04-09 23:15,23,7,16,0,0,0
2022-04-09 23:30,26,10,16,0,0,0
2022-04-09 23:45,16,4,12,0,0,0
2022-04-10 00:00,30,13,17,0,0,0
2022-04-10 00:15,14,3,11,0,0,0
2022-04-10 00:30,28,10,18,0,0,0
2022-04-10 00:45,23,6,17,0,0,0
2022-04-10 01:00,16,6,10,0,0,0
2022-04-10 01:15,16,2,14,0,0,0
2022-04-10 01:30,12,7,5,0,0,0
2022-04-10 01:45,11,6,5,0,0,0
2022-04-10 02:00,4,3,1,0,0,0
2022-04-10 02:15,6,3,3,0,0,0
2022-04-10 02:30,7,0,7,0,0,0
2022-04-10 02:45,6,0,6,0,0,0
2022-04-10 03:00,5,2,3,0,0,0
2022-04-10 03:15,9,2,7,0,0,0
2022-04-10 03:30,3,1,2,0,0,0
2022-04-10 03:45,10,1,9,0,0,0
2022-04-10 04:00,9,2,7,0,0,0
2022-04-10 04:15,11,2,9,0,0,0
2022-04-10 04:30,2,1,1,0,0,0
2022-04-10 04:45,6,1,5,0,0,0
2022-04-10 05:00,0,0,0,0,0,0
2022-04-10 05:15,8,3,5,0,0,0
2022-04-10 05:30,3,2,1,0,0,0
2022-04-10 05:45,4,3,1,0,0,0
2022-04-10 06:00,2,2,0,0,0,0
2022-04-10 06:15,3,1,2,0,0,0
2022-04-10 06:30,1,0,1,0,0,0
2022-04-10 06:45,12,3,9,0,0,0
2022-04-10 07:00,4,1,3,0,0,0
2022-04-10 07:15,3,0,3,0,0,0
2022-04-10 07:30,5,4,1,0,0,0
2022-04-10 07:45,7,6,1,0,0,0
2022-04-10 08:00,10,9,1,0,0,0
2022-04-10 08:15,7,2,5,0,0,0
2022-04-10 08:30,14,7,7,0,0,0
2022-04-10 08:45,16,10,6,0,0,0
2022-04-10 09:00,15,7,8,0,0,0
2022-04-10 09:15,19,12,7,0,0,0
2022-04-10 09:30,22,12,10,0,0,0
2022-04-10 09:45,28,20,8,0,0,0
2022-04-10 10:00,28,18,10,0,0,0
2022-04-10 10:15,27,13,14,0,0,0
2022-04-10 10:30,18,8,10,0,0,0
2022-04-10 10:45,47,21,26,0,0,0
2022-04-10 11:00,22,14,8,0,0,0
2022-04-10 11:15,39,20,19,0,0,0
2022-04-10 11:30,35,19,16,0,0,0
2022-04-10 11:45,48,26,22,0,0,0
2022-04-10 12:00,36,20,16,0,0,0
2022-04-10 12:15,36,22,14,0,0,0
2022-04-10 12:30,41,18,23,0,0,0
2022-04-10 12:45,66,22,44,0,0,0
2022-04-10 13:00,38,13,25,0,0,0
2022-04-10 13:15,52,31,21,0,0,0
2022-04-10 13:30,58,25,33,0,0,0
2022-04-10 13:45,63,29,34,0,0,0
2022-04-10 14:00,74,29,45,0,0,0
2022-04-10 14:15,34,20,14,0,0,0
2022-04-10 14:30,53,24,29,0,0,0
2022-04-10 14:45,44,27,17,0,0,0
2022-04-10 15:00,58,31,27,0,0,0
2022-04-10 15:15,61,35,26,0,0,0
2022-04-10 15:30,49,26,23,0,0,0
2022-04-10 15:45,43,23,20,0,0,0
2022-04-10 16:00,50,23,27,0,0,0
2022-04-10 16:15,62,22,40,0,0,0
2022-04-10 16:30,48,25,23,0,0,0
2022-04-10 16:45,53,27,26,0,0,0
2022-04-10 17:00,58,31,27,0,0,0
2022-04-10 17:15,72,24,48,0,0,0
2022-04-10 17:30,68,26,42,0,0,0
2022-04-10 17:45,70,28,42,0,0,0
2022-04-10 18:00,72,25,47,0,0,0
2022-04-10 18:15,49,17,32,0,0,0
2022-04-10 18:30,50,21,29,0,0,0
2022-04-10 18:45,60,30,30,0,0,0
2022-04-10 19:00,73,26,47,0,0,0
2022-04-10 19:15,31,11,20,0,0,0
2022-04-10 19:30,68,38,30,0,0,0
2022-04-10 19:45,52,33,19,0,0,0
2022-04-10 20:00,47,12,35,0,0,0
2022-04-10 20:15,41,15,26,0,0,0
2022-04-10 20:30,33,9,24,0,0,0
2022-04-10 20:45,45,11,34,0,0,0
2022-04-10 21:00,37,12,25,0,0,0
2022-04-10 21:15,25,9,16,0,0,0
2022-04-10 21:30,29,6,23,0,0,0
2022-04-10 21:45,35,9,26,0,0,0
2022-04-10 22:00,28,12,16,0,0,0
2022-04-10 22:15,19,10,9,0,0,0
2022-04-10 22:30,15,7,8,0,0,0
2022-04-10 22:45,13,4,9,0,0,0
2022-04-10 23:00,12,4,8,0,0,0
2022-04-10 23:15,10,2,8,0,0,0
2022-04-10 23:30,10,3,7,0,0,0
2022-04-10 23:45,14,4,10,0,0,0
2022-04-11 00:00,4,2,2,0,0,0
2022-04-11 00:15,3,0,3,0,0,0
2022-04-11 00:30,5,3,2,0,0,0
2022-04-11 00:45,7,1,6,0,0,0
2022-04-11 01:00,4,3,1,0,0,0
2022-04-11 01:15,0,0,0,0,0,0
2022-04-11 01:30,2,2,0,0,0,0
2022-04-11 01:45,2,1,1,0,0,0
2022-04-11 02:00,0,0,0,0,0,0
2022-04-11 02:15,1,0,1,0,0,0
2022-04-11 02:30,0,0,0,0,0,0
2022-04-11 02:45,0,0,0,0,0,0
2022-04-11 03:00,0,0,0,0,0,0
2022-04-11 03:15,0,0,0,0,0,0
2022-04-11 03:30,0,0,0,0,0,0
2022-04-11 03:45,0,0,0,0,0,0
2022-04-11 04:00,1,0,1,0,0,0
2022-04-11 04:15,2,2,0,0,0,0
2022-04-11 04:30,1,1,0,0,0,0
2022-04-11 04:45,1,1,0,0,0,0
2022-04-11 05:00,2,0,2,0,0,0
2022-04-11 05:15,10,4,6,0,0,0
2022-04-11 05:30,13,9,4,0,0,0
2022-04-11 05:45,21,16,5,0,0,0
2022-04-11 06:00,23,14,9,0,0,0
2022-04-11 06:15,30,17,13,0,0,0
2022-04-11 06:30,47,27,20,0,0,0
2022-04-11 06:45,58,36,22,0,0,0
2022-04-11 07:00,56,31,25,0,0,0
2022-04-11 07:15,74,48,26,0,0,0
2022-04-11 07:30,100,63,37,0,0,0
2022-04-11 07:45,125,89,36,0,0,0
2022-04-11 08:00,89,56,33,0,0,0
2022-04-11 08:15,109,70,39,0,0,0
2022-04-11 08:30,92,55,37,0,0,0
2022-04-11 08:45,107,77,30,0,0,0
2022-04-11 09:00,80,52,28,0,0,0
2022-04-11 09:15,76,56,20,0,0,0
2022-04-11 09:30,81,53,28,0,0,0
2022-04-11 09:45,111,70,41,0,0,0
2022-04-11 10:00,92,53,39,0,0,0
2022-04-11 10:15,101,52,49,0,0,0
2022-04-11 10:30,77,47,30,0,0,0
2022-04-11 10:45,118,74,44,0,0,0
2022-04-11 11:00,96,50,46,0,0,0
2022-04-11 11:15,105,48,57,0,0,0
2022-04-11 11:30,119,62,57,0,0,0
2022-04-11 11:45,122,60,62,0,0,0
2022-04-11 12:00,142,61,81,0,0,0
2022-04-11 12:15,124,48,76,0,0,0
2022-04-11 12:30,141,73,68,0,0,0
2022-04-11 12:45,101,46,55,0,0,0
2022-04-11 13:00,139,65,74,0,0,0
2022-04-11 13:15,121,47,74,0,0,0
2022-04-11 13:30,127,66,61,0,0,0
2022-04-11 13:45,133,66,67,0,0,0
2022-04-11 14:00,155,70,85,0,0,0
2022-04-11 14:15,119,55,64,0,0,0
2022-04-11 14:30,159,79,80,0,0,0
2022-04-11 14:45,147,59,88,0,0,0
2022-04-11 15:00,138,58,80,0,0,0
2022-04-11 15:15,152,67,85,0,0,0
2022-04-11 15:30,179,88,91,0,0,0
2022-04-11 15:45,210,102,108,0,0,0
2022-04-11 16:00,177,74,103,0,0,0
2022-04-11 16:15,159,67,92,0,0,0
2022-04-11 16:30,171,81,90,0,0,0
2022-04-11 16:45,167,66,101,0,0,0
2022-04-11 17:00,188,78,110,0,0,0
2022-04-11 17:15,204,87,117,0,0,0
2022-04-11 17:30,171,68,103,0,0,0
2022-04-11 17:45,217,78,139,0,0,0
2022-04-11 18:00,186,65,121,0,0,0
2022-04-11 18:15,144,70,74,0,0,0
2022-04-11 18:30,110,21,89,0,0,0
2022-04-11 18:45,155,43,112,0,0,0
2022-04-11 19:00,121,34,87,0,0,0
2022-04-11 19:15,111,49,62,0,0,0
2022-04-11 19:30,120,54,66,0,0,0
2022-04-11 19:45,99,30,69,0,0,0
2022-04-11 20:00,93,32,61,0,0,0
2022-04-11 20:15,66,19,47,0,0,0
2022-04-11 20:30,45,12,33,0,0,0
2022-04-11 20:45,50,12,38,0,0,0
2022-04-11 21:00,44,14,30,0,0,0
2022-04-11 21:15,29,13,16,0,0,0
2022-04-11 21:30,48,11,37,0,0,0
2022-04-11 21:45,34,20,14,0,0,0
2022-04-11 22:00,28,9,19,0,0,0
2022-04-11 22:15,23,4,19,0,0,0
2022-04-11 22:30,25,6,19,0,0,0
2022-04-11 22:45,25,7,18,0,0,0
2022-04-11 23:00,28,8,20,0,0,0
2022-04-11 23:15,13,5,8,0,0,0
2022-04-11 23:30,14,7,7,0,0,0
2022-04-11 23:45,9,4,5,0,0,0
2022-04-12 00:00,13,2,11,0,0,0
2022-04-12 00:15,10,2,8,0,0,0
2022-04-12 00:30,3,0,3,0,0,0
2022-04-12 00:45,8,2,6,0,0,0
2022-04-12 01:00,2,0,2,0,0,0
2022-04-12 01:15,10,1,9,0,0,0
2022-04-12 01:30,2,0,2,0,0,0
2022-04-12 01:45,2,1,1,0,0,0
2022-04-12 02:00,1,0,1,0,0,0
2022-04-12 02:15,2,0,2,0,0,0
2022-04-12 02:30,4,1,3,0,0,0
2022-04-12 02:45,2,1,1,0,0,0
2022-04-12 03:00,1,0,1,0,0,0
2022-04-12 03:15,0,0,0,0,0,0
2022-04-12 03:30,0,0,0,0,0,0
2022-04-12 03:45,2,0,2,0,0,0
2022-04-12 04:00,1,1,0,0,0,0
2022-04-12 04:15,4,4,0,0,0,0
2022-04-12 04:30,1,0,1,0,0,0
2022-04-12 04:45,1,1,0,0,0,0
2022-04-12 05:00,2,1,1,0,0,0
2022-04-12 05:15,6,3,3,0,0,0
2022-04-12 05:30,15,7,8,0,0,0
2022-04-12 05:45,23,17,6,0,0,0
2022-04-12 06:00,29,21,8,0,0,0
2022-04-12 06:15,31,23,8,0,0,0
2022-04-12 06:30,49,27,22,0,0,0
2022-04-12 06:45,61,44,17,0,0,0
2022-04-12 07:00,66,43,23,0,0,0
2022-04-12 07:15,86,54,32,0,0,0
2022-04-12 07:30,130,87,43,0,0,0
2022-04-12 07:45,135,100,35,0,0,0
2022-04-12 08:00,111,76,35,0,0,0
2022-04-12 08:15,118,81,37,0,0,0
2022-04-12 08:30,115,77,38,0,0,0
2022-04-12 08:45,131,95,36,0,0,0
2022-04-12 09:00,106,70,36,0,0,0
2022-04-12 09:15,120,83,37,0,0,0
2022-04-12 09:30,100,51,49,0,0,0
2022-04-12 09:45,142,89,53,0,0,0
2022-04-12 10:00,129,82,47,0,0,0
2022-04-12 10:15,98,47,51,0,0,0
2022-04-12 10:30,91,53,38,0,0,0
2022-04-12 10:45,126,70,56,0,0,0
2022-04-12 11:00,111,50,61,0,0,0
2022-04-12 11:15,119,62,57,0,0,0
2022-04-12 11:30,113,58,55,0,0,0
2022-04-12 11:45,151,76,75,0,0,0
2022-04-12 12:00,139,69,70,0,0,0
2022-04-12 12:15,133,55,78,0,0,0
2022-04-12 12:30,131,57,74,0,0,0
2022-04-12 12:45,118,65,53,0,0,0
2022-04-12 13:00,110,53,57,0,0,0
2022-04-12 13:15,141,61,80,0,0,0
2022-04-12 13:30,133,62,71,0,0,0
2022-04-12 13:45,173,92,81,0,0,0
2022-04-12 14:00,164,92,72,0,0,0
2022-04-12 14:15,151,63,88,0,0,0
2022-04-12 14:30,149,61,88,0,0,0
2022-04-12 14:45,177,89,88,0,0,0
2022-04-12 15:00,171,65,106,0,0,0
2022-04-12 15:15,176,72,104,0,0,0
2022-04-12 15:30,183,86,97,0,0,0
2022-04-12 15:45,187,90,97,0,0,0
2022-04-12 16:00,222,104,118,0,0,0
2022-04-12 16:15,211,85,126,0,0,0
2022-04-12 16:30,172,59,113,0,0,0
2022-04-12 16:45,226,97,129,0,0,0
2022-04-12 17:00,200,84,116,0,0,0
2022-04-12 17:15,204,67,137,0,0,0
2022-04-12 17:30,184,74,110,0,0,0
2022-04-12 17:45,190,70,120,0,0,0
2022-04-12 18:00,197,64,133,0,0,0
2022-04-12 18:15,194,79,115,0,0,0
2022-04-12 18:30,149,65,84,0,0,0
2022-04-12 18:45,150,57,93,0,0,0
2022-04-12 19:00,136,47,89,0,0,0
2022-04-12 19:15,127,48,79,0,0,0
2022-04-12 19:30,92,25,67,0,0,0
2022-04-12 19:45,79,33,46,0,0,0
2022-04-12 20:00,105,38,67,0,0,0
2022-04-12 20:15,100,25,75,0,0,0
2022-04-12 20:30,73,20,53,0,0,0
2022-04-12 20:45,57,17,40,0,0,0
2022-04-12 21:00,53,19,34,0,0,0
2022-04-12 21:15,39,15,24,0,0,0
2022-04-12 21:30,35,16,19,0,0,0
2022-04-12 21:45,49,21,28,0,0,0
2022-04-12 22:00,37,8,29,0,0,0
2022-04-12 22:15,44,17,27,0,0,0
2022-04-12 22:30,34,13,21,0,0,0
2022-04-12 22:45,28,5,23,0,0,0
2022-04-12 23:00,45,20,25,0,0,0
2022-04-12 23:15,40,12,28,0,0,0
2022-04-12 23:30,36,9,27,0,0,0
2022-04-12 23:45,28,11,17,0,0,0
2022-04-13 00:00,17,10,7,0,0,0
2022-04-13 00:15,16,5,11,0,0,0
2022-04-13 00:30,10,2,8,0,0,0
2022-04-13 00:45,6,2,4,0,0,0
2022-04-13 01:00,4,2,2,0,0,0
2022-04-13 01:15,1,1,0,0,0,0
2022-04-13 01:30,7,3,4,0,0,0
2022-04-13 01:45,3,2,1,0,0,0
2022-04-13 02:00,1,1,0,0,0,0
2022-04-13 02:15,1,1,0,0,0,0
2022-04-13 02:30,3,1,2,0,0,0
2022-04-13 02:45,1,1,0,0,0,0
2022-04-13 03:00,3,2,1,0,0,0
2022-04-13 03:15,0,0,0,0,0,0
2022-04-13 03:30,0,0,0,0,0,0
2022-04-13 03:45,1,0,1,0,0,0
2022-04-13 04:00,3,2,1,0,0,0
2022-04-13 04:15,3,3,0,0,0,0
2022-04-13 04:30,2,0,2,0,0,0
2022-04-13 04:45,3,2,1,0,0,0
2022-04-13 05:00,0,0,0,0,0,0
2022-04-13 05:15,6,3,3,0,0,0
2022-04-13 05:30,15,8,7,0,0,0
2022-04-13 05:45,19,16,3,0,0,0
2022-04-13 06:00,20,13,7,0,0,0
2022-04-13 06:15,35,23,12,0,0,0
2022-04-13 06:30,53,38,15,0,0,0
2022-04-13 06:45,68,47,21,0,0,0
2022-04-13 07:00,87,55,32,0,0,0
2022-04-13 07:15,103,65,38,0,0,0
2022-04-13 07:30,118,81,37,0,0,0
2022-04-13 07:45,135,85,50,0,0,0
2022-04-13 08:00,107,78,29,0,0,0
2022-04-13 08:15,128,90,38,0,0,0
2022-04-13 08:30,119,72,47,0,0,0
2022-04-13 08:45,137,107,30,0,0,0
2022-04-13 09:00,109,67,42,0,0,0
2022-04-13 09:15,90,62,28,0,0,0
2022-04-13 09:30,115,78,37,0,0,0
2022-04-13 09:45,133,87,46,0,0,0
2022-04-13 10:00,142,88,54,0,0,0
2022-04-13 10:15,116,75,41,0,0,0
2022-04-13 10:30,101,62,39,0,0,0
2022-04-13 10:45,155,85,70,0,0,0
2022-04-13 11:00,113,64,49,0,0,0
2022-04-13 11:15,131,74,57,0,0,0
2022-04-13 11:30,169,85,84,0,0,0
2022-04-13 11:45,168,77,91,0,0,0
2022-04-13 12:00,162,78,84,0,0,0
2022-04-13 12:15,151,63,88,0,0,0
2022-04-13 12:30,151,78,73,0,0,0
2022-04-13 12:45,164,77,87,0,0,0
2022-04-13 13:00,164,73,91,0,0,0
2022-04-13 13:15,146,60,86,0,0,0
2022-04-13 13:30,155,75,80,0,0,0
2022-04-13 13:45,177,65,112,0,0,0
2022-04-13 14:00,191,77,114,0,0,0
2022-04-13 14:15,133,56,77,0,0,0
2022-04-13 14:30,177,72,105,0,0,0
2022-04-13 14:45,157,65,92,0,0,0
2022-04-13 15:00,148,55,93,0,0,0
2022-04-13 15:15,173,59,114,0,0,0
2022-04-13 15:30,165,58,107,0,0,0
2022-04-13 15:45,174,76,98,0,0,0
2022-04-13 16:00,186,69,117,0,0,0
2022-04-13 16:15,159,50,109,0,0,0
2022-04-13 16:30,162,61,101,0,0,0
2022-04-13 16:45,175,65,110,0,0,0
2022-04-13 17:00,182,77,105,0,0,0
2022-04-13 17:15,204,64,140,0,0,0
2022-04-13 17:30,172,57,115,0,0,0
2022-04-13 17:45,184,56,128,0,0,0
2022-04-13 18:00,180,61,119,0,0,0
2022-04-13 18:15,169,70,99,0,0,0
2022-04-13 18:30,149,52,97,0,0,0
2022-04-13 18:45,134,54,80,0,0,0
2022-04-13 19:00,124,36,88,0,0,0
2022-04-13 19:15,106,34,72,0,0,0
2022-04-13 19:30,80,30,50,0,0,0
2022-04-13 19:45,91,31,60,0,0,0
2022-04-13 20:00,104,46,58,0,0,0
2022-04-13 20:15,88,38,50,0,0,0
2022-04-13 20:30,57,25,32,0,0,0
2022-04-13 20:45,51,23,28,0,0,0
2022-04-13 21:00,33,8,25,0,0,0
2022-04-13 21:15,30,14,16,0,0,0
2022-04-13 21:30,41,14,27,0,0,0
2022-04-13 21:45,32,16,16,0,0,0
2022-04-13 22:00,37,17,20,0,0,0
2022-04-13 22:15,44,12,32,0,0,0
2022-04-13 22:30,42,19,23,0,0,0
2022-04-13 22:45,32,8,24,0,0,0
2022-04-13 23:00,42,14,28,0,0,0
2022-04-13 23:15,31,16,15,0,0,0
2022-04-13 23:30,30,13,17,0,0,0
2022-04-13 23:45,22,10,12,0,0,0
2022-04-14 00:00,9,2,7,0,0,0
2022-04-14 00:15,11,2,9,0,0,0
2022-04-14 00:30,10,5,5,0,0,0
2022-04-14 00:45,12,4,8,0,0,0
2022-04-14 01:00,10,4,6,0,0,0
2022-04-14 01:15,4,1,3,0,0,0
2022-04-14 01:30,5,0,5,0,0,0
2022-04-14 01:45,2,0,2,0,0,0
2022-04-14 02:00,6,0,6,0,0,0
2022-04-14 02:15,4,0,4,0,0,0
2022-04-14 02:30,7,1,6,0,0,0
2022-04-14 02:45,7,0,7,0,0,0
2022-04-14 03:00,4,0,4,0,0,0
2022-04-14 03:15,2,0,2,0,0,0
2022-04-14 03:30,0,0,0,0,0,0
2022-04-14 03:45,4,1,3,0,0,0
2022-04-14 04:00,4,1,3,0,0,0
2022-04-14 04:15,5,3,2,0,0,0
2022-04-14 04:30,4,1,3,0,0,0
2022-04-14 04:45,1,0,1,0,0,0
2022-04-14 05:00,1,0,1,0,0,0
2022-04-14 05:15,3,1,2,0,0,0
2022-04-14 05:30,17,11,6,0,0,0
2022-04-14 05:45,21,16,5,0,0,0
2022-04-14 06:00,29,21,8,0,0,0
2022-04-14 06:15,23,17,6,0,0,0
2022-04-14 06:30,46,27,19,0,0,0
2022-04-14 06:45,54,37,17,0,0,0
2022-04-14 07:00,53,29,24,0,0,0
2022-04-14 07:15,64,40,24,0,0,0
2022-04-14 07:30,90,55,35,0,0,0
2022-04-14 07:45,123,78,45,0,0,0
2022-04-14 08:00,76,50,26,0,0,0
2022-04-14 08:15,105,72,33,0,0,0
2022-04-14 08:30,89,60,29,0,0,0
2022-04-14 08:45,90,73,17,0,0,0
2022-04-14 09:00,78,46,32,0,0,0
2022-04-14 09:15,83,55,28,0,0,0
2022-04-14 09:30,92,58,34,0,0,0
2022-04-14 09:45,113,76,37,0,0,0
2022-04-14 10:00,102,66,36,0,0,0
2022-04-14 10:15,74,42,32,0,0,0
2022-04-14 10:30,82,45,37,0,0,0
2022-04-14 10:45,106,63,43,0,0,0
2022-04-14 11:00,99,57,42,0,0,0
2022-04-14 11:15,95,53,42,0,0,0
2022-04-14 11:30,108,56,52,0,0,0
2022-04-14 11:45,158,77,81,0,0,0
2022-04-14 12:00,134,68,66,0,0,0
2022-04-14 12:15,134,63,71,0,0,0
2022-04-14 12:30,145,73,72,0,0,0
2022-04-14 12:45,142,62,80,0,0,0
2022-04-14 13:00,117,58,59,0,0,0
2022-04-14 13:15,134,66,68,0,0,0
2022-04-14 13:30,174,73,101,0,0,0
2022-04-14 13:45,125,61,64,0,0,0
2022-04-14 14:00,145,60,85,0,0,0
2022-04-14 14:15,131,73,58,0,0,0
2022-04-14 14:30,131,49,82,0,0,0
2022-04-14 14:45,162,80,82,0,0,0
2022-04-14 15:00,156,60,96,0,0,0
2022-04-14 15:15,166,64,102,0,0,0
2022-04-14 15:30,176,77,99,0,0,0
2022-04-14 15:45,195,94,101,0,0,0
2022-04-14 16:00,177,67,110,0,0,0
2022-04-14 16:15,179,82,97,0,0,0
2022-04-14 16:30,162,61,101,0,0,0
2022-04-14 16:45,156,64,92,0,0,0
2022-04-14 17:00,168,71,97,0,0,0
2022-04-14 17:15,161,75,86,0,0,0
2022-04-14 17:30,195,80,115,0,0,0
2022-04-14 17:45,177,89,88,0,0,0
2022-04-14 18:00,164,61,103,0,0,0
2022-04-14 18:15,153,46,107,0,0,0
2022-04-14 18:30,147,51,96,0,0,0
2022-04-14 18:45,138,45,93,0,0,0
2022-04-14 19:00,113,47,66,0,0,0
2022-04-14 19:15,128,42,86,0,0,0
2022-04-14 19:30,98,37,61,0,0,0
2022-04-14 19:45,91,44,47,0,0,0
2022-04-14 20:00,78,34,44,0,0,0
2022-04-14 20:15,54,19,35,0,0,0
2022-04-14 20:30,58,28,30,0,0,0
2022-04-14 20:45,41,23,18,0,0,0
2022-04-14 21:00,34,12,22,0,0,0
2022-04-14 21:15,38,13,25,0,0,0
2022-04-14 21:30,36,14,22,0,0,0
2022-04-14 21:45,40,11,29,0,0,0
2022-04-14 22:00,31,12,19,0,0,0
2022-04-14 22:15,30,7,23,0,0,0
2022-04-14 22:30,34,11,23,0,0,0
2022-04-14 22:45,32,11,21,0,0,0
2022-04-14 23:00,35,13,22,0,0,0
2022-04-14 23:15,40,18,22,0,0,0
2022-04-14 23:30,22,7,15,0,0,0
2022-04-14 23:45,16,4,12,0,0,0
2022-04-15 00:00,26,8,18,0,0,0
2022-04-15 00:15,26,8,18,0,0,0
2022-04-15 00:30,19,7,12,0,0,0
2022-04-15 00:45,16,11,5,0,0,0
2022-04-15 01:00,16,5,11,0,0,0
2022-04-15 01:15,23,1,22,0,0,0
2022-04-15 01:30,12,6,6,0,0,0
2022-04-15 01:45,3,2,1,0,0,0
2022-04-15 02:00,8,4,4,0,0,0
2022-04-15 02:15,21,10,11,0,0,0
2022-04-15 02:30,4,0,4,0,0,0
2022-04-15 02:45,5,1,4,0,0,0
2022-04-15 03:00,12,1,11,0,0,0
2022-04-15 03:15,9,6,3,0,0,0
2022-04-15 03:30,4,1,3,0,0,0
2022-04-15 03:45,3,2,1,0,0,0
2022-04-15 04:00,1,0,1,0,0,0
2022-04-15 04:15,4,1,3,0,0,0
2022-04-15 04:30,4,2,2,0,0,0
2022-04-15 04:45,1,1,0,0,0,0
2022-04-15 05:00,0,0,0,0,0,0
2022-04-15 05:15,4,1,3,0,0,0
2022-04-15 05:30,8,8,0,0,0,0
2022-04-15 05:45,8,6,2,0,0,0
2022-04-15 06:00,3,1,2,0,0,0
2022-04-15 06:15,3,1,2,0,0,0
2022-04-15 06:30,7,5,2,0,0,0
2022-04-15 06:45,13,12,1,0,0,0
2022-04-15 07:00,6,3,3,0,0,0
2022-04-15 07:15,4,2,2,0,0,0
2022-04-15 07:30,8,3,5,0,0,0
2022-04-15 07:45,9,3,6,0,0,0
2022-04-15 08:00,7,5,2,0,0,0
2022-04-15 08:15,25,8,17,0,0,0
2022-04-15 08:30,18,8,10,0,0,0
2022-04-15 08:45,14,8,6,0,0,0
2022-04-15 09:00,9,5,4,0,0,0
2022-04-15 09:15,11,3,8,0,0,0
2022-04-15 09:30,22,16,6,0,0,0
2022-04-15 09:45,22,12,10,0,0,0
2022-04-15 10:00,22,13,9,0,0,0
2022-04-15 10:15,22,13,9,0,0,0
2022-04-15 10:30,24,16,8,0,0,0
2022-04-15 10:45,29,17,12,0,0,0
2022-04-15 11:00,27,16,11,0,0,0
2022-04-15 11:15,36,17,19,0,0,0
2022-04-15 11:30,35,16,19,0,0,0
2022-04-15 11:45,34,25,9,0,0,0
2022-04-15 12:00,44,19,25,0,0,0
2022-04-15 12:15,56,30,26,0,0,0
2022-04-15 12:30,45,29,16,0,0,0
2022-04-15 12:45,42,21,21,0,0,0
2022-04-15 13:00,47,19,28,0,0,0
2022-04-15 13:15,43,22,21,0,0,0
2022-04-15 13:30,59,33,26,0,0,0
2022-04-15 13:45,57,31,26,0,0,0
2022-04-15 14:00,51,20,31,0,0,0
2022-04-15 14:15,66,41,25,0,0,0
2022-04-15 14:30,69,29,40,0,0,0
2022-04-15 14:45,69,40,29,0,0,0
2022-04-15 15:00,51,28,23,0,0,0
2022-04-15 15:15,32,21,11,0,0,0
2022-04-15 15:30,40,16,24,0,0,0
2022-04-15 15:45,58,33,25,0,0,0
2022-04-15 16:00,57,39,18,0,0,0
2022-04-15 16:15,33,9,24,0,0,0
2022-04-15 16:30,61,26,35,0,0,0
2022-04-15 16:45,63,31,32,0,0,0
2022-04-15 17:00,63,20,43,0,0,0
2022-04-15 17:15,40,17,23,0,0,0
2022-04-15 17:30,53,22,31,0,0,0
2022-04-15 17:45,52,25,27,0,0,0
2022-04-15 18:00,44,17,27,0,0,0
2022-04-15 18:15,45,15,30,0,0,0
2022-04-15 18:30,36,10,26,0,0,0
2022-04-15 18:45,43,19,24,0,0,0
2022-04-15 19:00,42,15,27,0,0,0
2022-04-15 19:15,27,12,15,0,0,0
2022-04-15 19:30,43,20,23,0,0,0
2022-04-15 19:45,58,23,35,0,0,0
2022-04-15 20:00,30,11,19,0,0,0
2022-04-15 20:15,34,19,15,0,0,0
2022-04-15 20:30,25,13,12,0,0,0
2022-04-15 20:45,13,2,11,0,0,0
2022-04-15 21:00,28,14,14,0,0,0
2022-04-15 21:15,30,8,22,0,0,0
2022-04-15 21:30,24,8,16,0,0,0
2022-04-15 21:45,14,4,10,0,0,0
2022-04-15 22:00,27,7,20,0,0,0
2022-04-15 22:15,26,7,19,0,0,0
2022-04-15 22:30,19,7,12,0,0,0
2022-04-15 22:45,13,5,8,0,0,0
2022-04-15 23:00,17,2,15,0,0,0
2022-04-15 23:15,13,4,9,0,0,0
2022-04-15 23:30,19,5,14,0,0,0
2022-04-15 23:45,8,3,5,0,0,0
2022-04-16 00:00,9,2,7,0,0,0
2022-04-16 00:15,9,3,6,0,0,0
2022-04-16 00:30,3,2,1,0,0,0
2022-04-16 00:45,9,4,5,0,0,0
2022-04-16 01:00,6,3,3,0,0,0
2022-04-16 01:15,10,2,8,0,0,0
2022-04-16 01:30,6,1,5,0,0,0
2022-04-16 01:45,8,4,4,0,0,0
2022-04-16 02:00,6,0,6,0,0,0
2022-04-16 02:15,5,2,3,0,0,0
2022-04-16 02:30,3,1,2,0,0,0
2022-04-16 02:45,0,0,0,0,0,0
2022-04-16 03:00,3,1,2,0,0,0
2022-04-16 03:15,1,1,0,0,0,0
2022-04-16 03:30,1,0,1,0,0,0
2022-04-16 03:45,4,2,2,0,0,0
2022-04-16 04:00,2,1,1,0,0,0
2022-04-16 04:15,0,0,0,0,0,0
2022-04-16 04:30,2,1,1,0,0,0
2022-04-16 04:45,3,2,1,0,0,0
2022-04-16 05:00,1,1,0,0,0,0
2022-04-16 05:15,5,1,4,0,0,0
2022-04-16 05:30,18,12,6,0,0,0
2022-04-16 05:45,11,10,1,0,0,0
2022-04-16 06:00,2,2,0,0,0,0
2022-04-16 06:15,3,2,1,0,0,0
2022-04-16 06:30,16,8,8,0,0,0
2022-04-16 06:45,15,11,4,0,0,0
2022-04-16 07:00,14,9,5,0,0,0
2022-04-16 07:15,20,16,4,0,0,0
2022-04-16 07:30,21,12,9,0,0,0
2022-04-16 07:45,25,16,9,0,0,0
2022-04-16 08:00,29,17,12,0,0,0
2022-04-16 08:15,35,19,16,0,0,0
2022-04-16 08:30,40,21,19,0,0,0
2022-04-16 08:45,46,28,18,0,0,0
2022-04-16 09:00,47,28,19,0,0,0
2022-04-16 09:15,95,51,44,0,0,0
2022-04-16 09:30,100,73,27,0,0,0
2022-04-16 09:45,124,90,34,0,0,0
2022-04-16 10:00,115,75,40,0,0,0
2022-04-16 10:15,123,90,33,0,0,0
2022-04-16 10:30,118,71,47,0,0,0
2022-04-16 10:45,177,116,61,0,0,0
2022-04-16 11:00,150,82,68,0,0,0
2022-04-16 11:15,154,95,59,0,0,0
2022-04-16 11:30,157,82,75,0,0,0
2022-04-16 11:45,163,90,73,0,0,0
2022-04-16 12:00,157,64,93,0,0,0
2022-04-16 12:15,174,98,76,0,0,0
2022-04-16 12:30,146,73,73,0,0,0
2022-04-16 12:45,173,100,73,0,0,0
2022-04-16 13:00,156,81,75,0,0,0
2022-04-16 13:15,139,76,63,0,0,0
2022-04-16 13:30,139,52,87,0,0,0
2022-04-16 13:45,159,74,85,0,0,0
2022-04-16 14:00,159,62,97,0,0,0
2022-04-16 14:15,135,53,82,0,0,0
2022-04-16 14:30,141,52,89,0,0,0
2022-04-16 14:45,131,62,69,0,0,0
2022-04-16 15:00,126,53,73,0,0,0
2022-04-16 15:15,101,41,60,0,0,0
2022-04-16 15:30,136,49,87,0,0,0
2022-04-16 15:45,120,45,75,0,0,0
2022-04-16 16:00,109,46,63,0,0,0
2022-04-16 16:15,89,36,53,0,0,0
2022-04-16 16:30,102,42,60,0,0,0
2022-04-16 16:45,109,34,75,0,0,0
2022-04-16 17:00,114,43,71,0,0,0
2022-04-16 17:15,96,29,67,0,0,0
2022-04-16 17:30,95,38,57,0,0,0
2022-04-16 17:45,82,25,57,0,0,0
2022-04-16 18:00,100,25,75,0,0,0
2022-04-16 18:15,82,24,58,0,0,0
2022-04-16 18:30,74,27,47,0,0,0
2022-04-16 18:45,66,24,42,0,0,0
2022-04-16 19:00,53,20,33,0,0,0
2022-04-16 19:15,61,23,38,0,0,0
2022-04-16 19:30,59,22,37,0,0,0
2022-04-16 19:45,67,28,39,0,0,0
2022-04-16 20:00,44,19,25,0,0,0
2022-04-16 20:15,32,15,17,0,0,0
2022-04-16 20:30,53,22,31,0,0,0
2022-04-16 20:45,28,11,17,0,0,0
2022-04-16 21:00,28,14,14,0,0,0
2022-04-16 21:15,25,8,17,0,0,0
2022-04-16 21:30,30,15,15,0,0,0
2022-04-16 21:45,27,10,17,0,0,0
2022-04-16 22:00,26,8,18,0,0,0
2022-04-16 22:15,33,10,23,0,0,0
2022-04-16 22:30,20,7,13,0,0,0
2022-04-16 22:45,19,6,13,0,0,0
2022-04-16 23:00,20,5,15,0,0,0
2022-04-16 23:15,21,7,14,0,0,0
2022-04-16 23:30,11,6,5,0,0,0
2022-04-16 23:45,24,7,17,0,0,0
2022-04-17 00:00,19,7,12,0,0,0
2022-04-17 00:15,33,10,23,0,0,0
2022-04-17 00:30,20,10,10,0,0,0
2022-04-17 00:45,12,6,6,0,0,0
2022-04-17 01:00,15,6,9,0,0,0
2022-04-17 01:15,9,1,8,0,0,0
2022-04-17 01:30,12,2,10,0,0,0
2022-04-17 01:45,7,2,5,0,0,0
2022-04-17 02:00,6,0,6,0,0,0
2022-04-17 02:15,5,2,3,0,0,0
2022-04-17 02:30,2,2,0,0,0,0
2022-04-17 02:45,9,2,7,0,0,0
2022-04-17 03:00,0,0,0,0,0,0
2022-04-17 03:15,6,0,6,0,0,0
2022-04-17 03:30,8,2,6,0,0,0
2022-04-17 03:45,4,1,3,0,0,0
2022-04-17 04:00,1,0,1,0,0,0
2022-04-17 04:15,7,3,4,0,0,0
2022-04-17 04:30,4,1,3,0,0,0
2022-04-17 04:45,11,4,7,0,0,0
2022-04-17 05:00,1,1,0,0,0,0
2022-04-17 05:15,3,0,3,0,0,0
2022-04-17 05:30,8,6,2,0,0,0
2022-04-17 05:45,5,4,1,0,0,0
2022-04-17 06:00,2,2,0,0,0,0
2022-04-17 06:15,4,3,1,0,0,0
2022-04-17 06:30,5,3,2,0,0,0
2022-04-17 06:45,2,1,1,0,0,0
2022-04-17 07:00,6,5,1,0,0,0
2022-04-17 07:15,6,4,2,0,0,0
2022-04-17 07:30,5,3,2,0,0,0
2022-04-17 07:45,4,2,2,0,0,0
2022-04-17 08:00,15,8,7,0,0,0
2022-04-17 08:15,9,7,2,0,0,0
2022-04-17 08:30,11,9,2,0,0,0
2022-04-17 08:45,20,14,6,0,0,0
2022-04-17 09:00,10,8,2,0,0,0
2022-04-17 09:15,28,14,14,0,0,0
2022-04-17 09:30,24,16,8,0,0,0
2022-04-17 09:45,62,36,26,0,0,0
2022-04-17 10:00,31,24,7,0,0,0
2022-04-17 10:15,37,16,21,0,0,0
2022-04-17 10:30,40,25,15,0,0,0
2022-04-17 10:45,45,22,23,0,0,0
2022-04-17 11:00,32,18,14,0,0,0
2022-04-17 11:15,31,19,12,0,0,0
2022-04-17 11:30,45,26,19,0,0,0
2022-04-17 11:45,48,17,31,0,0,0
2022-04-17 12:00,49,20,29,0,0,0
2022-04-17 12:15,46,27,19,0,0,0
2022-04-17 12:30,42,24,18,0,0,0
2022-04-17 12:45,53,30,23,0,0,0
2022-04-17 13:00,42,26,16,0,0,0
2022-04-17 13:15,46,19,27,0,0,0
2022-04-17 13:30,52,24,28,0,0,0
2022-04-17 13:45,62,29,33,0,0,0
2022-04-17 14:00,40,15,25,0,0,0
2022-04-17 14:15,36,16,20,0,0,0
2022-04-17 14:30,56,28,28,0,0,0
2022-04-17 14:45,50,24,26,0,0,0
2022-04-17 15:00,45,21,24,0,0,0
2022-04-17 15:15,55,27,28,0,0,0
2022-04-17 15:30,56,21,35,0,0,0
2022-04-17 15:45,48,23,25,0,0,0
2022-04-17 16:00,40,8,32,0,0,0
2022-04-17 16:15,51,28,23,0,0,0
2022-04-17 16:30,73,28,45,0,0,0
2022-04-17 16:45,43,27,16,0,0,0
2022-04-17 17:00,55,25,30,0,0,0
2022-04-17 17:15,57,18,39,0,0,0
2022-04-17 17:30,48,13,35,0,0,0
2022-04-17 17:45,51,23,28,0,0,0
2022-04-17 18:00,52,27,25,0,0,0
2022-04-17 18:15,47,12,35,0,0,0
2022-04-17 18:30,36,14,22,0,0,0
2022-04-17 18:45,50,20,30,0,0,0
2022-04-17 19:00,45,12,33,0,0,0
2022-04-17 19:15,58,22,36,0,0,0
2022-04-17 19:30,38,15,23,0,0,0
2022-04-17 19:45,37,17,20,0,0,0
2022-04-17 20:00,55,20,35,0,0,0
2022-04-17 20:15,23,14,9,0,0,0
2022-04-17 20:30,44,9,35,0,0,0
2022-04-17 20:45,23,7,16,0,0,0
2022-04-17 21:00,25,10,15,0,0,0
2022-04-17 21:15,26,10,16,0,0,0
2022-04-17 21:30,37,8,29,0,0,0
2022-04-17 21:45,22,10,12,0,0,0
2022-04-17 22:00,24,3,21,0,0,0
2022-04-17 22:15,10,2,8,0,0,0
2022-04-17 22:30,23,6,17,0,0,0
2022-04-17 22:45,15,6,9,0,0,0
2022-04-17 23:00,18,11,7,0,0,0
2022-04-17 23:15,14,4,10,0,0,0
2022-04-17 23:30,12,4,8,0,0,0
2022-04-17 23:45,5,2,3,0,0,0
2022-04-18 00:00,13,8,5,0,0,0
2022-04-18 00:15,8,4,4,0,0,0
2022-04-18 00:30,10,9,1,0,0,0
2022-04-18 00:45,12,4,8,0,0,0
2022-04-18 01:00,11,6,5,0,0,0
2022-04-18 01:15,3,1,2,0,0,0
2022-04-18 01:30,4,1,3,0,0,0
2022-04-18 01:45,3,2,1,0,0,0
2022-04-18 02:00,5,3,2,0,0,0
2022-04-18 02:15,2,2,0,0,0,0
2022-04-18 02:30,1,1,0,0,0,0
2022-04-18 02:45,2,1,1,0,0,0
2022-04-18 03:00,0,0,0,0,0,0
2022-04-18 03:15,0,0,0,0,0,0
2022-04-18 03:30,11,2,9,0,0,0
2022-04-18 03:45,0,0,0,0,0,0
2022-04-18 04:00,3,2,1,0,0,0
2022-04-18 04:15,1,1,0,0,0,0
2022-04-18 04:30,0,0,0,0,0,0
2022-04-18 04:45,1,0,1,0,0,0
2022-04-18 05:00,1,0,1,0,0,0
2022-04-18 05:15,0,0,0,0,0,0
2022-04-18 05:30,9,3,6,0,0,0
2022-04-18 05:45,5,3,2,0,0,0
2022-04-18 06:00,1,1,0,0,0,0
2022-04-18 06:15,6,4,2,0,0,0
2022-04-18 06:30,4,4,0,0,0,0
2022-04-18 06:45,4,3,1,0,0,0
2022-04-18 07:00,7,6,1,0,0,0
2022-04-18 07:15,4,2,2,0,0,0
2022-04-18 07:30,10,6,4,0,0,0
2022-04-18 07:45,7,2,5,0,0,0
2022-04-18 08:00,6,3,3,0,0,0
2022-04-18 08:15,10,5,5,0,0,0
2022-04-18 08:30,16,6,10,0,0,0
2022-04-18 08:45,25,13,12,0,0,0
2022-04-18 09:00,13,7,6,0,0,0
2022-04-18 09:15,23,16,7,0,0,0
2022-04-18 09:30,35,22,13,0,0,0
2022-04-18 09:45,54,40,14,0,0,0
2022-04-18 10:00,21,11,10,0,0,0
2022-04-18 10:15,29,16,13,0,0,0
2022-04-18 10:30,37,26,11,0,0,0
2022-04-18 10:45,52,21,31,0,0,0
2022-04-18 11:00,63,37,26,0,0,0
2022-04-18 11:15,51,24,27,0,0,0
2022-04-18 11:30,50,28,22,0,0,0
2022-04-18 11:45,66,28,38,0,0,0
2022-04-18 12:00,57,31,26,0,0,0
2022-04-18 12:15,57,31,26,0,0,0
2022-04-18 12:30,50,23,27,0,0,0
2022-04-18 12:45,58,29,29,0,0,0
2022-04-18 13:00,72,37,35,0,0,0
2022-04-18 13:15,57,26,31,0,0,0
2022-04-18 13:30,57,25,32,0,0,0
2022-04-18 13:45,94,50,44,0,0,0
2022-04-18 14:00,58,24,34,0,0,0
2022-04-18 14:15,71,27,44,0,0,0
2022-04-18 14:30,69,32,37,0,0,0
2022-04-18 14:45,70,34,36,0,0,0
2022-04-18 15:00,76,41,35,0,0,0
2022-04-18 15:15,66,32,34,0,0,0
2022-04-18 15:30,61,21,40,0,0,0
2022-04-18 15:45,78,36,42,0,0,0
2022-04-18 16:00,77,31,46,0,0,0
2022-04-18 16:15,58,20,38,0,0,0
2022-04-18 16:30,58,18,40,0,0,0
2022-04-18 16:45,74,27,47,0,0,0
2022-04-18 17:00,77,42,35,0,0,0
2022-04-18 17:15,98,40,58,0,0,0
2022-04-18 17:30,96,39,57,0,0,0
2022-04-18 17:45,86,33,53,0,0,0
2022-04-18 18:00,65,31,34,0,0,0
2022-04-18 18:15,92,46,46,0,0,0
2022-04-18 18:30,70,33,37,0,0,0
2022-04-18 18:45,83,35,48,0,0,0
2022-04-18 19:00,56,25,31,0,0,0
2022-04-18 19:15,72,31,41,0,0,0
2022-04-18 19:30,71,31,40,0,0,0
2022-04-18 19:45,55,19,36,0,0,0
2022-04-18 20:00,41,16,25,0,0,0
2022-04-18 20:15,43,12,31,0,0,0
2022-04-18 20:30,33,8,25,0,0,0
2022-04-18 20:45,28,7,21,0,0,0
2022-04-18 21:00,36,14,22,0,0,0
2022-04-18 21:15,24,8,16,0,0,0
2022-04-18 21:30,28,8,20,0,0,0
2022-04-18 21:45,25,10,15,0,0,0
2022-04-18 22:00,25,9,16,0,0,0
2022-04-18 22:15,19,7,12,0,0,0
2022-04-18 22:30,18,11,7,0,0,0
2022-04-18 22:45,15,6,9,0,0,0
2022-04-18 23:00,12,3,9,0,0,0
2022-04-18 23:15,14,4,10,0,0,0
2022-04-18 23:30,9,3,6,0,0,0
2022-04-18 23:45,10,5,5,0,0,0
2022-04-19 00:00,7,4,3,0,0,0
2022-04-19 00:15,2,1,1,0,0,0
2022-04-19 00:30,6,3,3,0,0,0
2022-04-19 00:45,4,3,1,0,0,0
2022-04-19 01:00,4,0,4,0,0,0
2022-04-19 01:15,1,0,1,0,0,0
2022-04-19 01:30,4,0,4,0,0,0
2022-04-19 01:45,2,1,1,0,0,0
2022-04-19 02:00,0,0,0,0,0,0
2022-04-19 02:15,0,0,0,0,0,0
2022-04-19 02:30,0,0,0,0,0,0
2022-04-19 02:45,2,1,1,0,0,0
2022-04-19 03:00,0,0,0,0,0,0
2022-04-19 03:15,2,2,0,0,0,0
2022-04-19 03:30,0,0,0,0,0,0
2022-04-19 03:45,0,0,0,0,0,0
2022-04-19 04:00,1,1,0,0,0,0
2022-04-19 04:15,2,2,0,0,0,0
2022-04-19 04:30,1,1,0,0,0,0
2022-04-19 04:45,4,4,0,0,0,0
2022-04-19 05:00,2,1,1,0,0,0
2022-04-19 05:15,7,1,6,0,0,0
2022-04-19 05:30,16,13,3,0,0,0
2022-04-19 05:45,22,17,5,0,0,0
2022-04-19 06:00,29,18,11,0,0,0
2022-04-19 06:15,30,24,6,0,0,0
2022-04-19 06:30,48,29,19,0,0,0
2022-04-19 06:45,67,39,28,0,0,0
2022-04-19 07:00,69,48,21,0,0,0
2022-04-19 07:15,89,62,27,0,0,0
2022-04-19 07:30,95,63,32,0,0,0
2022-04-19 07:45,119,79,40,0,0,0
2022-04-19 08:00,121,79,42,0,0,0
2022-04-19 08:15,109,71,38,0,0,0
2022-04-19 08:30,108,69,39,0,0,0
2022-04-19 08:45,127,82,45,0,0,0
2022-04-19 09:00,87,60,27,0,0,0
2022-04-19 09:15,83,54,29,0,0,0
2022-04-19 09:30,102,69,33,0,0,0
2022-04-19 09:45,128,86,42,0,0,0
2022-04-19 10:00,132,94,38,0,0,0
2022-04-19 10:15,114,56,58,0,0,0
2022-04-19 10:30,102,63,39,0,0,0
2022-04-19 10:45,120,64,56,0,0,0
2022-04-19 11:00,100,54,46,0,0,0
2022-04-19 11:15,120,62,58,0,0,0
2022-04-19 11:30,141,78,63,0,0,0
2022-04-19 11:45,155,74,81,0,0,0
2022-04-19 12:00,126,52,74,0,0,0
2022-04-19 12:15,146,58,88,0,0,0
2022-04-19 12:30,142,71,71,0,0,0
2022-04-19 12:45,140,62,78,0,0,0
2022-04-19 13:00,134,55,79,0,0,0
2022-04-19 13:15,151,59,92,0,0,0
2022-04-19 13:30,120,48,72,0,0,0
2022-04-19 13:45,153,69,84,0,0,0
2022-04-19 14:00,166,68,98,0,0,0
2022-04-19 14:15,147,58,89,0,0,0
2022-04-19 14:30,146,59,87,0,0,0
2022-04-19 14:45,176,76,100,0,0,0
2022-04-19 15:00,148,52,96,0,0,0
2022-04-19 15:15,141,73,68,0,0,0
2022-04-19 15:30,197,76,121,0,0,0
2022-04-19 15:45,195,78,117,0,0,0
2022-04-19 16:00,210,87,123,0,0,0
2022-04-19 16:15,176,84,92,0,0,0
2022-04-19 16:30,212,73,139,0,0,0
2022-04-19 16:45,223,91,132,0,0,0
2022-04-19 17:00,194,76,118,0,0,0
2022-04-19 17:15,256,80,176,0,0,0
2022-04-19 17:30,286,77,209,0,0,0
2022-04-19 17:45,328,61,267,0,0,0
2022-04-19 18:00,303,46,257,0,0,0
2022-04-19 18:15,245,49,196,0,0,0
2022-04-19 18:30,191,55,136,0,0,0
2022-04-19 18:45,150,44,106,0,0,0
2022-04-19 19:00,126,38,88,0,0,0
2022-04-19 19:15,117,49,68,0,0,0
2022-04-19 19:30,82,33,49,0,0,0
2022-04-19 19:45,71,27,44,0,0,0
2022-04-19 20:00,76,22,54,0,0,0
2022-04-19 20:15,73,29,44,0,0,0
2022-04-19 20:30,70,21,49,0,0,0
2022-04-19 20:45,57,16,41,0,0,0
2022-04-19 21:00,93,65,28,0,0,0
2022-04-19 21:15,192,160,32,0,0,0
2022-04-19 21:30,209,179,30,0,0,0
2022-04-19 21:45,80,54,26,0,0,0
2022-04-19 22:00,106,63,43,0,0,0
2022-04-19 22:15,57,36,21,0,0,0
2022-04-19 22:30,55,20,35,0,0,0
2022-04-19 22:45,40,19,21,0,0,0
2022-04-19 23:00,52,31,21,0,0,0
2022-04-19 23:15,30,22,8,0,0,0
2022-04-19 23:30,28,20,8,0,0,0
2022-04-19 23:45,33,23,10,0,0,0
2022-04-20 00:00,13,8,5,0,0,0
2022-04-20 00:15,12,5,7,0,0,0
2022-04-20 00:30,7,4,3,0,0,0
2022-04-20 00:45,6,4,2,0,0,0
2022-04-20 01:00,3,1,2,0,0,0
2022-04-20 01:15,5,3,2,0,0,0
2022-04-20 01:30,4,0,4,0,0,0
2022-04-20 01:45,7,4,3,0,0,0
2022-04-20 02:00,1,0,1,0,0,0
2022-04-20 02:15,1,1,0,0,0,0
2022-04-20 02:30,1,0,1,0,0,0
2022-04-20 02:45,1,0,1,0,0,0
2022-04-20 03:00,0,0,0,0,0,0
2022-04-20 03:15,2,0,2,0,0,0
2022-04-20 03:30,0,0,0,0,0,0
2022-04-20 03:45,0,0,0,0,0,0
2022-04-20 04:00,1,1,0,0,0,0
2022-04-20 04:15,2,2,0,0,0,0
2022-04-20 04:30,4,2,2,0,0,0
2022-04-20 04:45,2,1,1,0,0,0
2022-04-20 05:00,4,3,1,0,0,0
2022-04-20 05:15,4,2,2,0,0,0
2022-04-20 05:30,18,11,7,0,0,0
2022-04-20 05:45,27,26,1,0,0,0
2022-04-20 06:00,29,18,11,0,0,0
2022-04-20 06:15,34,26,8,0,0,0
2022-04-20 06:30,60,37,23,0,0,0
2022-04-20 06:45,59,38,21,0,0,0
2022-04-20 07:00,69,53,16,0,0,0
2022-04-20 07:15,103,72,31,0,0,0
2022-04-20 07:30,101,75,26,0,0,0
2022-04-20 07:45,146,91,55,0,0,0
2022-04-20 08:00,124,90,34,0,0,0
2022-04-20 08:15,132,80,52,0,0,0
2022-04-20 08:30,120,77,43,0,0,0
2022-04-20 08:45,120,75,45,0,0,0
2022-04-20 09:00,115,82,33,0,0,0
2022-04-20 09:15,105,76,29,0,0,0
2022-04-20 09:30,114,67,47,0,0,0
2022-04-20 09:45,155,103,52,0,0,0
2022-04-20 10:00,126,86,40,0,0,0
2022-04-20 10:15,121,72,49,0,0,0
2022-04-20 10:30,105,58,47,0,0,0
2022-04-20 10:45,145,90,55,0,0,0
2022-04-20 11:00,135,85,50,0,0,0
2022-04-20 11:15,139,67,72,0,0,0
2022-04-20 11:30,124,63,61,0,0,0
2022-04-20 11:45,142,83,59,0,0,0
2022-04-20 12:00,186,82,104,0,0,0
2022-04-20 12:15,160,82,78,0,0,0
2022-04-20 12:30,165,87,78,0,0,0
2022-04-20 12:45,169,91,78,0,0,0
2022-04-20 13:00,151,62,89,0,0,0
2022-04-20 13:15,155,66,89,0,0,0
2022-04-20 13:30,146,57,89,0,0,0
2022-04-20 13:45,164,68,96,0,0,0
2022-04-20 14:00,190,69,121,0,0,0
2022-04-20 14:15,176,61,115,0,0,0
2022-04-20 14:30,155,55,100,0,0,0
2022-04-20 14:45,167,66,101,0,0,0
2022-04-20 15:00,168,58,110,0,0,0
2022-04-20 15:15,145,68,77,0,0,0
2022-04-20 15:30,167,83,84,0,0,0
2022-04-20 15:45,224,83,141,0,0,0
2022-04-20 16:00,177,82,95,0,0,0
2022-04-20 16:15,197,70,127,0,0,0
2022-04-20 16:30,215,73,142,0,0,0
2022-04-20 16:45,204,81,123,0,0,0
2022-04-20 17:00,170,74,96,0,0,0
2022-04-20 17:15,167,62,105,0,0,0
2022-04-20 17:30,195,73,122,0,0,0
2022-04-20 17:45,169,75,94,0,0,0
2022-04-20 18:00,189,52,137,0,0,0
2022-04-20 18:15,175,64,111,0,0,0
2022-04-20 18:30,160,62,98,0,0,0
2022-04-20 18:45,170,62,108,0,0,0
2022-04-20 19:00,137,61,76,0,0,0
2022-04-20 19:15,113,45,68,0,0,0
2022-04-20 19:30,92,34,58,0,0,0
2022-04-20 19:45,105,35,70,0,0,0
2022-04-20 20:00,106,38,68,0,0,0
2022-04-20 20:15,78,29,49,0,0,0
2022-04-20 20:30,59,20,39,0,0,0
2022-04-20 20:45,60,23,37,0,0,0
2022-04-20 21:00,57,18,39,0,0,0
2022-04-20 21:15,38,10,28,0,0,0
2022-04-20 21:30,39,15,24,0,0,0
2022-04-20 21:45,46,22,24,0,0,0
2022-04-20 22:00,65,20,45,0,0,0
2022-04-20 22:15,67,14,53,0,0,0
2022-04-20 22:30,52,17,35,0,0,0
2022-04-20 22:45,45,8,37,0,0,0
2022-04-20 23:00,23,6,17,0,0,0
2022-04-20 23:15,34,10,24,0,0,0
2022-04-20 23:30,18,6,12,0,0,0
2022-04-20 23:45,30,11,19,0,0,0
2022-04-21 00:00,21,12,9,0,0,0
2022-04-21 00:15,32,25,7,0,0,0
2022-04-21 00:30,11,2,9,0,0,0
2022-04-21 00:45,20,11,9,0,0,0
2022-04-21 01:00,13,4,9,0,0,0
2022-04-21 01:15,10,1,9,0,0,0
2022-04-21 01:30,7,2,5,0,0,0
2022-04-21 01:45,7,2,5,0,0,0
2022-04-21 02:00,4,0,4,0,0,0
2022-04-21 02:15,6,0,6,0,0,0
2022-04-21 02:30,4,0,4,0,0,0
2022-04-21 02:45,9,0,9,0,0,0
2022-04-21 03:00,4,0,4,0,0,0
2022-04-21 03:15,5,0,5,0,0,0
2022-04-21 03:30,7,2,5,0,0,0
2022-04-21 03:45,7,1,6,0,0,0
2022-04-21 04:00,6,0,6,0,0,0
2022-04-21 04:15,9,4,5,0,0,0
2022-04-21 04:30,3,2,1,0,0,0
2022-04-21 04:45,6,4,2,0,0,0
2022-04-21 05:00,6,1,5,0,0,0
2022-04-21 05:15,12,2,10,0,0,0
2022-04-21 05:30,26,13,13,0,0,0
2022-04-21 05:45,20,17,3,0,0,0
2022-04-21 06:00,33,19,14,0,0,0
2022-04-21 06:15,26,16,10,0,0,0
2022-04-21 06:30,42,23,19,0,0,0
2022-04-21 06:45,62,44,18,0,0,0
2022-04-21 07:00,79,44,35,0,0,0
2022-04-21 07:15,90,74,16,0,0,0
2022-04-21 07:30,115,85,30,0,0,0
2022-04-21 07:45,137,90,47,0,0,0
2022-04-21 08:00,117,82,35,0,0,0
2022-04-21 08:15,138,82,56,0,0,0
2022-04-21 08:30,109,79,30,0,0,0
2022-04-21 08:45,126,85,41,0,0,0
2022-04-21 09:00,96,69,27,0,0,0
2022-04-21 09:15,110,64,46,0,0,0
2022-04-21 09:30,88,57,31,0,0,0
2022-04-21 09:45,113,80,33,0,0,0
2022-04-21 10:00,106,72,34,0,0,0
2022-04-21 10:15,98,52,46,0,0,0
2022-04-21 10:30,93,47,46,0,0,0
2022-04-21 10:45,120,68,52,0,0,0
2022-04-21 11:00,84,45,39,0,0,0
2022-04-21 11:15,109,61,48,0,0,0
2022-04-21 11:30,109,55,54,0,0,0
2022-04-21 11:45,109,60,49,0,0,0
2022-04-21 12:00,153,65,88,0,0,0
2022-04-21 12:15,116,49,67,0,0,0
2022-04-21 12:30,118,42,76,0,0,0
2022-04-21 12:45,131,63,68,0,0,0
2022-04-21 13:00,121,44,77,0,0,0
2022-04-21 13:15,126,55,71,0,0,0
2022-04-21 13:30,121,53,68,0,0,0
2022-04-21 13:45,142,55,87,0,0,0
2022-04-21 14:00,137,58,79,0,0,0
2022-04-21 14:15,130,57,73,0,0,0
2022-04-21 14:30,124,52,72,0,0,0
2022-04-21 14:45,152,77,75,0,0,0
2022-04-21 15:00,144,60,84,0,0,0
2022-04-21 15:15,154,67,87,0,0,0
2022-04-21 15:30,150,61,89,0,0,0
2022-04-21 15:45,168,73,95,0,0,0
2022-04-21 16:00,163,75,88,0,0,0
2022-04-21 16:15,191,86,105,0,0,0
2022-04-21 16:30,199,83,116,0,0,0
2022-04-21 16:45,170,74,96,0,0,0
2022-04-21 17:00,212,83,129,0,0,0
2022-04-21 17:15,190,71,119,0,0,0
2022-04-21 17:30,206,83,123,0,0,0
2022-04-21 17:45,196,66,130,0,0,0
2022-04-21 18:00,175,58,117,0,0,0
2022-04-21 18:15,154,46,108,0,0,0
2022-04-21 18:30,142,49,93,0,0,0
2022-04-21 18:45,154,62,92,0,0,0
2022-04-21 19:00,138,45,93,0,0,0
2022-04-21 19:15,104,42,62,0,0,0
2022-04-21 19:30,79,25,54,0,0,0
2022-04-21 19:45,88,28,60,0,0,0
2022-04-21 20:00,83,36,47,0,0,0
2022-04-21 20:15,69,22,47,0,0,0
2022-04-21 20:30,53,20,33,0,0,0
2022-04-21 20:45,51,21,30,0,0,0
2022-04-21 21:00,50,24,26,0,0,0
2022-04-21 21:15,43,12,31,0,0,0
2022-04-21 21:30,51,21,30,0,0,0
2022-04-21 21:45,45,19,26,0,0,0
2022-04-21 22:00,48,12,36,0,0,0
2022-04-21 22:15,55,13,42,0,0,0
2022-04-21 22:30,43,9,34,0,0,0
2022-04-21 22:45,45,11,34,0,0,0
2022-04-21 23:00,26,7,19,0,0,0
2022-04-21 23:15,30,6,24,0,0,0
2022-04-21 23:30,41,13,28,0,0,0
2022-04-21 23:45,23,9,14,0,0,0
2022-04-22 00:00,13,5,8,0,0,0
2022-04-22 00:15,15,3,12,0,0,0
2022-04-22 00:30,9,4,5,0,0,0
2022-04-22 00:45,11,0,11,0,0,0
2022-04-22 01:00,13,7,6,0,0,0
2022-04-22 01:15,10,2,8,0,0,0
2022-04-22 01:30,8,1,7,0,0,0
2022-04-22 01:45,5,2,3,0,0,0
2022-04-22 02:00,3,2,1,0,0,0
2022-04-22 02:15,1,0,1,0,0,0
2022-04-22 02:30,2,0,2,0,0,0
2022-04-22 02:45,1,1,0,0,0,0
2022-04-22 03:00,1,0,1,0,0,0
2022-04-22 03:15,3,0,3,0,0,0
2022-04-22 03:30,1,1,0,0,0,0
2022-04-22 03:45,1,0,1,0,0,0
2022-04-22 04:00,2,2,0,0,0,0
2022-04-22 04:15,4,2,2,0,0,0
2022-04-22 04:30,4,4,0,0,0,0
2022-04-22 04:45,3,2,1,0,0,0
2022-04-22 05:00,6,5,1,0,0,0
2022-04-22 05:15,8,0,8,0,0,0
2022-04-22 05:30,18,14,4,0,0,0
2022-04-22 05:45,22,14,8,0,0,0
2022-04-22 06:00,21,15,6,0,0,0
2022-04-22 06:15,30,23,7,0,0,0
2022-04-22 06:30,37,17,20,0,0,0
2022-04-22 06:45,46,30,16,0,0,0
2022-04-22 07:00,56,35,21,0,0,0
2022-04-22 07:15,67,42,25,0,0,0
2022-04-22 07:30,107,68,39,0,0,0
2022-04-22 07:45,122,81,41,0,0,0
2022-04-22 08:00,93,62,31,0,0,0
2022-04-22 08:15,117,70,47,0,0,0
2022-04-22 08:30,100,59,41,0,0,0
2022-04-22 08:45,122,77,45,0,0,0
2022-04-22 09:00,89,47,42,0,0,0
2022-04-22 09:15,79,57,22,0,0,0
2022-04-22 09:30,83,47,36,0,0,0
2022-04-22 09:45,118,90,28,0,0,0
2022-04-22 10:00,114,72,42,0,0,0
2022-04-22 10:15,106,63,43,0,0,0
2022-04-22 10:30,92,48,44,0,0,0
2022-04-22 10:45,95,59,36,0,0,0
2022-04-22 11:00,116,60,56,0,0,0
2022-04-22 11:15,108,53,55,0,0,0
2022-04-22 11:30,82,47,35,0,0,0
2022-04-22 11:45,142,60,82,0,0,0
2022-04-22 12:00,143,57,86,0,0,0
2022-04-22 12:15,133,61,72,0,0,0
2022-04-22 12:30,129,44,85,0,0,0
2022-04-22 12:45,140,67,73,0,0,0
2022-04-22 13:00,142,55,87,0,0,0
2022-04-22 13:15,144,50,94,0,0,0
2022-04-22 13:30,136,44,92,0,0,0
2022-04-22 13:45,160,68,92,0,0,0
2022-04-22 14:00,149,58,91,0,0,0
2022-04-22 14:15,174,71,103,0,0,0
2022-04-22 14:30,145,45,100,0,0,0
2022-04-22 14:45,139,62,77,0,0,0
2022-04-22 15:00,155,62,93,0,0,0
2022-04-22 15:15,155,74,81,0,0,0
2022-04-22 15:30,124,43,81,0,0,0
2022-04-22 15:45,166,73,93,0,0,0
2022-04-22 16:00,152,69,83,0,0,0
2022-04-22 16:15,142,63,79,0,0,0
2022-04-22 16:30,153,55,98,0,0,0
2022-04-22 16:45,171,71,100,0,0,0
2022-04-22 17:00,147,63,84,0,0,0
2022-04-22 17:15,182,86,96,0,0,0
2022-04-22 17:30,126,54,72,0,0,0
2022-04-22 17:45,145,63,82,0,0,0
2022-04-22 18:00,157,58,99,0,0,0
2022-04-22 18:15,135,43,92,0,0,0
2022-04-22 18:30,114,40,74,0,0,0
2022-04-22 18:45,154,65,89,0,0,0
2022-04-22 19:00,130,63,67,0,0,0
2022-04-22 19:15,142,54,88,0,0,0
2022-04-22 19:30,65,29,36,0,0,0
2022-04-22 19:45,102,44,58,0,0,0
2022-04-22 20:00,95,39,56,0,0,0
2022-04-22 20:15,86,37,49,0,0,0
2022-04-22 20:30,71,28,43,0,0,0
2022-04-22 20:45,58,18,40,0,0,0
2022-04-22 21:00,59,22,37,0,0,0
2022-04-22 21:15,50,21,29,0,0,0
2022-04-22 21:30,50,13,37,0,0,0
2022-04-22 21:45,27,9,18,0,0,0
2022-04-22 22:00,61,20,41,0,0,0
2022-04-22 22:15,52,14,38,0,0,0
2022-04-22 22:30,41,10,31,0,0,0
2022-04-22 22:45,49,20,29,0,0,0
2022-04-22 23:00,42,12,30,0,0,0
2022-04-22 23:15,46,16,30,0,0,0
2022-04-22 23:30,37,18,19,0,0,0
2022-04-22 23:45,29,12,17,0,0,0
2022-04-23 00:00,49,13,36,0,0,0
2022-04-23 00:15,25,6,19,0,0,0
2022-04-23 00:30,40,14,26,0,0,0
2022-04-23 00:45,21,10,11,0,0,0
2022-04-23 01:00,21,6,15,0,0,0
2022-04-23 01:15,27,5,22,0,0,0
2022-04-23 01:30,25,8,17,0,0,0
2022-04-23 01:45,14,4,10,0,0,0
2022-04-23 02:00,15,5,10,0,0,0
2022-04-23 02:15,24,7,17,0,0,0
2022-04-23 02:30,15,2,13,0,0,0
2022-04-23 02:45,15,5,10,0,0,0
2022-04-23 03:00,7,2,5,0,0,0
2022-04-23 03:15,4,0,4,0,0,0
2022-04-23 03:30,3,1,2,0,0,0
2022-04-23 03:45,14,7,7,0,0,0
2022-04-23 04:00,9,1,8,0,0,0
2022-04-23 04:15,2,1,1,0,0,0
2022-04-23 04:30,6,2,4,0,0,0
2022-04-23 04:45,8,5,3,0,0,0
2022-04-23 05:00,4,0,4,0,0,0
2022-04-23 05:15,7,1,6,0,0,0
2022-04-23 05:30,14,7,7,0,0,0
2022-04-23 05:45,11,9,2,0,0,0
2022-04-23 06:00,8,5,3,0,0,0
2022-04-23 06:15,6,1,5,0,0,0
2022-04-23 06:30,11,7,4,0,0,0
2022-04-23 06:45,18,6,12,0,0,0
2022-04-23 07:00,9,9,0,0,0,0
2022-04-23 07:15,18,14,4,0,0,0
2022-04-23 07:30,28,14,14,0,0,0
2022-04-23 07:45,28,18,10,0,0,0
2022-04-23 08:00,28,19,9,0,0,0
2022-04-23 08:15,42,26,16,0,0,0
2022-04-23 08:30,46,26,20,0,0,0
2022-04-23 08:45,61,38,23,0,0,0
2022-04-23 09:00,75,50,25,0,0,0
2022-04-23 09:15,60,40,20,0,0,0
2022-04-23 09:30,84,62,22,0,0,0
2022-04-23 09:45,96,71,25,0,0,0
2022-04-23 10:00,111,79,32,0,0,0
2022-04-23 10:15,108,72,36,0,0,0
2022-04-23 10:30,112,70,42,0,0,0
2022-04-23 10:45,139,95,44,0,0,0
2022-04-23 11:00,122,85,37,0,0,0
2022-04-23 11:15,128,71,57,0,0,0
2022-04-23 11:30,137,70,67,0,0,0
2022-04-23 11:45,154,94,60,0,0,0
2022-04-23 12:00,160,89,71,0,0,0
2022-04-23 12:15,134,76,58,0,0,0
2022-04-23 12:30,195,104,91,0,0,0
2022-04-23 12:45,163,89,74,0,0,0
2022-04-23 13:00,150,75,75,0,0,0
2022-04-23 13:15,139,63,76,0,0,0
2022-04-23 13:30,182,70,112,0,0,0
2022-04-23 13:45,155,61,94,0,0,0
2022-04-23 14:00,135,68,67,0,0,0
2022-04-23 14:15,170,68,102,0,0,0
2022-04-23 14:30,130,55,75,0,0,0
2022-04-23 14:45,158,65,93,0,0,0
2022-04-23 15:00,133,65,68,0,0,0
2022-04-23 15:15,158,68,90,0,0,0
2022-04-23 15:30,128,46,82,0,0,0
2022-04-23 15:45,140,51,89,0,0,0
2022-04-23 16:00,135,54,81,0,0,0
2022-04-23 16:15,123,52,71,0,0,0
2022-04-23 16:30,120,36,84,0,0,0
2022-04-23 16:45,124,41,83,0,0,0
2022-04-23 17:00,113,59,54,0,0,0
2022-04-23 17:15,108,47,61,0,0,0
2022-04-23 17:30,143,59,84,0,0,0
2022-04-23 17:45,124,55,69,0,0,0
2022-04-23 18:00,125,47,78,0,0,0
2022-04-23 18:15,123,44,79,0,0,0
2022-04-23 18:30,133,44,89,0,0,0
2022-04-23 18:45,165,35,130,0,0,0
2022-04-23 19:00,115,36,79,0,0,0
2022-04-23 19:15,118,48,70,0,0,0
2022-04-23 19:30,82,32,50,0,0,0
2022-04-23 19:45,62,30,32,0,0,0
2022-04-23 20:00,87,29,58,0,0,0
2022-04-23 20:15,72,23,49,0,0,0
2022-04-23 20:30,59,33,26,0,0,0
2022-04-23 20:45,61,30,31,0,0,0
2022-04-23 21:00,55,25,30,0,0,0
2022-04-23 21:15,58,24,34,0,0,0
2022-04-23 21:30,105,77,28,0,0,0
2022-04-23 21:45,85,68,17,0,0,0
2022-04-23 22:00,60,37,23,0,0,0
2022-04-23 22:15,59,29,30,0,0,0
2022-04-23 22:30,48,25,23,0,0,0
2022-04-23 22:45,53,23,30,0,0,0
2022-04-23 23:00,49,23,26,0,0,0
2022-04-23 23:15,42,19,23,0,0,0
2022-04-23 23:30,32,16,16,0,0,0
2022-04-23 23:45,40,14,26,0,0,0
2022-04-24 00:00,28,7,21,0,0,0
2022-04-24 00:15,38,8,30,0,0,0
2022-04-24 00:30,41,21,20,0,0,0
2022-04-24 00:45,33,12,21,0,0,0
2022-04-24 01:00,15,9,6,0,0,0
2022-04-24 01:15,29,9,20,0,0,0
2022-04-24 01:30,15,1,14,0,0,0
2022-04-24 01:45,12,3,9,0,0,0
2022-04-24 02:00,22,6,16,0,0,0
2022-04-24 02:15,21,10,11,0,0,0
2022-04-24 02:30,15,4,11,0,0,0
2022-04-24 02:45,11,3,8,0,0,0
2022-04-24 03:00,12,7,5,0,0,0
2022-04-24 03:15,5,0,5,0,0,0
2022-04-24 03:30,10,3,7,0,0,0
2022-04-24 03:45,14,2,12,0,0,0
2022-04-24 04:00,9,2,7,0,0,0
2022-04-24 04:15,6,3,3,0,0,0
2022-04-24 04:30,1,0,1,0,0,0
2022-04-24 04:45,10,2,8,0,0,0
2022-04-24 05:00,8,2,6,0,0,0
2022-04-24 05:15,3,2,1,0,0,0
2022-04-24 05:30,9,7,2,0,0,0
2022-04-24 05:45,4,2,2,0,0,0
2022-04-24 06:00,13,5,8,0,0,0
2022-04-24 06:15,8,2,6,0,0,0
2022-04-24 06:30,5,1,4,0,0,0
2022-04-24 06:45,6,4,2,0,0,0
2022-04-24 07:00,8,3,5,0,0,0
2022-04-24 07:15,7,3,4,0,0,0
2022-04-24 07:30,10,5,5,0,0,0
2022-04-24 07:45,7,5,2,0,0,0
2022-04-24 08:00,7,6,1,0,0,0
2022-04-24 08:15,8,2,6,0,0,0
2022-04-24 08:30,12,9,3,0,0,0
2022-04-24 08:45,11,9,2,0,0,0
2022-04-24 09:00,19,13,6,0,0,0
2022-04-24 09:15,30,15,15,0,0,0
2022-04-24 09:30,26,19,7,0,0,0
2022-04-24 09:45,48,30,18,0,0,0
2022-04-24 10:00,43,32,11,0,0,0
2022-04-24 10:15,38,23,15,0,0,0
2022-04-24 10:30,48,28,20,0,0,0
2022-04-24 10:45,40,22,18,0,0,0
2022-04-24 11:00,45,24,21,0,0,0
2022-04-24 11:15,35,20,15,0,0,0
2022-04-24 11:30,68,38,30,0,0,0
2022-04-24 11:45,58,31,27,0,0,0
2022-04-24 12:00,65,31,34,0,0,0
2022-04-24 12:15,55,25,30,0,0,0
2022-04-24 12:30,61,28,33,0,0,0
2022-04-24 12:45,66,30,36,0,0,0
2022-04-24 13:00,69,30,39,0,0,0
2022-04-24 13:15,59,29,30,0,0,0
2022-04-24 13:30,71,38,33,0,0,0
2022-04-24 13:45,89,41,48,0,0,0
2022-04-24 14:00,95,44,51,0,0,0
2022-04-24 14:15,73,36,37,0,0,0
2022-04-24 14:30,98,47,51,0,0,0
2022-04-24 14:45,91,49,42,0,0,0
2022-04-24 15:00,97,53,44,0,0,0
2022-04-24 15:15,73,33,40,0,0,0
2022-04-24 15:30,82,40,42,0,0,0
2022-04-24 15:45,75,43,32,0,0,0
2022-04-24 16:00,84,40,44,0,0,0
2022-04-24 16:15,78,30,48,0,0,0
2022-04-24 16:30,87,48,39,0,0,0
2022-04-24 16:45,97,49,48,0,0,0
2022-04-24 17:00,102,48,54,0,0,0
2022-04-24 17:15,84,35,49,0,0,0
2022-04-24 17:30,97,42,55,0,0,0
2022-04-24 17:45,87,34,53,0,0,0
2022-04-24 18:00,75,29,46,0,0,0
2022-04-24 18:15,76,25,51,0,0,0
2022-04-24 18:30,60,24,36,0,0,0
2022-04-24 18:45,79,36,43,0,0,0
2022-04-24 19:00,55,25,30,0,0,0
2022-04-24 19:15,56,19,37,0,0,0
2022-04-24 19:30,53,18,35,0,0,0
2022-04-24 19:45,65,28,37,0,0,0
2022-04-24 20:00,63,15,48,0,0,0
2022-04-24 20:15,57,20,37,0,0,0
2022-04-24 20:30,56,17,39,0,0,0
2022-04-24 20:45,38,11,27,0,0,0
2022-04-24 21:00,28,8,20,0,0,0
2022-04-24 21:15,44,11,33,0,0,0
2022-04-24 21:30,28,10,18,0,0,0
2022-04-24 21:45,27,7,20,0,0,0
2022-04-24 22:00,16,6,10,0,0,0
2022-04-24 22:15,23,8,15,0,0,0
2022-04-24 22:30,9,5,4,0,0,0
2022-04-24 22:45,23,12,11,0,0,0
2022-04-24 23:00,21,4,17,0,0,0
2022-04-24 23:15,7,1,6,0,0,0
2022-04-24 23:30,12,3,9,0,0,0
2022-04-24 23:45,4,2,2,0,0,0
2022-04-25 00:00,5,2,3,0,0,0
2022-04-25 00:15,6,3,3,0,0,0
2022-04-25 00:30,4,0,4,0,0,0
2022-04-25 00:45,1,1,0,0,0,0
2022-04-25 01:00,3,0,3,0,0,0
2022-04-25 01:15,2,1,1,0,0,0
2022-04-25 01:30,0,0,0,0,0,0
2022-04-25 01:45,0,0,0,0,0,0
2022-04-25 02:00,0,0,0,0,0,0
2022-04-25 02:15,0,0,0,0,0,0
2022-04-25 02:30,0,0,0,0,0,0
2022-04-25 02:45,0,0,0,0,0,0
2022-04-25 03:00,1,0,1,0,0,0
2022-04-25 03:15,1,0,1,0,0,0
2022-04-25 03:30,1,0,1,0,0,0
2022-04-25 03:45,1,1,0,0,0,0
2022-04-25 04:00,3,0,3,0,0,0
2022-04-25 04:15,0,0,0,0,0,0
2022-04-25 04:30,0,0,0,0,0,0
2022-04-25 04:45,5,5,0,0,0,0
2022-04-25 05:00,3,1,2,0,0,0
2022-04-25 05:15,12,7,5,0,0,0
2022-04-25 05:30,11,8,3,0,0,0
2022-04-25 05:45,27,20,7,0,0,0
2022-04-25 06:00,21,15,6,0,0,0
2022-04-25 06:15,26,19,7,0,0,0
2022-04-25 06:30,46,31,15,0,0,0
2022-04-25 06:45,61,40,21,0,0,0
2022-04-25 07:00,75,47,28,0,0,0
2022-04-25 07:15,108,77,31,0,0,0
2022-04-25 07:30,162,94,68,0,0,0
2022-04-25 07:45,157,101,56,0,0,0
2022-04-25 08:00,142,94,48,0,0,0
2022-04-25 08:15,130,76,54,0,0,0
2022-04-25 08:30,114,75,39,0,0,0
2022-04-25 08:45,121,86,35,0,0,0
2022-04-25 09:00,101,63,38,0,0,0
2022-04-25 09:15,94,61,33,0,0,0
2022-04-25 09:30,82,40,42,0,0,0
2022-04-25 09:45,121,96,25,0,0,0
2022-04-25 10:00,123,83,40,0,0,0
2022-04-25 10:15,78,34,44,0,0,0
2022-04-25 10:30,75,40,35,0,0,0
2022-04-25 10:45,73,32,41,0,0,0
2022-04-25 11:00,101,50,51,0,0,0
2022-04-25 11:15,107,47,60,0,0,0
2022-04-25 11:30,92,45,47,0,0,0
2022-04-25 11:45,116,58,58,0,0,0
2022-04-25 12:00,118,47,71,0,0,0
2022-04-25 12:15,108,32,76,0,0,0
2022-04-25 12:30,112,46,66,0,0,0
2022-04-25 12:45,123,50,73,0,0,0
2022-04-25 13:00,133,56,77,0,0,0
2022-04-25 13:15,133,55,78,0,0,0
2022-04-25 13:30,94,38,56,0,0,0
2022-04-25 13:45,136,60,76,0,0,0
2022-04-25 14:00,121,48,73,0,0,0
2022-04-25 14:15,107,37,70,0,0,0
2022-04-25 14:30,119,48,71,0,0,0
2022-04-25 14:45,144,65,79,0,0,0
2022-04-25 15:00,116,43,73,0,0,0
2022-04-25 15:15,131,64,67,0,0,0
2022-04-25 15:30,143,60,83,0,0,0
2022-04-25 15:45,174,75,99,0,0,0
2022-04-25 16:00,161,58,103,0,0,0
2022-04-25 16:15,161,60,101,0,0,0
2022-04-25 16:30,159,55,104,0,0,0
2022-04-25 16:45,159,49,110,0,0,0
2022-04-25 17:00,155,44,111,0,0,0
2022-04-25 17:15,187,56,131,0,0,0
2022-04-25 17:30,163,58,105,0,0,0
2022-04-25 17:45,204,63,141,0,0,0
2022-04-25 18:00,195,73,122,0,0,0
2022-04-25 18:15,142,55,87,0,0,0
2022-04-25 18:30,130,37,93,0,0,0
2022-04-25 18:45,115,49,66,0,0,0
2022-04-25 19:00,111,28,83,0,0,0
2022-04-25 19:15,108,41,67,0,0,0
2022-04-25 19:30,116,37,79,0,0,0
2022-04-25 19:45,94,36,58,0,0,0
2022-04-25 20:00,82,30,52,0,0,0
2022-04-25 20:15,68,22,46,0,0,0
2022-04-25 20:30,57,25,32,0,0,0
2022-04-25 20:45,50,17,33,0,0,0
2022-04-25 21:00,48,15,33,0,0,0
2022-04-25 21:15,60,22,38,0,0,0
2022-04-25 21:30,38,9,29,0,0,0
2022-04-25 21:45,57,17,40,0,0,0
2022-04-25 22:00,38,9,29,0,0,0
2022-04-25 22:15,40,10,30,0,0,0
2022-04-25 22:30,30,8,22,0,0,0
2022-04-25 22:45,26,10,16,0,0,0
2022-04-25 23:00,26,6,20,0,0,0
2022-04-25 23:15,20,2,18,0,0,0
2022-04-25 23:30,13,5,8,0,0,0
2022-04-25 23:45,6,1,5,0,0,0
2022-04-26 00:00,6,2,4,0,0,0
2022-04-26 00:15,7,3,4,0,0,0
2022-04-26 00:30,13,5,8,0,0,0
2022-04-26 00:45,7,1,6,0,0,0
2022-04-26 01:00,4,2,2,0,0,0
2022-04-26 01:15,7,1,6,0,0,0
2022-04-26 01:30,1,0,1,0,0,0
2022-04-26 01:45,1,0,1,0,0,0
2022-04-26 02:00,0,0,0,0,0,0
2022-04-26 02:15,2,0,2,0,0,0
2022-04-26 02:30,0,0,0,0,0,0
2022-04-26 02:45,0,0,0,0,0,0
2022-04-26 03:00,0,0,0,0,0,0
2022-04-26 03:15,1,1,0,0,0,0
2022-04-26 03:30,0,0,0,0,0,0
2022-04-26 03:45,0,0,0,0,0,0
2022-04-26 04:00,1,1,0,0,0,0
2022-04-26 04:15,2,2,0,0,0,0
2022-04-26 04:30,2,2,0,0,0,0
2022-04-26 04:45,5,5,0,0,0,0
2022-04-26 05:00,3,2,1,0,0,0
2022-04-26 05:15,5,3,2,0,0,0
2022-04-26 05:30,15,11,4,0,0,0
2022-04-26 05:45,23,20,3,0,0,0
2022-04-26 06:00,28,20,8,0,0,0
2022-04-26 06:15,33,27,6,0,0,0
2022-04-26 06:30,57,31,26,0,0,0
2022-04-26 06:45,59,30,29,0,0,0
2022-04-26 07:00,84,50,34,0,0,0
2022-04-26 07:15,130,80,50,0,0,0
2022-04-26 07:30,209,115,94,0,0,0
2022-04-26 07:45,181,128,53,0,0,0
2022-04-26 08:00,174,117,57,0,0,0
2022-04-26 08:15,150,89,61,0,0,0
2022-04-26 08:30,155,95,60,0,0,0
2022-04-26 08:45,132,98,34,0,0,0
2022-04-26 09:00,108,66,42,0,0,0
2022-04-26 09:15,80,52,28,0,0,0
2022-04-26 09:30,132,86,46,0,0,0
2022-04-26 09:45,139,85,54,0,0,0
2022-04-26 10:00,143,84,59,0,0,0
2022-04-26 10:15,104,50,54,0,0,0
2022-04-26 10:30,90,43,47,0,0,0
2022-04-26 10:45,131,70,61,0,0,0
2022-04-26 11:00,106,51,55,0,0,0
2022-04-26 11:15,104,53,51,0,0,0
2022-04-26 11:30,123,59,64,0,0,0
2022-04-26 11:45,160,80,80,0,0,0
2022-04-26 12:00,140,60,80,0,0,0
2022-04-26 12:15,132,59,73,0,0,0
2022-04-26 12:30,131,57,74,0,0,0
2022-04-26 12:45,140,69,71,0,0,0
2022-04-26 13:00,153,53,100,0,0,0
2022-04-26 13:15,145,55,90,0,0,0
2022-04-26 13:30,118,48,70,0,0,0
2022-04-26 13:45,191,102,89,0,0,0
2022-04-26 14:00,159,57,102,0,0,0
2022-04-26 14:15,133,59,74,0,0,0
2022-04-26 14:30,148,69,79,0,0,0
2022-04-26 14:45,144,57,87,0,0,0
2022-04-26 15:00,158,60,98,0,0,0
2022-04-26 15:15,162,63,99,0,0,0
2022-04-26 15:30,143,69,74,0,0,0
2022-04-26 15:45,219,94,125,0,0,0
2022-04-26 16:00,195,79,116,0,0,0
2022-04-26 16:15,206,78,128,0,0,0
2022-04-26 16:30,218,88,130,0,0,0
2022-04-26 16:45,199,80,119,0,0,0
2022-04-26 17:00,212,74,138,0,0,0
2022-04-26 17:15,222,83,139,0,0,0
2022-04-26 17:30,202,76,126,0,0,0
2022-04-26 17:45,234,76,158,0,0,0
2022-04-26 18:00,195,75,120,0,0,0
2022-04-26 18:15,177,64,113,0,0,0
2022-04-26 18:30,140,55,85,0,0,0
2022-04-26 18:45,162,68,94,0,0,0
2022-04-26 19:00,125,39,86,0,0,0
2022-04-26 19:15,114,44,70,0,0,0
2022-04-26 19:30,116,44,72,0,0,0
2022-04-26 19:45,90,23,67,0,0,0
2022-04-26 20:00,90,37,53,0,0,0
2022-04-26 20:15,88,42,46,0,0,0
2022-04-26 20:30,68,16,52,0,0,0
2022-04-26 20:45,57,28,29,0,0,0
2022-04-26 21:00,70,19,51,0,0,0
2022-04-26 21:15,67,19,48,0,0,0
2022-04-26 21:30,54,12,42,0,0,0
2022-04-26 21:45,59,17,42,0,0,0
2022-04-26 22:00,52,11,41,0,0,0
2022-04-26 22:15,48,22,26,0,0,0
2022-04-26 22:30,42,7,35,0,0,0
2022-04-26 22:45,40,16,24,0,0,0
2022-04-26 23:00,49,13,36,0,0,0
2022-04-26 23:15,20,5,15,0,0,0
2022-04-26 23:30,14,3,11,0,0,0
2022-04-26 23:45,13,5,8,0,0,0
2022-04-27 00:00,12,5,7,0,0,0
2022-04-27 00:15,8,1,7,0,0,0
2022-04-27 00:30,4,1,3,0,0,0
2022-04-27 00:45,6,3,3,0,0,0
2022-04-27 01:00,3,0,3,0,0,0
2022-04-27 01:15,0,0,0,0,0,0
2022-04-27 01:30,2,1,1,0,0,0
2022-04-27 01:45,4,0,4,0,0,0
2022-04-27 02:00,1,1,0,0,0,0
2022-04-27 02:15,2,1,1,0,0,0
2022-04-27 02:30,0,0,0,0,0,0
2022-04-27 02:45,1,0,1,0,0,0
2022-04-27 03:00,1,0,1,0,0,0
2022-04-27 03:15,1,0,1,0,0,0
2022-04-27 03:30,0,0,0,0,0,0
2022-04-27 03:45,1,1,0,0,0,0
2022-04-27 04:00,0,0,0,0,0,0
2022-04-27 04:15,2,1,1,0,0,0
2022-04-27 04:30,2,2,0,0,0,0
2022-04-27 04:45,3,3,0,0,0,0
2022-04-27 05:00,2,1,1,0,0,0
2022-04-27 05:15,10,7,3,0,0,0
2022-04-27 05:30,18,13,5,0,0,0
2022-04-27 05:45,24,22,2,0,0,0
2022-04-27 06:00,32,26,6,0,0,0
2022-04-27 06:15,30,20,10,0,0,0
2022-04-27 06:30,68,46,22,0,0,0
2022-04-27 06:45,75,50,25,0,0,0
2022-04-27 07:00,94,60,34,0,0,0
2022-04-27 07:15,164,108,56,0,0,0
2022-04-27 07:30,202,125,77,0,0,0
2022-04-27 07:45,197,123,74,0,0,0
2022-04-27 08:00,171,111,60,0,0,0
2022-04-27 08:15,201,140,61,0,0,0
2022-04-27 08:30,78,31,47,0,0,0
2022-04-27 08:45,79,30,49,0,0,0
2022-04-27 09:00,70,24,46,0,0,0
2022-04-27 09:15,76,24,52,0,0,0
2022-04-27 09:30,68,24,44,0,0,0
2022-04-27 09:45,67,26,41,0,0,0
2022-04-27 10:00,75,31,44,0,0,0
2022-04-27 10:15,63,22,41,0,0,0
2022-04-27 10:30,84,29,55,0,0,0
2022-04-27 10:45,99,25,74,0,0,0
2022-04-27 11:00,89,31,58,0,0,0
2022-04-27 11:15,78,27,51,0,0,0
2022-04-27 11:30,90,30,60,0,0,0
2022-04-27 11:45,97,29,68,0,0,0
2022-04-27 12:00,110,30,80,0,0,0
2022-04-27 12:15,106,35,71,0,0,0
2022-04-27 12:30,102,17,85,0,0,0
2022-04-27 12:45,116,32,84,0,0,0
2022-04-27 13:00,130,23,107,0,0,0
2022-04-27 13:15,118,30,88,0,0,0
2022-04-27 13:30,121,33,88,0,0,0
2022-04-27 13:45,122,31,91,0,0,0
2022-04-27 14:00,120,23,97,0,0,0
2022-04-27 14:15,123,26,97,0,0,0
2022-04-27 14:30,127,19,108,0,0,0
2022-04-27 14:45,134,28,106,0,0,0
2022-04-27 15:00,132,36,96,0,0,0
2022-04-27 15:15,169,74,95,0,0,0
2022-04-27 15:30,196,82,114,0,0,0
2022-04-27 15:45,225,94,131,0,0,0
2022-04-27 16:00,211,83,128,0,0,0
2022-04-27 16:15,218,80,138,0,0,0
2022-04-27 16:30,220,96,124,0,0,0
2022-04-27 16:45,212,90,122,0,0,0
2022-04-27 17:00,227,101,126,0,0,0
2022-04-27 17:15,248,103,145,0,0,0
2022-04-27 17:30,204,92,112,0,0,0
2022-04-27 17:45,243,91,152,0,0,0
2022-04-27 18:00,214,72,142,0,0,0
2022-04-27 18:15,187,68,119,0,0,0
2022-04-27 18:30,174,54,120,0,0,0
2022-04-27 18:45,174,70,104,0,0,0
2022-04-27 19:00,154,63,91,0,0,0
2022-04-27 19:15,129,59,70,0,0,0
2022-04-27 19:30,122,34,88,0,0,0
2022-04-27 19:45,141,49,92,0,0,0
2022-04-27 20:00,101,35,66,0,0,0
2022-04-27 20:15,98,35,63,0,0,0
2022-04-27 20:30,104,33,71,0,0,0
2022-04-27 20:45,101,45,56,0,0,0
2022-04-27 21:00,70,29,41,0,0,0
2022-04-27 21:15,81,29,52,0,0,0
2022-04-27 21:30,83,29,54,0,0,0
2022-04-27 21:45,77,27,50,0,0,0
2022-04-27 22:00,48,16,32,0,0,0
2022-04-27 22:15,64,25,39,0,0,0
2022-04-27 22:30,60,20,40,0,0,0
2022-04-27 22:45,52,23,29,0,0,0
2022-04-27 23:00,33,8,25,0,0,0
2022-04-27 23:15,36,8,28,0,0,0
2022-04-27 23:30,32,11,21,0,0,0
2022-04-27 23:45,32,19,13,0,0,0
2022-04-28 00:00,27,12,15,0,0,0
2022-04-28 00:15,23,12,11,0,0,0
2022-04-28 00:30,13,4,9,0,0,0
2022-04-28 00:45,16,9,7,0,0,0
2022-04-28 01:00,24,12,12,0,0,0
2022-04-28 01:15,6,2,4,0,0,0
2022-04-28 01:30,6,0,6,0,0,0
2022-04-28 01:45,17,11,6,0,0,0
2022-04-28 02:00,5,2,3,0,0,0
2022-04-28 02:15,7,1,6,0,0,0
2022-04-28 02:30,8,0,8,0,0,0
2022-04-28 02:45,3,1,2,0,0,0
2022-04-28 03:00,4,0,4,0,0,0
2022-04-28 03:15,1,0,1,0,0,0
2022-04-28 03:30,6,0,6,0,0,0
2022-04-28 03:45,2,0,2,0,0,0
2022-04-28 04:00,3,0,3,0,0,0
2022-04-28 04:15,4,3,1,0,0,0
2022-04-28 04:30,4,1,3,0,0,0
2022-04-28 04:45,2,2,0,0,0,0
2022-04-28 05:00,2,1,1,0,0,0
2022-04-28 05:15,7,5,2,0,0,0
2022-04-28 05:30,18,11,7,0,0,0
2022-04-28 05:45,23,21,2,0,0,0
2022-04-28 06:00,25,20,5,0,0,0
2022-04-28 06:15,33,24,9,0,0,0
2022-04-28 06:30,66,35,31,0,0,0
2022-04-28 06:45,59,38,21,0,0,0
2022-04-28 07:00,87,52,35,0,0,0
2022-04-28 07:15,125,86,39,0,0,0
2022-04-28 07:30,199,121,78,0,0,0
2022-04-28 07:45,191,128,63,0,0,0
2022-04-28 08:00,152,105,47,0,0,0
2022-04-28 08:15,152,105,47,0,0,0
2022-04-28 08:30,126,88,38,0,0,0
2022-04-28 08:45,175,107,68,0,0,0
2022-04-28 09:00,106,64,42,0,0,0
2022-04-28 09:15,113,76,37,0,0,0
2022-04-28 09:30,114,76,38,0,0,0
2022-04-28 09:45,134,90,44,0,0,0
2022-04-28 10:00,137,97,40,0,0,0
2022-04-28 10:15,118,65,53,0,0,0
2022-04-28 10:30,114,63,51,0,0,0
2022-04-28 10:45,117,67,50,0,0,0
2022-04-28 11:00,123,60,63,0,0,0
2022-04-28 11:15,126,73,53,0,0,0
2022-04-28 11:30,119,62,57,0,0,0
2022-04-28 11:45,157,77,80,0,0,0
2022-04-28 12:00,143,61,82,0,0,0
2022-04-28 12:15,127,53,74,0,0,0
2022-04-28 12:30,148,49,99,0,0,0
2022-04-28 12:45,132,50,82,0,0,0
2022-04-28 13:00,154,70,84,0,0,0
2022-04-28 13:15,157,75,82,0,0,0
2022-04-28 13:30,168,70,98,0,0,0
2022-04-28 13:45,161,68,93,0,0,0
2022-04-28 14:00,181,83,98,0,0,0
2022-04-28 14:15,158,75,83,0,0,0
2022-04-28 14:30,174,89,85,0,0,0
2022-04-28 14:45,177,87,90,0,0,0
2022-04-28 15:00,169,68,101,0,0,0
2022-04-28 15:15,218,104,114,0,0,0
2022-04-28 15:30,188,79,109,0,0,0
2022-04-28 15:45,269,106,163,0,0,0
2022-04-28 16:00,215,98,117,0,0,0
2022-04-28 16:15,236,104,132,0,0,0
2022-04-28 16:30,244,110,134,0,0,0
2022-04-28 16:45,246,111,135,0,0,0
2022-04-28 17:00,227,83,144,0,0,0
2022-04-28 17:15,211,86,125,0,0,0
2022-04-28 17:30,240,102,138,0,0,0
2022-04-28 17:45,236,105,131,0,0,0
2022-04-28 18:00,228,80,148,0,0,0
2022-04-28 18:15,230,88,142,0,0,0
2022-04-28 18:30,187,87,100,0,0,0
2022-04-28 18:45,194,70,124,0,0,0
2022-04-28 19:00,136,44,92,0,0,0
2022-04-28 19:15,178,79,99,0,0,0
2022-04-28 19:30,136,50,86,0,0,0
2022-04-28 19:45,143,43,100,0,0,0
2022-04-28 20:00,120,44,76,0,0,0
2022-04-28 20:15,132,59,73,0,0,0
2022-04-28 20:30,64,20,44,0,0,0
2022-04-28 20:45,71,26,45,0,0,0
2022-04-28 21:00,82,34,48,0,0,0
2022-04-28 21:15,47,22,25,0,0,0
2022-04-28 21:30,73,21,52,0,0,0
2022-04-28 21:45,70,22,48,0,0,0
2022-04-28 22:00,48,19,29,0,0,0
2022-04-28 22:15,75,23,52,0,0,0
2022-04-28 22:30,53,16,37,0,0,0
2022-04-28 22:45,52,14,38,0,0,0
2022-04-28 23:00,47,9,38,0,0,0
2022-04-28 23:15,56,17,39,0,0,0
2022-04-28 23:30,30,6,24,0,0,0
2022-04-28 23:45,28,8,20,0,0,0
2022-04-29 00:00,19,5,14,0,0,0
2022-04-29 00:15,19,6,13,0,0,0
2022-04-29 00:30,6,0,6,0,0,0
2022-04-29 00:45,14,5,9,0,0,0
2022-04-29 01:00,10,1,9,0,0,0
2022-04-29 01:15,6,1,5,0,0,0
2022-04-29 01:30,4,2,2,0,0,0
2022-04-29 01:45,2,1,1,0,0,0
2022-04-29 02:00,1,0,1,0,0,0
2022-04-29 02:15,1,0,1,0,0,0
2022-04-29 02:30,2,0,2,0,0,0
2022-04-29 02:45,1,0,1,0,0,0
2022-04-29 03:00,0,0,0,0,0,0
2022-04-29 03:15,0,0,0,0,0,0
2022-04-29 03:30,0,0,0,0,0,0
2022-04-29 03:45,0,0,0,0,0,0
2022-04-29 04:00,1,0,1,0,0,0
2022-04-29 04:15,4,4,0,0,0,0
2022-04-29 04:30,2,2,0,0,0,0
2022-04-29 04:45,6,6,0,0,0,0
2022-04-29 05:00,4,2,2,0,0,0
2022-04-29 05:15,3,1,2,0,0,0
2022-04-29 05:30,24,15,9,0,0,0
2022-04-29 05:45,21,16,5,0,0,0
2022-04-29 06:00,25,18,7,0,0,0
2022-04-29 06:15,29,22,7,0,0,0
2022-04-29 06:30,61,31,30,0,0,0
2022-04-29 06:45,58,38,20,0,0,0
2022-04-29 07:00,72,35,37,0,0,0
2022-04-29 07:15,127,85,42,0,0,0
2022-04-29 07:30,176,105,71,0,0,0
2022-04-29 07:45,150,102,48,0,0,0
2022-04-29 08:00,134,96,38,0,0,0
2022-04-29 08:15,150,92,58,0,0,0
2022-04-29 08:30,145,96,49,0,0,0
2022-04-29 08:45,158,100,58,0,0,0
2022-04-29 09:00,102,76,26,0,0,0
2022-04-29 09:15,116,73,43,0,0,0
2022-04-29 09:30,101,68,33,0,0,0
2022-04-29 09:45,153,107,46,0,0,0
2022-04-29 10:00,112,64,48,0,0,0
2022-04-29 10:15,111,74,37,0,0,0
2022-04-29 10:30,130,61,69,0,0,0
2022-04-29 10:45,113,61,52,0,0,0
2022-04-29 11:00,95,44,51,0,0,0
2022-04-29 11:15,164,69,95,0,0,0
2022-04-29 11:30,134,73,61,0,0,0
2022-04-29 11:45,143,56,87,0,0,0
2022-04-29 12:00,150,71,79,0,0,0
2022-04-29 12:15,143,68,75,0,0,0
2022-04-29 12:30,163,67,96,0,0,0
2022-04-29 12:45,166,69,97,0,0,0
2022-04-29 13:00,189,82,107,0,0,0
2022-04-29 13:15,164,68,96,0,0,0
2022-04-29 13:30,181,76,105,0,0,0
2022-04-29 13:45,175,76,99,0,0,0
2022-04-29 14:00,187,76,111,0,0,0
2022-04-29 14:15,167,76,91,0,0,0
2022-04-29 14:30,180,79,101,0,0,0
2022-04-29 14:45,178,80,98,0,0,0
2022-04-29 15:00,154,70,84,0,0,0
2022-04-29 15:15,184,90,94,0,0,0
2022-04-29 15:30,174,74,100,0,0,0
2022-04-29 15:45,215,104,111,0,0,0
2022-04-29 16:00,219,79,140,0,0,0
2022-04-29 16:15,184,76,108,0,0,0
2022-04-29 16:30,164,67,97,0,0,0
2022-04-29 16:45,195,80,115,0,0,0
2022-04-29 17:00,148,53,95,0,0,0
2022-04-29 17:15,197,70,127,0,0,0
2022-04-29 17:30,206,76,130,0,0,0
2022-04-29 17:45,226,70,156,0,0,0
2022-04-29 18:00,253,61,192,0,0,0
2022-04-29 18:15,261,62,199,0,0,0
2022-04-29 18:30,255,55,200,0,0,0
2022-04-29 18:45,215,63,152,0,0,0
2022-04-29 19:00,177,54,123,0,0,0
2022-04-29 19:15,152,64,88,0,0,0
2022-04-29 19:30,101,44,57,0,0,0
2022-04-29 19:45,118,62,56,0,0,0
2022-04-29 20:00,133,52,81,0,0,0
2022-04-29 20:15,81,37,44,0,0,0
2022-04-29 20:30,79,37,42,0,0,0
2022-04-29 20:45,59,23,36,0,0,0
2022-04-29 21:00,68,25,43,0,0,0
2022-04-29 21:15,72,29,43,0,0,0
2022-04-29 21:30,110,85,25,0,0,0
2022-04-29 21:45,179,145,34,0,0,0
2022-04-29 22:00,153,134,19,0,0,0
2022-04-29 22:15,143,94,49,0,0,0
2022-04-29 22:30,86,54,32,0,0,0
2022-04-29 22:45,81,53,28,0,0,0
2022-04-29 23:00,79,46,33,0,0,0
2022-04-29 23:15,88,47,41,0,0,0
2022-04-29 23:30,59,27,32,0,0,0
2022-04-29 23:45,56,26,30,0,0,0
