Datetime,100034980 (Hammer Straße),101034980 (Hammer Straße stadteinwärts),102034980 (Hammer Straße stadtauswärts),100034980-status,101034980-status,102034980-status
2022-07-01 00:00,12,3,9,0,0,0
2022-07-01 00:15,16,9,7,0,0,0
2022-07-01 00:30,11,3,8,0,0,0
2022-07-01 00:45,4,0,4,0,0,0
2022-07-01 01:00,5,2,3,0,0,0
2022-07-01 01:15,2,0,2,0,0,0
2022-07-01 01:30,5,0,5,0,0,0
2022-07-01 01:45,4,2,2,0,0,0
2022-07-01 02:00,3,1,2,0,0,0
2022-07-01 02:15,4,1,3,0,0,0
2022-07-01 02:30,0,0,0,0,0,0
2022-07-01 02:45,0,0,0,0,0,0
2022-07-01 03:00,4,0,4,0,0,0
2022-07-01 03:15,2,0,2,0,0,0
2022-07-01 03:30,1,0,1,0,0,0
2022-07-01 03:45,2,1,1,0,0,0
2022-07-01 04:00,1,1,0,0,0,0
2022-07-01 04:15,1,1,0,0,0,0
2022-07-01 04:30,2,2,0,0,0,0
2022-07-01 04:45,5,4,1,0,0,0
2022-07-01 05:00,4,3,1,0,0,0
2022-07-01 05:15,10,6,4,0,0,0
2022-07-01 05:30,22,18,4,0,0,0
2022-07-01 05:45,16,11,5,0,0,0
2022-07-01 06:00,24,19,5,0,0,0
2022-07-01 06:15,23,19,4,0,0,0
2022-07-01 06:30,28,13,15,0,0,0
2022-07-01 06:45,34,19,15,0,0,0
2022-07-01 07:00,50,31,19,0,0,0
2022-07-01 07:15,76,53,23,0,0,0
2022-07-01 07:30,89,52,37,0,0,0
2022-07-01 07:45,133,88,45,0,0,0
2022-07-01 08:00,101,69,32,0,0,0
2022-07-01 08:15,105,74,31,0,0,0
2022-07-01 08:30,114,82,32,0,0,0
2022-07-01 08:45,147,111,36,0,0,0
2022-07-01 09:00,96,62,34,0,0,0
2022-07-01 09:15,96,65,31,0,0,0
2022-07-01 09:30,94,66,28,0,0,0
2022-07-01 09:45,108,73,35,0,0,0
2022-07-01 10:00,97,56,41,0,0,0
2022-07-01 10:15,104,71,33,0,0,0
2022-07-01 10:30,91,53,38,0,0,0
2022-07-01 10:45,128,75,53,0,0,0
2022-07-01 11:00,125,62,63,0,0,0
2022-07-01 11:15,122,58,64,0,0,0
2022-07-01 11:30,126,67,59,0,0,0
2022-07-01 11:45,179,87,92,0,0,0
2022-07-01 12:00,162,68,94,0,0,0
2022-07-01 12:15,165,81,84,0,0,0
2022-07-01 12:30,154,70,84,0,0,0
2022-07-01 12:45,145,65,80,0,0,0
2022-07-01 13:00,145,54,91,0,0,0
2022-07-01 13:15,162,70,92,0,0,0
2022-07-01 13:30,131,52,79,0,0,0
2022-07-01 13:45,166,82,84,0,0,0
2022-07-01 14:00,153,69,84,0,0,0
2022-07-01 14:15,165,66,99,0,0,0
2022-07-01 14:30,142,66,76,0,0,0
2022-07-01 14:45,172,78,94,0,0,0
2022-07-01 15:00,178,85,93,0,0,0
2022-07-01 15:15,163,66,97,0,0,0
2022-07-01 15:30,174,82,92,0,0,0
2022-07-01 15:45,174,77,97,0,0,0
2022-07-01 16:00,149,66,83,0,0,0
2022-07-01 16:15,136,45,91,0,0,0
2022-07-01 16:30,151,67,84,0,0,0
2022-07-01 16:45,157,75,82,0,0,0
2022-07-01 17:00,163,60,103,0,0,0
2022-07-01 17:15,147,53,94,0,0,0
2022-07-01 17:30,161,65,96,0,0,0
2022-07-01 17:45,149,65,84,0,0,0
2022-07-01 18:00,148,65,83,0,0,0
2022-07-01 18:15,158,56,102,0,0,0
2022-07-01 18:30,119,45,74,0,0,0
2022-07-01 18:45,144,69,75,0,0,0
2022-07-01 19:00,131,57,74,0,0,0
2022-07-01 19:15,129,39,90,0,0,0
2022-07-01 19:30,110,39,71,0,0,0
2022-07-01 19:45,119,49,70,0,0,0
2022-07-01 20:00,98,31,67,0,0,0
2022-07-01 20:15,77,35,42,0,0,0
2022-07-01 20:30,55,21,34,0,0,0
2022-07-01 20:45,77,38,39,0,0,0
2022-07-01 21:00,76,25,51,0,0,0
2022-07-01 21:15,57,30,27,0,0,0
2022-07-01 21:30,50,20,30,0,0,0
2022-07-01 21:45,45,19,26,0,0,0
2022-07-01 22:00,67,26,41,0,0,0
2022-07-01 22:15,48,10,38,0,0,0
2022-07-01 22:30,56,15,41,0,0,0
2022-07-01 22:45,52,14,38,0,0,0
2022-07-01 23:00,53,15,38,0,0,0
2022-07-01 23:15,36,13,23,0,0,0
2022-07-01 23:30,51,25,26,0,0,0
2022-07-01 23:45,45,23,22,0,0,0
2022-07-02 00:00,50,25,25,0,0,0
2022-07-02 00:15,41,13,28,0,0,0
2022-07-02 00:30,24,12,12,0,0,0
2022-07-02 00:45,25,8,17,0,0,0
2022-07-02 01:00,31,10,21,0,0,0
2022-07-02 01:15,17,8,9,0,0,0
2022-07-02 01:30,22,7,15,0,0,0
2022-07-02 01:45,18,8,10,0,0,0
2022-07-02 02:00,9,1,8,0,0,0
2022-07-02 02:15,13,1,12,0,0,0
2022-07-02 02:30,14,5,9,0,0,0
2022-07-02 02:45,16,1,15,0,0,0
2022-07-02 03:00,13,9,4,0,0,0
2022-07-02 03:15,10,5,5,0,0,0
2022-07-02 03:30,6,4,2,0,0,0
2022-07-02 03:45,4,2,2,0,0,0
2022-07-02 04:00,4,0,4,0,0,0
2022-07-02 04:15,5,0,5,0,0,0
2022-07-02 04:30,1,0,1,0,0,0
2022-07-02 04:45,8,6,2,0,0,0
2022-07-02 05:00,1,0,1,0,0,0
2022-07-02 05:15,6,2,4,0,0,0
2022-07-02 05:30,14,4,10,0,0,0
2022-07-02 05:45,11,7,4,0,0,0
2022-07-02 06:00,8,5,3,0,0,0
2022-07-02 06:15,7,4,3,0,0,0
2022-07-02 06:30,8,6,2,0,0,0
2022-07-02 06:45,15,7,8,0,0,0
2022-07-02 07:00,10,7,3,0,0,0
2022-07-02 07:15,16,12,4,0,0,0
2022-07-02 07:30,25,14,11,0,0,0
2022-07-02 07:45,38,23,15,0,0,0
2022-07-02 08:00,26,13,13,0,0,0
2022-07-02 08:15,42,27,15,0,0,0
2022-07-02 08:30,53,35,18,0,0,0
2022-07-02 08:45,70,46,24,0,0,0
2022-07-02 09:00,55,36,19,0,0,0
2022-07-02 09:15,69,49,20,0,0,0
2022-07-02 09:30,86,54,32,0,0,0
2022-07-02 09:45,125,91,34,0,0,0
2022-07-02 10:00,97,72,25,0,0,0
2022-07-02 10:15,105,70,35,0,0,0
2022-07-02 10:30,100,67,33,0,0,0
2022-07-02 10:45,128,83,45,0,0,0
2022-07-02 11:00,163,89,74,0,0,0
2022-07-02 11:15,140,80,60,0,0,0
2022-07-02 11:30,146,77,69,0,0,0
2022-07-02 11:45,164,86,78,0,0,0
2022-07-02 12:00,158,81,77,0,0,0
2022-07-02 12:15,153,74,79,0,0,0
2022-07-02 12:30,122,60,62,0,0,0
2022-07-02 12:45,179,75,104,0,0,0
2022-07-02 13:00,147,67,80,0,0,0
2022-07-02 13:15,129,58,71,0,0,0
2022-07-02 13:30,141,70,71,0,0,0
2022-07-02 13:45,176,86,90,0,0,0
2022-07-02 14:00,155,78,77,0,0,0
2022-07-02 14:15,178,76,102,0,0,0
2022-07-02 14:30,134,45,89,0,0,0
2022-07-02 14:45,184,67,117,0,0,0
2022-07-02 15:00,158,59,99,0,0,0
2022-07-02 15:15,154,37,117,0,0,0
2022-07-02 15:30,118,51,67,0,0,0
2022-07-02 15:45,133,59,74,0,0,0
2022-07-02 16:00,117,40,77,0,0,0
2022-07-02 16:15,134,57,77,0,0,0
2022-07-02 16:30,116,49,67,0,0,0
2022-07-02 16:45,118,49,69,0,0,0
2022-07-02 17:00,111,49,62,0,0,0
2022-07-02 17:15,99,38,61,0,0,0
2022-07-02 17:30,116,57,59,0,0,0
2022-07-02 17:45,148,64,84,0,0,0
2022-07-02 18:00,142,52,90,0,0,0
2022-07-02 18:15,128,53,75,0,0,0
2022-07-02 18:30,106,44,62,0,0,0
2022-07-02 18:45,111,46,65,0,0,0
2022-07-02 19:00,108,35,73,0,0,0
2022-07-02 19:15,111,52,59,0,0,0
2022-07-02 19:30,101,35,66,0,0,0
2022-07-02 19:45,95,38,57,0,0,0
2022-07-02 20:00,69,28,41,0,0,0
2022-07-02 20:15,56,12,44,0,0,0
2022-07-02 20:30,62,29,33,0,0,0
2022-07-02 20:45,77,27,50,0,0,0
2022-07-02 21:00,58,21,37,0,0,0
2022-07-02 21:15,56,25,31,0,0,0
2022-07-02 21:30,62,24,38,0,0,0
2022-07-02 21:45,54,17,37,0,0,0
2022-07-02 22:00,45,12,33,0,0,0
2022-07-02 22:15,54,18,36,0,0,0
2022-07-02 22:30,39,19,20,0,0,0
2022-07-02 22:45,68,29,39,0,0,0
2022-07-02 23:00,43,20,23,0,0,0
2022-07-02 23:15,44,23,21,0,0,0
2022-07-02 23:30,49,17,32,0,0,0
2022-07-02 23:45,42,12,30,0,0,0
2022-07-03 00:00,30,7,23,0,0,0
2022-07-03 00:15,39,7,32,0,0,0
2022-07-03 00:30,47,19,28,0,0,0
2022-07-03 00:45,24,13,11,0,0,0
2022-07-03 01:00,32,13,19,0,0,0
2022-07-03 01:15,33,14,19,0,0,0
2022-07-03 01:30,22,10,12,0,0,0
2022-07-03 01:45,15,9,6,0,0,0
2022-07-03 02:00,14,2,12,0,0,0
2022-07-03 02:15,11,2,9,0,0,0
2022-07-03 02:30,19,8,11,0,0,0
2022-07-03 02:45,11,7,4,0,0,0
2022-07-03 03:00,9,3,6,0,0,0
2022-07-03 03:15,16,1,15,0,0,0
2022-07-03 03:30,5,2,3,0,0,0
2022-07-03 03:45,3,0,3,0,0,0
2022-07-03 04:00,3,1,2,0,0,0
2022-07-03 04:15,11,3,8,0,0,0
2022-07-03 04:30,1,1,0,0,0,0
2022-07-03 04:45,1,0,1,0,0,0
2022-07-03 05:00,0,0,0,0,0,0
2022-07-03 05:15,2,2,0,0,0,0
2022-07-03 05:30,11,4,7,0,0,0
2022-07-03 05:45,7,4,3,0,0,0
2022-07-03 06:00,4,4,0,0,0,0
2022-07-03 06:15,8,6,2,0,0,0
2022-07-03 06:30,5,4,1,0,0,0
2022-07-03 06:45,5,5,0,0,0,0
2022-07-03 07:00,4,1,3,0,0,0
2022-07-03 07:15,6,4,2,0,0,0
2022-07-03 07:30,14,11,3,0,0,0
2022-07-03 07:45,6,6,0,0,0,0
2022-07-03 08:00,9,6,3,0,0,0
2022-07-03 08:15,11,8,3,0,0,0
2022-07-03 08:30,17,9,8,0,0,0
2022-07-03 08:45,20,14,6,0,0,0
2022-07-03 09:00,25,21,4,0,0,0
2022-07-03 09:15,26,19,7,0,0,0
2022-07-03 09:30,36,23,13,0,0,0
2022-07-03 09:45,51,27,24,0,0,0
2022-07-03 10:00,43,30,13,0,0,0
2022-07-03 10:15,30,15,15,0,0,0
2022-07-03 10:30,47,26,21,0,0,0
2022-07-03 10:45,37,25,12,0,0,0
2022-07-03 11:00,40,19,21,0,0,0
2022-07-03 11:15,56,30,26,0,0,0
2022-07-03 11:30,58,24,34,0,0,0
2022-07-03 11:45,44,22,22,0,0,0
2022-07-03 12:00,69,31,38,0,0,0
2022-07-03 12:15,37,25,12,0,0,0
2022-07-03 12:30,56,22,34,0,0,0
2022-07-03 12:45,70,43,27,0,0,0
2022-07-03 13:00,54,34,20,0,0,0
2022-07-03 13:15,82,43,39,0,0,0
2022-07-03 13:30,68,31,37,0,0,0
2022-07-03 13:45,93,45,48,0,0,0
2022-07-03 14:00,54,23,31,0,0,0
2022-07-03 14:15,78,40,38,0,0,0
2022-07-03 14:30,74,37,37,0,0,0
2022-07-03 14:45,81,36,45,0,0,0
2022-07-03 15:00,84,53,31,0,0,0
2022-07-03 15:15,93,37,56,0,0,0
2022-07-03 15:30,65,29,36,0,0,0
2022-07-03 15:45,119,50,69,0,0,0
2022-07-03 16:00,75,26,49,0,0,0
2022-07-03 16:15,62,21,41,0,0,0
2022-07-03 16:30,92,36,56,0,0,0
2022-07-03 16:45,91,43,48,0,0,0
2022-07-03 17:00,70,28,42,0,0,0
2022-07-03 17:15,71,34,37,0,0,0
2022-07-03 17:30,86,36,50,0,0,0
2022-07-03 17:45,91,48,43,0,0,0
2022-07-03 18:00,91,45,46,0,0,0
2022-07-03 18:15,111,50,61,0,0,0
2022-07-03 18:30,85,48,37,0,0,0
2022-07-03 18:45,89,39,50,0,0,0
2022-07-03 19:00,72,31,41,0,0,0
2022-07-03 19:15,90,33,57,0,0,0
2022-07-03 19:30,63,26,37,0,0,0
2022-07-03 19:45,69,30,39,0,0,0
2022-07-03 20:00,64,25,39,0,0,0
2022-07-03 20:15,83,28,55,0,0,0
2022-07-03 20:30,58,22,36,0,0,0
2022-07-03 20:45,50,14,36,0,0,0
2022-07-03 21:00,55,14,41,0,0,0
2022-07-03 21:15,31,13,18,0,0,0
2022-07-03 21:30,49,22,27,0,0,0
2022-07-03 21:45,28,8,20,0,0,0
2022-07-03 22:00,42,13,29,0,0,0
2022-07-03 22:15,19,7,12,0,0,0
2022-07-03 22:30,21,8,13,0,0,0
2022-07-03 22:45,26,9,17,0,0,0
2022-07-03 23:00,13,7,6,0,0,0
2022-07-03 23:15,11,5,6,0,0,0
2022-07-03 23:30,19,3,16,0,0,0
2022-07-03 23:45,3,1,2,0,0,0
2022-07-04 00:00,11,8,3,0,0,0
2022-07-04 00:15,7,2,5,0,0,0
2022-07-04 00:30,3,0,3,0,0,0
2022-07-04 00:45,3,0,3,0,0,0
2022-07-04 01:00,2,1,1,0,0,0
2022-07-04 01:15,3,1,2,0,0,0
2022-07-04 01:30,3,1,2,0,0,0
2022-07-04 01:45,0,0,0,0,0,0
2022-07-04 02:00,4,1,3,0,0,0
2022-07-04 02:15,0,0,0,0,0,0
2022-07-04 02:30,0,0,0,0,0,0
2022-07-04 02:45,3,0,3,0,0,0
2022-07-04 03:00,1,1,0,0,0,0
2022-07-04 03:15,1,1,0,0,0,0
2022-07-04 03:30,0,0,0,0,0,0
2022-07-04 03:45,1,0,1,0,0,0
2022-07-04 04:00,2,0,2,0,0,0
2022-07-04 04:15,4,3,1,0,0,0
2022-07-04 04:30,3,2,1,0,0,0
2022-07-04 04:45,1,1,0,0,0,0
2022-07-04 05:00,2,2,0,0,0,0
2022-07-04 05:15,6,3,3,0,0,0
2022-07-04 05:30,19,14,5,0,0,0
2022-07-04 05:45,21,16,5,0,0,0
2022-07-04 06:00,32,22,10,0,0,0
2022-07-04 06:15,35,26,9,0,0,0
2022-07-04 06:30,44,29,15,0,0,0
2022-07-04 06:45,56,33,23,0,0,0
2022-07-04 07:00,71,47,24,0,0,0
2022-07-04 07:15,71,48,23,0,0,0
2022-07-04 07:30,119,63,56,0,0,0
2022-07-04 07:45,159,101,58,0,0,0
2022-07-04 08:00,123,83,40,0,0,0
2022-07-04 08:15,114,67,47,0,0,0
2022-07-04 08:30,99,69,30,0,0,0
2022-07-04 08:45,112,76,36,0,0,0
2022-07-04 09:00,97,70,27,0,0,0
2022-07-04 09:15,94,61,33,0,0,0
2022-07-04 09:30,114,80,34,0,0,0
2022-07-04 09:45,106,69,37,0,0,0
2022-07-04 10:00,98,61,37,0,0,0
2022-07-04 10:15,114,65,49,0,0,0
2022-07-04 10:30,103,56,47,0,0,0
2022-07-04 10:45,120,69,51,0,0,0
2022-07-04 11:00,146,66,80,0,0,0
2022-07-04 11:15,128,68,60,0,0,0
2022-07-04 11:30,144,65,79,0,0,0
2022-07-04 11:45,127,54,73,0,0,0
2022-07-04 12:00,108,55,53,0,0,0
2022-07-04 12:15,149,56,93,0,0,0
2022-07-04 12:30,125,49,76,0,0,0
2022-07-04 12:45,123,62,61,0,0,0
2022-07-04 13:00,140,62,78,0,0,0
2022-07-04 13:15,133,68,65,0,0,0
2022-07-04 13:30,121,51,70,0,0,0
2022-07-04 13:45,132,67,65,0,0,0
2022-07-04 14:00,118,47,71,0,0,0
2022-07-04 14:15,138,62,76,0,0,0
2022-07-04 14:30,140,65,75,0,0,0
2022-07-04 14:45,158,63,95,0,0,0
2022-07-04 15:00,146,62,84,0,0,0
2022-07-04 15:15,134,45,89,0,0,0
2022-07-04 15:30,176,68,108,0,0,0
2022-07-04 15:45,182,73,109,0,0,0
2022-07-04 16:00,204,77,127,0,0,0
2022-07-04 16:15,204,88,116,0,0,0
2022-07-04 16:30,213,80,133,0,0,0
2022-07-04 16:45,189,79,110,0,0,0
2022-07-04 17:00,199,90,109,0,0,0
2022-07-04 17:15,213,87,126,0,0,0
2022-07-04 17:30,169,69,100,0,0,0
2022-07-04 17:45,215,92,123,0,0,0
2022-07-04 18:00,217,85,132,0,0,0
2022-07-04 18:15,164,69,95,0,0,0
2022-07-04 18:30,146,52,94,0,0,0
2022-07-04 18:45,154,50,104,0,0,0
2022-07-04 19:00,123,48,75,0,0,0
2022-07-04 19:15,131,51,80,0,0,0
2022-07-04 19:30,101,37,64,0,0,0
2022-07-04 19:45,102,44,58,0,0,0
2022-07-04 20:00,90,33,57,0,0,0
2022-07-04 20:15,72,22,50,0,0,0
2022-07-04 20:30,81,34,47,0,0,0
2022-07-04 20:45,81,26,55,0,0,0
2022-07-04 21:00,62,16,46,0,0,0
2022-07-04 21:15,52,15,37,0,0,0
2022-07-04 21:30,51,21,30,0,0,0
2022-07-04 21:45,48,16,32,0,0,0
2022-07-04 22:00,51,14,37,0,0,0
2022-07-04 22:15,44,10,34,0,0,0
2022-07-04 22:30,46,10,36,0,0,0
2022-07-04 22:45,37,11,26,0,0,0
2022-07-04 23:00,28,6,22,0,0,0
2022-07-04 23:15,32,7,25,0,0,0
2022-07-04 23:30,20,7,13,0,0,0
2022-07-04 23:45,15,4,11,0,0,0
2022-07-05 00:00,9,4,5,0,0,0
2022-07-05 00:15,4,2,2,0,0,0
2022-07-05 00:30,2,0,2,0,0,0
2022-07-05 00:45,5,0,5,0,0,0
2022-07-05 01:00,9,1,8,0,0,0
2022-07-05 01:15,9,3,6,0,0,0
2022-07-05 01:30,2,1,1,0,0,0
2022-07-05 01:45,2,2,0,0,0,0
2022-07-05 02:00,3,3,0,0,0,0
2022-07-05 02:15,0,0,0,0,0,0
2022-07-05 02:30,2,0,2,0,0,0
2022-07-05 02:45,2,2,0,0,0,0
2022-07-05 03:00,0,0,0,0,0,0
2022-07-05 03:15,0,0,0,0,0,0
2022-07-05 03:30,2,0,2,0,0,0
2022-07-05 03:45,2,0,2,0,0,0
2022-07-05 04:00,2,2,0,0,0,0
2022-07-05 04:15,4,4,0,0,0,0
2022-07-05 04:30,5,3,2,0,0,0
2022-07-05 04:45,2,2,0,0,0,0
2022-07-05 05:00,3,3,0,0,0,0
2022-07-05 05:15,6,4,2,0,0,0
2022-07-05 05:30,20,14,6,0,0,0
2022-07-05 05:45,24,21,3,0,0,0
2022-07-05 06:00,37,28,9,0,0,0
2022-07-05 06:15,38,31,7,0,0,0
2022-07-05 06:30,55,35,20,0,0,0
2022-07-05 06:45,67,40,27,0,0,0
2022-07-05 07:00,80,55,25,0,0,0
2022-07-05 07:15,112,81,31,0,0,0
2022-07-05 07:30,120,83,37,0,0,0
2022-07-05 07:45,166,109,57,0,0,0
2022-07-05 08:00,138,91,47,0,0,0
2022-07-05 08:15,150,96,54,0,0,0
2022-07-05 08:30,118,84,34,0,0,0
2022-07-05 08:45,161,105,56,0,0,0
2022-07-05 09:00,102,70,32,0,0,0
2022-07-05 09:15,81,56,25,0,0,0
2022-07-05 09:30,112,68,44,0,0,0
2022-07-05 09:45,121,71,50,0,0,0
2022-07-05 10:00,109,71,38,0,0,0
2022-07-05 10:15,89,61,28,0,0,0
2022-07-05 10:30,113,63,50,0,0,0
2022-07-05 10:45,123,68,55,0,0,0
2022-07-05 11:00,112,61,51,0,0,0
2022-07-05 11:15,116,67,49,0,0,0
2022-07-05 11:30,109,45,64,0,0,0
2022-07-05 11:45,188,86,102,0,0,0
2022-07-05 12:00,137,66,71,0,0,0
2022-07-05 12:15,142,66,76,0,0,0
2022-07-05 12:30,140,59,81,0,0,0
2022-07-05 12:45,130,53,77,0,0,0
2022-07-05 13:00,145,60,85,0,0,0
2022-07-05 13:15,149,78,71,0,0,0
2022-07-05 13:30,157,78,79,0,0,0
2022-07-05 13:45,153,79,74,0,0,0
2022-07-05 14:00,152,64,88,0,0,0
2022-07-05 14:15,152,70,82,0,0,0
2022-07-05 14:30,119,54,65,0,0,0
2022-07-05 14:45,185,81,104,0,0,0
2022-07-05 15:00,187,72,115,0,0,0
2022-07-05 15:15,136,58,78,0,0,0
2022-07-05 15:30,164,70,94,0,0,0
2022-07-05 15:45,192,82,110,0,0,0
2022-07-05 16:00,202,88,114,0,0,0
2022-07-05 16:15,189,78,111,0,0,0
2022-07-05 16:30,197,84,113,0,0,0
2022-07-05 16:45,226,96,130,0,0,0
2022-07-05 17:00,197,78,119,0,0,0
2022-07-05 17:15,224,78,146,0,0,0
2022-07-05 17:30,183,64,119,0,0,0
2022-07-05 17:45,228,95,133,0,0,0
2022-07-05 18:00,195,68,127,0,0,0
2022-07-05 18:15,165,56,109,0,0,0
2022-07-05 18:30,122,41,81,0,0,0
2022-07-05 18:45,148,73,75,0,0,0
2022-07-05 19:00,135,53,82,0,0,0
2022-07-05 19:15,103,38,65,0,0,0
2022-07-05 19:30,127,53,74,0,0,0
2022-07-05 19:45,84,34,50,0,0,0
2022-07-05 20:00,86,21,65,0,0,0
2022-07-05 20:15,68,22,46,0,0,0
2022-07-05 20:30,68,25,43,0,0,0
2022-07-05 20:45,53,20,33,0,0,0
2022-07-05 21:00,65,22,43,0,0,0
2022-07-05 21:15,64,20,44,0,0,0
2022-07-05 21:30,55,6,49,0,0,0
2022-07-05 21:45,55,13,42,0,0,0
2022-07-05 22:00,60,15,45,0,0,0
2022-07-05 22:15,36,12,24,0,0,0
2022-07-05 22:30,34,8,26,0,0,0
2022-07-05 22:45,37,8,29,0,0,0
2022-07-05 23:00,38,7,31,0,0,0
2022-07-05 23:15,19,4,15,0,0,0
2022-07-05 23:30,22,5,17,0,0,0
2022-07-05 23:45,21,12,9,0,0,0
2022-07-06 00:00,16,10,6,0,0,0
2022-07-06 00:15,8,6,2,0,0,0
2022-07-06 00:30,10,2,8,0,0,0
2022-07-06 00:45,8,3,5,0,0,0
2022-07-06 01:00,13,3,10,0,0,0
2022-07-06 01:15,8,5,3,0,0,0
2022-07-06 01:30,7,3,4,0,0,0
2022-07-06 01:45,5,2,3,0,0,0
2022-07-06 02:00,1,0,1,0,0,0
2022-07-06 02:15,0,0,0,0,0,0
2022-07-06 02:30,2,1,1,0,0,0
2022-07-06 02:45,2,2,0,0,0,0
2022-07-06 03:00,0,0,0,0,0,0
2022-07-06 03:15,0,0,0,0,0,0
2022-07-06 03:30,0,0,0,0,0,0
2022-07-06 03:45,1,0,1,0,0,0
2022-07-06 04:00,1,1,0,0,0,0
2022-07-06 04:15,4,3,1,0,0,0
2022-07-06 04:30,2,2,0,0,0,0
2022-07-06 04:45,5,4,1,0,0,0
2022-07-06 05:00,4,4,0,0,0,0
2022-07-06 05:15,10,6,4,0,0,0
2022-07-06 05:30,18,16,2,0,0,0
2022-07-06 05:45,22,21,1,0,0,0
2022-07-06 06:00,41,31,10,0,0,0
2022-07-06 06:15,39,31,8,0,0,0
2022-07-06 06:30,64,44,20,0,0,0
2022-07-06 06:45,61,41,20,0,0,0
2022-07-06 07:00,100,65,35,0,0,0
2022-07-06 07:15,96,67,29,0,0,0
2022-07-06 07:30,116,77,39,0,0,0
2022-07-06 07:45,155,111,44,0,0,0
2022-07-06 08:00,132,84,48,0,0,0
2022-07-06 08:15,126,89,37,0,0,0
2022-07-06 08:30,121,81,40,0,0,0
2022-07-06 08:45,162,118,44,0,0,0
2022-07-06 09:00,102,66,36,0,0,0
2022-07-06 09:15,126,85,41,0,0,0
2022-07-06 09:30,102,67,35,0,0,0
2022-07-06 09:45,162,106,56,0,0,0
2022-07-06 10:00,109,69,40,0,0,0
2022-07-06 10:15,114,65,49,0,0,0
2022-07-06 10:30,99,61,38,0,0,0
2022-07-06 10:45,153,99,54,0,0,0
2022-07-06 11:00,102,62,40,0,0,0
2022-07-06 11:15,118,66,52,0,0,0
2022-07-06 11:30,125,65,60,0,0,0
2022-07-06 11:45,163,78,85,0,0,0
2022-07-06 12:00,163,77,86,0,0,0
2022-07-06 12:15,139,76,63,0,0,0
2022-07-06 12:30,163,75,88,0,0,0
2022-07-06 12:45,159,65,94,0,0,0
2022-07-06 13:00,120,60,60,0,0,0
2022-07-06 13:15,135,66,69,0,0,0
2022-07-06 13:30,135,58,77,0,0,0
2022-07-06 13:45,139,63,76,0,0,0
2022-07-06 14:00,156,58,98,0,0,0
2022-07-06 14:15,144,66,78,0,0,0
2022-07-06 14:30,153,62,91,0,0,0
2022-07-06 14:45,123,58,65,0,0,0
2022-07-06 15:00,161,60,101,0,0,0
2022-07-06 15:15,166,65,101,0,0,0
2022-07-06 15:30,150,74,76,0,0,0
2022-07-06 15:45,175,73,102,0,0,0
2022-07-06 16:00,162,60,102,0,0,0
2022-07-06 16:15,221,86,135,0,0,0
2022-07-06 16:30,184,66,118,0,0,0
2022-07-06 16:45,188,83,105,0,0,0
2022-07-06 17:00,212,75,137,0,0,0
2022-07-06 17:15,181,80,101,0,0,0
2022-07-06 17:30,188,82,106,0,0,0
2022-07-06 17:45,198,67,131,0,0,0
2022-07-06 18:00,195,72,123,0,0,0
2022-07-06 18:15,182,77,105,0,0,0
2022-07-06 18:30,148,60,88,0,0,0
2022-07-06 18:45,126,63,63,0,0,0
2022-07-06 19:00,128,39,89,0,0,0
2022-07-06 19:15,133,66,67,0,0,0
2022-07-06 19:30,110,44,66,0,0,0
2022-07-06 19:45,106,33,73,0,0,0
2022-07-06 20:00,98,41,57,0,0,0
2022-07-06 20:15,107,33,74,0,0,0
2022-07-06 20:30,62,23,39,0,0,0
2022-07-06 20:45,79,25,54,0,0,0
2022-07-06 21:00,52,18,34,0,0,0
2022-07-06 21:15,42,16,26,0,0,0
2022-07-06 21:30,49,23,26,0,0,0
2022-07-06 21:45,57,26,31,0,0,0
2022-07-06 22:00,59,25,34,0,0,0
2022-07-06 22:15,65,20,45,0,0,0
2022-07-06 22:30,50,20,30,0,0,0
2022-07-06 22:45,49,22,27,0,0,0
2022-07-06 23:00,36,12,24,0,0,0
2022-07-06 23:15,31,14,17,0,0,0
2022-07-06 23:30,25,5,20,0,0,0
2022-07-06 23:45,25,8,17,0,0,0
2022-07-07 00:00,21,8,13,0,0,0
2022-07-07 00:15,16,4,12,0,0,0
2022-07-07 00:30,14,5,9,0,0,0
2022-07-07 00:45,6,3,3,0,0,0
2022-07-07 01:00,2,0,2,0,0,0
2022-07-07 01:15,7,3,4,0,0,0
2022-07-07 01:30,7,1,6,0,0,0
2022-07-07 01:45,6,2,4,0,0,0
2022-07-07 02:00,7,0,7,0,0,0
2022-07-07 02:15,7,1,6,0,0,0
2022-07-07 02:30,7,0,7,0,0,0
2022-07-07 02:45,3,1,2,0,0,0
2022-07-07 03:00,1,0,1,0,0,0
2022-07-07 03:15,0,0,0,0,0,0
2022-07-07 03:30,6,0,6,0,0,0
2022-07-07 03:45,4,1,3,0,0,0
2022-07-07 04:00,5,0,5,0,0,0
2022-07-07 04:15,6,4,2,0,0,0
2022-07-07 04:30,1,0,1,0,0,0
2022-07-07 04:45,4,4,0,0,0,0
2022-07-07 05:00,1,1,0,0,0,0
2022-07-07 05:15,8,6,2,0,0,0
2022-07-07 05:30,20,12,8,0,0,0
2022-07-07 05:45,25,21,4,0,0,0
2022-07-07 06:00,30,20,10,0,0,0
2022-07-07 06:15,24,13,11,0,0,0
2022-07-07 06:30,36,25,11,0,0,0
2022-07-07 06:45,43,27,16,0,0,0
2022-07-07 07:00,47,27,20,0,0,0
2022-07-07 07:15,66,46,20,0,0,0
2022-07-07 07:30,89,64,25,0,0,0
2022-07-07 07:45,142,107,35,0,0,0
2022-07-07 08:00,106,70,36,0,0,0
2022-07-07 08:15,103,71,32,0,0,0
2022-07-07 08:30,88,53,35,0,0,0
2022-07-07 08:45,103,68,35,0,0,0
2022-07-07 09:00,69,44,25,0,0,0
2022-07-07 09:15,70,41,29,0,0,0
2022-07-07 09:30,73,46,27,0,0,0
2022-07-07 09:45,109,69,40,0,0,0
2022-07-07 10:00,92,66,26,0,0,0
2022-07-07 10:15,56,27,29,0,0,0
2022-07-07 10:30,82,43,39,0,0,0
2022-07-07 10:45,95,50,45,0,0,0
2022-07-07 11:00,82,36,46,0,0,0
2022-07-07 11:15,108,54,54,0,0,0
2022-07-07 11:30,93,41,52,0,0,0
2022-07-07 11:45,129,65,64,0,0,0
2022-07-07 12:00,117,53,64,0,0,0
2022-07-07 12:15,112,44,68,0,0,0
2022-07-07 12:30,97,41,56,0,0,0
2022-07-07 12:45,102,42,60,0,0,0
2022-07-07 13:00,93,39,54,0,0,0
2022-07-07 13:15,83,37,46,0,0,0
2022-07-07 13:30,79,35,44,0,0,0
2022-07-07 13:45,120,57,63,0,0,0
2022-07-07 14:00,119,57,62,0,0,0
2022-07-07 14:15,101,52,49,0,0,0
2022-07-07 14:30,134,63,71,0,0,0
2022-07-07 14:45,107,59,48,0,0,0
2022-07-07 15:00,144,66,78,0,0,0
2022-07-07 15:15,125,55,70,0,0,0
2022-07-07 15:30,111,50,61,0,0,0
2022-07-07 15:45,156,68,88,0,0,0
2022-07-07 16:00,138,49,89,0,0,0
2022-07-07 16:15,152,65,87,0,0,0
2022-07-07 16:30,138,49,89,0,0,0
2022-07-07 16:45,160,64,96,0,0,0
2022-07-07 17:00,140,49,91,0,0,0
2022-07-07 17:15,163,65,98,0,0,0
2022-07-07 17:30,149,61,88,0,0,0
2022-07-07 17:45,152,69,83,0,0,0
2022-07-07 18:00,177,55,122,0,0,0
2022-07-07 18:15,162,62,100,0,0,0
2022-07-07 18:30,107,49,58,0,0,0
2022-07-07 18:45,148,49,99,0,0,0
2022-07-07 19:00,92,29,63,0,0,0
2022-07-07 19:15,114,42,72,0,0,0
2022-07-07 19:30,85,26,59,0,0,0
2022-07-07 19:45,100,33,67,0,0,0
2022-07-07 20:00,79,34,45,0,0,0
2022-07-07 20:15,67,21,46,0,0,0
2022-07-07 20:30,41,10,31,0,0,0
2022-07-07 20:45,52,21,31,0,0,0
2022-07-07 21:00,58,18,40,0,0,0
2022-07-07 21:15,61,33,28,0,0,0
2022-07-07 21:30,44,16,28,0,0,0
2022-07-07 21:45,54,14,40,0,0,0
2022-07-07 22:00,47,16,31,0,0,0
2022-07-07 22:15,58,19,39,0,0,0
2022-07-07 22:30,43,18,25,0,0,0
2022-07-07 22:45,39,13,26,0,0,0
2022-07-07 23:00,47,16,31,0,0,0
2022-07-07 23:15,32,7,25,0,0,0
2022-07-07 23:30,10,2,8,0,0,0
2022-07-07 23:45,20,6,14,0,0,0
2022-07-08 00:00,15,7,8,0,0,0
2022-07-08 00:15,13,3,10,0,0,0
2022-07-08 00:30,19,6,13,0,0,0
2022-07-08 00:45,17,2,15,0,0,0
2022-07-08 01:00,11,2,9,0,0,0
2022-07-08 01:15,6,3,3,0,0,0
2022-07-08 01:30,12,2,10,0,0,0
2022-07-08 01:45,4,1,3,0,0,0
2022-07-08 02:00,9,4,5,0,0,0
2022-07-08 02:15,3,0,3,0,0,0
2022-07-08 02:30,3,0,3,0,0,0
2022-07-08 02:45,1,0,1,0,0,0
2022-07-08 03:00,0,0,0,0,0,0
2022-07-08 03:15,2,0,2,0,0,0
2022-07-08 03:30,1,0,1,0,0,0
2022-07-08 03:45,0,0,0,0,0,0
2022-07-08 04:00,3,1,2,0,0,0
2022-07-08 04:15,6,4,2,0,0,0
2022-07-08 04:30,1,1,0,0,0,0
2022-07-08 04:45,3,2,1,0,0,0
2022-07-08 05:00,1,1,0,0,0,0
2022-07-08 05:15,6,5,1,0,0,0
2022-07-08 05:30,23,17,6,0,0,0
2022-07-08 05:45,20,18,2,0,0,0
2022-07-08 06:00,33,26,7,0,0,0
2022-07-08 06:15,27,21,6,0,0,0
2022-07-08 06:30,33,26,7,0,0,0
2022-07-08 06:45,55,39,16,0,0,0
2022-07-08 07:00,67,40,27,0,0,0
2022-07-08 07:15,82,52,30,0,0,0
2022-07-08 07:30,94,61,33,0,0,0
2022-07-08 07:45,108,79,29,0,0,0
2022-07-08 08:00,115,79,36,0,0,0
2022-07-08 08:15,113,67,46,0,0,0
2022-07-08 08:30,93,65,28,0,0,0
2022-07-08 08:45,108,77,31,0,0,0
2022-07-08 09:00,94,63,31,0,0,0
2022-07-08 09:15,86,59,27,0,0,0
2022-07-08 09:30,109,62,47,0,0,0
2022-07-08 09:45,121,84,37,0,0,0
2022-07-08 10:00,106,78,28,0,0,0
2022-07-08 10:15,106,62,44,0,0,0
2022-07-08 10:30,101,53,48,0,0,0
2022-07-08 10:45,111,63,48,0,0,0
2022-07-08 11:00,119,56,63,0,0,0
2022-07-08 11:15,105,61,44,0,0,0
2022-07-08 11:30,123,59,64,0,0,0
2022-07-08 11:45,123,54,69,0,0,0
2022-07-08 12:00,124,59,65,0,0,0
2022-07-08 12:15,138,63,75,0,0,0
2022-07-08 12:30,142,58,84,0,0,0
2022-07-08 12:45,176,86,90,0,0,0
2022-07-08 13:00,152,66,86,0,0,0
2022-07-08 13:15,133,49,84,0,0,0
2022-07-08 13:30,138,58,80,0,0,0
2022-07-08 13:45,152,78,74,0,0,0
2022-07-08 14:00,160,63,97,0,0,0
2022-07-08 14:15,181,77,104,0,0,0
2022-07-08 14:30,146,58,88,0,0,0
2022-07-08 14:45,135,54,81,0,0,0
2022-07-08 15:00,165,77,88,0,0,0
2022-07-08 15:15,141,67,74,0,0,0
2022-07-08 15:30,118,44,74,0,0,0
2022-07-08 15:45,180,82,98,0,0,0
2022-07-08 16:00,125,53,72,0,0,0
2022-07-08 16:15,136,61,75,0,0,0
2022-07-08 16:30,150,74,76,0,0,0
2022-07-08 16:45,146,63,83,0,0,0
2022-07-08 17:00,161,71,90,0,0,0
2022-07-08 17:15,145,55,90,0,0,0
2022-07-08 17:30,155,65,90,0,0,0
2022-07-08 17:45,141,60,81,0,0,0
2022-07-08 18:00,141,55,86,0,0,0
2022-07-08 18:15,136,51,85,0,0,0
2022-07-08 18:30,109,46,63,0,0,0
2022-07-08 18:45,141,63,78,0,0,0
2022-07-08 19:00,140,71,69,0,0,0
2022-07-08 19:15,126,66,60,0,0,0
2022-07-08 19:30,126,57,69,0,0,0
2022-07-08 19:45,110,51,59,0,0,0
2022-07-08 20:00,110,40,70,0,0,0
2022-07-08 20:15,76,32,44,0,0,0
2022-07-08 20:30,73,34,39,0,0,0
2022-07-08 20:45,75,23,52,0,0,0
2022-07-08 21:00,64,27,37,0,0,0
2022-07-08 21:15,62,25,37,0,0,0
2022-07-08 21:30,62,22,40,0,0,0
2022-07-08 21:45,54,19,35,0,0,0
2022-07-08 22:00,46,14,32,0,0,0
2022-07-08 22:15,57,17,40,0,0,0
2022-07-08 22:30,41,12,29,0,0,0
2022-07-08 22:45,41,16,25,0,0,0
2022-07-08 23:00,49,15,34,0,0,0
2022-07-08 23:15,61,16,45,0,0,0
2022-07-08 23:30,47,20,27,0,0,0
2022-07-08 23:45,24,8,16,0,0,0
2022-07-09 00:00,46,23,23,0,0,0
2022-07-09 00:15,33,7,26,0,0,0
2022-07-09 00:30,37,15,22,0,0,0
2022-07-09 00:45,30,14,16,0,0,0
2022-07-09 01:00,44,21,23,0,0,0
2022-07-09 01:15,22,6,16,0,0,0
2022-07-09 01:30,18,5,13,0,0,0
2022-07-09 01:45,15,9,6,0,0,0
2022-07-09 02:00,13,3,10,0,0,0
2022-07-09 02:15,16,5,11,0,0,0
2022-07-09 02:30,12,1,11,0,0,0
2022-07-09 02:45,4,0,4,0,0,0
2022-07-09 03:00,12,6,6,0,0,0
2022-07-09 03:15,4,2,2,0,0,0
2022-07-09 03:30,2,1,1,0,0,0
2022-07-09 03:45,9,0,9,0,0,0
2022-07-09 04:00,9,1,8,0,0,0
2022-07-09 04:15,2,0,2,0,0,0
2022-07-09 04:30,3,0,3,0,0,0
2022-07-09 04:45,4,3,1,0,0,0
2022-07-09 05:00,1,1,0,0,0,0
2022-07-09 05:15,6,2,4,0,0,0
2022-07-09 05:30,8,5,3,0,0,0
2022-07-09 05:45,6,6,0,0,0,0
2022-07-09 06:00,8,4,4,0,0,0
2022-07-09 06:15,12,9,3,0,0,0
2022-07-09 06:30,6,3,3,0,0,0
2022-07-09 06:45,8,4,4,0,0,0
2022-07-09 07:00,15,9,6,0,0,0
2022-07-09 07:15,21,14,7,0,0,0
2022-07-09 07:30,16,11,5,0,0,0
2022-07-09 07:45,21,14,7,0,0,0
2022-07-09 08:00,29,21,8,0,0,0
2022-07-09 08:15,37,26,11,0,0,0
2022-07-09 08:30,36,20,16,0,0,0
2022-07-09 08:45,59,36,23,0,0,0
2022-07-09 09:00,51,39,12,0,0,0
2022-07-09 09:15,69,49,20,0,0,0
2022-07-09 09:30,81,54,27,0,0,0
2022-07-09 09:45,108,66,42,0,0,0
2022-07-09 10:00,119,61,58,0,0,0
2022-07-09 10:15,92,54,38,0,0,0
2022-07-09 10:30,93,52,41,0,0,0
2022-07-09 10:45,154,103,51,0,0,0
2022-07-09 11:00,105,59,46,0,0,0
2022-07-09 11:15,127,76,51,0,0,0
2022-07-09 11:30,134,88,46,0,0,0
2022-07-09 11:45,134,75,59,0,0,0
2022-07-09 12:00,134,77,57,0,0,0
2022-07-09 12:15,148,86,62,0,0,0
2022-07-09 12:30,155,94,61,0,0,0
2022-07-09 12:45,169,100,69,0,0,0
2022-07-09 13:00,132,70,62,0,0,0
2022-07-09 13:15,163,63,100,0,0,0
2022-07-09 13:30,157,76,81,0,0,0
2022-07-09 13:45,172,94,78,0,0,0
2022-07-09 14:00,142,70,72,0,0,0
2022-07-09 14:15,150,59,91,0,0,0
2022-07-09 14:30,128,50,78,0,0,0
2022-07-09 14:45,125,53,72,0,0,0
2022-07-09 15:00,132,66,66,0,0,0
2022-07-09 15:15,158,71,87,0,0,0
2022-07-09 15:30,112,59,53,0,0,0
2022-07-09 15:45,138,59,79,0,0,0
2022-07-09 16:00,159,56,103,0,0,0
2022-07-09 16:15,110,49,61,0,0,0
2022-07-09 16:30,117,44,73,0,0,0
2022-07-09 16:45,104,56,48,0,0,0
2022-07-09 17:00,124,50,74,0,0,0
2022-07-09 17:15,112,43,69,0,0,0
2022-07-09 17:30,125,43,82,0,0,0
2022-07-09 17:45,118,56,62,0,0,0
2022-07-09 18:00,99,32,67,0,0,0
2022-07-09 18:15,118,50,68,0,0,0
2022-07-09 18:30,92,31,61,0,0,0
2022-07-09 18:45,102,43,59,0,0,0
2022-07-09 19:00,86,40,46,0,0,0
2022-07-09 19:15,83,43,40,0,0,0
2022-07-09 19:30,93,43,50,0,0,0
2022-07-09 19:45,103,56,47,0,0,0
2022-07-09 20:00,87,37,50,0,0,0
2022-07-09 20:15,68,24,44,0,0,0
2022-07-09 20:30,59,18,41,0,0,0
2022-07-09 20:45,52,30,22,0,0,0
2022-07-09 21:00,41,18,23,0,0,0
2022-07-09 21:15,50,24,26,0,0,0
2022-07-09 21:30,49,32,17,0,0,0
2022-07-09 21:45,53,21,32,0,0,0
2022-07-09 22:00,35,9,26,0,0,0
2022-07-09 22:15,52,18,34,0,0,0
2022-07-09 22:30,33,11,22,0,0,0
2022-07-09 22:45,38,19,19,0,0,0
2022-07-09 23:00,40,19,21,0,0,0
2022-07-09 23:15,27,15,12,0,0,0
2022-07-09 23:30,39,16,23,0,0,0
2022-07-09 23:45,49,12,37,0,0,0
2022-07-10 00:00,26,8,18,0,0,0
2022-07-10 00:15,28,8,20,0,0,0
2022-07-10 00:30,28,8,20,0,0,0
2022-07-10 00:45,32,14,18,0,0,0
2022-07-10 01:00,23,11,12,0,0,0
2022-07-10 01:15,9,4,5,0,0,0
2022-07-10 01:30,11,1,10,0,0,0
2022-07-10 01:45,27,18,9,0,0,0
2022-07-10 02:00,10,3,7,0,0,0
2022-07-10 02:15,18,5,13,0,0,0
2022-07-10 02:30,20,0,20,0,0,0
2022-07-10 02:45,10,5,5,0,0,0
2022-07-10 03:00,11,4,7,0,0,0
2022-07-10 03:15,6,4,2,0,0,0
2022-07-10 03:30,15,2,13,0,0,0
2022-07-10 03:45,7,3,4,0,0,0
2022-07-10 04:00,2,1,1,0,0,0
2022-07-10 04:15,2,0,2,0,0,0
2022-07-10 04:30,3,0,3,0,0,0
2022-07-10 04:45,11,4,7,0,0,0
2022-07-10 05:00,1,1,0,0,0,0
2022-07-10 05:15,7,1,6,0,0,0
2022-07-10 05:30,4,1,3,0,0,0
2022-07-10 05:45,5,5,0,0,0,0
2022-07-10 06:00,9,4,5,0,0,0
2022-07-10 06:15,5,4,1,0,0,0
2022-07-10 06:30,7,5,2,0,0,0
2022-07-10 06:45,4,2,2,0,0,0
2022-07-10 07:00,6,3,3,0,0,0
2022-07-10 07:15,2,2,0,0,0,0
2022-07-10 07:30,6,3,3,0,0,0
2022-07-10 07:45,8,5,3,0,0,0
2022-07-10 08:00,3,2,1,0,0,0
2022-07-10 08:15,12,8,4,0,0,0
2022-07-10 08:30,12,7,5,0,0,0
2022-07-10 08:45,31,22,9,0,0,0
2022-07-10 09:00,9,4,5,0,0,0
2022-07-10 09:15,16,8,8,0,0,0
2022-07-10 09:30,28,18,10,0,0,0
2022-07-10 09:45,51,32,19,0,0,0
2022-07-10 10:00,40,27,13,0,0,0
2022-07-10 10:15,21,17,4,0,0,0
2022-07-10 10:30,36,21,15,0,0,0
2022-07-10 10:45,48,27,21,0,0,0
2022-07-10 11:00,41,24,17,0,0,0
2022-07-10 11:15,39,21,18,0,0,0
2022-07-10 11:30,32,17,15,0,0,0
2022-07-10 11:45,42,21,21,0,0,0
2022-07-10 12:00,35,18,17,0,0,0
2022-07-10 12:15,50,25,25,0,0,0
2022-07-10 12:30,39,19,20,0,0,0
2022-07-10 12:45,39,17,22,0,0,0
2022-07-10 13:00,47,25,22,0,0,0
2022-07-10 13:15,65,23,42,0,0,0
2022-07-10 13:30,60,22,38,0,0,0
2022-07-10 13:45,61,28,33,0,0,0
2022-07-10 14:00,49,25,24,0,0,0
2022-07-10 14:15,44,17,27,0,0,0
2022-07-10 14:30,57,30,27,0,0,0
2022-07-10 14:45,45,23,22,0,0,0
2022-07-10 15:00,45,20,25,0,0,0
2022-07-10 15:15,51,21,30,0,0,0
2022-07-10 15:30,52,24,28,0,0,0
2022-07-10 15:45,44,21,23,0,0,0
2022-07-10 16:00,55,31,24,0,0,0
2022-07-10 16:15,56,25,31,0,0,0
2022-07-10 16:30,56,26,30,0,0,0
2022-07-10 16:45,63,32,31,0,0,0
2022-07-10 17:00,51,22,29,0,0,0
2022-07-10 17:15,55,27,28,0,0,0
2022-07-10 17:30,54,16,38,0,0,0
2022-07-10 17:45,39,20,19,0,0,0
2022-07-10 18:00,57,19,38,0,0,0
2022-07-10 18:15,60,16,44,0,0,0
2022-07-10 18:30,55,19,36,0,0,0
2022-07-10 18:45,54,17,37,0,0,0
2022-07-10 19:00,47,19,28,0,0,0
2022-07-10 19:15,44,22,22,0,0,0
2022-07-10 19:30,50,24,26,0,0,0
2022-07-10 19:45,33,15,18,0,0,0
2022-07-10 20:00,42,17,25,0,0,0
2022-07-10 20:15,44,18,26,0,0,0
2022-07-10 20:30,31,16,15,0,0,0
2022-07-10 20:45,39,8,31,0,0,0
2022-07-10 21:00,30,11,19,0,0,0
2022-07-10 21:15,28,13,15,0,0,0
2022-07-10 21:30,36,15,21,0,0,0
2022-07-10 21:45,15,6,9,0,0,0
2022-07-10 22:00,27,8,19,0,0,0
2022-07-10 22:15,15,7,8,0,0,0
2022-07-10 22:30,11,5,6,0,0,0
2022-07-10 22:45,21,8,13,0,0,0
2022-07-10 23:00,19,7,12,0,0,0
2022-07-10 23:15,11,7,4,0,0,0
2022-07-10 23:30,7,3,4,0,0,0
2022-07-10 23:45,9,4,5,0,0,0
2022-07-11 00:00,6,3,3,0,0,0
2022-07-11 00:15,2,1,1,0,0,0
2022-07-11 00:30,2,0,2,0,0,0
2022-07-11 00:45,6,3,3,0,0,0
2022-07-11 01:00,2,0,2,0,0,0
2022-07-11 01:15,0,0,0,0,0,0
2022-07-11 01:30,1,1,0,0,0,0
2022-07-11 01:45,3,1,2,0,0,0
2022-07-11 02:00,0,0,0,0,0,0
2022-07-11 02:15,0,0,0,0,0,0
2022-07-11 02:30,0,0,0,0,0,0
2022-07-11 02:45,0,0,0,0,0,0
2022-07-11 03:00,0,0,0,0,0,0
2022-07-11 03:15,1,0,1,0,0,0
2022-07-11 03:30,1,1,0,0,0,0
2022-07-11 03:45,0,0,0,0,0,0
2022-07-11 04:00,3,3,0,0,0,0
2022-07-11 04:15,4,4,0,0,0,0
2022-07-11 04:30,3,2,1,0,0,0
2022-07-11 04:45,3,2,1,0,0,0
2022-07-11 05:00,1,1,0,0,0,0
2022-07-11 05:15,12,8,4,0,0,0
2022-07-11 05:30,15,12,3,0,0,0
2022-07-11 05:45,16,14,2,0,0,0
2022-07-11 06:00,32,22,10,0,0,0
2022-07-11 06:15,36,30,6,0,0,0
2022-07-11 06:30,41,28,13,0,0,0
2022-07-11 06:45,64,49,15,0,0,0
2022-07-11 07:00,68,45,23,0,0,0
2022-07-11 07:15,75,57,18,0,0,0
2022-07-11 07:30,96,65,31,0,0,0
2022-07-11 07:45,123,90,33,0,0,0
2022-07-11 08:00,105,74,31,0,0,0
2022-07-11 08:15,137,91,46,0,0,0
2022-07-11 08:30,100,69,31,0,0,0
2022-07-11 08:45,125,90,35,0,0,0
2022-07-11 09:00,66,45,21,0,0,0
2022-07-11 09:15,83,63,20,0,0,0
2022-07-11 09:30,69,46,23,0,0,0
2022-07-11 09:45,85,58,27,0,0,0
2022-07-11 10:00,77,50,27,0,0,0
2022-07-11 10:15,89,46,43,0,0,0
2022-07-11 10:30,74,38,36,0,0,0
2022-07-11 10:45,95,49,46,0,0,0
2022-07-11 11:00,97,53,44,0,0,0
2022-07-11 11:15,93,52,41,0,0,0
2022-07-11 11:30,102,57,45,0,0,0
2022-07-11 11:45,107,55,52,0,0,0
2022-07-11 12:00,106,53,53,0,0,0
2022-07-11 12:15,130,60,70,0,0,0
2022-07-11 12:30,108,55,53,0,0,0
2022-07-11 12:45,89,30,59,0,0,0
2022-07-11 13:00,106,38,68,0,0,0
2022-07-11 13:15,112,58,54,0,0,0
2022-07-11 13:30,106,53,53,0,0,0
2022-07-11 13:45,90,44,46,0,0,0
2022-07-11 14:00,123,57,66,0,0,0
2022-07-11 14:15,101,35,66,0,0,0
2022-07-11 14:30,121,48,73,0,0,0
2022-07-11 14:45,126,52,74,0,0,0
2022-07-11 15:00,146,62,84,0,0,0
2022-07-11 15:15,160,56,104,0,0,0
2022-07-11 15:30,168,66,102,0,0,0
2022-07-11 15:45,152,67,85,0,0,0
2022-07-11 16:00,182,90,92,0,0,0
2022-07-11 16:15,163,63,100,0,0,0
2022-07-11 16:30,144,61,83,0,0,0
2022-07-11 16:45,163,63,100,0,0,0
2022-07-11 17:00,188,63,125,0,0,0
2022-07-11 17:15,174,58,116,0,0,0
2022-07-11 17:30,187,61,126,0,0,0
2022-07-11 17:45,190,66,124,0,0,0
2022-07-11 18:00,164,55,109,0,0,0
2022-07-11 18:15,164,66,98,0,0,0
2022-07-11 18:30,152,59,93,0,0,0
2022-07-11 18:45,116,42,74,0,0,0
2022-07-11 19:00,88,32,56,0,0,0
2022-07-11 19:15,108,41,67,0,0,0
2022-07-11 19:30,84,30,54,0,0,0
2022-07-11 19:45,81,40,41,0,0,0
2022-07-11 20:00,112,34,78,0,0,0
2022-07-11 20:15,60,28,32,0,0,0
2022-07-11 20:30,53,18,35,0,0,0
2022-07-11 20:45,43,14,29,0,0,0
2022-07-11 21:00,44,14,30,0,0,0
2022-07-11 21:15,60,29,31,0,0,0
2022-07-11 21:30,53,20,33,0,0,0
2022-07-11 21:45,38,13,25,0,0,0
2022-07-11 22:00,39,13,26,0,0,0
2022-07-11 22:15,32,15,17,0,0,0
2022-07-11 22:30,26,7,19,0,0,0
2022-07-11 22:45,27,7,20,0,0,0
2022-07-11 23:00,18,6,12,0,0,0
2022-07-11 23:15,30,4,26,0,0,0
2022-07-11 23:30,11,4,7,0,0,0
2022-07-11 23:45,25,5,20,0,0,0
2022-07-12 00:00,8,1,7,0,0,0
2022-07-12 00:15,4,2,2,0,0,0
2022-07-12 00:30,13,3,10,0,0,0
2022-07-12 00:45,5,1,4,0,0,0
2022-07-12 01:00,2,1,1,0,0,0
2022-07-12 01:15,5,2,3,0,0,0
2022-07-12 01:30,0,0,0,0,0,0
2022-07-12 01:45,4,3,1,0,0,0
2022-07-12 02:00,1,0,1,0,0,0
2022-07-12 02:15,3,0,3,0,0,0
2022-07-12 02:30,1,1,0,0,0,0
2022-07-12 02:45,1,1,0,0,0,0
2022-07-12 03:00,3,0,3,0,0,0
2022-07-12 03:15,0,0,0,0,0,0
2022-07-12 03:30,1,0,1,0,0,0
2022-07-12 03:45,0,0,0,0,0,0
2022-07-12 04:00,3,2,1,0,0,0
2022-07-12 04:15,3,3,0,0,0,0
2022-07-12 04:30,4,3,1,0,0,0
2022-07-12 04:45,3,3,0,0,0,0
2022-07-12 05:00,1,1,0,0,0,0
2022-07-12 05:15,10,7,3,0,0,0
2022-07-12 05:30,16,8,8,0,0,0
2022-07-12 05:45,28,20,8,0,0,0
2022-07-12 06:00,35,28,7,0,0,0
2022-07-12 06:15,27,22,5,0,0,0
2022-07-12 06:30,49,32,17,0,0,0
2022-07-12 06:45,60,36,24,0,0,0
2022-07-12 07:00,80,50,30,0,0,0
2022-07-12 07:15,107,65,42,0,0,0
2022-07-12 07:30,126,86,40,0,0,0
2022-07-12 07:45,146,107,39,0,0,0
2022-07-12 08:00,150,106,44,0,0,0
2022-07-12 08:15,138,87,51,0,0,0
2022-07-12 08:30,114,75,39,0,0,0
2022-07-12 08:45,129,81,48,0,0,0
2022-07-12 09:00,106,77,29,0,0,0
2022-07-12 09:15,95,56,39,0,0,0
2022-07-12 09:30,90,58,32,0,0,0
2022-07-12 09:45,128,92,36,0,0,0
2022-07-12 10:00,114,73,41,0,0,0
2022-07-12 10:15,92,59,33,0,0,0
2022-07-12 10:30,123,58,65,0,0,0
2022-07-12 10:45,127,68,59,0,0,0
2022-07-12 11:00,111,55,56,0,0,0
2022-07-12 11:15,130,69,61,0,0,0
2022-07-12 11:30,138,64,74,0,0,0
2022-07-12 11:45,149,76,73,0,0,0
2022-07-12 12:00,146,57,89,0,0,0
2022-07-12 12:15,127,68,59,0,0,0
2022-07-12 12:30,165,77,88,0,0,0
2022-07-12 12:45,138,58,80,0,0,0
2022-07-12 13:00,102,25,77,0,0,0
2022-07-12 13:15,140,65,75,0,0,0
2022-07-12 13:30,121,51,70,0,0,0
2022-07-12 13:45,152,74,78,0,0,0
2022-07-12 14:00,143,54,89,0,0,0
2022-07-12 14:15,165,64,101,0,0,0
2022-07-12 14:30,137,67,70,0,0,0
2022-07-12 14:45,145,73,72,0,0,0
2022-07-12 15:00,148,71,77,0,0,0
2022-07-12 15:15,156,61,95,0,0,0
2022-07-12 15:30,162,65,97,0,0,0
2022-07-12 15:45,185,96,89,0,0,0
2022-07-12 16:00,203,88,115,0,0,0
2022-07-12 16:15,203,89,114,0,0,0
2022-07-12 16:30,192,69,123,0,0,0
2022-07-12 16:45,217,80,137,0,0,0
2022-07-12 17:00,203,78,125,0,0,0
2022-07-12 17:15,173,61,112,0,0,0
2022-07-12 17:30,208,78,130,0,0,0
2022-07-12 17:45,231,97,134,0,0,0
2022-07-12 18:00,181,67,114,0,0,0
2022-07-12 18:15,197,75,122,0,0,0
2022-07-12 18:30,164,66,98,0,0,0
2022-07-12 18:45,159,67,92,0,0,0
2022-07-12 19:00,149,50,99,0,0,0
2022-07-12 19:15,146,61,85,0,0,0
2022-07-12 19:30,134,57,77,0,0,0
2022-07-12 19:45,124,45,79,0,0,0
2022-07-12 20:00,109,37,72,0,0,0
2022-07-12 20:15,116,44,72,0,0,0
2022-07-12 20:30,60,21,39,0,0,0
2022-07-12 20:45,64,24,40,0,0,0
2022-07-12 21:00,67,15,52,0,0,0
2022-07-12 21:15,70,22,48,0,0,0
2022-07-12 21:30,55,20,35,0,0,0
2022-07-12 21:45,47,10,37,0,0,0
2022-07-12 22:00,58,15,43,0,0,0
2022-07-12 22:15,38,11,27,0,0,0
2022-07-12 22:30,48,12,36,0,0,0
2022-07-12 22:45,31,15,16,0,0,0
2022-07-12 23:00,38,10,28,0,0,0
2022-07-12 23:15,39,9,30,0,0,0
2022-07-12 23:30,27,7,20,0,0,0
2022-07-12 23:45,15,4,11,0,0,0
2022-07-13 00:00,21,4,17,0,0,0
2022-07-13 00:15,15,7,8,0,0,0
2022-07-13 00:30,15,2,13,0,0,0
2022-07-13 00:45,4,2,2,0,0,0
2022-07-13 01:00,6,2,4,0,0,0
2022-07-13 01:15,3,2,1,0,0,0
2022-07-13 01:30,3,0,3,0,0,0
2022-07-13 01:45,9,3,6,0,0,0
2022-07-13 02:00,1,1,0,0,0,0
2022-07-13 02:15,1,0,1,0,0,0
2022-07-13 02:30,4,0,4,0,0,0
2022-07-13 02:45,2,2,0,0,0,0
2022-07-13 03:00,4,2,2,0,0,0
2022-07-13 03:15,3,2,1,0,0,0
2022-07-13 03:30,2,0,2,0,0,0
2022-07-13 03:45,1,0,1,0,0,0
2022-07-13 04:00,2,2,0,0,0,0
2022-07-13 04:15,3,3,0,0,0,0
2022-07-13 04:30,3,3,0,0,0,0
2022-07-13 04:45,5,5,0,0,0,0
2022-07-13 05:00,3,3,0,0,0,0
2022-07-13 05:15,10,4,6,0,0,0
2022-07-13 05:30,21,14,7,0,0,0
2022-07-13 05:45,19,17,2,0,0,0
2022-07-13 06:00,42,32,10,0,0,0
2022-07-13 06:15,34,25,9,0,0,0
2022-07-13 06:30,49,28,21,0,0,0
2022-07-13 06:45,49,29,20,0,0,0
2022-07-13 07:00,89,60,29,0,0,0
2022-07-13 07:15,96,55,41,0,0,0
2022-07-13 07:30,105,62,43,0,0,0
2022-07-13 07:45,137,85,52,0,0,0
2022-07-13 08:00,127,81,46,0,0,0
2022-07-13 08:15,134,82,52,0,0,0
2022-07-13 08:30,124,79,45,0,0,0
2022-07-13 08:45,150,105,45,0,0,0
2022-07-13 09:00,96,55,41,0,0,0
2022-07-13 09:15,92,68,24,0,0,0
2022-07-13 09:30,127,75,52,0,0,0
2022-07-13 09:45,128,90,38,0,0,0
2022-07-13 10:00,104,71,33,0,0,0
2022-07-13 10:15,123,68,55,0,0,0
2022-07-13 10:30,126,75,51,0,0,0
2022-07-13 10:45,128,68,60,0,0,0
2022-07-13 11:00,125,65,60,0,0,0
2022-07-13 11:15,109,55,54,0,0,0
2022-07-13 11:30,132,69,63,0,0,0
2022-07-13 11:45,166,77,89,0,0,0
2022-07-13 12:00,162,72,90,0,0,0
2022-07-13 12:15,163,69,94,0,0,0
2022-07-13 12:30,152,70,82,0,0,0
2022-07-13 12:45,142,66,76,0,0,0
2022-07-13 13:00,150,72,78,0,0,0
2022-07-13 13:15,149,61,88,0,0,0
2022-07-13 13:30,132,68,64,0,0,0
2022-07-13 13:45,143,65,78,0,0,0
2022-07-13 14:00,165,76,89,0,0,0
2022-07-13 14:15,134,39,95,0,0,0
2022-07-13 14:30,160,61,99,0,0,0
2022-07-13 14:45,117,60,57,0,0,0
2022-07-13 15:00,164,62,102,0,0,0
2022-07-13 15:15,179,70,109,0,0,0
2022-07-13 15:30,166,68,98,0,0,0
2022-07-13 15:45,156,63,93,0,0,0
2022-07-13 16:00,177,64,113,0,0,0
2022-07-13 16:15,156,66,90,0,0,0
2022-07-13 16:30,170,72,98,0,0,0
2022-07-13 16:45,215,106,109,0,0,0
2022-07-13 17:00,195,89,106,0,0,0
2022-07-13 17:15,200,80,120,0,0,0
2022-07-13 17:30,161,59,102,0,0,0
2022-07-13 17:45,172,86,86,0,0,0
2022-07-13 18:00,164,52,112,0,0,0
2022-07-13 18:15,183,62,121,0,0,0
2022-07-13 18:30,142,64,78,0,0,0
2022-07-13 18:45,143,61,82,0,0,0
2022-07-13 19:00,138,50,88,0,0,0
2022-07-13 19:15,128,51,77,0,0,0
2022-07-13 19:30,101,34,67,0,0,0
2022-07-13 19:45,108,45,63,0,0,0
2022-07-13 20:00,105,37,68,0,0,0
2022-07-13 20:15,98,42,56,0,0,0
2022-07-13 20:30,78,36,42,0,0,0
2022-07-13 20:45,68,34,34,0,0,0
2022-07-13 21:00,70,27,43,0,0,0
2022-07-13 21:15,70,17,53,0,0,0
2022-07-13 21:30,67,31,36,0,0,0
2022-07-13 21:45,70,26,44,0,0,0
2022-07-13 22:00,68,21,47,0,0,0
2022-07-13 22:15,56,18,38,0,0,0
2022-07-13 22:30,61,29,32,0,0,0
2022-07-13 22:45,46,19,27,0,0,0
2022-07-13 23:00,48,15,33,0,0,0
2022-07-13 23:15,37,14,23,0,0,0
2022-07-13 23:30,19,9,10,0,0,0
2022-07-13 23:45,51,29,22,0,0,0
2022-07-14 00:00,24,9,15,0,0,0
2022-07-14 00:15,25,10,15,0,0,0
2022-07-14 00:30,17,6,11,0,0,0
2022-07-14 00:45,24,7,17,0,0,0
2022-07-14 01:00,11,3,8,0,0,0
2022-07-14 01:15,19,3,16,0,0,0
2022-07-14 01:30,6,0,6,0,0,0
2022-07-14 01:45,5,2,3,0,0,0
2022-07-14 02:00,3,0,3,0,0,0
2022-07-14 02:15,8,2,6,0,0,0
2022-07-14 02:30,10,0,10,0,0,0
2022-07-14 02:45,4,1,3,0,0,0
2022-07-14 03:00,1,0,1,0,0,0
2022-07-14 03:15,0,0,0,0,0,0
2022-07-14 03:30,3,0,3,0,0,0
2022-07-14 03:45,2,0,2,0,0,0
2022-07-14 04:00,3,3,0,0,0,0
2022-07-14 04:15,6,2,4,0,0,0
2022-07-14 04:30,3,3,0,0,0,0
2022-07-14 04:45,5,4,1,0,0,0
2022-07-14 05:00,1,1,0,0,0,0
2022-07-14 05:15,13,7,6,0,0,0
2022-07-14 05:30,16,12,4,0,0,0
2022-07-14 05:45,26,20,6,0,0,0
2022-07-14 06:00,28,22,6,0,0,0
2022-07-14 06:15,28,18,10,0,0,0
2022-07-14 06:30,52,34,18,0,0,0
2022-07-14 06:45,48,29,19,0,0,0
2022-07-14 07:00,77,50,27,0,0,0
2022-07-14 07:15,83,56,27,0,0,0
2022-07-14 07:30,116,77,39,0,0,0
2022-07-14 07:45,144,99,45,0,0,0
2022-07-14 08:00,109,69,40,0,0,0
2022-07-14 08:15,119,79,40,0,0,0
2022-07-14 08:30,103,65,38,0,0,0
2022-07-14 08:45,116,71,45,0,0,0
2022-07-14 09:00,88,66,22,0,0,0
2022-07-14 09:15,93,60,33,0,0,0
2022-07-14 09:30,99,64,35,0,0,0
2022-07-14 09:45,123,84,39,0,0,0
2022-07-14 10:00,88,53,35,0,0,0
2022-07-14 10:15,103,61,42,0,0,0
2022-07-14 10:30,103,53,50,0,0,0
2022-07-14 10:45,117,65,52,0,0,0
2022-07-14 11:00,113,64,49,0,0,0
2022-07-14 11:15,110,60,50,0,0,0
2022-07-14 11:30,116,58,58,0,0,0
2022-07-14 11:45,137,67,70,0,0,0
2022-07-14 12:00,134,54,80,0,0,0
2022-07-14 12:15,159,68,91,0,0,0
2022-07-14 12:30,137,77,60,0,0,0
2022-07-14 12:45,116,50,66,0,0,0
2022-07-14 13:00,142,52,90,0,0,0
2022-07-14 13:15,115,53,62,0,0,0
2022-07-14 13:30,128,50,78,0,0,0
2022-07-14 13:45,146,73,73,0,0,0
2022-07-14 14:00,142,75,67,0,0,0
2022-07-14 14:15,133,52,81,0,0,0
2022-07-14 14:30,141,66,75,0,0,0
2022-07-14 14:45,154,66,88,0,0,0
2022-07-14 15:00,142,57,85,0,0,0
2022-07-14 15:15,155,75,80,0,0,0
2022-07-14 15:30,165,89,76,0,0,0
2022-07-14 15:45,211,90,121,0,0,0
2022-07-14 16:00,183,72,111,0,0,0
2022-07-14 16:15,177,73,104,0,0,0
2022-07-14 16:30,194,85,109,0,0,0
2022-07-14 16:45,199,104,95,0,0,0
2022-07-14 17:00,205,83,122,0,0,0
2022-07-14 17:15,187,80,107,0,0,0
2022-07-14 17:30,184,78,106,0,0,0
2022-07-14 17:45,218,98,120,0,0,0
2022-07-14 18:00,195,81,114,0,0,0
2022-07-14 18:15,188,63,125,0,0,0
2022-07-14 18:30,162,68,94,0,0,0
2022-07-14 18:45,153,75,78,0,0,0
2022-07-14 19:00,133,55,78,0,0,0
2022-07-14 19:15,130,58,72,0,0,0
2022-07-14 19:30,94,31,63,0,0,0
2022-07-14 19:45,111,47,64,0,0,0
2022-07-14 20:00,95,21,74,0,0,0
2022-07-14 20:15,64,26,38,0,0,0
2022-07-14 20:30,78,32,46,0,0,0
2022-07-14 20:45,88,28,60,0,0,0
2022-07-14 21:00,80,28,52,0,0,0
2022-07-14 21:15,67,28,39,0,0,0
2022-07-14 21:30,52,17,35,0,0,0
2022-07-14 21:45,57,21,36,0,0,0
2022-07-14 22:00,47,10,37,0,0,0
2022-07-14 22:15,57,12,45,0,0,0
2022-07-14 22:30,72,22,50,0,0,0
2022-07-14 22:45,39,10,29,0,0,0
2022-07-14 23:00,34,8,26,0,0,0
2022-07-14 23:15,42,3,39,0,0,0
2022-07-14 23:30,29,7,22,0,0,0
2022-07-14 23:45,27,7,20,0,0,0
2022-07-15 00:00,22,7,15,0,0,0
2022-07-15 00:15,13,4,9,0,0,0
2022-07-15 00:30,14,3,11,0,0,0
2022-07-15 00:45,8,3,5,0,0,0
2022-07-15 01:00,11,2,9,0,0,0
2022-07-15 01:15,11,5,6,0,0,0
2022-07-15 01:30,5,2,3,0,0,0
2022-07-15 01:45,3,0,3,0,0,0
2022-07-15 02:00,3,0,3,0,0,0
2022-07-15 02:15,2,1,1,0,0,0
2022-07-15 02:30,1,0,1,0,0,0
2022-07-15 02:45,2,0,2,0,0,0
2022-07-15 03:00,5,0,5,0,0,0
2022-07-15 03:15,5,3,2,0,0,0
2022-07-15 03:30,3,0,3,0,0,0
2022-07-15 03:45,1,0,1,0,0,0
2022-07-15 04:00,0,0,0,0,0,0
2022-07-15 04:15,5,4,1,0,0,0
2022-07-15 04:30,8,5,3,0,0,0
2022-07-15 04:45,2,2,0,0,0,0
2022-07-15 05:00,1,1,0,0,0,0
2022-07-15 05:15,8,3,5,0,0,0
2022-07-15 05:30,19,14,5,0,0,0
2022-07-15 05:45,22,16,6,0,0,0
2022-07-15 06:00,23,19,4,0,0,0
2022-07-15 06:15,33,25,8,0,0,0
2022-07-15 06:30,44,21,23,0,0,0
2022-07-15 06:45,57,34,23,0,0,0
2022-07-15 07:00,55,37,18,0,0,0
2022-07-15 07:15,90,53,37,0,0,0
2022-07-15 07:30,83,54,29,0,0,0
2022-07-15 07:45,113,79,34,0,0,0
2022-07-15 08:00,103,68,35,0,0,0
2022-07-15 08:15,117,79,38,0,0,0
2022-07-15 08:30,107,66,41,0,0,0
2022-07-15 08:45,123,82,41,0,0,0
2022-07-15 09:00,87,56,31,0,0,0
2022-07-15 09:15,98,64,34,0,0,0
2022-07-15 09:30,95,61,34,0,0,0
2022-07-15 09:45,125,98,27,0,0,0
2022-07-15 10:00,115,75,40,0,0,0
2022-07-15 10:15,106,61,45,0,0,0
2022-07-15 10:30,101,63,38,0,0,0
2022-07-15 10:45,113,56,57,0,0,0
2022-07-15 11:00,114,63,51,0,0,0
2022-07-15 11:15,127,63,64,0,0,0
2022-07-15 11:30,110,66,44,0,0,0
2022-07-15 11:45,154,69,85,0,0,0
2022-07-15 12:00,133,72,61,0,0,0
2022-07-15 12:15,137,62,75,0,0,0
2022-07-15 12:30,148,68,80,0,0,0
2022-07-15 12:45,128,51,77,0,0,0
2022-07-15 13:00,136,62,74,0,0,0
2022-07-15 13:15,149,68,81,0,0,0
2022-07-15 13:30,158,71,87,0,0,0
2022-07-15 13:45,132,57,75,0,0,0
2022-07-15 14:00,142,63,79,0,0,0
2022-07-15 14:15,149,64,85,0,0,0
2022-07-15 14:30,145,57,88,0,0,0
2022-07-15 14:45,157,68,89,0,0,0
2022-07-15 15:00,163,72,91,0,0,0
2022-07-15 15:15,149,67,82,0,0,0
2022-07-15 15:30,128,61,67,0,0,0
2022-07-15 15:45,131,52,79,0,0,0
2022-07-15 16:00,133,64,69,0,0,0
2022-07-15 16:15,150,61,89,0,0,0
2022-07-15 16:30,159,67,92,0,0,0
2022-07-15 16:45,155,73,82,0,0,0
2022-07-15 17:00,174,72,102,0,0,0
2022-07-15 17:15,151,56,95,0,0,0
2022-07-15 17:30,164,59,105,0,0,0
2022-07-15 17:45,145,69,76,0,0,0
2022-07-15 18:00,181,79,102,0,0,0
2022-07-15 18:15,145,59,86,0,0,0
2022-07-15 18:30,137,64,73,0,0,0
2022-07-15 18:45,148,58,90,0,0,0
2022-07-15 19:00,113,52,61,0,0,0
2022-07-15 19:15,138,51,87,0,0,0
2022-07-15 19:30,106,35,71,0,0,0
2022-07-15 19:45,98,45,53,0,0,0
2022-07-15 20:00,94,38,56,0,0,0
2022-07-15 20:15,77,30,47,0,0,0
2022-07-15 20:30,82,38,44,0,0,0
2022-07-15 20:45,64,25,39,0,0,0
2022-07-15 21:00,44,23,21,0,0,0
2022-07-15 21:15,79,37,42,0,0,0
2022-07-15 21:30,69,42,27,0,0,0
2022-07-15 21:45,53,22,31,0,0,0
2022-07-15 22:00,65,31,34,0,0,0
2022-07-15 22:15,55,15,40,0,0,0
2022-07-15 22:30,57,22,35,0,0,0
2022-07-15 22:45,48,10,38,0,0,0
2022-07-15 23:00,41,10,31,0,0,0
2022-07-15 23:15,57,16,41,0,0,0
2022-07-15 23:30,29,8,21,0,0,0
2022-07-15 23:45,54,26,28,0,0,0
2022-07-16 00:00,47,16,31,0,0,0
2022-07-16 00:15,42,28,14,0,0,0
2022-07-16 00:30,31,10,21,0,0,0
2022-07-16 00:45,35,11,24,0,0,0
2022-07-16 01:00,27,9,18,0,0,0
2022-07-16 01:15,15,9,6,0,0,0
2022-07-16 01:30,19,9,10,0,0,0
2022-07-16 01:45,10,2,8,0,0,0
2022-07-16 02:00,13,6,7,0,0,0
2022-07-16 02:15,7,1,6,0,0,0
2022-07-16 02:30,8,3,5,0,0,0
2022-07-16 02:45,4,2,2,0,0,0
2022-07-16 03:00,9,3,6,0,0,0
2022-07-16 03:15,14,5,9,0,0,0
2022-07-16 03:30,15,6,9,0,0,0
2022-07-16 03:45,11,2,9,0,0,0
2022-07-16 04:00,7,1,6,0,0,0
2022-07-16 04:15,14,3,11,0,0,0
2022-07-16 04:30,9,5,4,0,0,0
2022-07-16 04:45,5,3,2,0,0,0
2022-07-16 05:00,2,2,0,0,0,0
2022-07-16 05:15,10,4,6,0,0,0
2022-07-16 05:30,6,4,2,0,0,0
2022-07-16 05:45,4,4,0,0,0,0
2022-07-16 06:00,11,5,6,0,0,0
2022-07-16 06:15,8,6,2,0,0,0
2022-07-16 06:30,10,5,5,0,0,0
2022-07-16 06:45,8,2,6,0,0,0
2022-07-16 07:00,16,12,4,0,0,0
2022-07-16 07:15,8,5,3,0,0,0
2022-07-16 07:30,17,12,5,0,0,0
2022-07-16 07:45,28,19,9,0,0,0
2022-07-16 08:00,18,12,6,0,0,0
2022-07-16 08:15,34,27,7,0,0,0
2022-07-16 08:30,37,20,17,0,0,0
2022-07-16 08:45,56,35,21,0,0,0
2022-07-16 09:00,50,29,21,0,0,0
2022-07-16 09:15,48,34,14,0,0,0
2022-07-16 09:30,77,57,20,0,0,0
2022-07-16 09:45,102,81,21,0,0,0
2022-07-16 10:00,102,70,32,0,0,0
2022-07-16 10:15,92,56,36,0,0,0
2022-07-16 10:30,110,67,43,0,0,0
2022-07-16 10:45,139,91,48,0,0,0
2022-07-16 11:00,135,76,59,0,0,0
2022-07-16 11:15,142,89,53,0,0,0
2022-07-16 11:30,119,81,38,0,0,0
2022-07-16 11:45,178,98,80,0,0,0
2022-07-16 12:00,125,63,62,0,0,0
2022-07-16 12:15,137,80,57,0,0,0
2022-07-16 12:30,157,80,77,0,0,0
2022-07-16 12:45,158,77,81,0,0,0
2022-07-16 13:00,149,73,76,0,0,0
2022-07-16 13:15,171,74,97,0,0,0
2022-07-16 13:30,158,84,74,0,0,0
2022-07-16 13:45,155,66,89,0,0,0
2022-07-16 14:00,162,83,79,0,0,0
2022-07-16 14:15,154,60,94,0,0,0
2022-07-16 14:30,158,69,89,0,0,0
2022-07-16 14:45,106,45,61,0,0,0
2022-07-16 15:00,113,39,74,0,0,0
2022-07-16 15:15,141,57,84,0,0,0
2022-07-16 15:30,101,39,62,0,0,0
2022-07-16 15:45,118,55,63,0,0,0
2022-07-16 16:00,130,64,66,0,0,0
2022-07-16 16:15,142,53,89,0,0,0
2022-07-16 16:30,134,53,81,0,0,0
2022-07-16 16:45,96,47,49,0,0,0
2022-07-16 17:00,106,43,63,0,0,0
2022-07-16 17:15,93,41,52,0,0,0
2022-07-16 17:30,124,60,64,0,0,0
2022-07-16 17:45,117,61,56,0,0,0
2022-07-16 18:00,114,29,85,0,0,0
2022-07-16 18:15,110,40,70,0,0,0
2022-07-16 18:30,89,30,59,0,0,0
2022-07-16 18:45,109,45,64,0,0,0
2022-07-16 19:00,114,51,63,0,0,0
2022-07-16 19:15,95,47,48,0,0,0
2022-07-16 19:30,97,43,54,0,0,0
2022-07-16 19:45,86,34,52,0,0,0
2022-07-16 20:00,90,39,51,0,0,0
2022-07-16 20:15,69,28,41,0,0,0
2022-07-16 20:30,80,34,46,0,0,0
2022-07-16 20:45,77,35,42,0,0,0
2022-07-16 21:00,33,12,21,0,0,0
2022-07-16 21:15,56,20,36,0,0,0
2022-07-16 21:30,52,16,36,0,0,0
2022-07-16 21:45,68,22,46,0,0,0
2022-07-16 22:00,44,15,29,0,0,0
2022-07-16 22:15,42,15,27,0,0,0
2022-07-16 22:30,35,10,25,0,0,0
2022-07-16 22:45,43,16,27,0,0,0
2022-07-16 23:00,49,13,36,0,0,0
2022-07-16 23:15,27,11,16,0,0,0
2022-07-16 23:30,40,13,27,0,0,0
2022-07-16 23:45,26,12,14,0,0,0
2022-07-17 00:00,32,16,16,0,0,0
2022-07-17 00:15,30,12,18,0,0,0
2022-07-17 00:30,11,4,7,0,0,0
2022-07-17 00:45,35,10,25,0,0,0
2022-07-17 01:00,24,9,15,0,0,0
2022-07-17 01:15,17,7,10,0,0,0
2022-07-17 01:30,20,7,13,0,0,0
2022-07-17 01:45,9,2,7,0,0,0
2022-07-17 02:00,8,1,7,0,0,0
2022-07-17 02:15,5,1,4,0,0,0
2022-07-17 02:30,8,1,7,0,0,0
2022-07-17 02:45,10,3,7,0,0,0
2022-07-17 03:00,11,5,6,0,0,0
2022-07-17 03:15,8,2,6,0,0,0
2022-07-17 03:30,6,4,2,0,0,0
2022-07-17 03:45,9,2,7,0,0,0
2022-07-17 04:00,7,1,6,0,0,0
2022-07-17 04:15,4,2,2,0,0,0
2022-07-17 04:30,4,0,4,0,0,0
2022-07-17 04:45,6,5,1,0,0,0
2022-07-17 05:00,0,0,0,0,0,0
2022-07-17 05:15,9,4,5,0,0,0
2022-07-17 05:30,7,2,5,0,0,0
2022-07-17 05:45,4,4,0,0,0,0
2022-07-17 06:00,4,3,1,0,0,0
2022-07-17 06:15,3,3,0,0,0,0
2022-07-17 06:30,0,0,0,0,0,0
2022-07-17 06:45,9,6,3,0,0,0
2022-07-17 07:00,10,5,5,0,0,0
2022-07-17 07:15,4,3,1,0,0,0
2022-07-17 07:30,7,5,2,0,0,0
2022-07-17 07:45,10,8,2,0,0,0
2022-07-17 08:00,11,8,3,0,0,0
2022-07-17 08:15,8,4,4,0,0,0
2022-07-17 08:30,24,15,9,0,0,0
2022-07-17 08:45,34,21,13,0,0,0
2022-07-17 09:00,12,10,2,0,0,0
2022-07-17 09:15,32,23,9,0,0,0
2022-07-17 09:30,37,25,12,0,0,0
2022-07-17 09:45,38,29,9,0,0,0
2022-07-17 10:00,33,24,9,0,0,0
2022-07-17 10:15,38,27,11,0,0,0
2022-07-17 10:30,55,27,28,0,0,0
2022-07-17 10:45,54,36,18,0,0,0
2022-07-17 11:00,50,21,29,0,0,0
2022-07-17 11:15,74,36,38,0,0,0
2022-07-17 11:30,44,27,17,0,0,0
2022-07-17 11:45,70,43,27,0,0,0
2022-07-17 12:00,66,37,29,0,0,0
2022-07-17 12:15,56,21,35,0,0,0
2022-07-17 12:30,44,29,15,0,0,0
2022-07-17 12:45,67,26,41,0,0,0
2022-07-17 13:00,79,34,45,0,0,0
2022-07-17 13:15,57,24,33,0,0,0
2022-07-17 13:30,69,32,37,0,0,0
2022-07-17 13:45,74,37,37,0,0,0
2022-07-17 14:00,60,25,35,0,0,0
2022-07-17 14:15,62,26,36,0,0,0
2022-07-17 14:30,80,39,41,0,0,0
2022-07-17 14:45,79,35,44,0,0,0
2022-07-17 15:00,71,33,38,0,0,0
2022-07-17 15:15,93,50,43,0,0,0
2022-07-17 15:30,80,40,40,0,0,0
2022-07-17 15:45,77,32,45,0,0,0
2022-07-17 16:00,79,35,44,0,0,0
2022-07-17 16:15,111,52,59,0,0,0
2022-07-17 16:30,86,38,48,0,0,0
2022-07-17 16:45,61,30,31,0,0,0
2022-07-17 17:00,75,35,40,0,0,0
2022-07-17 17:15,110,43,67,0,0,0
2022-07-17 17:30,95,44,51,0,0,0
2022-07-17 17:45,83,41,42,0,0,0
2022-07-17 18:00,89,26,63,0,0,0
2022-07-17 18:15,74,39,35,0,0,0
2022-07-17 18:30,84,37,47,0,0,0
2022-07-17 18:45,66,32,34,0,0,0
2022-07-17 19:00,95,39,56,0,0,0
2022-07-17 19:15,71,25,46,0,0,0
2022-07-17 19:30,60,15,45,0,0,0
2022-07-17 19:45,68,25,43,0,0,0
2022-07-17 20:00,64,30,34,0,0,0
2022-07-17 20:15,57,18,39,0,0,0
2022-07-17 20:30,43,14,29,0,0,0
2022-07-17 20:45,50,18,32,0,0,0
2022-07-17 21:00,31,7,24,0,0,0
2022-07-17 21:15,50,24,26,0,0,0
2022-07-17 21:30,47,15,32,0,0,0
2022-07-17 21:45,31,11,20,0,0,0
2022-07-17 22:00,41,14,27,0,0,0
2022-07-17 22:15,31,14,17,0,0,0
2022-07-17 22:30,22,11,11,0,0,0
2022-07-17 22:45,13,8,5,0,0,0
2022-07-17 23:00,26,8,18,0,0,0
2022-07-17 23:15,12,4,8,0,0,0
2022-07-17 23:30,13,3,10,0,0,0
2022-07-17 23:45,9,4,5,0,0,0
2022-07-18 00:00,10,4,6,0,0,0
2022-07-18 00:15,2,0,2,0,0,0
2022-07-18 00:30,10,2,8,0,0,0
2022-07-18 00:45,4,3,1,0,0,0
2022-07-18 01:00,4,0,4,0,0,0
2022-07-18 01:15,3,3,0,0,0,0
2022-07-18 01:30,4,2,2,0,0,0
2022-07-18 01:45,0,0,0,0,0,0
2022-07-18 02:00,1,1,0,0,0,0
2022-07-18 02:15,2,0,2,0,0,0
2022-07-18 02:30,2,1,1,0,0,0
2022-07-18 02:45,0,0,0,0,0,0
2022-07-18 03:00,0,0,0,0,0,0
2022-07-18 03:15,0,0,0,0,0,0
2022-07-18 03:30,3,1,2,0,0,0
2022-07-18 03:45,1,1,0,0,0,0
2022-07-18 04:00,2,2,0,0,0,0
2022-07-18 04:15,3,1,2,0,0,0
2022-07-18 04:30,2,2,0,0,0,0
2022-07-18 04:45,3,3,0,0,0,0
2022-07-18 05:00,3,3,0,0,0,0
2022-07-18 05:15,10,7,3,0,0,0
2022-07-18 05:30,20,13,7,0,0,0
2022-07-18 05:45,23,18,5,0,0,0
2022-07-18 06:00,35,26,9,0,0,0
2022-07-18 06:15,33,25,8,0,0,0
2022-07-18 06:30,48,27,21,0,0,0
2022-07-18 06:45,59,43,16,0,0,0
2022-07-18 07:00,70,45,25,0,0,0
2022-07-18 07:15,89,54,35,0,0,0
2022-07-18 07:30,96,73,23,0,0,0
2022-07-18 07:45,128,85,43,0,0,0
2022-07-18 08:00,110,70,40,0,0,0
2022-07-18 08:15,120,67,53,0,0,0
2022-07-18 08:30,95,53,42,0,0,0
2022-07-18 08:45,102,67,35,0,0,0
2022-07-18 09:00,81,46,35,0,0,0
2022-07-18 09:15,65,43,22,0,0,0
2022-07-18 09:30,80,53,27,0,0,0
2022-07-18 09:45,110,71,39,0,0,0
2022-07-18 10:00,104,61,43,0,0,0
2022-07-18 10:15,108,66,42,0,0,0
2022-07-18 10:30,69,42,27,0,0,0
2022-07-18 10:45,110,63,47,0,0,0
2022-07-18 11:00,113,67,46,0,0,0
2022-07-18 11:15,114,71,43,0,0,0
2022-07-18 11:30,127,65,62,0,0,0
2022-07-18 11:45,127,66,61,0,0,0
2022-07-18 12:00,112,55,57,0,0,0
2022-07-18 12:15,126,73,53,0,0,0
2022-07-18 12:30,102,55,47,0,0,0
2022-07-18 12:45,115,52,63,0,0,0
2022-07-18 13:00,111,42,69,0,0,0
2022-07-18 13:15,123,63,60,0,0,0
2022-07-18 13:30,106,44,62,0,0,0
2022-07-18 13:45,134,62,72,0,0,0
2022-07-18 14:00,96,36,60,0,0,0
2022-07-18 14:15,111,49,62,0,0,0
2022-07-18 14:30,117,53,64,0,0,0
2022-07-18 14:45,125,58,67,0,0,0
2022-07-18 15:00,140,57,83,0,0,0
2022-07-18 15:15,116,46,70,0,0,0
2022-07-18 15:30,152,63,89,0,0,0
2022-07-18 15:45,173,69,104,0,0,0
2022-07-18 16:00,168,65,103,0,0,0
2022-07-18 16:15,182,77,105,0,0,0
2022-07-18 16:30,170,69,101,0,0,0
2022-07-18 16:45,170,75,95,0,0,0
2022-07-18 17:00,180,65,115,0,0,0
2022-07-18 17:15,187,74,113,0,0,0
2022-07-18 17:30,140,54,86,0,0,0
2022-07-18 17:45,172,72,100,0,0,0
2022-07-18 18:00,150,54,96,0,0,0
2022-07-18 18:15,154,63,91,0,0,0
2022-07-18 18:30,145,52,93,0,0,0
2022-07-18 18:45,117,41,76,0,0,0
2022-07-18 19:00,121,48,73,0,0,0
2022-07-18 19:15,117,46,71,0,0,0
2022-07-18 19:30,95,38,57,0,0,0
2022-07-18 19:45,98,33,65,0,0,0
2022-07-18 20:00,80,28,52,0,0,0
2022-07-18 20:15,77,27,50,0,0,0
2022-07-18 20:30,77,36,41,0,0,0
2022-07-18 20:45,56,18,38,0,0,0
2022-07-18 21:00,70,27,43,0,0,0
2022-07-18 21:15,67,24,43,0,0,0
2022-07-18 21:30,52,19,33,0,0,0
2022-07-18 21:45,58,17,41,0,0,0
2022-07-18 22:00,38,13,25,0,0,0
2022-07-18 22:15,46,13,33,0,0,0
2022-07-18 22:30,45,11,34,0,0,0
2022-07-18 22:45,42,14,28,0,0,0
2022-07-18 23:00,41,10,31,0,0,0
2022-07-18 23:15,13,2,11,0,0,0
2022-07-18 23:30,25,6,19,0,0,0
2022-07-18 23:45,21,7,14,0,0,0
2022-07-19 00:00,7,0,7,0,0,0
2022-07-19 00:15,8,2,6,0,0,0
2022-07-19 00:30,12,3,9,0,0,0
2022-07-19 00:45,8,6,2,0,0,0
2022-07-19 01:00,6,3,3,0,0,0
2022-07-19 01:15,9,0,9,0,0,0
2022-07-19 01:30,1,0,1,0,0,0
2022-07-19 01:45,3,1,2,0,0,0
2022-07-19 02:00,3,0,3,0,0,0
2022-07-19 02:15,4,3,1,0,0,0
2022-07-19 02:30,3,0,3,0,0,0
2022-07-19 02:45,3,1,2,0,0,0
2022-07-19 03:00,1,0,1,0,0,0
2022-07-19 03:15,0,0,0,0,0,0
2022-07-19 03:30,0,0,0,0,0,0
2022-07-19 03:45,1,0,1,0,0,0
2022-07-19 04:00,2,1,1,0,0,0
2022-07-19 04:15,1,1,0,0,0,0
2022-07-19 04:30,1,1,0,0,0,0
2022-07-19 04:45,2,2,0,0,0,0
2022-07-19 05:00,5,5,0,0,0,0
2022-07-19 05:15,5,3,2,0,0,0
2022-07-19 05:30,20,13,7,0,0,0
2022-07-19 05:45,16,12,4,0,0,0
2022-07-19 06:00,27,19,8,0,0,0
2022-07-19 06:15,33,22,11,0,0,0
2022-07-19 06:30,54,33,21,0,0,0
2022-07-19 06:45,22,0,22,0,0,0
2022-07-19 07:00,34,0,34,0,0,0
2022-07-19 07:15,41,0,41,0,0,0
2022-07-19 07:30,33,0,33,0,0,0
2022-07-19 07:45,109,70,39,0,0,0
2022-07-19 08:00,96,64,32,0,0,0
2022-07-19 08:15,108,66,42,0,0,0
2022-07-19 08:30,105,73,32,0,0,0
2022-07-19 08:45,117,82,35,0,0,0
2022-07-19 09:00,84,52,32,0,0,0
2022-07-19 09:15,94,58,36,0,0,0
2022-07-19 09:30,89,55,34,0,0,0
2022-07-19 09:45,125,86,39,0,0,0
2022-07-19 10:00,98,42,56,0,0,0
2022-07-19 10:15,101,43,58,0,0,0
2022-07-19 10:30,118,61,57,0,0,0
2022-07-19 10:45,109,55,54,0,0,0
2022-07-19 11:00,94,41,53,0,0,0
2022-07-19 11:15,102,50,52,0,0,0
2022-07-19 11:30,104,47,57,0,0,0
2022-07-19 11:45,87,41,46,0,0,0
2022-07-19 12:00,120,59,61,0,0,0
2022-07-19 12:15,120,55,65,0,0,0
2022-07-19 12:30,121,49,72,0,0,0
2022-07-19 12:45,93,37,56,0,0,0
2022-07-19 13:00,101,41,60,0,0,0
2022-07-19 13:15,79,30,49,0,0,0
2022-07-19 13:30,93,42,51,0,0,0
2022-07-19 13:45,124,47,77,0,0,0
2022-07-19 14:00,94,39,55,0,0,0
2022-07-19 14:15,99,50,49,0,0,0
2022-07-19 14:30,82,36,46,0,0,0
2022-07-19 14:45,106,39,67,0,0,0
2022-07-19 15:00,90,33,57,0,0,0
2022-07-19 15:15,100,36,64,0,0,0
2022-07-19 15:30,114,53,61,0,0,0
2022-07-19 15:45,130,57,73,0,0,0
2022-07-19 16:00,125,40,85,0,0,0
2022-07-19 16:15,135,55,80,0,0,0
2022-07-19 16:30,131,51,80,0,0,0
2022-07-19 16:45,137,68,69,0,0,0
2022-07-19 17:00,123,54,69,0,0,0
2022-07-19 17:15,125,64,61,0,0,0
2022-07-19 17:30,128,47,81,0,0,0
2022-07-19 17:45,136,65,71,0,0,0
2022-07-19 18:00,134,49,85,0,0,0
2022-07-19 18:15,109,37,72,0,0,0
2022-07-19 18:30,89,30,59,0,0,0
2022-07-19 18:45,102,30,72,0,0,0
2022-07-19 19:00,102,30,72,0,0,0
2022-07-19 19:15,114,37,77,0,0,0
2022-07-19 19:30,84,32,52,0,0,0
2022-07-19 19:45,76,24,52,0,0,0
2022-07-19 20:00,87,36,51,0,0,0
2022-07-19 20:15,75,26,49,0,0,0
2022-07-19 20:30,53,16,37,0,0,0
2022-07-19 20:45,37,9,28,0,0,0
2022-07-19 21:00,77,21,56,0,0,0
2022-07-19 21:15,50,22,28,0,0,0
2022-07-19 21:30,53,20,33,0,0,0
2022-07-19 21:45,43,14,29,0,0,0
2022-07-19 22:00,43,13,30,0,0,0
2022-07-19 22:15,51,15,36,0,0,0
2022-07-19 22:30,39,9,30,0,0,0
2022-07-19 22:45,48,18,30,0,0,0
2022-07-19 23:00,32,11,21,0,0,0
2022-07-19 23:15,19,3,16,0,0,0
2022-07-19 23:30,19,7,12,0,0,0
2022-07-19 23:45,21,7,14,0,0,0
2022-07-20 00:00,16,5,11,0,0,0
2022-07-20 00:15,9,4,5,0,0,0
2022-07-20 00:30,5,1,4,0,0,0
2022-07-20 00:45,2,0,2,0,0,0
2022-07-20 01:00,4,2,2,0,0,0
2022-07-20 01:15,5,2,3,0,0,0
2022-07-20 01:30,5,2,3,0,0,0
2022-07-20 01:45,4,0,4,0,0,0
2022-07-20 02:00,4,2,2,0,0,0
2022-07-20 02:15,0,0,0,0,0,0
2022-07-20 02:30,1,0,1,0,0,0
2022-07-20 02:45,1,0,1,0,0,0
2022-07-20 03:00,1,1,0,0,0,0
2022-07-20 03:15,1,1,0,0,0,0
2022-07-20 03:30,5,2,3,0,0,0
2022-07-20 03:45,3,0,3,0,0,0
2022-07-20 04:00,5,4,1,0,0,0
2022-07-20 04:15,2,2,0,0,0,0
2022-07-20 04:30,2,2,0,0,0,0
2022-07-20 04:45,4,2,2,0,0,0
2022-07-20 05:00,10,9,1,0,0,0
2022-07-20 05:15,11,7,4,0,0,0
2022-07-20 05:30,13,7,6,0,0,0
2022-07-20 05:45,24,20,4,0,0,0
2022-07-20 06:00,31,23,8,0,0,0
2022-07-20 06:15,44,32,12,0,0,0
2022-07-20 06:30,46,31,15,0,0,0
2022-07-20 06:45,61,40,21,0,0,0
2022-07-20 07:00,75,52,23,0,0,0
2022-07-20 07:15,87,54,33,0,0,0
2022-07-20 07:30,116,66,50,0,0,0
2022-07-20 07:45,138,87,51,0,0,0
2022-07-20 08:00,120,88,32,0,0,0
2022-07-20 08:15,118,67,51,0,0,0
2022-07-20 08:30,99,60,39,0,0,0
2022-07-20 08:45,133,92,41,0,0,0
2022-07-20 09:00,87,56,31,0,0,0
2022-07-20 09:15,89,63,26,0,0,0
2022-07-20 09:30,107,61,46,0,0,0
2022-07-20 09:45,133,88,45,0,0,0
2022-07-20 10:00,110,70,40,0,0,0
2022-07-20 10:15,110,66,44,0,0,0
2022-07-20 10:30,112,52,60,0,0,0
2022-07-20 10:45,118,66,52,0,0,0
2022-07-20 11:00,120,63,57,0,0,0
2022-07-20 11:15,97,48,49,0,0,0
2022-07-20 11:30,103,56,47,0,0,0
2022-07-20 11:45,113,52,61,0,0,0
2022-07-20 12:00,109,53,56,0,0,0
2022-07-20 12:15,140,60,80,0,0,0
2022-07-20 12:30,113,50,63,0,0,0
2022-07-20 12:45,121,55,66,0,0,0
2022-07-20 13:00,143,54,89,0,0,0
2022-07-20 13:15,100,45,55,0,0,0
2022-07-20 13:30,128,61,67,0,0,0
2022-07-20 13:45,104,44,60,0,0,0
2022-07-20 14:00,113,31,82,0,0,0
2022-07-20 14:15,126,62,64,0,0,0
2022-07-20 14:30,95,42,53,0,0,0
2022-07-20 14:45,107,45,62,0,0,0
2022-07-20 15:00,118,46,72,0,0,0
2022-07-20 15:15,112,45,67,0,0,0
2022-07-20 15:30,138,48,90,0,0,0
2022-07-20 15:45,97,47,50,0,0,0
2022-07-20 16:00,158,56,102,0,0,0
2022-07-20 16:15,155,60,95,0,0,0
2022-07-20 16:30,159,76,83,0,0,0
2022-07-20 16:45,134,68,66,0,0,0
2022-07-20 17:00,168,67,101,0,0,0
2022-07-20 17:15,141,65,76,0,0,0
2022-07-20 17:30,151,56,95,0,0,0
2022-07-20 17:45,154,79,75,0,0,0
2022-07-20 18:00,150,65,85,0,0,0
2022-07-20 18:15,156,58,98,0,0,0
2022-07-20 18:30,114,56,58,0,0,0
2022-07-20 18:45,145,57,88,0,0,0
2022-07-20 19:00,142,53,89,0,0,0
2022-07-20 19:15,140,54,86,0,0,0
2022-07-20 19:30,88,39,49,0,0,0
2022-07-20 19:45,100,32,68,0,0,0
2022-07-20 20:00,94,32,62,0,0,0
2022-07-20 20:15,67,22,45,0,0,0
2022-07-20 20:30,55,13,42,0,0,0
2022-07-20 20:45,41,19,22,0,0,0
2022-07-20 21:00,53,13,40,0,0,0
2022-07-20 21:15,66,26,40,0,0,0
2022-07-20 21:30,71,20,51,0,0,0
2022-07-20 21:45,59,17,42,0,0,0
2022-07-20 22:00,53,25,28,0,0,0
2022-07-20 22:15,41,22,19,0,0,0
2022-07-20 22:30,38,20,18,0,0,0
2022-07-20 22:45,29,22,7,0,0,0
2022-07-20 23:00,33,12,21,0,0,0
2022-07-20 23:15,20,2,18,0,0,0
2022-07-20 23:30,23,8,15,0,0,0
2022-07-20 23:45,8,2,6,0,0,0
2022-07-21 00:00,21,5,16,0,0,0
2022-07-21 00:15,11,2,9,0,0,0
2022-07-21 00:30,6,3,3,0,0,0
2022-07-21 00:45,8,2,6,0,0,0
2022-07-21 01:00,9,0,9,0,0,0
2022-07-21 01:15,12,2,10,0,0,0
2022-07-21 01:30,8,2,6,0,0,0
2022-07-21 01:45,3,1,2,0,0,0
2022-07-21 02:00,3,0,3,0,0,0
2022-07-21 02:15,5,0,5,0,0,0
2022-07-21 02:30,2,0,2,0,0,0
2022-07-21 02:45,1,1,0,0,0,0
2022-07-21 03:00,0,0,0,0,0,0
2022-07-21 03:15,2,0,2,0,0,0
2022-07-21 03:30,4,3,1,0,0,0
2022-07-21 03:45,1,0,1,0,0,0
2022-07-21 04:00,1,1,0,0,0,0
2022-07-21 04:15,3,2,1,0,0,0
2022-07-21 04:30,4,4,0,0,0,0
2022-07-21 04:45,4,3,1,0,0,0
2022-07-21 05:00,6,6,0,0,0,0
2022-07-21 05:15,5,2,3,0,0,0
2022-07-21 05:30,9,6,3,0,0,0
2022-07-21 05:45,13,12,1,0,0,0
2022-07-21 06:00,15,8,7,0,0,0
2022-07-21 06:15,17,15,2,0,0,0
2022-07-21 06:30,37,22,15,0,0,0
2022-07-21 06:45,37,23,14,0,0,0
2022-07-21 07:00,43,25,18,0,0,0
2022-07-21 07:15,73,46,27,0,0,0
2022-07-21 07:30,76,50,26,0,0,0
2022-07-21 07:45,106,71,35,0,0,0
2022-07-21 08:00,77,61,16,0,0,0
2022-07-21 08:15,88,53,35,0,0,0
2022-07-21 08:30,74,50,24,0,0,0
2022-07-21 08:45,81,57,24,0,0,0
2022-07-21 09:00,88,55,33,0,0,0
2022-07-21 09:15,72,49,23,0,0,0
2022-07-21 09:30,79,55,24,0,0,0
2022-07-21 09:45,102,69,33,0,0,0
2022-07-21 10:00,74,49,25,0,0,0
2022-07-21 10:15,72,43,29,0,0,0
2022-07-21 10:30,94,58,36,0,0,0
2022-07-21 10:45,95,53,42,0,0,0
2022-07-21 11:00,103,54,49,0,0,0
2022-07-21 11:15,110,64,46,0,0,0
2022-07-21 11:30,107,46,61,0,0,0
2022-07-21 11:45,99,54,45,0,0,0
2022-07-21 12:00,119,41,78,0,0,0
2022-07-21 12:15,109,50,59,0,0,0
2022-07-21 12:30,107,55,52,0,0,0
2022-07-21 12:45,118,55,63,0,0,0
2022-07-21 13:00,107,49,58,0,0,0
2022-07-21 13:15,126,52,74,0,0,0
2022-07-21 13:30,110,56,54,0,0,0
2022-07-21 13:45,102,51,51,0,0,0
2022-07-21 14:00,105,38,67,0,0,0
2022-07-21 14:15,46,16,30,0,0,0
2022-07-21 14:30,124,45,79,0,0,0
2022-07-21 14:45,109,49,60,0,0,0
2022-07-21 15:00,103,40,63,0,0,0
2022-07-21 15:15,132,61,71,0,0,0
2022-07-21 15:30,94,33,61,0,0,0
2022-07-21 15:45,128,71,57,0,0,0
2022-07-21 16:00,128,45,83,0,0,0
2022-07-21 16:15,154,58,96,0,0,0
2022-07-21 16:30,155,79,76,0,0,0
2022-07-21 16:45,173,85,88,0,0,0
2022-07-21 17:00,160,52,108,0,0,0
2022-07-21 17:15,141,53,88,0,0,0
2022-07-21 17:30,160,65,95,0,0,0
2022-07-21 17:45,133,49,84,0,0,0
2022-07-21 18:00,150,52,98,0,0,0
2022-07-21 18:15,122,46,76,0,0,0
2022-07-21 18:30,102,36,66,0,0,0
2022-07-21 18:45,109,38,71,0,0,0
2022-07-21 19:00,115,38,77,0,0,0
2022-07-21 19:15,106,43,63,0,0,0
2022-07-21 19:30,89,36,53,0,0,0
2022-07-21 19:45,79,32,47,0,0,0
2022-07-21 20:00,60,29,31,0,0,0
2022-07-21 20:15,60,23,37,0,0,0
2022-07-21 20:30,56,23,33,0,0,0
2022-07-21 20:45,55,16,39,0,0,0
2022-07-21 21:00,58,33,25,0,0,0
2022-07-21 21:15,52,25,27,0,0,0
2022-07-21 21:30,41,18,23,0,0,0
2022-07-21 21:45,33,17,16,0,0,0
2022-07-21 22:00,39,13,26,0,0,0
2022-07-21 22:15,41,12,29,0,0,0
2022-07-21 22:30,32,12,20,0,0,0
2022-07-21 22:45,36,15,21,0,0,0
2022-07-21 23:00,27,14,13,0,0,0
2022-07-21 23:15,36,22,14,0,0,0
2022-07-21 23:30,32,13,19,0,0,0
2022-07-21 23:45,16,7,9,0,0,0
2022-07-22 00:00,22,7,15,0,0,0
2022-07-22 00:15,17,6,11,0,0,0
2022-07-22 00:30,27,15,12,0,0,0
2022-07-22 00:45,10,3,7,0,0,0
2022-07-22 01:00,8,3,5,0,0,0
2022-07-22 01:15,3,1,2,0,0,0
2022-07-22 01:30,6,2,4,0,0,0
2022-07-22 01:45,3,1,2,0,0,0
2022-07-22 02:00,2,0,2,0,0,0
2022-07-22 02:15,1,0,1,0,0,0
2022-07-22 02:30,2,0,2,0,0,0
2022-07-22 02:45,3,1,2,0,0,0
2022-07-22 03:00,4,2,2,0,0,0
2022-07-22 03:15,2,0,2,0,0,0
2022-07-22 03:30,1,1,0,0,0,0
2022-07-22 03:45,1,0,1,0,0,0
2022-07-22 04:00,0,0,0,0,0,0
2022-07-22 04:15,3,3,0,0,0,0
2022-07-22 04:30,0,0,0,0,0,0
2022-07-22 04:45,4,2,2,0,0,0
2022-07-22 05:00,3,3,0,0,0,0
2022-07-22 05:15,10,8,2,0,0,0
2022-07-22 05:30,11,7,4,0,0,0
2022-07-22 05:45,22,19,3,0,0,0
2022-07-22 06:00,27,17,10,0,0,0
2022-07-22 06:15,29,24,5,0,0,0
2022-07-22 06:30,39,20,19,0,0,0
2022-07-22 06:45,50,30,20,0,0,0
2022-07-22 07:00,51,34,17,0,0,0
2022-07-22 07:15,64,38,26,0,0,0
2022-07-22 07:30,91,59,32,0,0,0
2022-07-22 07:45,122,81,41,0,0,0
2022-07-22 08:00,78,58,20,0,0,0
2022-07-22 08:15,95,62,33,0,0,0
2022-07-22 08:30,82,59,23,0,0,0
2022-07-22 08:45,98,68,30,0,0,0
2022-07-22 09:00,85,54,31,0,0,0
2022-07-22 09:15,76,52,24,0,0,0
2022-07-22 09:30,96,67,29,0,0,0
2022-07-22 09:45,117,80,37,0,0,0
2022-07-22 10:00,95,62,33,0,0,0
2022-07-22 10:15,84,43,41,0,0,0
2022-07-22 10:30,104,65,39,0,0,0
2022-07-22 10:45,122,76,46,0,0,0
2022-07-22 11:00,105,60,45,0,0,0
2022-07-22 11:15,101,54,47,0,0,0
2022-07-22 11:30,112,65,47,0,0,0
2022-07-22 11:45,114,58,56,0,0,0
2022-07-22 12:00,113,48,65,0,0,0
2022-07-22 12:15,151,71,80,0,0,0
2022-07-22 12:30,121,56,65,0,0,0
2022-07-22 12:45,167,77,90,0,0,0
2022-07-22 13:00,156,61,95,0,0,0
2022-07-22 13:15,127,49,78,0,0,0
2022-07-22 13:30,127,57,70,0,0,0
2022-07-22 13:45,140,54,86,0,0,0
2022-07-22 14:00,161,60,101,0,0,0
2022-07-22 14:15,137,67,70,0,0,0
2022-07-22 14:30,152,52,100,0,0,0
2022-07-22 14:45,130,43,87,0,0,0
2022-07-22 15:00,143,74,69,0,0,0
2022-07-22 15:15,131,60,71,0,0,0
2022-07-22 15:30,162,77,85,0,0,0
2022-07-22 15:45,151,69,82,0,0,0
2022-07-22 16:00,140,70,70,0,0,0
2022-07-22 16:15,158,82,76,0,0,0
2022-07-22 16:30,167,74,93,0,0,0
2022-07-22 16:45,163,50,113,0,0,0
2022-07-22 17:00,136,61,75,0,0,0
2022-07-22 17:15,128,43,85,0,0,0
2022-07-22 17:30,147,60,87,0,0,0
2022-07-22 17:45,164,65,99,0,0,0
2022-07-22 18:00,130,57,73,0,0,0
2022-07-22 18:15,131,54,77,0,0,0
2022-07-22 18:30,128,46,82,0,0,0
2022-07-22 18:45,115,54,61,0,0,0
2022-07-22 19:00,117,43,74,0,0,0
2022-07-22 19:15,111,47,64,0,0,0
2022-07-22 19:30,111,52,59,0,0,0
2022-07-22 19:45,100,54,46,0,0,0
2022-07-22 20:00,62,29,33,0,0,0
2022-07-22 20:15,83,26,57,0,0,0
2022-07-22 20:30,51,27,24,0,0,0
2022-07-22 20:45,66,21,45,0,0,0
2022-07-22 21:00,58,25,33,0,0,0
2022-07-22 21:15,75,35,40,0,0,0
2022-07-22 21:30,40,12,28,0,0,0
2022-07-22 21:45,48,10,38,0,0,0
2022-07-22 22:00,49,18,31,0,0,0
2022-07-22 22:15,42,11,31,0,0,0
2022-07-22 22:30,39,15,24,0,0,0
2022-07-22 22:45,51,19,32,0,0,0
2022-07-22 23:00,57,20,37,0,0,0
2022-07-22 23:15,25,7,18,0,0,0
2022-07-22 23:30,32,16,16,0,0,0
2022-07-22 23:45,31,10,21,0,0,0
2022-07-23 00:00,34,14,20,0,0,0
2022-07-23 00:15,28,11,17,0,0,0
2022-07-23 00:30,36,12,24,0,0,0
2022-07-23 00:45,18,7,11,0,0,0
2022-07-23 01:00,26,12,14,0,0,0
2022-07-23 01:15,20,8,12,0,0,0
2022-07-23 01:30,14,1,13,0,0,0
2022-07-23 01:45,17,1,16,0,0,0
2022-07-23 02:00,20,3,17,0,0,0
2022-07-23 02:15,9,1,8,0,0,0
2022-07-23 02:30,11,1,10,0,0,0
2022-07-23 02:45,11,5,6,0,0,0
2022-07-23 03:00,12,4,8,0,0,0
2022-07-23 03:15,14,6,8,0,0,0
2022-07-23 03:30,10,6,4,0,0,0
2022-07-23 03:45,7,2,5,0,0,0
2022-07-23 04:00,3,1,2,0,0,0
2022-07-23 04:15,1,0,1,0,0,0
2022-07-23 04:30,3,1,2,0,0,0
2022-07-23 04:45,2,1,1,0,0,0
2022-07-23 05:00,1,1,0,0,0,0
2022-07-23 05:15,7,3,4,0,0,0
2022-07-23 05:30,13,8,5,0,0,0
2022-07-23 05:45,8,5,3,0,0,0
2022-07-23 06:00,11,7,4,0,0,0
2022-07-23 06:15,6,5,1,0,0,0
2022-07-23 06:30,10,5,5,0,0,0
2022-07-23 06:45,7,2,5,0,0,0
2022-07-23 07:00,11,8,3,0,0,0
2022-07-23 07:15,16,8,8,0,0,0
2022-07-23 07:30,18,12,6,0,0,0
2022-07-23 07:45,31,20,11,0,0,0
2022-07-23 08:00,40,26,14,0,0,0
2022-07-23 08:15,38,26,12,0,0,0
2022-07-23 08:30,37,24,13,0,0,0
2022-07-23 08:45,72,52,20,0,0,0
2022-07-23 09:00,49,40,9,0,0,0
2022-07-23 09:15,77,56,21,0,0,0
2022-07-23 09:30,94,63,31,0,0,0
2022-07-23 09:45,147,106,41,0,0,0
2022-07-23 10:00,95,65,30,0,0,0
2022-07-23 10:15,117,83,34,0,0,0
2022-07-23 10:30,125,72,53,0,0,0
2022-07-23 10:45,139,75,64,0,0,0
2022-07-23 11:00,119,67,52,0,0,0
2022-07-23 11:15,119,75,44,0,0,0
2022-07-23 11:30,145,67,78,0,0,0
2022-07-23 11:45,176,111,65,0,0,0
2022-07-23 12:00,164,78,86,0,0,0
2022-07-23 12:15,162,75,87,0,0,0
2022-07-23 12:30,184,88,96,0,0,0
2022-07-23 12:45,174,64,110,0,0,0
2022-07-23 13:00,247,84,163,0,0,0
2022-07-23 13:15,256,81,175,0,0,0
2022-07-23 13:30,180,64,116,0,0,0
2022-07-23 13:45,161,76,85,0,0,0
2022-07-23 14:00,139,63,76,0,0,0
2022-07-23 14:15,151,78,73,0,0,0
2022-07-23 14:30,107,47,60,0,0,0
2022-07-23 14:45,144,53,91,0,0,0
2022-07-23 15:00,121,54,67,0,0,0
2022-07-23 15:15,175,78,97,0,0,0
2022-07-23 15:30,132,54,78,0,0,0
2022-07-23 15:45,109,38,71,0,0,0
2022-07-23 16:00,160,85,75,0,0,0
2022-07-23 16:15,210,145,65,0,0,0
2022-07-23 16:30,132,78,54,0,0,0
2022-07-23 16:45,129,80,49,0,0,0
2022-07-23 17:00,142,76,66,0,0,0
2022-07-23 17:15,137,64,73,0,0,0
2022-07-23 17:30,115,58,57,0,0,0
2022-07-23 17:45,112,61,51,0,0,0
2022-07-23 18:00,174,78,96,0,0,0
2022-07-23 18:15,145,54,91,0,0,0
2022-07-23 18:30,146,72,74,0,0,0
2022-07-23 18:45,119,58,61,0,0,0
2022-07-23 19:00,83,45,38,0,0,0
2022-07-23 19:15,90,25,65,0,0,0
2022-07-23 19:30,102,50,52,0,0,0
2022-07-23 19:45,66,31,35,0,0,0
2022-07-23 20:00,83,37,46,0,0,0
2022-07-23 20:15,73,28,45,0,0,0
2022-07-23 20:30,53,22,31,0,0,0
2022-07-23 20:45,51,21,30,0,0,0
2022-07-23 21:00,38,20,18,0,0,0
2022-07-23 21:15,67,14,53,0,0,0
2022-07-23 21:30,50,28,22,0,0,0
2022-07-23 21:45,37,11,26,0,0,0
2022-07-23 22:00,30,20,10,0,0,0
2022-07-23 22:15,40,12,28,0,0,0
2022-07-23 22:30,30,8,22,0,0,0
2022-07-23 22:45,34,12,22,0,0,0
2022-07-23 23:00,25,10,15,0,0,0
2022-07-23 23:15,42,14,28,0,0,0
2022-07-23 23:30,42,17,25,0,0,0
2022-07-23 23:45,36,14,22,0,0,0
2022-07-24 00:00,35,13,22,0,0,0
2022-07-24 00:15,26,5,21,0,0,0
2022-07-24 00:30,31,8,23,0,0,0
2022-07-24 00:45,32,10,22,0,0,0
2022-07-24 01:00,43,23,20,0,0,0
2022-07-24 01:15,24,14,10,0,0,0
2022-07-24 01:30,23,10,13,0,0,0
2022-07-24 01:45,14,7,7,0,0,0
2022-07-24 02:00,17,9,8,0,0,0
2022-07-24 02:15,15,2,13,0,0,0
2022-07-24 02:30,15,4,11,0,0,0
2022-07-24 02:45,7,1,6,0,0,0
2022-07-24 03:00,9,1,8,0,0,0
2022-07-24 03:15,12,2,10,0,0,0
2022-07-24 03:30,7,1,6,0,0,0
2022-07-24 03:45,9,8,1,0,0,0
2022-07-24 04:00,6,0,6,0,0,0
2022-07-24 04:15,5,2,3,0,0,0
2022-07-24 04:30,5,1,4,0,0,0
2022-07-24 04:45,5,1,4,0,0,0
2022-07-24 05:00,0,0,0,0,0,0
2022-07-24 05:15,6,2,4,0,0,0
2022-07-24 05:30,7,4,3,0,0,0
2022-07-24 05:45,2,2,0,0,0,0
2022-07-24 06:00,7,5,2,0,0,0
2022-07-24 06:15,5,2,3,0,0,0
2022-07-24 06:30,7,2,5,0,0,0
2022-07-24 06:45,6,3,3,0,0,0
2022-07-24 07:00,6,3,3,0,0,0
2022-07-24 07:15,4,3,1,0,0,0
2022-07-24 07:30,7,5,2,0,0,0
2022-07-24 07:45,10,2,8,0,0,0
2022-07-24 08:00,10,6,4,0,0,0
2022-07-24 08:15,15,7,8,0,0,0
2022-07-24 08:30,10,5,5,0,0,0
2022-07-24 08:45,32,21,11,0,0,0
2022-07-24 09:00,23,17,6,0,0,0
2022-07-24 09:15,21,11,10,0,0,0
2022-07-24 09:30,39,23,16,0,0,0
2022-07-24 09:45,40,25,15,0,0,0
2022-07-24 10:00,33,16,17,0,0,0
2022-07-24 10:15,24,11,13,0,0,0
2022-07-24 10:30,40,18,22,0,0,0
2022-07-24 10:45,54,36,18,0,0,0
2022-07-24 11:00,54,33,21,0,0,0
2022-07-24 11:15,57,34,23,0,0,0
2022-07-24 11:30,49,28,21,0,0,0
2022-07-24 11:45,57,36,21,0,0,0
2022-07-24 12:00,53,20,33,0,0,0
2022-07-24 12:15,68,43,25,0,0,0
2022-07-24 12:30,49,29,20,0,0,0
2022-07-24 12:45,59,30,29,0,0,0
2022-07-24 13:00,60,24,36,0,0,0
2022-07-24 13:15,57,30,27,0,0,0
2022-07-24 13:30,53,29,24,0,0,0
2022-07-24 13:45,64,32,32,0,0,0
2022-07-24 14:00,55,22,33,0,0,0
2022-07-24 14:15,60,20,40,0,0,0
2022-07-24 14:30,72,32,40,0,0,0
2022-07-24 14:45,87,46,41,0,0,0
2022-07-24 15:00,78,37,41,0,0,0
2022-07-24 15:15,73,38,35,0,0,0
2022-07-24 15:30,94,42,52,0,0,0
2022-07-24 15:45,96,47,49,0,0,0
2022-07-24 16:00,74,38,36,0,0,0
2022-07-24 16:15,76,40,36,0,0,0
2022-07-24 16:30,81,33,48,0,0,0
2022-07-24 16:45,96,54,42,0,0,0
2022-07-24 17:00,95,41,54,0,0,0
2022-07-24 17:15,88,47,41,0,0,0
2022-07-24 17:30,59,25,34,0,0,0
2022-07-24 17:45,96,39,57,0,0,0
2022-07-24 18:00,75,40,35,0,0,0
2022-07-24 18:15,87,35,52,0,0,0
2022-07-24 18:30,89,32,57,0,0,0
2022-07-24 18:45,72,34,38,0,0,0
2022-07-24 19:00,70,29,41,0,0,0
2022-07-24 19:15,86,38,48,0,0,0
2022-07-24 19:30,98,44,54,0,0,0
2022-07-24 19:45,75,28,47,0,0,0
2022-07-24 20:00,56,19,37,0,0,0
2022-07-24 20:15,60,27,33,0,0,0
2022-07-24 20:30,42,22,20,0,0,0
2022-07-24 20:45,63,20,43,0,0,0
2022-07-24 21:00,56,15,41,0,0,0
2022-07-24 21:15,49,17,32,0,0,0
2022-07-24 21:30,31,10,21,0,0,0
2022-07-24 21:45,34,11,23,0,0,0
2022-07-24 22:00,40,14,26,0,0,0
2022-07-24 22:15,41,9,32,0,0,0
2022-07-24 22:30,31,11,20,0,0,0
2022-07-24 22:45,19,8,11,0,0,0
2022-07-24 23:00,19,5,14,0,0,0
2022-07-24 23:15,12,2,10,0,0,0
2022-07-24 23:30,17,4,13,0,0,0
2022-07-24 23:45,12,7,5,0,0,0
2022-07-25 00:00,13,4,9,0,0,0
2022-07-25 00:15,14,5,9,0,0,0
2022-07-25 00:30,9,7,2,0,0,0
2022-07-25 00:45,6,1,5,0,0,0
2022-07-25 01:00,3,0,3,0,0,0
2022-07-25 01:15,3,0,3,0,0,0
2022-07-25 01:30,4,0,4,0,0,0
2022-07-25 01:45,0,0,0,0,0,0
2022-07-25 02:00,0,0,0,0,0,0
2022-07-25 02:15,1,0,1,0,0,0
2022-07-25 02:30,0,0,0,0,0,0
2022-07-25 02:45,1,0,1,0,0,0
2022-07-25 03:00,1,0,1,0,0,0
2022-07-25 03:15,0,0,0,0,0,0
2022-07-25 03:30,0,0,0,0,0,0
2022-07-25 03:45,1,0,1,0,0,0
2022-07-25 04:00,3,3,0,0,0,0
2022-07-25 04:15,1,1,0,0,0,0
2022-07-25 04:30,4,1,3,0,0,0
2022-07-25 04:45,2,2,0,0,0,0
2022-07-25 05:00,4,4,0,0,0,0
2022-07-25 05:15,8,5,3,0,0,0
2022-07-25 05:30,11,9,2,0,0,0
2022-07-25 05:45,25,20,5,0,0,0
2022-07-25 06:00,29,19,10,0,0,0
2022-07-25 06:15,33,28,5,0,0,0
2022-07-25 06:30,49,31,18,0,0,0
2022-07-25 06:45,59,41,18,0,0,0
2022-07-25 07:00,56,36,20,0,0,0
2022-07-25 07:15,87,48,39,0,0,0
2022-07-25 07:30,97,55,42,0,0,0
2022-07-25 07:45,121,88,33,0,0,0
2022-07-25 08:00,108,75,33,0,0,0
2022-07-25 08:15,122,69,53,0,0,0
2022-07-25 08:30,104,65,39,0,0,0
2022-07-25 08:45,115,84,31,0,0,0
2022-07-25 09:00,73,48,25,0,0,0
2022-07-25 09:15,87,53,34,0,0,0
2022-07-25 09:30,97,65,32,0,0,0
2022-07-25 09:45,118,74,44,0,0,0
2022-07-25 10:00,103,61,42,0,0,0
2022-07-25 10:15,106,67,39,0,0,0
2022-07-25 10:30,94,42,52,0,0,0
2022-07-25 10:45,108,65,43,0,0,0
2022-07-25 11:00,122,62,60,0,0,0
2022-07-25 11:15,92,49,43,0,0,0
2022-07-25 11:30,105,58,47,0,0,0
2022-07-25 11:45,112,61,51,0,0,0
2022-07-25 12:00,128,66,62,0,0,0
2022-07-25 12:15,109,59,50,0,0,0
2022-07-25 12:30,126,49,77,0,0,0
2022-07-25 12:45,117,55,62,0,0,0
2022-07-25 13:00,126,40,86,0,0,0
2022-07-25 13:15,112,38,74,0,0,0
2022-07-25 13:30,91,40,51,0,0,0
2022-07-25 13:45,126,57,69,0,0,0
2022-07-25 14:00,121,55,66,0,0,0
2022-07-25 14:15,129,53,76,0,0,0
2022-07-25 14:30,132,51,81,0,0,0
2022-07-25 14:45,127,64,63,0,0,0
2022-07-25 15:00,142,57,85,0,0,0
2022-07-25 15:15,150,57,93,0,0,0
2022-07-25 15:30,163,63,100,0,0,0
2022-07-25 15:45,194,87,107,0,0,0
2022-07-25 16:00,172,65,107,0,0,0
2022-07-25 16:15,172,77,95,0,0,0
2022-07-25 16:30,149,51,98,0,0,0
2022-07-25 16:45,179,67,112,0,0,0
2022-07-25 17:00,189,76,113,0,0,0
2022-07-25 17:15,205,90,115,0,0,0
2022-07-25 17:30,154,57,97,0,0,0
2022-07-25 17:45,147,50,97,0,0,0
2022-07-25 18:00,158,58,100,0,0,0
2022-07-25 18:15,126,49,77,0,0,0
2022-07-25 18:30,91,27,64,0,0,0
2022-07-25 18:45,49,13,36,0,0,0
2022-07-25 19:00,43,17,26,0,0,0
2022-07-25 19:15,34,14,20,0,0,0
2022-07-25 19:30,38,22,16,0,0,0
2022-07-25 19:45,27,15,12,0,0,0
2022-07-25 20:00,31,9,22,0,0,0
2022-07-25 20:15,25,9,16,0,0,0
2022-07-25 20:30,22,7,15,0,0,0
2022-07-25 20:45,17,8,9,0,0,0
2022-07-25 21:00,10,4,6,0,0,0
2022-07-25 21:15,18,6,12,0,0,0
2022-07-25 21:30,16,3,13,0,0,0
2022-07-25 21:45,35,8,27,0,0,0
2022-07-25 22:00,30,6,24,0,0,0
2022-07-25 22:15,37,11,26,0,0,0
2022-07-25 22:30,44,11,33,0,0,0
2022-07-25 22:45,25,12,13,0,0,0
2022-07-25 23:00,23,7,16,0,0,0
2022-07-25 23:15,17,4,13,0,0,0
2022-07-25 23:30,15,4,11,0,0,0
2022-07-25 23:45,24,7,17,0,0,0
2022-07-26 00:00,11,4,7,0,0,0
2022-07-26 00:15,8,3,5,0,0,0
2022-07-26 00:30,12,6,6,0,0,0
2022-07-26 00:45,12,4,8,0,0,0
2022-07-26 01:00,5,1,4,0,0,0
2022-07-26 01:15,6,1,5,0,0,0
2022-07-26 01:30,1,0,1,0,0,0
2022-07-26 01:45,5,1,4,0,0,0
2022-07-26 02:00,2,0,2,0,0,0
2022-07-26 02:15,2,1,1,0,0,0
2022-07-26 02:30,2,1,1,0,0,0
2022-07-26 02:45,2,1,1,0,0,0
2022-07-26 03:00,1,1,0,0,0,0
2022-07-26 03:15,1,0,1,0,0,0
2022-07-26 03:30,1,1,0,0,0,0
2022-07-26 03:45,1,1,0,0,0,0
2022-07-26 04:00,1,0,1,0,0,0
2022-07-26 04:15,2,2,0,0,0,0
2022-07-26 04:30,3,0,3,0,0,0
2022-07-26 04:45,3,3,0,0,0,0
2022-07-26 05:00,4,4,0,0,0,0
2022-07-26 05:15,9,3,6,0,0,0
2022-07-26 05:30,14,11,3,0,0,0
2022-07-26 05:45,25,21,4,0,0,0
2022-07-26 06:00,30,23,7,0,0,0
2022-07-26 06:15,34,28,6,0,0,0
2022-07-26 06:30,57,40,17,0,0,0
2022-07-26 06:45,61,40,21,0,0,0
2022-07-26 07:00,70,49,21,0,0,0
2022-07-26 07:15,97,59,38,0,0,0
2022-07-26 07:30,101,61,40,0,0,0
2022-07-26 07:45,136,89,47,0,0,0
2022-07-26 08:00,117,82,35,0,0,0
2022-07-26 08:15,108,66,42,0,0,0
2022-07-26 08:30,111,76,35,0,0,0
2022-07-26 08:45,147,106,41,0,0,0
2022-07-26 09:00,88,59,29,0,0,0
2022-07-26 09:15,89,55,34,0,0,0
2022-07-26 09:30,109,83,26,0,0,0
2022-07-26 09:45,113,71,42,0,0,0
2022-07-26 10:00,81,55,26,0,0,0
2022-07-26 10:15,111,52,59,0,0,0
2022-07-26 10:30,77,48,29,0,0,0
2022-07-26 10:45,42,20,22,0,0,0
2022-07-26 11:00,36,19,17,0,0,0
2022-07-26 11:15,66,26,40,0,0,0
2022-07-26 11:30,74,34,40,0,0,0
2022-07-26 11:45,86,39,47,0,0,0
2022-07-26 12:00,84,39,45,0,0,0
2022-07-26 12:15,55,21,34,0,0,0
2022-07-26 12:30,54,21,33,0,0,0
2022-07-26 12:45,72,33,39,0,0,0
2022-07-26 13:00,32,32,,0,0,
2022-07-26 13:15,74,49,25,0,0,0
2022-07-26 13:30,100,49,51,0,0,0
2022-07-26 13:45,87,42,45,0,0,0
2022-07-26 14:00,108,48,60,0,0,0
2022-07-26 14:15,115,58,57,0,0,0
2022-07-26 14:30,62,35,27,0,0,0
2022-07-26 14:45,80,34,46,0,0,0
2022-07-26 15:00,101,41,60,0,0,0
2022-07-26 15:15,130,49,81,0,0,0
2022-07-26 15:30,127,53,74,0,0,0
2022-07-26 15:45,140,71,69,0,0,0
2022-07-26 16:00,163,58,105,0,0,0
2022-07-26 16:15,165,61,104,0,0,0
2022-07-26 16:30,161,65,96,0,0,0
2022-07-26 16:45,178,66,112,0,0,0
2022-07-26 17:00,178,72,106,0,0,0
2022-07-26 17:15,183,87,96,0,0,0
2022-07-26 17:30,195,70,125,0,0,0
2022-07-26 17:45,149,70,79,0,0,0
2022-07-26 18:00,154,62,92,0,0,0
2022-07-26 18:15,153,62,91,0,0,0
2022-07-26 18:30,162,67,95,0,0,0
2022-07-26 18:45,135,53,82,0,0,0
2022-07-26 19:00,111,35,76,0,0,0
2022-07-26 19:15,90,34,56,0,0,0
2022-07-26 19:30,87,34,53,0,0,0
2022-07-26 19:45,77,22,55,0,0,0
2022-07-26 20:00,87,24,63,0,0,0
2022-07-26 20:15,62,14,48,0,0,0
2022-07-26 20:30,41,16,25,0,0,0
2022-07-26 20:45,57,20,37,0,0,0
2022-07-26 21:00,52,18,34,0,0,0
2022-07-26 21:15,48,22,26,0,0,0
2022-07-26 21:30,44,13,31,0,0,0
2022-07-26 21:45,36,13,23,0,0,0
2022-07-26 22:00,44,7,37,0,0,0
2022-07-26 22:15,34,12,22,0,0,0
2022-07-26 22:30,46,26,20,0,0,0
2022-07-26 22:45,20,5,15,0,0,0
2022-07-26 23:00,31,4,27,0,0,0
2022-07-26 23:15,25,13,12,0,0,0
2022-07-26 23:30,17,10,7,0,0,0
2022-07-26 23:45,15,3,12,0,0,0
2022-07-27 00:00,28,6,22,0,0,0
2022-07-27 00:15,18,6,12,0,0,0
2022-07-27 00:30,9,5,4,0,0,0
2022-07-27 00:45,4,2,2,0,0,0
2022-07-27 01:00,5,3,2,0,0,0
2022-07-27 01:15,3,2,1,0,0,0
2022-07-27 01:30,1,0,1,0,0,0
2022-07-27 01:45,4,1,3,0,0,0
2022-07-27 02:00,2,0,2,0,0,0
2022-07-27 02:15,2,2,0,0,0,0
2022-07-27 02:30,4,2,2,0,0,0
2022-07-27 02:45,0,0,0,0,0,0
2022-07-27 03:00,2,1,1,0,0,0
2022-07-27 03:15,1,0,1,0,0,0
2022-07-27 03:30,1,0,1,0,0,0
2022-07-27 03:45,1,1,0,0,0,0
2022-07-27 04:00,1,1,0,0,0,0
2022-07-27 04:15,3,2,1,0,0,0
2022-07-27 04:30,2,1,1,0,0,0
2022-07-27 04:45,5,4,1,0,0,0
2022-07-27 05:00,2,0,2,0,0,0
2022-07-27 05:15,6,1,5,0,0,0
2022-07-27 05:30,13,10,3,0,0,0
2022-07-27 05:45,26,20,6,0,0,0
2022-07-27 06:00,32,24,8,0,0,0
2022-07-27 06:15,38,28,10,0,0,0
2022-07-27 06:30,62,47,15,0,0,0
2022-07-27 06:45,74,45,29,0,0,0
2022-07-27 07:00,66,41,25,0,0,0
2022-07-27 07:15,90,65,25,0,0,0
2022-07-27 07:30,83,37,46,0,0,0
2022-07-27 07:45,118,75,43,0,0,0
2022-07-27 08:00,101,80,21,0,0,0
2022-07-27 08:15,125,80,45,0,0,0
2022-07-27 08:30,127,84,43,0,0,0
2022-07-27 08:45,142,95,47,0,0,0
2022-07-27 09:00,109,81,28,0,0,0
2022-07-27 09:15,102,65,37,0,0,0
2022-07-27 09:30,100,67,33,0,0,0
2022-07-27 09:45,144,105,39,0,0,0
2022-07-27 10:00,123,86,37,0,0,0
2022-07-27 10:15,127,80,47,0,0,0
2022-07-27 10:30,108,62,46,0,0,0
2022-07-27 10:45,153,84,69,0,0,0
2022-07-27 11:00,118,68,50,0,0,0
2022-07-27 11:15,126,72,54,0,0,0
2022-07-27 11:30,135,73,62,0,0,0
2022-07-27 11:45,149,81,68,0,0,0
2022-07-27 12:00,141,77,64,0,0,0
2022-07-27 12:15,157,76,81,0,0,0
2022-07-27 12:30,169,71,98,0,0,0
2022-07-27 12:45,163,94,69,0,0,0
2022-07-27 13:00,153,76,77,0,0,0
2022-07-27 13:15,157,65,92,0,0,0
2022-07-27 13:30,145,65,80,0,0,0
2022-07-27 13:45,163,75,88,0,0,0
2022-07-27 14:00,143,48,95,0,0,0
2022-07-27 14:15,160,74,86,0,0,0
2022-07-27 14:30,154,67,87,0,0,0
2022-07-27 14:45,154,75,79,0,0,0
2022-07-27 15:00,156,69,87,0,0,0
2022-07-27 15:15,172,81,91,0,0,0
2022-07-27 15:30,184,79,105,0,0,0
2022-07-27 15:45,184,75,109,0,0,0
2022-07-27 16:00,175,68,107,0,0,0
2022-07-27 16:15,187,98,89,0,0,0
2022-07-27 16:30,163,66,97,0,0,0
2022-07-27 16:45,182,85,97,0,0,0
2022-07-27 17:00,195,86,109,0,0,0
2022-07-27 17:15,186,75,111,0,0,0
2022-07-27 17:30,193,82,111,0,0,0
2022-07-27 17:45,198,80,118,0,0,0
2022-07-27 18:00,152,47,105,0,0,0
2022-07-27 18:15,170,60,110,0,0,0
2022-07-27 18:30,130,49,81,0,0,0
2022-07-27 18:45,138,67,71,0,0,0
2022-07-27 19:00,106,36,70,0,0,0
2022-07-27 19:15,125,56,69,0,0,0
2022-07-27 19:30,116,48,68,0,0,0
2022-07-27 19:45,110,45,65,0,0,0
2022-07-27 20:00,101,47,54,0,0,0
2022-07-27 20:15,81,35,46,0,0,0
2022-07-27 20:30,59,25,34,0,0,0
2022-07-27 20:45,80,31,49,0,0,0
2022-07-27 21:00,62,22,40,0,0,0
2022-07-27 21:15,64,26,38,0,0,0
2022-07-27 21:30,45,21,24,0,0,0
2022-07-27 21:45,56,23,33,0,0,0
2022-07-27 22:00,49,10,39,0,0,0
2022-07-27 22:15,37,10,27,0,0,0
2022-07-27 22:30,38,12,26,0,0,0
2022-07-27 22:45,46,15,31,0,0,0
2022-07-27 23:00,59,21,38,0,0,0
2022-07-27 23:15,60,28,32,0,0,0
2022-07-27 23:30,25,14,11,0,0,0
2022-07-27 23:45,29,9,20,0,0,0
2022-07-28 00:00,29,7,22,0,0,0
2022-07-28 00:15,37,12,25,0,0,0
2022-07-28 00:30,25,11,14,0,0,0
2022-07-28 00:45,7,4,3,0,0,0
2022-07-28 01:00,6,2,4,0,0,0
2022-07-28 01:15,4,3,1,0,0,0
2022-07-28 01:30,7,4,3,0,0,0
2022-07-28 01:45,4,2,2,0,0,0
2022-07-28 02:00,3,1,2,0,0,0
2022-07-28 02:15,2,0,2,0,0,0
2022-07-28 02:30,4,3,1,0,0,0
2022-07-28 02:45,4,0,4,0,0,0
2022-07-28 03:00,3,0,3,0,0,0
2022-07-28 03:15,7,3,4,0,0,0
2022-07-28 03:30,4,1,3,0,0,0
2022-07-28 03:45,8,1,7,0,0,0
2022-07-28 04:00,4,0,4,0,0,0
2022-07-28 04:15,1,1,0,0,0,0
2022-07-28 04:30,6,2,4,0,0,0
2022-07-28 04:45,6,2,4,0,0,0
2022-07-28 05:00,3,2,1,0,0,0
2022-07-28 05:15,9,4,5,0,0,0
2022-07-28 05:30,15,7,8,0,0,0
2022-07-28 05:45,24,19,5,0,0,0
2022-07-28 06:00,24,19,5,0,0,0
2022-07-28 06:15,35,24,11,0,0,0
2022-07-28 06:30,41,27,14,0,0,0
2022-07-28 06:45,57,41,16,0,0,0
2022-07-28 07:00,73,44,29,0,0,0
2022-07-28 07:15,87,61,26,0,0,0
2022-07-28 07:30,117,73,44,0,0,0
2022-07-28 07:45,111,81,30,0,0,0
2022-07-28 08:00,103,61,42,0,0,0
2022-07-28 08:15,120,88,32,0,0,0
2022-07-28 08:30,103,58,45,0,0,0
2022-07-28 08:45,134,93,41,0,0,0
2022-07-28 09:00,67,44,23,0,0,0
2022-07-28 09:15,87,62,25,0,0,0
2022-07-28 09:30,81,51,30,0,0,0
2022-07-28 09:45,140,108,32,0,0,0
2022-07-28 10:00,85,57,28,0,0,0
2022-07-28 10:15,97,55,42,0,0,0
2022-07-28 10:30,103,54,49,0,0,0
2022-07-28 10:45,136,85,51,0,0,0
2022-07-28 11:00,104,54,50,0,0,0
2022-07-28 11:15,115,59,56,0,0,0
2022-07-28 11:30,136,72,64,0,0,0
2022-07-28 11:45,139,71,68,0,0,0
2022-07-28 12:00,130,63,67,0,0,0
2022-07-28 12:15,128,73,55,0,0,0
2022-07-28 12:30,142,61,81,0,0,0
2022-07-28 12:45,155,78,77,0,0,0
2022-07-28 13:00,119,52,67,0,0,0
2022-07-28 13:15,136,49,87,0,0,0
2022-07-28 13:30,136,58,78,0,0,0
2022-07-28 13:45,154,69,85,0,0,0
2022-07-28 14:00,130,62,68,0,0,0
2022-07-28 14:15,136,65,71,0,0,0
2022-07-28 14:30,151,66,85,0,0,0
2022-07-28 14:45,169,89,80,0,0,0
2022-07-28 15:00,168,67,101,0,0,0
2022-07-28 15:15,161,71,90,0,0,0
2022-07-28 15:30,151,65,86,0,0,0
2022-07-28 15:45,181,94,87,0,0,0
2022-07-28 16:00,164,81,83,0,0,0
2022-07-28 16:15,173,87,86,0,0,0
2022-07-28 16:30,231,98,133,0,0,0
2022-07-28 16:45,197,82,115,0,0,0
2022-07-28 17:00,200,81,119,0,0,0
2022-07-28 17:15,203,90,113,0,0,0
2022-07-28 17:30,207,77,130,0,0,0
2022-07-28 17:45,244,102,142,0,0,0
2022-07-28 18:00,180,59,121,0,0,0
2022-07-28 18:15,156,57,99,0,0,0
2022-07-28 18:30,146,56,90,0,0,0
2022-07-28 18:45,155,70,85,0,0,0
2022-07-28 19:00,124,36,88,0,0,0
2022-07-28 19:15,115,48,67,0,0,0
2022-07-28 19:30,111,36,75,0,0,0
2022-07-28 19:45,125,53,72,0,0,0
2022-07-28 20:00,124,52,72,0,0,0
2022-07-28 20:15,83,36,47,0,0,0
2022-07-28 20:30,62,18,44,0,0,0
2022-07-28 20:45,64,29,35,0,0,0
2022-07-28 21:00,61,16,45,0,0,0
2022-07-28 21:15,69,19,50,0,0,0
2022-07-28 21:30,63,16,47,0,0,0
2022-07-28 21:45,73,28,45,0,0,0
2022-07-28 22:00,54,22,32,0,0,0
2022-07-28 22:15,58,17,41,0,0,0
2022-07-28 22:30,36,19,17,0,0,0
2022-07-28 22:45,34,12,22,0,0,0
2022-07-28 23:00,37,6,31,0,0,0
2022-07-28 23:15,42,9,33,0,0,0
2022-07-28 23:30,21,6,15,0,0,0
2022-07-28 23:45,12,1,11,0,0,0
2022-07-29 00:00,20,7,13,0,0,0
2022-07-29 00:15,27,5,22,0,0,0
2022-07-29 00:30,10,4,6,0,0,0
2022-07-29 00:45,22,10,12,0,0,0
2022-07-29 01:00,9,5,4,0,0,0
2022-07-29 01:15,7,2,5,0,0,0
2022-07-29 01:30,5,2,3,0,0,0
2022-07-29 01:45,5,2,3,0,0,0
2022-07-29 02:00,0,0,0,0,0,0
2022-07-29 02:15,1,0,1,0,0,0
2022-07-29 02:30,1,1,0,0,0,0
2022-07-29 02:45,3,0,3,0,0,0
2022-07-29 03:00,2,1,1,0,0,0
2022-07-29 03:15,1,1,0,0,0,0
2022-07-29 03:30,0,0,0,0,0,0
2022-07-29 03:45,0,0,0,0,0,0
2022-07-29 04:00,1,1,0,0,0,0
2022-07-29 04:15,1,1,0,0,0,0
2022-07-29 04:30,6,5,1,0,0,0
2022-07-29 04:45,6,5,1,0,0,0
2022-07-29 05:00,5,3,2,0,0,0
2022-07-29 05:15,9,5,4,0,0,0
2022-07-29 05:30,16,11,5,0,0,0
2022-07-29 05:45,19,14,5,0,0,0
2022-07-29 06:00,33,27,6,0,0,0
2022-07-29 06:15,31,26,5,0,0,0
2022-07-29 06:30,36,19,17,0,0,0
2022-07-29 06:45,53,36,17,0,0,0
2022-07-29 07:00,52,26,26,0,0,0
2022-07-29 07:15,86,53,33,0,0,0
2022-07-29 07:30,95,58,37,0,0,0
2022-07-29 07:45,94,70,24,0,0,0
2022-07-29 08:00,91,62,29,0,0,0
2022-07-29 08:15,87,58,29,0,0,0
2022-07-29 08:30,88,58,30,0,0,0
2022-07-29 08:45,111,71,40,0,0,0
2022-07-29 09:00,70,42,28,0,0,0
2022-07-29 09:15,102,65,37,0,0,0
2022-07-29 09:30,78,61,17,0,0,0
2022-07-29 09:45,116,83,33,0,0,0
2022-07-29 10:00,93,51,42,0,0,0
2022-07-29 10:15,100,56,44,0,0,0
2022-07-29 10:30,91,51,40,0,0,0
2022-07-29 10:45,124,65,59,0,0,0
2022-07-29 11:00,109,64,45,0,0,0
2022-07-29 11:15,91,50,41,0,0,0
2022-07-29 11:30,115,57,58,0,0,0
2022-07-29 11:45,138,79,59,0,0,0
2022-07-29 12:00,123,57,66,0,0,0
2022-07-29 12:15,132,61,71,0,0,0
2022-07-29 12:30,131,70,61,0,0,0
2022-07-29 12:45,134,58,76,0,0,0
2022-07-29 13:00,141,56,85,0,0,0
2022-07-29 13:15,124,51,73,0,0,0
2022-07-29 13:30,129,53,76,0,0,0
2022-07-29 13:45,101,49,52,0,0,0
2022-07-29 14:00,120,43,77,0,0,0
2022-07-29 14:15,133,58,75,0,0,0
2022-07-29 14:30,128,46,82,0,0,0
2022-07-29 14:45,139,58,81,0,0,0
2022-07-29 15:00,134,55,79,0,0,0
2022-07-29 15:15,134,50,84,0,0,0
2022-07-29 15:30,132,54,78,0,0,0
2022-07-29 15:45,131,70,61,0,0,0
2022-07-29 16:00,153,73,80,0,0,0
2022-07-29 16:15,153,64,89,0,0,0
2022-07-29 16:30,172,79,93,0,0,0
2022-07-29 16:45,144,63,81,0,0,0
2022-07-29 17:00,156,83,73,0,0,0
2022-07-29 17:15,148,73,75,0,0,0
2022-07-29 17:30,138,76,62,0,0,0
2022-07-29 17:45,135,70,65,0,0,0
2022-07-29 18:00,153,69,84,0,0,0
2022-07-29 18:15,146,70,76,0,0,0
2022-07-29 18:30,129,61,68,0,0,0
2022-07-29 18:45,137,68,69,0,0,0
2022-07-29 19:00,124,54,70,0,0,0
2022-07-29 19:15,129,63,66,0,0,0
2022-07-29 19:30,105,36,69,0,0,0
2022-07-29 19:45,98,44,54,0,0,0
2022-07-29 20:00,88,35,53,0,0,0
2022-07-29 20:15,89,37,52,0,0,0
2022-07-29 20:30,51,12,39,0,0,0
2022-07-29 20:45,49,15,34,0,0,0
2022-07-29 21:00,66,29,37,0,0,0
2022-07-29 21:15,76,30,46,0,0,0
2022-07-29 21:30,50,22,28,0,0,0
2022-07-29 21:45,52,20,32,0,0,0
2022-07-29 22:00,61,20,41,0,0,0
2022-07-29 22:15,45,13,32,0,0,0
2022-07-29 22:30,47,19,28,0,0,0
2022-07-29 22:45,49,17,32,0,0,0
2022-07-29 23:00,61,26,35,0,0,0
2022-07-29 23:15,39,15,24,0,0,0
2022-07-29 23:30,45,12,33,0,0,0
2022-07-29 23:45,28,11,17,0,0,0
2022-07-30 00:00,45,24,21,0,0,0
2022-07-30 00:15,18,6,12,0,0,0
2022-07-30 00:30,30,13,17,0,0,0
2022-07-30 00:45,29,9,20,0,0,0
2022-07-30 01:00,23,5,18,0,0,0
2022-07-30 01:15,34,11,23,0,0,0
2022-07-30 01:30,9,3,6,0,0,0
2022-07-30 01:45,10,1,9,0,0,0
2022-07-30 02:00,9,6,3,0,0,0
2022-07-30 02:15,17,6,11,0,0,0
2022-07-30 02:30,13,1,12,0,0,0
2022-07-30 02:45,8,1,7,0,0,0
2022-07-30 03:00,6,1,5,0,0,0
2022-07-30 03:15,5,2,3,0,0,0
2022-07-30 03:30,3,0,3,0,0,0
2022-07-30 03:45,3,1,2,0,0,0
2022-07-30 04:00,3,2,1,0,0,0
2022-07-30 04:15,6,2,4,0,0,0
2022-07-30 04:30,3,1,2,0,0,0
2022-07-30 04:45,3,1,2,0,0,0
2022-07-30 05:00,5,4,1,0,0,0
2022-07-30 05:15,5,1,4,0,0,0
2022-07-30 05:30,7,6,1,0,0,0
2022-07-30 05:45,11,7,4,0,0,0
2022-07-30 06:00,12,5,7,0,0,0
2022-07-30 06:15,7,4,3,0,0,0
2022-07-30 06:30,11,5,6,0,0,0
2022-07-30 06:45,8,6,2,0,0,0
2022-07-30 07:00,11,8,3,0,0,0
2022-07-30 07:15,19,14,5,0,0,0
2022-07-30 07:30,21,14,7,0,0,0
2022-07-30 07:45,30,16,14,0,0,0
2022-07-30 08:00,31,18,13,0,0,0
2022-07-30 08:15,34,27,7,0,0,0
2022-07-30 08:30,44,36,8,0,0,0
2022-07-30 08:45,55,40,15,0,0,0
2022-07-30 09:00,54,32,22,0,0,0
2022-07-30 09:15,72,52,20,0,0,0
2022-07-30 09:30,84,52,32,0,0,0
2022-07-30 09:45,123,90,33,0,0,0
2022-07-30 10:00,125,85,40,0,0,0
2022-07-30 10:15,111,76,35,0,0,0
2022-07-30 10:30,121,74,47,0,0,0
2022-07-30 10:45,139,97,42,0,0,0
2022-07-30 11:00,127,81,46,0,0,0
2022-07-30 11:15,154,90,64,0,0,0
2022-07-30 11:30,136,66,70,0,0,0
2022-07-30 11:45,170,87,83,0,0,0
2022-07-30 12:00,136,78,58,0,0,0
2022-07-30 12:15,162,101,61,0,0,0
2022-07-30 12:30,155,70,85,0,0,0
2022-07-30 12:45,154,78,76,0,0,0
2022-07-30 13:00,159,77,82,0,0,0
2022-07-30 13:15,167,65,102,0,0,0
2022-07-30 13:30,133,65,68,0,0,0
2022-07-30 13:45,158,80,78,0,0,0
2022-07-30 14:00,149,71,78,0,0,0
2022-07-30 14:15,133,55,78,0,0,0
2022-07-30 14:30,162,59,103,0,0,0
2022-07-30 14:45,160,55,105,0,0,0
2022-07-30 15:00,140,62,78,0,0,0
2022-07-30 15:15,143,58,85,0,0,0
2022-07-30 15:30,138,65,73,0,0,0
2022-07-30 15:45,142,53,89,0,0,0
2022-07-30 16:00,126,43,83,0,0,0
2022-07-30 16:15,107,49,58,0,0,0
2022-07-30 16:30,140,71,69,0,0,0
2022-07-30 16:45,134,68,66,0,0,0
2022-07-30 17:00,111,56,55,0,0,0
2022-07-30 17:15,136,62,74,0,0,0
2022-07-30 17:30,111,45,66,0,0,0
2022-07-30 17:45,104,51,53,0,0,0
2022-07-30 18:00,129,55,74,0,0,0
2022-07-30 18:15,97,48,49,0,0,0
2022-07-30 18:30,109,46,63,0,0,0
2022-07-30 18:45,100,52,48,0,0,0
2022-07-30 19:00,102,43,59,0,0,0
2022-07-30 19:15,100,40,60,0,0,0
2022-07-30 19:30,73,27,46,0,0,0
2022-07-30 19:45,96,34,62,0,0,0
2022-07-30 20:00,99,43,56,0,0,0
2022-07-30 20:15,84,39,45,0,0,0
2022-07-30 20:30,76,40,36,0,0,0
2022-07-30 20:45,53,21,32,0,0,0
2022-07-30 21:00,71,21,50,0,0,0
2022-07-30 21:15,69,31,38,0,0,0
2022-07-30 21:30,45,14,31,0,0,0
2022-07-30 21:45,43,17,26,0,0,0
2022-07-30 22:00,49,21,28,0,0,0
2022-07-30 22:15,37,17,20,0,0,0
2022-07-30 22:30,43,23,20,0,0,0
2022-07-30 22:45,21,11,10,0,0,0
2022-07-30 23:00,38,18,20,0,0,0
2022-07-30 23:15,56,23,33,0,0,0
2022-07-30 23:30,41,16,25,0,0,0
2022-07-30 23:45,42,12,30,0,0,0
