Datetime,100034980 (Hammer Straße),101034980 (Hammer Straße stadteinwärts),102034980 (Hammer Straße stadtauswärts),100034980-status,101034980-status,102034980-status
2022-01-01 00:00,2,0,2,0,0,0
2022-01-01 00:15,17,5,12,0,0,0
2022-01-01 00:30,8,5,3,0,0,0
2022-01-01 00:45,18,11,7,0,0,0
2022-01-01 01:00,23,13,10,0,0,0
2022-01-01 01:15,26,9,17,0,0,0
2022-01-01 01:30,24,12,12,0,0,0
2022-01-01 01:45,34,15,19,0,0,0
2022-01-01 02:00,23,3,20,0,0,0
2022-01-01 02:15,25,12,13,0,0,0
2022-01-01 02:30,28,12,16,0,0,0
2022-01-01 02:45,22,8,14,0,0,0
2022-01-01 03:00,40,17,23,0,0,0
2022-01-01 03:15,27,10,17,0,0,0
2022-01-01 03:30,31,7,24,0,0,0
2022-01-01 03:45,20,3,17,0,0,0
2022-01-01 04:00,28,14,14,0,0,0
2022-01-01 04:15,14,4,10,0,0,0
2022-01-01 04:30,23,9,14,0,0,0
2022-01-01 04:45,13,0,13,0,0,0
2022-01-01 05:00,6,4,2,0,0,0
2022-01-01 05:15,5,2,3,0,0,0
2022-01-01 05:30,8,4,4,0,0,0
2022-01-01 05:45,10,4,6,0,0,0
2022-01-01 06:00,10,4,6,0,0,0
2022-01-01 06:15,7,4,3,0,0,0
2022-01-01 06:30,6,4,2,0,0,0
2022-01-01 06:45,9,4,5,0,0,0
2022-01-01 07:00,4,1,3,0,0,0
2022-01-01 07:15,8,4,4,0,0,0
2022-01-01 07:30,4,1,3,0,0,0
2022-01-01 07:45,2,1,1,0,0,0
2022-01-01 08:00,3,2,1,0,0,0
2022-01-01 08:15,3,2,1,0,0,0
2022-01-01 08:30,7,2,5,0,0,0
2022-01-01 08:45,9,6,3,0,0,0
2022-01-01 09:00,3,1,2,0,0,0
2022-01-01 09:15,7,5,2,0,0,0
2022-01-01 09:30,6,4,2,0,0,0
2022-01-01 09:45,8,2,6,0,0,0
2022-01-01 10:00,10,6,4,0,0,0
2022-01-01 10:15,10,5,5,0,0,0
2022-01-01 10:30,7,6,1,0,0,0
2022-01-01 10:45,9,7,2,0,0,0
2022-01-01 11:00,30,5,25,0,0,0
2022-01-01 11:15,23,12,11,0,0,0
2022-01-01 11:30,23,8,15,0,0,0
2022-01-01 11:45,31,20,11,0,0,0
2022-01-01 12:00,25,14,11,0,0,0
2022-01-01 12:15,24,7,17,0,0,0
2022-01-01 12:30,37,19,18,0,0,0
2022-01-01 12:45,33,13,20,0,0,0
2022-01-01 13:00,42,25,17,0,0,0
2022-01-01 13:15,36,17,19,0,0,0
2022-01-01 13:30,37,22,15,0,0,0
2022-01-01 13:45,56,33,23,0,0,0
2022-01-01 14:00,31,17,14,0,0,0
2022-01-01 14:15,42,20,22,0,0,0
2022-01-01 14:30,65,31,34,0,0,0
2022-01-01 14:45,55,22,33,0,0,0
2022-01-01 15:00,55,25,30,0,0,0
2022-01-01 15:15,38,19,19,0,0,0
2022-01-01 15:30,56,22,34,0,0,0
2022-01-01 15:45,37,18,19,0,0,0
2022-01-01 16:00,49,15,34,0,0,0
2022-01-01 16:15,41,11,30,0,0,0
2022-01-01 16:30,39,20,19,0,0,0
2022-01-01 16:45,52,21,31,0,0,0
2022-01-01 17:00,40,15,25,0,0,0
2022-01-01 17:15,36,7,29,0,0,0
2022-01-01 17:30,45,17,28,0,0,0
2022-01-01 17:45,44,20,24,0,0,0
2022-01-01 18:00,34,17,17,0,0,0
2022-01-01 18:15,25,14,11,0,0,0
2022-01-01 18:30,30,9,21,0,0,0
2022-01-01 18:45,37,15,22,0,0,0
2022-01-01 19:00,21,5,16,0,0,0
2022-01-01 19:15,26,11,15,0,0,0
2022-01-01 19:30,19,6,13,0,0,0
2022-01-01 19:45,25,15,10,0,0,0
2022-01-01 20:00,14,8,6,0,0,0
2022-01-01 20:15,17,11,6,0,0,0
2022-01-01 20:30,22,12,10,0,0,0
2022-01-01 20:45,23,9,14,0,0,0
2022-01-01 21:00,19,4,15,0,0,0
2022-01-01 21:15,17,5,12,0,0,0
2022-01-01 21:30,7,4,3,0,0,0
2022-01-01 21:45,7,1,6,0,0,0
2022-01-01 22:00,13,4,9,0,0,0
2022-01-01 22:15,14,3,11,0,0,0
2022-01-01 22:30,11,2,9,0,0,0
2022-01-01 22:45,9,4,5,0,0,0
2022-01-01 23:00,2,1,1,0,0,0
2022-01-01 23:15,11,5,6,0,0,0
2022-01-01 23:30,5,0,5,0,0,0
2022-01-01 23:45,8,2,6,0,0,0
2022-01-02 00:00,3,1,2,0,0,0
2022-01-02 00:15,7,2,5,0,0,0
2022-01-02 00:30,5,1,4,0,0,0
2022-01-02 00:45,3,1,2,0,0,0
2022-01-02 01:00,1,0,1,0,0,0
2022-01-02 01:15,1,0,1,0,0,0
2022-01-02 01:30,2,1,1,0,0,0
2022-01-02 01:45,1,0,1,0,0,0
2022-01-02 02:00,0,0,0,0,0,0
2022-01-02 02:15,2,1,1,0,0,0
2022-01-02 02:30,1,0,1,0,0,0
2022-01-02 02:45,1,1,0,0,0,0
2022-01-02 03:00,0,0,0,0,0,0
2022-01-02 03:15,0,0,0,0,0,0
2022-01-02 03:30,1,1,0,0,0,0
2022-01-02 03:45,0,0,0,0,0,0
2022-01-02 04:00,0,0,0,0,0,0
2022-01-02 04:15,0,0,0,0,0,0
2022-01-02 04:30,0,0,0,0,0,0
2022-01-02 04:45,1,0,1,0,0,0
2022-01-02 05:00,0,0,0,0,0,0
2022-01-02 05:15,2,1,1,0,0,0
2022-01-02 05:30,8,5,3,0,0,0
2022-01-02 05:45,0,0,0,0,0,0
2022-01-02 06:00,4,3,1,0,0,0
2022-01-02 06:15,4,3,1,0,0,0
2022-01-02 06:30,1,0,1,0,0,0
2022-01-02 06:45,2,1,1,0,0,0
2022-01-02 07:00,2,1,1,0,0,0
2022-01-02 07:15,2,2,0,0,0,0
2022-01-02 07:30,3,2,1,0,0,0
2022-01-02 07:45,4,3,1,0,0,0
2022-01-02 08:00,0,0,0,0,0,0
2022-01-02 08:15,5,2,3,0,0,0
2022-01-02 08:30,10,3,7,0,0,0
2022-01-02 08:45,11,10,1,0,0,0
2022-01-02 09:00,5,2,3,0,0,0
2022-01-02 09:15,12,4,8,0,0,0
2022-01-02 09:30,12,8,4,0,0,0
2022-01-02 09:45,22,12,10,0,0,0
2022-01-02 10:00,13,8,5,0,0,0
2022-01-02 10:15,26,10,16,0,0,0
2022-01-02 10:30,23,12,11,0,0,0
2022-01-02 10:45,28,20,8,0,0,0
2022-01-02 11:00,38,17,21,0,0,0
2022-01-02 11:15,35,12,23,0,0,0
2022-01-02 11:30,15,8,7,0,0,0
2022-01-02 11:45,30,14,16,0,0,0
2022-01-02 12:00,40,17,23,0,0,0
2022-01-02 12:15,25,13,12,0,0,0
2022-01-02 12:30,39,18,21,0,0,0
2022-01-02 12:45,27,12,15,0,0,0
2022-01-02 13:00,49,30,19,0,0,0
2022-01-02 13:15,41,21,20,0,0,0
2022-01-02 13:30,45,17,28,0,0,0
2022-01-02 13:45,37,20,17,0,0,0
2022-01-02 14:00,33,20,13,0,0,0
2022-01-02 14:15,48,22,26,0,0,0
2022-01-02 14:30,57,30,27,0,0,0
2022-01-02 14:45,37,16,21,0,0,0
2022-01-02 15:00,53,27,26,0,0,0
2022-01-02 15:15,67,33,34,0,0,0
2022-01-02 15:30,48,18,30,0,0,0
2022-01-02 15:45,49,21,28,0,0,0
2022-01-02 16:00,54,22,32,0,0,0
2022-01-02 16:15,48,20,28,0,0,0
2022-01-02 16:30,31,12,19,0,0,0
2022-01-02 16:45,47,18,29,0,0,0
2022-01-02 17:00,41,16,25,0,0,0
2022-01-02 17:15,26,8,18,0,0,0
2022-01-02 17:30,41,15,26,0,0,0
2022-01-02 17:45,42,22,20,0,0,0
2022-01-02 18:00,49,21,28,0,0,0
2022-01-02 18:15,32,15,17,0,0,0
2022-01-02 18:30,43,18,25,0,0,0
2022-01-02 18:45,28,15,13,0,0,0
2022-01-02 19:00,27,10,17,0,0,0
2022-01-02 19:15,31,14,17,0,0,0
2022-01-02 19:30,40,14,26,0,0,0
2022-01-02 19:45,28,13,15,0,0,0
2022-01-02 20:00,20,9,11,0,0,0
2022-01-02 20:15,16,5,11,0,0,0
2022-01-02 20:30,20,8,12,0,0,0
2022-01-02 20:45,25,6,19,0,0,0
2022-01-02 21:00,23,11,12,0,0,0
2022-01-02 21:15,14,3,11,0,0,0
2022-01-02 21:30,8,2,6,0,0,0
2022-01-02 21:45,17,4,13,0,0,0
2022-01-02 22:00,8,3,5,0,0,0
2022-01-02 22:15,8,1,7,0,0,0
2022-01-02 22:30,16,5,11,0,0,0
2022-01-02 22:45,5,0,5,0,0,0
2022-01-02 23:00,9,3,6,0,0,0
2022-01-02 23:15,10,5,5,0,0,0
2022-01-02 23:30,8,4,4,0,0,0
2022-01-02 23:45,6,2,4,0,0,0
2022-01-03 00:00,12,7,5,0,0,0
2022-01-03 00:15,2,0,2,0,0,0
2022-01-03 00:30,4,1,3,0,0,0
2022-01-03 00:45,5,1,4,0,0,0
2022-01-03 01:00,0,0,0,0,0,0
2022-01-03 01:15,3,3,0,0,0,0
2022-01-03 01:30,2,0,2,0,0,0
2022-01-03 01:45,3,3,0,0,0,0
2022-01-03 02:00,1,0,1,0,0,0
2022-01-03 02:15,2,0,2,0,0,0
2022-01-03 02:30,0,0,0,0,0,0
2022-01-03 02:45,1,1,0,0,0,0
2022-01-03 03:00,6,2,4,0,0,0
2022-01-03 03:15,0,0,0,0,0,0
2022-01-03 03:30,1,1,0,0,0,0
2022-01-03 03:45,0,0,0,0,0,0
2022-01-03 04:00,1,0,1,0,0,0
2022-01-03 04:15,5,5,0,0,0,0
2022-01-03 04:30,1,0,1,0,0,0
2022-01-03 04:45,1,1,0,0,0,0
2022-01-03 05:00,1,1,0,0,0,0
2022-01-03 05:15,3,2,1,0,0,0
2022-01-03 05:30,10,8,2,0,0,0
2022-01-03 05:45,15,15,0,0,0,0
2022-01-03 06:00,13,11,2,0,0,0
2022-01-03 06:15,22,15,7,0,0,0
2022-01-03 06:30,32,20,12,0,0,0
2022-01-03 06:45,34,16,18,0,0,0
2022-01-03 07:00,59,39,20,0,0,0
2022-01-03 07:15,66,41,25,0,0,0
2022-01-03 07:30,76,47,29,0,0,0
2022-01-03 07:45,95,71,24,0,0,0
2022-01-03 08:00,78,48,30,0,0,0
2022-01-03 08:15,87,51,36,0,0,0
2022-01-03 08:30,72,58,14,0,0,0
2022-01-03 08:45,85,54,31,0,0,0
2022-01-03 09:00,70,44,26,0,0,0
2022-01-03 09:15,69,45,24,0,0,0
2022-01-03 09:30,68,47,21,0,0,0
2022-01-03 09:45,87,60,27,0,0,0
2022-01-03 10:00,70,54,16,0,0,0
2022-01-03 10:15,86,55,31,0,0,0
2022-01-03 10:30,82,48,34,0,0,0
2022-01-03 10:45,94,47,47,0,0,0
2022-01-03 11:00,98,50,48,0,0,0
2022-01-03 11:15,96,41,55,0,0,0
2022-01-03 11:30,71,32,39,0,0,0
2022-01-03 11:45,87,50,37,0,0,0
2022-01-03 12:00,106,53,53,0,0,0
2022-01-03 12:15,100,48,52,0,0,0
2022-01-03 12:30,91,47,44,0,0,0
2022-01-03 12:45,101,44,57,0,0,0
2022-01-03 13:00,108,52,56,0,0,0
2022-01-03 13:15,90,39,51,0,0,0
2022-01-03 13:30,115,60,55,0,0,0
2022-01-03 13:45,121,53,68,0,0,0
2022-01-03 14:00,104,54,50,0,0,0
2022-01-03 14:15,106,48,58,0,0,0
2022-01-03 14:30,110,47,63,0,0,0
2022-01-03 14:45,159,66,93,0,0,0
2022-01-03 15:00,128,48,80,0,0,0
2022-01-03 15:15,125,54,71,0,0,0
2022-01-03 15:30,146,66,80,0,0,0
2022-01-03 15:45,126,53,73,0,0,0
2022-01-03 16:00,150,60,90,0,0,0
2022-01-03 16:15,123,56,67,0,0,0
2022-01-03 16:30,142,44,98,0,0,0
2022-01-03 16:45,118,53,65,0,0,0
2022-01-03 17:00,124,42,82,0,0,0
2022-01-03 17:15,134,54,80,0,0,0
2022-01-03 17:30,115,56,59,0,0,0
2022-01-03 17:45,126,54,72,0,0,0
2022-01-03 18:00,116,39,77,0,0,0
2022-01-03 18:15,119,41,78,0,0,0
2022-01-03 18:30,79,15,64,0,0,0
2022-01-03 18:45,82,25,57,0,0,0
2022-01-03 19:00,98,29,69,0,0,0
2022-01-03 19:15,80,21,59,0,0,0
2022-01-03 19:30,56,14,42,0,0,0
2022-01-03 19:45,62,20,42,0,0,0
2022-01-03 20:00,39,10,29,0,0,0
2022-01-03 20:15,36,16,20,0,0,0
2022-01-03 20:30,30,8,22,0,0,0
2022-01-03 20:45,22,8,14,0,0,0
2022-01-03 21:00,26,8,18,0,0,0
2022-01-03 21:15,19,5,14,0,0,0
2022-01-03 21:30,23,5,18,0,0,0
2022-01-03 21:45,18,7,11,0,0,0
2022-01-03 22:00,14,6,8,0,0,0
2022-01-03 22:15,12,3,9,0,0,0
2022-01-03 22:30,11,5,6,0,0,0
2022-01-03 22:45,11,1,10,0,0,0
2022-01-03 23:00,18,4,14,0,0,0
2022-01-03 23:15,10,3,7,0,0,0
2022-01-03 23:30,12,3,9,0,0,0
2022-01-03 23:45,16,7,9,0,0,0
2022-01-04 00:00,9,8,1,0,0,0
2022-01-04 00:15,5,1,4,0,0,0
2022-01-04 00:30,4,2,2,0,0,0
2022-01-04 00:45,9,4,5,0,0,0
2022-01-04 01:00,4,3,1,0,0,0
2022-01-04 01:15,6,0,6,0,0,0
2022-01-04 01:30,4,1,3,0,0,0
2022-01-04 01:45,2,0,2,0,0,0
2022-01-04 02:00,0,0,0,0,0,0
2022-01-04 02:15,4,1,3,0,0,0
2022-01-04 02:30,1,0,1,0,0,0
2022-01-04 02:45,1,0,1,0,0,0
2022-01-04 03:00,2,0,2,0,0,0
2022-01-04 03:15,1,0,1,0,0,0
2022-01-04 03:30,1,0,1,0,0,0
2022-01-04 03:45,0,0,0,0,0,0
2022-01-04 04:00,0,0,0,0,0,0
2022-01-04 04:15,2,1,1,0,0,0
2022-01-04 04:30,2,2,0,0,0,0
2022-01-04 04:45,3,3,0,0,0,0
2022-01-04 05:00,5,4,1,0,0,0
2022-01-04 05:15,7,5,2,0,0,0
2022-01-04 05:30,18,16,2,0,0,0
2022-01-04 05:45,15,14,1,0,0,0
2022-01-04 06:00,16,11,5,0,0,0
2022-01-04 06:15,19,13,6,0,0,0
2022-01-04 06:30,37,26,11,0,0,0
2022-01-04 06:45,39,25,14,0,0,0
2022-01-04 07:00,66,45,21,0,0,0
2022-01-04 07:15,74,49,25,0,0,0
2022-01-04 07:30,85,55,30,0,0,0
2022-01-04 07:45,78,49,29,0,0,0
2022-01-04 08:00,99,68,31,0,0,0
2022-01-04 08:15,82,45,37,0,0,0
2022-01-04 08:30,75,60,15,0,0,0
2022-01-04 08:45,92,53,39,0,0,0
2022-01-04 09:00,62,42,20,0,0,0
2022-01-04 09:15,55,39,16,0,0,0
2022-01-04 09:30,76,52,24,0,0,0
2022-01-04 09:45,103,78,25,0,0,0
2022-01-04 10:00,58,31,27,0,0,0
2022-01-04 10:15,77,52,25,0,0,0
2022-01-04 10:30,71,41,30,0,0,0
2022-01-04 10:45,92,53,39,0,0,0
2022-01-04 11:00,90,44,46,0,0,0
2022-01-04 11:15,82,46,36,0,0,0
2022-01-04 11:30,83,39,44,0,0,0
2022-01-04 11:45,107,53,54,0,0,0
2022-01-04 12:00,109,51,58,0,0,0
2022-01-04 12:15,104,51,53,0,0,0
2022-01-04 12:30,91,45,46,0,0,0
2022-01-04 12:45,112,44,68,0,0,0
2022-01-04 13:00,114,46,68,0,0,0
2022-01-04 13:15,107,49,58,0,0,0
2022-01-04 13:30,88,44,44,0,0,0
2022-01-04 13:45,113,59,54,0,0,0
2022-01-04 14:00,92,43,49,0,0,0
2022-01-04 14:15,99,43,56,0,0,0
2022-01-04 14:30,91,44,47,0,0,0
2022-01-04 14:45,120,46,74,0,0,0
2022-01-04 15:00,73,34,39,0,0,0
2022-01-04 15:15,90,27,63,0,0,0
2022-01-04 15:30,100,37,63,0,0,0
2022-01-04 15:45,131,59,72,0,0,0
2022-01-04 16:00,131,55,76,0,0,0
2022-01-04 16:15,145,55,90,0,0,0
2022-01-04 16:30,121,55,66,0,0,0
2022-01-04 16:45,137,54,83,0,0,0
2022-01-04 17:00,151,68,83,0,0,0
2022-01-04 17:15,115,43,72,0,0,0
2022-01-04 17:30,125,47,78,0,0,0
2022-01-04 17:45,127,44,83,0,0,0
2022-01-04 18:00,125,49,76,0,0,0
2022-01-04 18:15,127,43,84,0,0,0
2022-01-04 18:30,80,27,53,0,0,0
2022-01-04 18:45,97,44,53,0,0,0
2022-01-04 19:00,72,20,52,0,0,0
2022-01-04 19:15,66,19,47,0,0,0
2022-01-04 19:30,68,26,42,0,0,0
2022-01-04 19:45,59,19,40,0,0,0
2022-01-04 20:00,50,18,32,0,0,0
2022-01-04 20:15,31,7,24,0,0,0
2022-01-04 20:30,21,5,16,0,0,0
2022-01-04 20:45,19,4,15,0,0,0
2022-01-04 21:00,30,8,22,0,0,0
2022-01-04 21:15,32,8,24,0,0,0
2022-01-04 21:30,20,2,18,0,0,0
2022-01-04 21:45,22,10,12,0,0,0
2022-01-04 22:00,25,7,18,0,0,0
2022-01-04 22:15,24,5,19,0,0,0
2022-01-04 22:30,29,13,16,0,0,0
2022-01-04 22:45,17,5,12,0,0,0
2022-01-04 23:00,13,4,9,0,0,0
2022-01-04 23:15,14,5,9,0,0,0
2022-01-04 23:30,13,2,11,0,0,0
2022-01-04 23:45,10,5,5,0,0,0
2022-01-05 00:00,5,1,4,0,0,0
2022-01-05 00:15,6,0,6,0,0,0
2022-01-05 00:30,6,2,4,0,0,0
2022-01-05 00:45,7,1,6,0,0,0
2022-01-05 01:00,1,1,0,0,0,0
2022-01-05 01:15,0,0,0,0,0,0
2022-01-05 01:30,1,0,1,0,0,0
2022-01-05 01:45,1,1,0,0,0,0
2022-01-05 02:00,0,0,0,0,0,0
2022-01-05 02:15,0,0,0,0,0,0
2022-01-05 02:30,4,0,4,0,0,0
2022-01-05 02:45,0,0,0,0,0,0
2022-01-05 03:00,1,0,1,0,0,0
2022-01-05 03:15,0,0,0,0,0,0
2022-01-05 03:30,0,0,0,0,0,0
2022-01-05 03:45,1,0,1,0,0,0
2022-01-05 04:00,1,1,0,0,0,0
2022-01-05 04:15,2,1,1,0,0,0
2022-01-05 04:30,2,0,2,0,0,0
2022-01-05 04:45,3,3,0,0,0,0
2022-01-05 05:00,4,3,1,0,0,0
2022-01-05 05:15,6,3,3,0,0,0
2022-01-05 05:30,15,11,4,0,0,0
2022-01-05 05:45,19,14,5,0,0,0
2022-01-05 06:00,20,14,6,0,0,0
2022-01-05 06:15,21,15,6,0,0,0
2022-01-05 06:30,42,23,19,0,0,0
2022-01-05 06:45,41,27,14,0,0,0
2022-01-05 07:00,59,39,20,0,0,0
2022-01-05 07:15,54,38,16,0,0,0
2022-01-05 07:30,93,55,38,0,0,0
2022-01-05 07:45,105,70,35,0,0,0
2022-01-05 08:00,98,67,31,0,0,0
2022-01-05 08:15,90,60,30,0,0,0
2022-01-05 08:30,78,50,28,0,0,0
2022-01-05 08:45,99,60,39,0,0,0
2022-01-05 09:00,73,46,27,0,0,0
2022-01-05 09:15,73,37,36,0,0,0
2022-01-05 09:30,45,35,10,0,0,0
2022-01-05 09:45,79,53,26,0,0,0
2022-01-05 10:00,53,29,24,0,0,0
2022-01-05 10:15,67,33,34,0,0,0
2022-01-05 10:30,54,27,27,0,0,0
2022-01-05 10:45,69,34,35,0,0,0
2022-01-05 11:00,55,22,33,0,0,0
2022-01-05 11:15,57,19,38,0,0,0
2022-01-05 11:30,54,27,27,0,0,0
2022-01-05 11:45,51,22,29,0,0,0
2022-01-05 12:00,64,30,34,0,0,0
2022-01-05 12:15,67,23,44,0,0,0
2022-01-05 12:30,86,47,39,0,0,0
2022-01-05 12:45,87,43,44,0,0,0
2022-01-05 13:00,86,34,52,0,0,0
2022-01-05 13:15,83,31,52,0,0,0
2022-01-05 13:30,77,35,42,0,0,0
2022-01-05 13:45,76,32,44,0,0,0
2022-01-05 14:00,91,39,52,0,0,0
2022-01-05 14:15,78,32,46,0,0,0
2022-01-05 14:30,91,39,52,0,0,0
2022-01-05 14:45,91,35,56,0,0,0
2022-01-05 15:00,90,23,67,0,0,0
2022-01-05 15:15,100,38,62,0,0,0
2022-01-05 15:30,97,35,62,0,0,0
2022-01-05 15:45,97,43,54,0,0,0
2022-01-05 16:00,114,53,61,0,0,0
2022-01-05 16:15,125,53,72,0,0,0
2022-01-05 16:30,128,50,78,0,0,0
2022-01-05 16:45,142,58,84,0,0,0
2022-01-05 17:00,100,34,66,0,0,0
2022-01-05 17:15,124,44,80,0,0,0
2022-01-05 17:30,115,41,74,0,0,0
2022-01-05 17:45,107,37,70,0,0,0
2022-01-05 18:00,102,27,75,0,0,0
2022-01-05 18:15,88,36,52,0,0,0
2022-01-05 18:30,87,34,53,0,0,0
2022-01-05 18:45,92,34,58,0,0,0
2022-01-05 19:00,60,22,38,0,0,0
2022-01-05 19:15,72,21,51,0,0,0
2022-01-05 19:30,40,15,25,0,0,0
2022-01-05 19:45,51,7,44,0,0,0
2022-01-05 20:00,51,23,28,0,0,0
2022-01-05 20:15,53,23,30,0,0,0
2022-01-05 20:30,25,5,20,0,0,0
2022-01-05 20:45,34,16,18,0,0,0
2022-01-05 21:00,28,13,15,0,0,0
2022-01-05 21:15,21,7,14,0,0,0
2022-01-05 21:30,17,6,11,0,0,0
2022-01-05 21:45,27,8,19,0,0,0
2022-01-05 22:00,28,11,17,0,0,0
2022-01-05 22:15,36,8,28,0,0,0
2022-01-05 22:30,20,4,16,0,0,0
2022-01-05 22:45,16,6,10,0,0,0
2022-01-05 23:00,13,7,6,0,0,0
2022-01-05 23:15,15,4,11,0,0,0
2022-01-05 23:30,13,3,10,0,0,0
2022-01-05 23:45,9,5,4,0,0,0
2022-01-06 00:00,11,2,9,0,0,0
2022-01-06 00:15,4,2,2,0,0,0
2022-01-06 00:30,7,2,5,0,0,0
2022-01-06 00:45,5,3,2,0,0,0
2022-01-06 01:00,2,1,1,0,0,0
2022-01-06 01:15,5,2,3,0,0,0
2022-01-06 01:30,1,0,1,0,0,0
2022-01-06 01:45,1,0,1,0,0,0
2022-01-06 02:00,1,0,1,0,0,0
2022-01-06 02:15,0,0,0,0,0,0
2022-01-06 02:30,2,2,0,0,0,0
2022-01-06 02:45,1,0,1,0,0,0
2022-01-06 03:00,1,0,1,0,0,0
2022-01-06 03:15,1,0,1,0,0,0
2022-01-06 03:30,2,0,2,0,0,0
2022-01-06 03:45,1,0,1,0,0,0
2022-01-06 04:00,0,0,0,0,0,0
2022-01-06 04:15,0,0,0,0,0,0
2022-01-06 04:30,1,1,0,0,0,0
2022-01-06 04:45,0,0,0,0,0,0
2022-01-06 05:00,5,2,3,0,0,0
2022-01-06 05:15,5,4,1,0,0,0
2022-01-06 05:30,11,8,3,0,0,0
2022-01-06 05:45,23,18,5,0,0,0
2022-01-06 06:00,14,12,2,0,0,0
2022-01-06 06:15,17,12,5,0,0,0
2022-01-06 06:30,34,20,14,0,0,0
2022-01-06 06:45,42,24,18,0,0,0
2022-01-06 07:00,48,24,24,0,0,0
2022-01-06 07:15,60,43,17,0,0,0
2022-01-06 07:30,68,37,31,0,0,0
2022-01-06 07:45,121,78,43,0,0,0
2022-01-06 08:00,97,61,36,0,0,0
2022-01-06 08:15,83,46,37,0,0,0
2022-01-06 08:30,85,56,29,0,0,0
2022-01-06 08:45,85,56,29,0,0,0
2022-01-06 09:00,59,39,20,0,0,0
2022-01-06 09:15,60,34,26,0,0,0
2022-01-06 09:30,75,54,21,0,0,0
2022-01-06 09:45,99,69,30,0,0,0
2022-01-06 10:00,58,33,25,0,0,0
2022-01-06 10:15,91,52,39,0,0,0
2022-01-06 10:30,71,40,31,0,0,0
2022-01-06 10:45,101,55,46,0,0,0
2022-01-06 11:00,74,37,37,0,0,0
2022-01-06 11:15,94,52,42,0,0,0
2022-01-06 11:30,126,73,53,0,0,0
2022-01-06 11:45,133,69,64,0,0,0
2022-01-06 12:00,98,46,52,0,0,0
2022-01-06 12:15,129,55,74,0,0,0
2022-01-06 12:30,119,53,66,0,0,0
2022-01-06 12:45,119,60,59,0,0,0
2022-01-06 13:00,115,56,59,0,0,0
2022-01-06 13:15,109,55,54,0,0,0
2022-01-06 13:30,116,65,51,0,0,0
2022-01-06 13:45,117,55,62,0,0,0
2022-01-06 14:00,158,71,87,0,0,0
2022-01-06 14:15,142,63,79,0,0,0
2022-01-06 14:30,105,36,69,0,0,0
2022-01-06 14:45,146,58,88,0,0,0
2022-01-06 15:00,140,59,81,0,0,0
2022-01-06 15:15,149,65,84,0,0,0
2022-01-06 15:30,132,68,64,0,0,0
2022-01-06 15:45,156,67,89,0,0,0
2022-01-06 16:00,170,65,105,0,0,0
2022-01-06 16:15,154,64,90,0,0,0
2022-01-06 16:30,154,53,101,0,0,0
2022-01-06 16:45,189,74,115,0,0,0
2022-01-06 17:00,140,56,84,0,0,0
2022-01-06 17:15,163,64,99,0,0,0
2022-01-06 17:30,157,50,107,0,0,0
2022-01-06 17:45,113,48,65,0,0,0
2022-01-06 18:00,148,47,101,0,0,0
2022-01-06 18:15,141,45,96,0,0,0
2022-01-06 18:30,79,23,56,0,0,0
2022-01-06 18:45,82,36,46,0,0,0
2022-01-06 19:00,93,27,66,0,0,0
2022-01-06 19:15,79,24,55,0,0,0
2022-01-06 19:30,54,14,40,0,0,0
2022-01-06 19:45,61,27,34,0,0,0
2022-01-06 20:00,63,21,42,0,0,0
2022-01-06 20:15,47,14,33,0,0,0
2022-01-06 20:30,40,11,29,0,0,0
2022-01-06 20:45,30,5,25,0,0,0
2022-01-06 21:00,26,10,16,0,0,0
2022-01-06 21:15,37,7,30,0,0,0
2022-01-06 21:30,32,7,25,0,0,0
2022-01-06 21:45,21,7,14,0,0,0
2022-01-06 22:00,32,9,23,0,0,0
2022-01-06 22:15,34,8,26,0,0,0
2022-01-06 22:30,38,12,26,0,0,0
2022-01-06 22:45,15,6,9,0,0,0
2022-01-06 23:00,32,14,18,0,0,0
2022-01-06 23:15,18,6,12,0,0,0
2022-01-06 23:30,16,3,13,0,0,0
2022-01-06 23:45,11,1,10,0,0,0
2022-01-07 00:00,11,3,8,0,0,0
2022-01-07 00:15,3,1,2,0,0,0
2022-01-07 00:30,9,4,5,0,0,0
2022-01-07 00:45,10,2,8,0,0,0
2022-01-07 01:00,9,3,6,0,0,0
2022-01-07 01:15,6,4,2,0,0,0
2022-01-07 01:30,1,0,1,0,0,0
2022-01-07 01:45,1,1,0,0,0,0
2022-01-07 02:00,3,2,1,0,0,0
2022-01-07 02:15,0,0,0,0,0,0
2022-01-07 02:30,0,0,0,0,0,0
2022-01-07 02:45,2,0,2,0,0,0
2022-01-07 03:00,0,0,0,0,0,0
2022-01-07 03:15,1,0,1,0,0,0
2022-01-07 03:30,3,1,2,0,0,0
2022-01-07 03:45,1,0,1,0,0,0
2022-01-07 04:00,0,0,0,0,0,0
2022-01-07 04:15,0,0,0,0,0,0
2022-01-07 04:30,2,1,1,0,0,0
2022-01-07 04:45,2,2,0,0,0,0
2022-01-07 05:00,3,3,0,0,0,0
2022-01-07 05:15,3,2,1,0,0,0
2022-01-07 05:30,9,5,4,0,0,0
2022-01-07 05:45,16,16,0,0,0,0
2022-01-07 06:00,17,14,3,0,0,0
2022-01-07 06:15,20,8,12,0,0,0
2022-01-07 06:30,23,15,8,0,0,0
2022-01-07 06:45,27,13,14,0,0,0
2022-01-07 07:00,54,32,22,0,0,0
2022-01-07 07:15,52,35,17,0,0,0
2022-01-07 07:30,60,37,23,0,0,0
2022-01-07 07:45,79,50,29,0,0,0
2022-01-07 08:00,65,42,23,0,0,0
2022-01-07 08:15,81,52,29,0,0,0
2022-01-07 08:30,83,44,39,0,0,0
2022-01-07 08:45,100,65,35,0,0,0
2022-01-07 09:00,64,39,25,0,0,0
2022-01-07 09:15,59,31,28,0,0,0
2022-01-07 09:30,67,45,22,0,0,0
2022-01-07 09:45,80,60,20,0,0,0
2022-01-07 10:00,88,48,40,0,0,0
2022-01-07 10:15,80,47,33,0,0,0
2022-01-07 10:30,67,34,33,0,0,0
2022-01-07 10:45,58,28,30,0,0,0
2022-01-07 11:00,69,36,33,0,0,0
2022-01-07 11:15,84,44,40,0,0,0
2022-01-07 11:30,74,30,44,0,0,0
2022-01-07 11:45,77,34,43,0,0,0
2022-01-07 12:00,97,44,53,0,0,0
2022-01-07 12:15,86,34,52,0,0,0
2022-01-07 12:30,90,47,43,0,0,0
2022-01-07 12:45,121,56,65,0,0,0
2022-01-07 13:00,105,43,62,0,0,0
2022-01-07 13:15,107,51,56,0,0,0
2022-01-07 13:30,94,36,58,0,0,0
2022-01-07 13:45,110,41,69,0,0,0
2022-01-07 14:00,138,49,89,0,0,0
2022-01-07 14:15,113,42,71,0,0,0
2022-01-07 14:30,114,39,75,0,0,0
2022-01-07 14:45,132,62,70,0,0,0
2022-01-07 15:00,138,58,80,0,0,0
2022-01-07 15:15,128,60,68,0,0,0
2022-01-07 15:30,109,57,52,0,0,0
2022-01-07 15:45,114,52,62,0,0,0
2022-01-07 16:00,138,58,80,0,0,0
2022-01-07 16:15,133,54,79,0,0,0
2022-01-07 16:30,120,60,60,0,0,0
2022-01-07 16:45,160,75,85,0,0,0
2022-01-07 17:00,115,44,71,0,0,0
2022-01-07 17:15,85,42,43,0,0,0
2022-01-07 17:30,111,43,68,0,0,0
2022-01-07 17:45,130,53,77,0,0,0
2022-01-07 18:00,84,31,53,0,0,0
2022-01-07 18:15,67,21,46,0,0,0
2022-01-07 18:30,57,26,31,0,0,0
2022-01-07 18:45,88,29,59,0,0,0
2022-01-07 19:00,71,30,41,0,0,0
2022-01-07 19:15,74,35,39,0,0,0
2022-01-07 19:30,75,31,44,0,0,0
2022-01-07 19:45,50,24,26,0,0,0
2022-01-07 20:00,52,23,29,0,0,0
2022-01-07 20:15,36,17,19,0,0,0
2022-01-07 20:30,42,14,28,0,0,0
2022-01-07 20:45,34,10,24,0,0,0
2022-01-07 21:00,34,14,20,0,0,0
2022-01-07 21:15,20,5,15,0,0,0
2022-01-07 21:30,16,9,7,0,0,0
2022-01-07 21:45,23,2,21,0,0,0
2022-01-07 22:00,17,4,13,0,0,0
2022-01-07 22:15,34,6,28,0,0,0
2022-01-07 22:30,41,18,23,0,0,0
2022-01-07 22:45,20,5,15,0,0,0
2022-01-07 23:00,23,4,19,0,0,0
2022-01-07 23:15,26,9,17,0,0,0
2022-01-07 23:30,9,4,5,0,0,0
2022-01-07 23:45,16,4,12,0,0,0
2022-01-08 00:00,23,7,16,0,0,0
2022-01-08 00:15,19,4,15,0,0,0
2022-01-08 00:30,13,3,10,0,0,0
2022-01-08 00:45,15,6,9,0,0,0
2022-01-08 01:00,15,4,11,0,0,0
2022-01-08 01:15,9,2,7,0,0,0
2022-01-08 01:30,7,2,5,0,0,0
2022-01-08 01:45,5,2,3,0,0,0
2022-01-08 02:00,13,5,8,0,0,0
2022-01-08 02:15,2,1,1,0,0,0
2022-01-08 02:30,7,2,5,0,0,0
2022-01-08 02:45,1,0,1,0,0,0
2022-01-08 03:00,4,3,1,0,0,0
2022-01-08 03:15,6,2,4,0,0,0
2022-01-08 03:30,4,2,2,0,0,0
2022-01-08 03:45,2,1,1,0,0,0
2022-01-08 04:00,4,1,3,0,0,0
2022-01-08 04:15,3,2,1,0,0,0
2022-01-08 04:30,2,2,0,0,0,0
2022-01-08 04:45,1,1,0,0,0,0
2022-01-08 05:00,4,3,1,0,0,0
2022-01-08 05:15,4,0,4,0,0,0
2022-01-08 05:30,5,5,0,0,0,0
2022-01-08 05:45,14,11,3,0,0,0
2022-01-08 06:00,5,4,1,0,0,0
2022-01-08 06:15,4,4,0,0,0,0
2022-01-08 06:30,10,5,5,0,0,0
2022-01-08 06:45,7,1,6,0,0,0
2022-01-08 07:00,5,2,3,0,0,0
2022-01-08 07:15,6,4,2,0,0,0
2022-01-08 07:30,15,10,5,0,0,0
2022-01-08 07:45,15,10,5,0,0,0
2022-01-08 08:00,21,9,12,0,0,0
2022-01-08 08:15,26,15,11,0,0,0
2022-01-08 08:30,34,22,12,0,0,0
2022-01-08 08:45,32,17,15,0,0,0
2022-01-08 09:00,41,28,13,0,0,0
2022-01-08 09:15,30,20,10,0,0,0
2022-01-08 09:30,58,40,18,0,0,0
2022-01-08 09:45,81,54,27,0,0,0
2022-01-08 10:00,61,45,16,0,0,0
2022-01-08 10:15,71,54,17,0,0,0
2022-01-08 10:30,78,50,28,0,0,0
2022-01-08 10:45,113,70,43,0,0,0
2022-01-08 11:00,75,41,34,0,0,0
2022-01-08 11:15,89,49,40,0,0,0
2022-01-08 11:30,94,50,44,0,0,0
2022-01-08 11:45,112,61,51,0,0,0
2022-01-08 12:00,99,42,57,0,0,0
2022-01-08 12:15,102,60,42,0,0,0
2022-01-08 12:30,102,45,57,0,0,0
2022-01-08 12:45,107,51,56,0,0,0
2022-01-08 13:00,106,44,62,0,0,0
2022-01-08 13:15,74,33,41,0,0,0
2022-01-08 13:30,93,31,62,0,0,0
2022-01-08 13:45,106,46,60,0,0,0
2022-01-08 14:00,100,52,48,0,0,0
2022-01-08 14:15,98,40,58,0,0,0
2022-01-08 14:30,99,35,64,0,0,0
2022-01-08 14:45,100,35,65,0,0,0
2022-01-08 15:00,91,41,50,0,0,0
2022-01-08 15:15,76,32,44,0,0,0
2022-01-08 15:30,95,32,63,0,0,0
2022-01-08 15:45,92,33,59,0,0,0
2022-01-08 16:00,71,30,41,0,0,0
2022-01-08 16:15,69,28,41,0,0,0
2022-01-08 16:30,79,28,51,0,0,0
2022-01-08 16:45,81,26,55,0,0,0
2022-01-08 17:00,71,14,57,0,0,0
2022-01-08 17:15,82,36,46,0,0,0
2022-01-08 17:30,65,22,43,0,0,0
2022-01-08 17:45,103,36,67,0,0,0
2022-01-08 18:00,71,23,48,0,0,0
2022-01-08 18:15,67,23,44,0,0,0
2022-01-08 18:30,54,19,35,0,0,0
2022-01-08 18:45,66,37,29,0,0,0
2022-01-08 19:00,44,12,32,0,0,0
2022-01-08 19:15,53,23,30,0,0,0
2022-01-08 19:30,46,20,26,0,0,0
2022-01-08 19:45,61,28,33,0,0,0
2022-01-08 20:00,44,21,23,0,0,0
2022-01-08 20:15,25,9,16,0,0,0
2022-01-08 20:30,31,9,22,0,0,0
2022-01-08 20:45,39,14,25,0,0,0
2022-01-08 21:00,28,8,20,0,0,0
2022-01-08 21:15,14,10,4,0,0,0
2022-01-08 21:30,18,5,13,0,0,0
2022-01-08 21:45,20,2,18,0,0,0
2022-01-08 22:00,13,3,10,0,0,0
2022-01-08 22:15,24,10,14,0,0,0
2022-01-08 22:30,19,7,12,0,0,0
2022-01-08 22:45,16,5,11,0,0,0
2022-01-08 23:00,30,12,18,0,0,0
2022-01-08 23:15,23,12,11,0,0,0
2022-01-08 23:30,19,7,12,0,0,0
2022-01-08 23:45,15,5,10,0,0,0
2022-01-09 00:00,22,12,10,0,0,0
2022-01-09 00:15,23,10,13,0,0,0
2022-01-09 00:30,17,9,8,0,0,0
2022-01-09 00:45,17,7,10,0,0,0
2022-01-09 01:00,18,6,12,0,0,0
2022-01-09 01:15,16,3,13,0,0,0
2022-01-09 01:30,10,3,7,0,0,0
2022-01-09 01:45,8,3,5,0,0,0
2022-01-09 02:00,8,4,4,0,0,0
2022-01-09 02:15,11,7,4,0,0,0
2022-01-09 02:30,8,2,6,0,0,0
2022-01-09 02:45,2,0,2,0,0,0
2022-01-09 03:00,2,2,0,0,0,0
2022-01-09 03:15,0,0,0,0,0,0
2022-01-09 03:30,4,0,4,0,0,0
2022-01-09 03:45,1,0,1,0,0,0
2022-01-09 04:00,2,2,0,0,0,0
2022-01-09 04:15,1,1,0,0,0,0
2022-01-09 04:30,2,0,2,0,0,0
2022-01-09 04:45,0,0,0,0,0,0
2022-01-09 05:00,2,1,1,0,0,0
2022-01-09 05:15,4,2,2,0,0,0
2022-01-09 05:30,6,5,1,0,0,0
2022-01-09 05:45,6,3,3,0,0,0
2022-01-09 06:00,6,4,2,0,0,0
2022-01-09 06:15,1,1,0,0,0,0
2022-01-09 06:30,5,3,2,0,0,0
2022-01-09 06:45,1,0,1,0,0,0
2022-01-09 07:00,0,0,0,0,0,0
2022-01-09 07:15,1,1,0,0,0,0
2022-01-09 07:30,7,4,3,0,0,0
2022-01-09 07:45,8,6,2,0,0,0
2022-01-09 08:00,3,2,1,0,0,0
2022-01-09 08:15,4,2,2,0,0,0
2022-01-09 08:30,9,3,6,0,0,0
2022-01-09 08:45,16,12,4,0,0,0
2022-01-09 09:00,11,4,7,0,0,0
2022-01-09 09:15,17,11,6,0,0,0
2022-01-09 09:30,27,12,15,0,0,0
2022-01-09 09:45,31,22,9,0,0,0
2022-01-09 10:00,24,12,12,0,0,0
2022-01-09 10:15,30,21,9,0,0,0
2022-01-09 10:30,23,16,7,0,0,0
2022-01-09 10:45,37,21,16,0,0,0
2022-01-09 11:00,34,15,19,0,0,0
2022-01-09 11:15,48,18,30,0,0,0
2022-01-09 11:30,37,22,15,0,0,0
2022-01-09 11:45,31,15,16,0,0,0
2022-01-09 12:00,31,18,13,0,0,0
2022-01-09 12:15,36,16,20,0,0,0
2022-01-09 12:30,42,15,27,0,0,0
2022-01-09 12:45,57,25,32,0,0,0
2022-01-09 13:00,34,16,18,0,0,0
2022-01-09 13:15,40,21,19,0,0,0
2022-01-09 13:30,37,20,17,0,0,0
2022-01-09 13:45,44,24,20,0,0,0
2022-01-09 14:00,52,27,25,0,0,0
2022-01-09 14:15,57,24,33,0,0,0
2022-01-09 14:30,58,23,35,0,0,0
2022-01-09 14:45,61,27,34,0,0,0
2022-01-09 15:00,55,21,34,0,0,0
2022-01-09 15:15,54,19,35,0,0,0
2022-01-09 15:30,51,33,18,0,0,0
2022-01-09 15:45,58,31,27,0,0,0
2022-01-09 16:00,60,29,31,0,0,0
2022-01-09 16:15,45,15,30,0,0,0
2022-01-09 16:30,47,19,28,0,0,0
2022-01-09 16:45,55,25,30,0,0,0
2022-01-09 17:00,51,15,36,0,0,0
2022-01-09 17:15,54,21,33,0,0,0
2022-01-09 17:30,36,11,25,0,0,0
2022-01-09 17:45,43,22,21,0,0,0
2022-01-09 18:00,63,19,44,0,0,0
2022-01-09 18:15,49,18,31,0,0,0
2022-01-09 18:30,30,13,17,0,0,0
2022-01-09 18:45,55,30,25,0,0,0
2022-01-09 19:00,21,7,14,0,0,0
2022-01-09 19:15,37,13,24,0,0,0
2022-01-09 19:30,30,10,20,0,0,0
2022-01-09 19:45,17,8,9,0,0,0
2022-01-09 20:00,43,15,28,0,0,0
2022-01-09 20:15,29,14,15,0,0,0
2022-01-09 20:30,22,7,15,0,0,0
2022-01-09 20:45,18,8,10,0,0,0
2022-01-09 21:00,18,3,15,0,0,0
2022-01-09 21:15,19,4,15,0,0,0
2022-01-09 21:30,14,6,8,0,0,0
2022-01-09 21:45,17,5,12,0,0,0
2022-01-09 22:00,17,6,11,0,0,0
2022-01-09 22:15,10,4,6,0,0,0
2022-01-09 22:30,5,1,4,0,0,0
2022-01-09 22:45,19,10,9,0,0,0
2022-01-09 23:00,12,1,11,0,0,0
2022-01-09 23:15,12,4,8,0,0,0
2022-01-09 23:30,8,6,2,0,0,0
2022-01-09 23:45,4,3,1,0,0,0
2022-01-10 00:00,3,1,2,0,0,0
2022-01-10 00:15,5,2,3,0,0,0
2022-01-10 00:30,0,0,0,0,0,0
2022-01-10 00:45,2,0,2,0,0,0
2022-01-10 01:00,0,0,0,0,0,0
2022-01-10 01:15,1,0,1,0,0,0
2022-01-10 01:30,3,0,3,0,0,0
2022-01-10 01:45,1,0,1,0,0,0
2022-01-10 02:00,0,0,0,0,0,0
2022-01-10 02:15,1,1,0,0,0,0
2022-01-10 02:30,1,1,0,0,0,0
2022-01-10 02:45,0,0,0,0,0,0
2022-01-10 03:00,1,1,0,0,0,0
2022-01-10 03:15,0,0,0,0,0,0
2022-01-10 03:30,0,0,0,0,0,0
2022-01-10 03:45,2,1,1,0,0,0
2022-01-10 04:00,2,1,1,0,0,0
2022-01-10 04:15,1,1,0,0,0,0
2022-01-10 04:30,1,1,0,0,0,0
2022-01-10 04:45,4,4,0,0,0,0
2022-01-10 05:00,3,3,0,0,0,0
2022-01-10 05:15,7,3,4,0,0,0
2022-01-10 05:30,15,12,3,0,0,0
2022-01-10 05:45,24,17,7,0,0,0
2022-01-10 06:00,21,15,6,0,0,0
2022-01-10 06:15,25,20,5,0,0,0
2022-01-10 06:30,48,29,19,0,0,0
2022-01-10 06:45,66,40,26,0,0,0
2022-01-10 07:00,73,52,21,0,0,0
2022-01-10 07:15,93,58,35,0,0,0
2022-01-10 07:30,143,92,51,0,0,0
2022-01-10 07:45,155,100,55,0,0,0
2022-01-10 08:00,163,104,59,0,0,0
2022-01-10 08:15,142,86,56,0,0,0
2022-01-10 08:30,101,75,26,0,0,0
2022-01-10 08:45,104,63,41,0,0,0
2022-01-10 09:00,95,61,34,0,0,0
2022-01-10 09:15,103,70,33,0,0,0
2022-01-10 09:30,104,71,33,0,0,0
2022-01-10 09:45,79,56,23,0,0,0
2022-01-10 10:00,75,50,25,0,0,0
2022-01-10 10:15,86,47,39,0,0,0
2022-01-10 10:30,88,42,46,0,0,0
2022-01-10 10:45,86,38,48,0,0,0
2022-01-10 11:00,98,37,61,0,0,0
2022-01-10 11:15,82,41,41,0,0,0
2022-01-10 11:30,99,42,57,0,0,0
2022-01-10 11:45,108,45,63,0,0,0
2022-01-10 12:00,108,50,58,0,0,0
2022-01-10 12:15,115,48,67,0,0,0
2022-01-10 12:30,121,55,66,0,0,0
2022-01-10 12:45,127,56,71,0,0,0
2022-01-10 13:00,128,51,77,0,0,0
2022-01-10 13:15,114,55,59,0,0,0
2022-01-10 13:30,126,45,81,0,0,0
2022-01-10 13:45,147,78,69,0,0,0
2022-01-10 14:00,120,47,73,0,0,0
2022-01-10 14:15,129,60,69,0,0,0
2022-01-10 14:30,127,53,74,0,0,0
2022-01-10 14:45,148,69,79,0,0,0
2022-01-10 15:00,145,49,96,0,0,0
2022-01-10 15:15,156,76,80,0,0,0
2022-01-10 15:30,134,54,80,0,0,0
2022-01-10 15:45,168,64,104,0,0,0
2022-01-10 16:00,211,85,126,0,0,0
2022-01-10 16:15,168,54,114,0,0,0
2022-01-10 16:30,153,56,97,0,0,0
2022-01-10 16:45,162,54,108,0,0,0
2022-01-10 17:00,161,53,108,0,0,0
2022-01-10 17:15,178,63,115,0,0,0
2022-01-10 17:30,174,60,114,0,0,0
2022-01-10 17:45,168,62,106,0,0,0
2022-01-10 18:00,131,42,89,0,0,0
2022-01-10 18:15,133,42,91,0,0,0
2022-01-10 18:30,125,45,80,0,0,0
2022-01-10 18:45,115,37,78,0,0,0
2022-01-10 19:00,97,25,72,0,0,0
2022-01-10 19:15,82,23,59,0,0,0
2022-01-10 19:30,90,29,61,0,0,0
2022-01-10 19:45,89,34,55,0,0,0
2022-01-10 20:00,76,29,47,0,0,0
2022-01-10 20:15,59,24,35,0,0,0
2022-01-10 20:30,40,13,27,0,0,0
2022-01-10 20:45,34,9,25,0,0,0
2022-01-10 21:00,23,8,15,0,0,0
2022-01-10 21:15,21,3,18,0,0,0
2022-01-10 21:30,23,4,19,0,0,0
2022-01-10 21:45,31,13,18,0,0,0
2022-01-10 22:00,39,9,30,0,0,0
2022-01-10 22:15,23,4,19,0,0,0
2022-01-10 22:30,15,2,13,0,0,0
2022-01-10 22:45,11,6,5,0,0,0
2022-01-10 23:00,16,7,9,0,0,0
2022-01-10 23:15,10,2,8,0,0,0
2022-01-10 23:30,13,2,11,0,0,0
2022-01-10 23:45,10,3,7,0,0,0
2022-01-11 00:00,11,5,6,0,0,0
2022-01-11 00:15,5,2,3,0,0,0
2022-01-11 00:30,6,1,5,0,0,0
2022-01-11 00:45,3,1,2,0,0,0
2022-01-11 01:00,5,0,5,0,0,0
2022-01-11 01:15,2,0,2,0,0,0
2022-01-11 01:30,1,1,0,0,0,0
2022-01-11 01:45,0,0,0,0,0,0
2022-01-11 02:00,1,0,1,0,0,0
2022-01-11 02:15,0,0,0,0,0,0
2022-01-11 02:30,1,1,0,0,0,0
2022-01-11 02:45,2,0,2,0,0,0
2022-01-11 03:00,0,0,0,0,0,0
2022-01-11 03:15,0,0,0,0,0,0
2022-01-11 03:30,0,0,0,0,0,0
2022-01-11 03:45,3,2,1,0,0,0
2022-01-11 04:00,0,0,0,0,0,0
2022-01-11 04:15,2,0,2,0,0,0
2022-01-11 04:30,4,4,0,0,0,0
2022-01-11 04:45,4,2,2,0,0,0
2022-01-11 05:00,2,1,1,0,0,0
2022-01-11 05:15,5,4,1,0,0,0
2022-01-11 05:30,11,10,1,0,0,0
2022-01-11 05:45,17,13,4,0,0,0
2022-01-11 06:00,26,16,10,0,0,0
2022-01-11 06:15,24,22,2,0,0,0
2022-01-11 06:30,40,25,15,0,0,0
2022-01-11 06:45,60,38,22,0,0,0
2022-01-11 07:00,74,51,23,0,0,0
2022-01-11 07:15,88,55,33,0,0,0
2022-01-11 07:30,138,92,46,0,0,0
2022-01-11 07:45,176,111,65,0,0,0
2022-01-11 08:00,145,83,62,0,0,0
2022-01-11 08:15,118,71,47,0,0,0
2022-01-11 08:30,111,71,40,0,0,0
2022-01-11 08:45,128,80,48,0,0,0
2022-01-11 09:00,80,54,26,0,0,0
2022-01-11 09:15,80,52,28,0,0,0
2022-01-11 09:30,76,45,31,0,0,0
2022-01-11 09:45,78,48,30,0,0,0
2022-01-11 10:00,62,42,20,0,0,0
2022-01-11 10:15,76,39,37,0,0,0
2022-01-11 10:30,64,38,26,0,0,0
2022-01-11 10:45,80,39,41,0,0,0
2022-01-11 11:00,66,25,41,0,0,0
2022-01-11 11:15,72,35,37,0,0,0
2022-01-11 11:30,74,34,40,0,0,0
2022-01-11 11:45,104,46,58,0,0,0
2022-01-11 12:00,100,46,54,0,0,0
2022-01-11 12:15,111,47,64,0,0,0
2022-01-11 12:30,83,36,47,0,0,0
2022-01-11 12:45,102,35,67,0,0,0
2022-01-11 13:00,117,42,75,0,0,0
2022-01-11 13:15,109,48,61,0,0,0
2022-01-11 13:30,108,36,72,0,0,0
2022-01-11 13:45,129,52,77,0,0,0
2022-01-11 14:00,139,65,74,0,0,0
2022-01-11 14:15,130,54,76,0,0,0
2022-01-11 14:30,125,49,76,0,0,0
2022-01-11 14:45,128,50,78,0,0,0
2022-01-11 15:00,130,52,78,0,0,0
2022-01-11 15:15,176,70,106,0,0,0
2022-01-11 15:30,141,47,94,0,0,0
2022-01-11 15:45,147,65,82,0,0,0
2022-01-11 16:00,158,68,90,0,0,0
2022-01-11 16:15,155,66,89,0,0,0
2022-01-11 16:30,158,58,100,0,0,0
2022-01-11 16:45,174,65,109,0,0,0
2022-01-11 17:00,178,60,118,0,0,0
2022-01-11 17:15,156,43,113,0,0,0
2022-01-11 17:30,150,43,107,0,0,0
2022-01-11 17:45,142,48,94,0,0,0
2022-01-11 18:00,156,39,117,0,0,0
2022-01-11 18:15,140,42,98,0,0,0
2022-01-11 18:30,111,36,75,0,0,0
2022-01-11 18:45,115,40,75,0,0,0
2022-01-11 19:00,79,28,51,0,0,0
2022-01-11 19:15,90,32,58,0,0,0
2022-01-11 19:30,69,22,47,0,0,0
2022-01-11 19:45,83,27,56,0,0,0
2022-01-11 20:00,57,14,43,0,0,0
2022-01-11 20:15,57,18,39,0,0,0
2022-01-11 20:30,35,6,29,0,0,0
2022-01-11 20:45,34,8,26,0,0,0
2022-01-11 21:00,35,8,27,0,0,0
2022-01-11 21:15,24,10,14,0,0,0
2022-01-11 21:30,36,8,28,0,0,0
2022-01-11 21:45,34,19,15,0,0,0
2022-01-11 22:00,36,14,22,0,0,0
2022-01-11 22:15,42,9,33,0,0,0
2022-01-11 22:30,32,4,28,0,0,0
2022-01-11 22:45,22,13,9,0,0,0
2022-01-11 23:00,16,3,13,0,0,0
2022-01-11 23:15,26,11,15,0,0,0
2022-01-11 23:30,11,4,7,0,0,0
2022-01-11 23:45,15,5,10,0,0,0
2022-01-12 00:00,14,8,6,0,0,0
2022-01-12 00:15,8,3,5,0,0,0
2022-01-12 00:30,3,0,3,0,0,0
2022-01-12 00:45,5,3,2,0,0,0
2022-01-12 01:00,5,1,4,0,0,0
2022-01-12 01:15,5,3,2,0,0,0
2022-01-12 01:30,1,0,1,0,0,0
2022-01-12 01:45,1,1,0,0,0,0
2022-01-12 02:00,3,1,2,0,0,0
2022-01-12 02:15,1,1,0,0,0,0
2022-01-12 02:30,0,0,0,0,0,0
2022-01-12 02:45,0,0,0,0,0,0
2022-01-12 03:00,5,2,3,0,0,0
2022-01-12 03:15,0,0,0,0,0,0
2022-01-12 03:30,0,0,0,0,0,0
2022-01-12 03:45,1,1,0,0,0,0
2022-01-12 04:00,1,0,1,0,0,0
2022-01-12 04:15,1,1,0,0,0,0
2022-01-12 04:30,2,2,0,0,0,0
2022-01-12 04:45,6,4,2,0,0,0
2022-01-12 05:00,4,3,1,0,0,0
2022-01-12 05:15,8,6,2,0,0,0
2022-01-12 05:30,12,11,1,0,0,0
2022-01-12 05:45,25,16,9,0,0,0
2022-01-12 06:00,29,20,9,0,0,0
2022-01-12 06:15,32,25,7,0,0,0
2022-01-12 06:30,54,36,18,0,0,0
2022-01-12 06:45,64,39,25,0,0,0
2022-01-12 07:00,76,37,39,0,0,0
2022-01-12 07:15,116,82,34,0,0,0
2022-01-12 07:30,143,98,45,0,0,0
2022-01-12 07:45,188,125,63,0,0,0
2022-01-12 08:00,146,87,59,0,0,0
2022-01-12 08:15,149,103,46,0,0,0
2022-01-12 08:30,129,82,47,0,0,0
2022-01-12 08:45,133,95,38,0,0,0
2022-01-12 09:00,92,56,36,0,0,0
2022-01-12 09:15,93,62,31,0,0,0
2022-01-12 09:30,99,63,36,0,0,0
2022-01-12 09:45,123,75,48,0,0,0
2022-01-12 10:00,88,52,36,0,0,0
2022-01-12 10:15,104,54,50,0,0,0
2022-01-12 10:30,114,61,53,0,0,0
2022-01-12 10:45,103,62,41,0,0,0
2022-01-12 11:00,120,42,78,0,0,0
2022-01-12 11:15,106,46,60,0,0,0
2022-01-12 11:30,100,50,50,0,0,0
2022-01-12 11:45,122,64,58,0,0,0
2022-01-12 12:00,139,62,77,0,0,0
2022-01-12 12:15,111,50,61,0,0,0
2022-01-12 12:30,116,55,61,0,0,0
2022-01-12 12:45,116,42,74,0,0,0
2022-01-12 13:00,141,60,81,0,0,0
2022-01-12 13:15,120,48,72,0,0,0
2022-01-12 13:30,111,42,69,0,0,0
2022-01-12 13:45,130,59,71,0,0,0
2022-01-12 14:00,145,60,85,0,0,0
2022-01-12 14:15,139,50,89,0,0,0
2022-01-12 14:30,116,45,71,0,0,0
2022-01-12 14:45,132,50,82,0,0,0
2022-01-12 15:00,136,48,88,0,0,0
2022-01-12 15:15,139,50,89,0,0,0
2022-01-12 15:30,155,64,91,0,0,0
2022-01-12 15:45,126,52,74,0,0,0
2022-01-12 16:00,121,53,68,0,0,0
2022-01-12 16:15,169,61,108,0,0,0
2022-01-12 16:30,133,48,85,0,0,0
2022-01-12 16:45,162,55,107,0,0,0
2022-01-12 17:00,165,53,112,0,0,0
2022-01-12 17:15,169,60,109,0,0,0
2022-01-12 17:30,131,49,82,0,0,0
2022-01-12 17:45,157,56,101,0,0,0
2022-01-12 18:00,150,46,104,0,0,0
2022-01-12 18:15,123,45,78,0,0,0
2022-01-12 18:30,106,40,66,0,0,0
2022-01-12 18:45,113,49,64,0,0,0
2022-01-12 19:00,118,33,85,0,0,0
2022-01-12 19:15,100,43,57,0,0,0
2022-01-12 19:30,78,31,47,0,0,0
2022-01-12 19:45,87,40,47,0,0,0
2022-01-12 20:00,57,29,28,0,0,0
2022-01-12 20:15,53,20,33,0,0,0
2022-01-12 20:30,44,19,25,0,0,0
2022-01-12 20:45,28,5,23,0,0,0
2022-01-12 21:00,48,12,36,0,0,0
2022-01-12 21:15,22,5,17,0,0,0
2022-01-12 21:30,30,15,15,0,0,0
2022-01-12 21:45,54,22,32,0,0,0
2022-01-12 22:00,47,15,32,0,0,0
2022-01-12 22:15,30,5,25,0,0,0
2022-01-12 22:30,29,15,14,0,0,0
2022-01-12 22:45,25,4,21,0,0,0
2022-01-12 23:00,24,9,15,0,0,0
2022-01-12 23:15,28,13,15,0,0,0
2022-01-12 23:30,26,10,16,0,0,0
2022-01-12 23:45,18,11,7,0,0,0
2022-01-13 00:00,13,1,12,0,0,0
2022-01-13 00:15,7,0,7,0,0,0
2022-01-13 00:30,7,2,5,0,0,0
2022-01-13 00:45,8,1,7,0,0,0
2022-01-13 01:00,4,3,1,0,0,0
2022-01-13 01:15,6,4,2,0,0,0
2022-01-13 01:30,3,0,3,0,0,0
2022-01-13 01:45,3,0,3,0,0,0
2022-01-13 02:00,3,2,1,0,0,0
2022-01-13 02:15,1,1,0,0,0,0
2022-01-13 02:30,3,2,1,0,0,0
2022-01-13 02:45,6,0,6,0,0,0
2022-01-13 03:00,0,0,0,0,0,0
2022-01-13 03:15,1,0,1,0,0,0
2022-01-13 03:30,0,0,0,0,0,0
2022-01-13 03:45,1,1,0,0,0,0
2022-01-13 04:00,1,0,1,0,0,0
2022-01-13 04:15,3,1,2,0,0,0
2022-01-13 04:30,2,2,0,0,0,0
2022-01-13 04:45,5,5,0,0,0,0
2022-01-13 05:00,3,3,0,0,0,0
2022-01-13 05:15,11,8,3,0,0,0
2022-01-13 05:30,10,7,3,0,0,0
2022-01-13 05:45,20,17,3,0,0,0
2022-01-13 06:00,28,20,8,0,0,0
2022-01-13 06:15,28,21,7,0,0,0
2022-01-13 06:30,45,24,21,0,0,0
2022-01-13 06:45,60,34,26,0,0,0
2022-01-13 07:00,70,43,27,0,0,0
2022-01-13 07:15,94,62,32,0,0,0
2022-01-13 07:30,128,83,45,0,0,0
2022-01-13 07:45,168,110,58,0,0,0
2022-01-13 08:00,144,94,50,0,0,0
2022-01-13 08:15,150,98,52,0,0,0
2022-01-13 08:30,101,64,37,0,0,0
2022-01-13 08:45,109,81,28,0,0,0
2022-01-13 09:00,97,63,34,0,0,0
2022-01-13 09:15,75,50,25,0,0,0
2022-01-13 09:30,79,53,26,0,0,0
2022-01-13 09:45,95,66,29,0,0,0
2022-01-13 10:00,67,36,31,0,0,0
2022-01-13 10:15,77,43,34,0,0,0
2022-01-13 10:30,90,47,43,0,0,0
2022-01-13 10:45,94,52,42,0,0,0
2022-01-13 11:00,84,45,39,0,0,0
2022-01-13 11:15,111,54,57,0,0,0
2022-01-13 11:30,81,28,53,0,0,0
2022-01-13 11:45,125,49,76,0,0,0
2022-01-13 12:00,111,46,65,0,0,0
2022-01-13 12:15,96,43,53,0,0,0
2022-01-13 12:30,113,49,64,0,0,0
2022-01-13 12:45,120,48,72,0,0,0
2022-01-13 13:00,123,47,76,0,0,0
2022-01-13 13:15,113,51,62,0,0,0
2022-01-13 13:30,94,41,53,0,0,0
2022-01-13 13:45,127,65,62,0,0,0
2022-01-13 14:00,105,53,52,0,0,0
2022-01-13 14:15,127,53,74,0,0,0
2022-01-13 14:30,114,43,71,0,0,0
2022-01-13 14:45,145,55,90,0,0,0
2022-01-13 15:00,132,61,71,0,0,0
2022-01-13 15:15,130,62,68,0,0,0
2022-01-13 15:30,134,60,74,0,0,0
2022-01-13 15:45,147,72,75,0,0,0
2022-01-13 16:00,162,72,90,0,0,0
2022-01-13 16:15,141,68,73,0,0,0
2022-01-13 16:30,157,56,101,0,0,0
2022-01-13 16:45,140,61,79,0,0,0
2022-01-13 17:00,149,58,91,0,0,0
2022-01-13 17:15,128,32,96,0,0,0
2022-01-13 17:30,135,41,94,0,0,0
2022-01-13 17:45,182,69,113,0,0,0
2022-01-13 18:00,167,58,109,0,0,0
2022-01-13 18:15,145,41,104,0,0,0
2022-01-13 18:30,119,33,86,0,0,0
2022-01-13 18:45,105,43,62,0,0,0
2022-01-13 19:00,106,38,68,0,0,0
2022-01-13 19:15,63,30,33,0,0,0
2022-01-13 19:30,63,19,44,0,0,0
2022-01-13 19:45,91,35,56,0,0,0
2022-01-13 20:00,43,20,23,0,0,0
2022-01-13 20:15,63,20,43,0,0,0
2022-01-13 20:30,44,21,23,0,0,0
2022-01-13 20:45,36,15,21,0,0,0
2022-01-13 21:00,45,14,31,0,0,0
2022-01-13 21:15,29,11,18,0,0,0
2022-01-13 21:30,18,4,14,0,0,0
2022-01-13 21:45,25,4,21,0,0,0
2022-01-13 22:00,34,17,17,0,0,0
2022-01-13 22:15,35,13,22,0,0,0
2022-01-13 22:30,27,6,21,0,0,0
2022-01-13 22:45,29,4,25,0,0,0
2022-01-13 23:00,28,8,20,0,0,0
2022-01-13 23:15,25,11,14,0,0,0
2022-01-13 23:30,19,11,8,0,0,0
2022-01-13 23:45,15,3,12,0,0,0
2022-01-14 00:00,8,2,6,0,0,0
2022-01-14 00:15,8,2,6,0,0,0
2022-01-14 00:30,12,5,7,0,0,0
2022-01-14 00:45,7,0,7,0,0,0
2022-01-14 01:00,11,2,9,0,0,0
2022-01-14 01:15,4,1,3,0,0,0
2022-01-14 01:30,2,1,1,0,0,0
2022-01-14 01:45,3,1,2,0,0,0
2022-01-14 02:00,5,3,2,0,0,0
2022-01-14 02:15,2,1,1,0,0,0
2022-01-14 02:30,2,1,1,0,0,0
2022-01-14 02:45,0,0,0,0,0,0
2022-01-14 03:00,0,0,0,0,0,0
2022-01-14 03:15,1,1,0,0,0,0
2022-01-14 03:30,3,1,2,0,0,0
2022-01-14 03:45,2,0,2,0,0,0
2022-01-14 04:00,0,0,0,0,0,0
2022-01-14 04:15,0,0,0,0,0,0
2022-01-14 04:30,3,2,1,0,0,0
2022-01-14 04:45,5,5,0,0,0,0
2022-01-14 05:00,5,4,1,0,0,0
2022-01-14 05:15,7,6,1,0,0,0
2022-01-14 05:30,13,10,3,0,0,0
2022-01-14 05:45,21,14,7,0,0,0
2022-01-14 06:00,21,10,11,0,0,0
2022-01-14 06:15,22,17,5,0,0,0
2022-01-14 06:30,50,27,23,0,0,0
2022-01-14 06:45,50,33,17,0,0,0
2022-01-14 07:00,68,41,27,0,0,0
2022-01-14 07:15,73,40,33,0,0,0
2022-01-14 07:30,142,84,58,0,0,0
2022-01-14 07:45,149,101,48,0,0,0
2022-01-14 08:00,129,84,45,0,0,0
2022-01-14 08:15,134,84,50,0,0,0
2022-01-14 08:30,99,62,37,0,0,0
2022-01-14 08:45,96,61,35,0,0,0
2022-01-14 09:00,81,55,26,0,0,0
2022-01-14 09:15,76,52,24,0,0,0
2022-01-14 09:30,88,51,37,0,0,0
2022-01-14 09:45,111,77,34,0,0,0
2022-01-14 10:00,79,46,33,0,0,0
2022-01-14 10:15,94,50,44,0,0,0
2022-01-14 10:30,65,34,31,0,0,0
2022-01-14 10:45,114,68,46,0,0,0
2022-01-14 11:00,87,47,40,0,0,0
2022-01-14 11:15,105,46,59,0,0,0
2022-01-14 11:30,89,42,47,0,0,0
2022-01-14 11:45,135,66,69,0,0,0
2022-01-14 12:00,88,39,49,0,0,0
2022-01-14 12:15,137,63,74,0,0,0
2022-01-14 12:30,117,38,79,0,0,0
2022-01-14 12:45,120,51,69,0,0,0
2022-01-14 13:00,149,66,83,0,0,0
2022-01-14 13:15,142,59,83,0,0,0
2022-01-14 13:30,146,55,91,0,0,0
2022-01-14 13:45,137,54,83,0,0,0
2022-01-14 14:00,152,68,84,0,0,0
2022-01-14 14:15,154,59,95,0,0,0
2022-01-14 14:30,153,58,95,0,0,0
2022-01-14 14:45,140,54,86,0,0,0
2022-01-14 15:00,137,55,82,0,0,0
2022-01-14 15:15,122,53,69,0,0,0
2022-01-14 15:30,155,66,89,0,0,0
2022-01-14 15:45,141,58,83,0,0,0
2022-01-14 16:00,132,59,73,0,0,0
2022-01-14 16:15,129,62,67,0,0,0
2022-01-14 16:30,142,55,87,0,0,0
2022-01-14 16:45,132,55,77,0,0,0
2022-01-14 17:00,81,22,59,0,0,0
2022-01-14 17:15,106,50,56,0,0,0
2022-01-14 17:30,126,44,82,0,0,0
2022-01-14 17:45,112,44,68,0,0,0
2022-01-14 18:00,121,34,87,0,0,0
2022-01-14 18:15,110,49,61,0,0,0
2022-01-14 18:30,113,52,61,0,0,0
2022-01-14 18:45,120,55,65,0,0,0
2022-01-14 19:00,117,63,54,0,0,0
2022-01-14 19:15,75,33,42,0,0,0
2022-01-14 19:30,87,45,42,0,0,0
2022-01-14 19:45,83,47,36,0,0,0
2022-01-14 20:00,66,23,43,0,0,0
2022-01-14 20:15,71,17,54,0,0,0
2022-01-14 20:30,51,19,32,0,0,0
2022-01-14 20:45,44,14,30,0,0,0
2022-01-14 21:00,42,17,25,0,0,0
2022-01-14 21:15,41,13,28,0,0,0
2022-01-14 21:30,41,10,31,0,0,0
2022-01-14 21:45,25,13,12,0,0,0
2022-01-14 22:00,35,10,25,0,0,0
2022-01-14 22:15,22,7,15,0,0,0
2022-01-14 22:30,29,15,14,0,0,0
2022-01-14 22:45,38,9,29,0,0,0
2022-01-14 23:00,37,12,25,0,0,0
2022-01-14 23:15,46,22,24,0,0,0
2022-01-14 23:30,29,8,21,0,0,0
2022-01-14 23:45,23,10,13,0,0,0
2022-01-15 00:00,27,7,20,0,0,0
2022-01-15 00:15,21,9,12,0,0,0
2022-01-15 00:30,24,14,10,0,0,0
2022-01-15 00:45,20,17,3,0,0,0
2022-01-15 01:00,22,7,15,0,0,0
2022-01-15 01:15,19,5,14,0,0,0
2022-01-15 01:30,10,4,6,0,0,0
2022-01-15 01:45,16,7,9,0,0,0
2022-01-15 02:00,11,2,9,0,0,0
2022-01-15 02:15,9,2,7,0,0,0
2022-01-15 02:30,10,4,6,0,0,0
2022-01-15 02:45,7,4,3,0,0,0
2022-01-15 03:00,4,2,2,0,0,0
2022-01-15 03:15,13,4,9,0,0,0
2022-01-15 03:30,11,4,7,0,0,0
2022-01-15 03:45,4,0,4,0,0,0
2022-01-15 04:00,2,0,2,0,0,0
2022-01-15 04:15,2,0,2,0,0,0
2022-01-15 04:30,2,0,2,0,0,0
2022-01-15 04:45,4,1,3,0,0,0
2022-01-15 05:00,7,7,0,0,0,0
2022-01-15 05:15,1,0,1,0,0,0
2022-01-15 05:30,6,5,1,0,0,0
2022-01-15 05:45,13,10,3,0,0,0
2022-01-15 06:00,4,4,0,0,0,0
2022-01-15 06:15,5,2,3,0,0,0
2022-01-15 06:30,7,5,2,0,0,0
2022-01-15 06:45,9,8,1,0,0,0
2022-01-15 07:00,9,5,4,0,0,0
2022-01-15 07:15,13,9,4,0,0,0
2022-01-15 07:30,13,13,0,0,0,0
2022-01-15 07:45,19,14,5,0,0,0
2022-01-15 08:00,19,13,6,0,0,0
2022-01-15 08:15,33,20,13,0,0,0
2022-01-15 08:30,27,18,9,0,0,0
2022-01-15 08:45,44,21,23,0,0,0
2022-01-15 09:00,50,36,14,0,0,0
2022-01-15 09:15,70,53,17,0,0,0
2022-01-15 09:30,70,44,26,0,0,0
2022-01-15 09:45,109,75,34,0,0,0
2022-01-15 10:00,95,66,29,0,0,0
2022-01-15 10:15,90,63,27,0,0,0
2022-01-15 10:30,131,82,49,0,0,0
2022-01-15 10:45,129,77,52,0,0,0
2022-01-15 11:00,104,57,47,0,0,0
2022-01-15 11:15,133,55,78,0,0,0
2022-01-15 11:30,135,66,69,0,0,0
2022-01-15 11:45,147,73,74,0,0,0
2022-01-15 12:00,141,64,77,0,0,0
2022-01-15 12:15,144,78,66,0,0,0
2022-01-15 12:30,123,66,57,0,0,0
2022-01-15 12:45,131,74,57,0,0,0
2022-01-15 13:00,135,54,81,0,0,0
2022-01-15 13:15,143,60,83,0,0,0
2022-01-15 13:30,143,47,96,0,0,0
2022-01-15 13:45,112,43,69,0,0,0
2022-01-15 14:00,129,49,80,0,0,0
2022-01-15 14:15,132,66,66,0,0,0
2022-01-15 14:30,129,54,75,0,0,0
2022-01-15 14:45,115,50,65,0,0,0
2022-01-15 15:00,125,48,77,0,0,0
2022-01-15 15:15,118,48,70,0,0,0
2022-01-15 15:30,101,39,62,0,0,0
2022-01-15 15:45,124,56,68,0,0,0
2022-01-15 16:00,106,36,70,0,0,0
2022-01-15 16:15,106,33,73,0,0,0
2022-01-15 16:30,68,30,38,0,0,0
2022-01-15 16:45,108,45,63,0,0,0
2022-01-15 17:00,96,30,66,0,0,0
2022-01-15 17:15,93,32,61,0,0,0
2022-01-15 17:30,93,33,60,0,0,0
2022-01-15 17:45,100,42,58,0,0,0
2022-01-15 18:00,72,25,47,0,0,0
2022-01-15 18:15,76,29,47,0,0,0
2022-01-15 18:30,83,32,51,0,0,0
2022-01-15 18:45,106,41,65,0,0,0
2022-01-15 19:00,102,41,61,0,0,0
2022-01-15 19:15,90,42,48,0,0,0
2022-01-15 19:30,61,31,30,0,0,0
2022-01-15 19:45,95,41,54,0,0,0
2022-01-15 20:00,60,24,36,0,0,0
2022-01-15 20:15,51,14,37,0,0,0
2022-01-15 20:30,44,27,17,0,0,0
2022-01-15 20:45,40,18,22,0,0,0
2022-01-15 21:00,33,13,20,0,0,0
2022-01-15 21:15,34,10,24,0,0,0
2022-01-15 21:30,38,10,28,0,0,0
2022-01-15 21:45,42,9,33,0,0,0
2022-01-15 22:00,24,8,16,0,0,0
2022-01-15 22:15,35,17,18,0,0,0
2022-01-15 22:30,26,10,16,0,0,0
2022-01-15 22:45,26,9,17,0,0,0
2022-01-15 23:00,32,6,26,0,0,0
2022-01-15 23:15,12,4,8,0,0,0
2022-01-15 23:30,35,15,20,0,0,0
2022-01-15 23:45,18,7,11,0,0,0
2022-01-16 00:00,22,13,9,0,0,0
2022-01-16 00:15,35,21,14,0,0,0
2022-01-16 00:30,25,4,21,0,0,0
2022-01-16 00:45,35,9,26,0,0,0
2022-01-16 01:00,24,7,17,0,0,0
2022-01-16 01:15,23,5,18,0,0,0
2022-01-16 01:30,19,12,7,0,0,0
2022-01-16 01:45,7,1,6,0,0,0
2022-01-16 02:00,16,6,10,0,0,0
2022-01-16 02:15,13,8,5,0,0,0
2022-01-16 02:30,12,4,8,0,0,0
2022-01-16 02:45,7,3,4,0,0,0
2022-01-16 03:00,5,2,3,0,0,0
2022-01-16 03:15,8,3,5,0,0,0
2022-01-16 03:30,4,0,4,0,0,0
2022-01-16 03:45,7,4,3,0,0,0
2022-01-16 04:00,6,2,4,0,0,0
2022-01-16 04:15,3,1,2,0,0,0
2022-01-16 04:30,3,2,1,0,0,0
2022-01-16 04:45,0,0,0,0,0,0
2022-01-16 05:00,3,0,3,0,0,0
2022-01-16 05:15,4,2,2,0,0,0
2022-01-16 05:30,5,4,1,0,0,0
2022-01-16 05:45,2,1,1,0,0,0
2022-01-16 06:00,3,2,1,0,0,0
2022-01-16 06:15,5,2,3,0,0,0
2022-01-16 06:30,2,2,0,0,0,0
2022-01-16 06:45,2,1,1,0,0,0
2022-01-16 07:00,2,1,1,0,0,0
2022-01-16 07:15,3,3,0,0,0,0
2022-01-16 07:30,5,4,1,0,0,0
2022-01-16 07:45,5,4,1,0,0,0
2022-01-16 08:00,4,3,1,0,0,0
2022-01-16 08:15,3,1,2,0,0,0
2022-01-16 08:30,15,10,5,0,0,0
2022-01-16 08:45,18,10,8,0,0,0
2022-01-16 09:00,17,13,4,0,0,0
2022-01-16 09:15,33,19,14,0,0,0
2022-01-16 09:30,17,6,11,0,0,0
2022-01-16 09:45,47,23,24,0,0,0
2022-01-16 10:00,42,26,16,0,0,0
2022-01-16 10:15,44,23,21,0,0,0
2022-01-16 10:30,23,12,11,0,0,0
2022-01-16 10:45,40,27,13,0,0,0
2022-01-16 11:00,36,17,19,0,0,0
2022-01-16 11:15,37,19,18,0,0,0
2022-01-16 11:30,35,13,22,0,0,0
2022-01-16 11:45,43,22,21,0,0,0
2022-01-16 12:00,38,19,19,0,0,0
2022-01-16 12:15,55,33,22,0,0,0
2022-01-16 12:30,57,35,22,0,0,0
2022-01-16 12:45,56,34,22,0,0,0
2022-01-16 13:00,45,17,28,0,0,0
2022-01-16 13:15,53,22,31,0,0,0
2022-01-16 13:30,60,31,29,0,0,0
2022-01-16 13:45,55,28,27,0,0,0
2022-01-16 14:00,49,23,26,0,0,0
2022-01-16 14:15,67,30,37,0,0,0
2022-01-16 14:30,57,31,26,0,0,0
2022-01-16 14:45,82,36,46,0,0,0
2022-01-16 15:00,74,29,45,0,0,0
2022-01-16 15:15,70,24,46,0,0,0
2022-01-16 15:30,62,26,36,0,0,0
2022-01-16 15:45,62,29,33,0,0,0
2022-01-16 16:00,67,35,32,0,0,0
2022-01-16 16:15,61,31,30,0,0,0
2022-01-16 16:30,67,30,37,0,0,0
2022-01-16 16:45,51,28,23,0,0,0
2022-01-16 17:00,71,31,40,0,0,0
2022-01-16 17:15,49,13,36,0,0,0
2022-01-16 17:30,50,16,34,0,0,0
2022-01-16 17:45,52,23,29,0,0,0
2022-01-16 18:00,59,30,29,0,0,0
2022-01-16 18:15,53,19,34,0,0,0
2022-01-16 18:30,37,14,23,0,0,0
2022-01-16 18:45,58,21,37,0,0,0
2022-01-16 19:00,43,17,26,0,0,0
2022-01-16 19:15,34,10,24,0,0,0
2022-01-16 19:30,27,10,17,0,0,0
2022-01-16 19:45,36,10,26,0,0,0
2022-01-16 20:00,32,12,20,0,0,0
2022-01-16 20:15,20,7,13,0,0,0
2022-01-16 20:30,20,7,13,0,0,0
2022-01-16 20:45,24,7,17,0,0,0
2022-01-16 21:00,22,4,18,0,0,0
2022-01-16 21:15,18,4,14,0,0,0
2022-01-16 21:30,28,12,16,0,0,0
2022-01-16 21:45,16,10,6,0,0,0
2022-01-16 22:00,13,2,11,0,0,0
2022-01-16 22:15,17,10,7,0,0,0
2022-01-16 22:30,18,9,9,0,0,0
2022-01-16 22:45,20,10,10,0,0,0
2022-01-16 23:00,19,12,7,0,0,0
2022-01-16 23:15,6,2,4,0,0,0
2022-01-16 23:30,3,1,2,0,0,0
2022-01-16 23:45,9,2,7,0,0,0
2022-01-17 00:00,3,3,0,0,0,0
2022-01-17 00:15,2,1,1,0,0,0
2022-01-17 00:30,4,3,1,0,0,0
2022-01-17 00:45,4,1,3,0,0,0
2022-01-17 01:00,8,1,7,0,0,0
2022-01-17 01:15,0,0,0,0,0,0
2022-01-17 01:30,1,0,1,0,0,0
2022-01-17 01:45,1,0,1,0,0,0
2022-01-17 02:00,2,2,0,0,0,0
2022-01-17 02:15,2,1,1,0,0,0
2022-01-17 02:30,5,0,5,0,0,0
2022-01-17 02:45,0,0,0,0,0,0
2022-01-17 03:00,0,0,0,0,0,0
2022-01-17 03:15,1,1,0,0,0,0
2022-01-17 03:30,0,0,0,0,0,0
2022-01-17 03:45,0,0,0,0,0,0
2022-01-17 04:00,0,0,0,0,0,0
2022-01-17 04:15,5,4,1,0,0,0
2022-01-17 04:30,5,1,4,0,0,0
2022-01-17 04:45,2,2,0,0,0,0
2022-01-17 05:00,3,3,0,0,0,0
2022-01-17 05:15,7,7,0,0,0,0
2022-01-17 05:30,13,11,2,0,0,0
2022-01-17 05:45,16,15,1,0,0,0
2022-01-17 06:00,16,11,5,0,0,0
2022-01-17 06:15,31,22,9,0,0,0
2022-01-17 06:30,45,26,19,0,0,0
2022-01-17 06:45,45,30,15,0,0,0
2022-01-17 07:00,79,43,36,0,0,0
2022-01-17 07:15,97,59,38,0,0,0
2022-01-17 07:30,139,87,52,0,0,0
2022-01-17 07:45,177,124,53,0,0,0
2022-01-17 08:00,150,96,54,0,0,0
2022-01-17 08:15,126,90,36,0,0,0
2022-01-17 08:30,106,66,40,0,0,0
2022-01-17 08:45,102,68,34,0,0,0
2022-01-17 09:00,103,68,35,0,0,0
2022-01-17 09:15,77,42,35,0,0,0
2022-01-17 09:30,75,58,17,0,0,0
2022-01-17 09:45,88,57,31,0,0,0
2022-01-17 10:00,75,42,33,0,0,0
2022-01-17 10:15,71,36,35,0,0,0
2022-01-17 10:30,72,41,31,0,0,0
2022-01-17 10:45,82,46,36,0,0,0
2022-01-17 11:00,95,48,47,0,0,0
2022-01-17 11:15,88,34,54,0,0,0
2022-01-17 11:30,79,27,52,0,0,0
2022-01-17 11:45,90,46,44,0,0,0
2022-01-17 12:00,107,45,62,0,0,0
2022-01-17 12:15,87,27,60,0,0,0
2022-01-17 12:30,88,47,41,0,0,0
2022-01-17 12:45,128,48,80,0,0,0
2022-01-17 13:00,127,43,84,0,0,0
2022-01-17 13:15,118,57,61,0,0,0
2022-01-17 13:30,114,55,59,0,0,0
2022-01-17 13:45,116,63,53,0,0,0
2022-01-17 14:00,123,45,78,0,0,0
2022-01-17 14:15,113,49,64,0,0,0
2022-01-17 14:30,90,46,44,0,0,0
2022-01-17 14:45,145,64,81,0,0,0
2022-01-17 15:00,92,36,56,0,0,0
2022-01-17 15:15,120,58,62,0,0,0
2022-01-17 15:30,124,45,79,0,0,0
2022-01-17 15:45,129,61,68,0,0,0
2022-01-17 16:00,163,69,94,0,0,0
2022-01-17 16:15,143,52,91,0,0,0
2022-01-17 16:30,145,53,92,0,0,0
2022-01-17 16:45,179,80,99,0,0,0
2022-01-17 17:00,158,64,94,0,0,0
2022-01-17 17:15,157,55,102,0,0,0
2022-01-17 17:30,158,51,107,0,0,0
2022-01-17 17:45,214,83,131,0,0,0
2022-01-17 18:00,135,45,90,0,0,0
2022-01-17 18:15,127,42,85,0,0,0
2022-01-17 18:30,109,31,78,0,0,0
2022-01-17 18:45,123,41,82,0,0,0
2022-01-17 19:00,112,47,65,0,0,0
2022-01-17 19:15,85,24,61,0,0,0
2022-01-17 19:30,69,21,48,0,0,0
2022-01-17 19:45,93,34,59,0,0,0
2022-01-17 20:00,70,18,52,0,0,0
2022-01-17 20:15,65,16,49,0,0,0
2022-01-17 20:30,45,18,27,0,0,0
2022-01-17 20:45,33,13,20,0,0,0
2022-01-17 21:00,31,8,23,0,0,0
2022-01-17 21:15,33,5,28,0,0,0
2022-01-17 21:30,33,13,20,0,0,0
2022-01-17 21:45,28,6,22,0,0,0
2022-01-17 22:00,35,8,27,0,0,0
2022-01-17 22:15,27,7,20,0,0,0
2022-01-17 22:30,23,8,15,0,0,0
2022-01-17 22:45,16,2,14,0,0,0
2022-01-17 23:00,18,11,7,0,0,0
2022-01-17 23:15,16,3,13,0,0,0
2022-01-17 23:30,13,2,11,0,0,0
2022-01-17 23:45,9,1,8,0,0,0
2022-01-18 00:00,13,4,9,0,0,0
2022-01-18 00:15,1,1,0,0,0,0
2022-01-18 00:30,7,3,4,0,0,0
2022-01-18 00:45,7,2,5,0,0,0
2022-01-18 01:00,4,0,4,0,0,0
2022-01-18 01:15,2,0,2,0,0,0
2022-01-18 01:30,0,0,0,0,0,0
2022-01-18 01:45,3,0,3,0,0,0
2022-01-18 02:00,2,0,2,0,0,0
2022-01-18 02:15,0,0,0,0,0,0
2022-01-18 02:30,1,0,1,0,0,0
2022-01-18 02:45,1,0,1,0,0,0
2022-01-18 03:00,0,0,0,0,0,0
2022-01-18 03:15,0,0,0,0,0,0
2022-01-18 03:30,1,0,1,0,0,0
2022-01-18 03:45,3,1,2,0,0,0
2022-01-18 04:00,0,0,0,0,0,0
2022-01-18 04:15,3,3,0,0,0,0
2022-01-18 04:30,3,3,0,0,0,0
2022-01-18 04:45,0,0,0,0,0,0
2022-01-18 05:00,4,3,1,0,0,0
2022-01-18 05:15,12,9,3,0,0,0
2022-01-18 05:30,16,13,3,0,0,0
2022-01-18 05:45,13,11,2,0,0,0
2022-01-18 06:00,19,12,7,0,0,0
2022-01-18 06:15,28,23,5,0,0,0
2022-01-18 06:30,51,25,26,0,0,0
2022-01-18 06:45,66,39,27,0,0,0
2022-01-18 07:00,75,35,40,0,0,0
2022-01-18 07:15,101,71,30,0,0,0
2022-01-18 07:30,134,79,55,0,0,0
2022-01-18 07:45,170,104,66,0,0,0
2022-01-18 08:00,161,105,56,0,0,0
2022-01-18 08:15,124,76,48,0,0,0
2022-01-18 08:30,129,91,38,0,0,0
2022-01-18 08:45,120,82,38,0,0,0
2022-01-18 09:00,98,60,38,0,0,0
2022-01-18 09:15,108,63,45,0,0,0
2022-01-18 09:30,88,55,33,0,0,0
2022-01-18 09:45,96,63,33,0,0,0
2022-01-18 10:00,71,36,35,0,0,0
2022-01-18 10:15,80,49,31,0,0,0
2022-01-18 10:30,92,52,40,0,0,0
2022-01-18 10:45,87,45,42,0,0,0
2022-01-18 11:00,90,31,59,0,0,0
2022-01-18 11:15,88,41,47,0,0,0
2022-01-18 11:30,91,42,49,0,0,0
2022-01-18 11:45,111,55,56,0,0,0
2022-01-18 12:00,120,43,77,0,0,0
2022-01-18 12:15,115,58,57,0,0,0
2022-01-18 12:30,113,50,63,0,0,0
2022-01-18 12:45,119,47,72,0,0,0
2022-01-18 13:00,133,44,89,0,0,0
2022-01-18 13:15,132,47,85,0,0,0
2022-01-18 13:30,123,45,78,0,0,0
2022-01-18 13:45,130,52,78,0,0,0
2022-01-18 14:00,124,58,66,0,0,0
2022-01-18 14:15,119,52,67,0,0,0
2022-01-18 14:30,121,55,66,0,0,0
2022-01-18 14:45,142,56,86,0,0,0
2022-01-18 15:00,164,71,93,0,0,0
2022-01-18 15:15,150,47,103,0,0,0
2022-01-18 15:30,125,45,80,0,0,0
2022-01-18 15:45,163,67,96,0,0,0
2022-01-18 16:00,205,68,137,0,0,0
2022-01-18 16:15,176,72,104,0,0,0
2022-01-18 16:30,158,63,95,0,0,0
2022-01-18 16:45,200,69,131,0,0,0
2022-01-18 17:00,175,54,121,0,0,0
2022-01-18 17:15,174,70,104,0,0,0
2022-01-18 17:30,148,40,108,0,0,0
2022-01-18 17:45,157,47,110,0,0,0
2022-01-18 18:00,158,54,104,0,0,0
2022-01-18 18:15,140,48,92,0,0,0
2022-01-18 18:30,106,31,75,0,0,0
2022-01-18 18:45,131,51,80,0,0,0
2022-01-18 19:00,122,33,89,0,0,0
2022-01-18 19:15,87,35,52,0,0,0
2022-01-18 19:30,74,24,50,0,0,0
2022-01-18 19:45,86,33,53,0,0,0
2022-01-18 20:00,78,31,47,0,0,0
2022-01-18 20:15,75,31,44,0,0,0
2022-01-18 20:30,52,22,30,0,0,0
2022-01-18 20:45,33,14,19,0,0,0
2022-01-18 21:00,37,8,29,0,0,0
2022-01-18 21:15,45,12,33,0,0,0
2022-01-18 21:30,31,9,22,0,0,0
2022-01-18 21:45,33,8,25,0,0,0
2022-01-18 22:00,46,15,31,0,0,0
2022-01-18 22:15,39,10,29,0,0,0
2022-01-18 22:30,20,4,16,0,0,0
2022-01-18 22:45,50,16,34,0,0,0
2022-01-18 23:00,26,4,22,0,0,0
2022-01-18 23:15,23,10,13,0,0,0
2022-01-18 23:30,20,5,15,0,0,0
2022-01-18 23:45,11,3,8,0,0,0
2022-01-19 00:00,7,4,3,0,0,0
2022-01-19 00:15,6,2,4,0,0,0
2022-01-19 00:30,4,0,4,0,0,0
2022-01-19 00:45,4,2,2,0,0,0
2022-01-19 01:00,2,0,2,0,0,0
2022-01-19 01:15,2,1,1,0,0,0
2022-01-19 01:30,2,2,0,0,0,0
2022-01-19 01:45,1,0,1,0,0,0
2022-01-19 02:00,0,0,0,0,0,0
2022-01-19 02:15,0,0,0,0,0,0
2022-01-19 02:30,0,0,0,0,0,0
2022-01-19 02:45,0,0,0,0,0,0
2022-01-19 03:00,0,0,0,0,0,0
2022-01-19 03:15,1,1,0,0,0,0
2022-01-19 03:30,0,0,0,0,0,0
2022-01-19 03:45,1,1,0,0,0,0
2022-01-19 04:00,0,0,0,0,0,0
2022-01-19 04:15,4,3,1,0,0,0
2022-01-19 04:30,1,1,0,0,0,0
2022-01-19 04:45,3,2,1,0,0,0
2022-01-19 05:00,2,2,0,0,0,0
2022-01-19 05:15,11,9,2,0,0,0
2022-01-19 05:30,14,8,6,0,0,0
2022-01-19 05:45,16,13,3,0,0,0
2022-01-19 06:00,24,15,9,0,0,0
2022-01-19 06:15,30,22,8,0,0,0
2022-01-19 06:30,42,23,19,0,0,0
2022-01-19 06:45,74,45,29,0,0,0
2022-01-19 07:00,87,55,32,0,0,0
2022-01-19 07:15,107,63,44,0,0,0
2022-01-19 07:30,124,73,51,0,0,0
2022-01-19 07:45,194,128,66,0,0,0
2022-01-19 08:00,142,89,53,0,0,0
2022-01-19 08:15,138,84,54,0,0,0
2022-01-19 08:30,136,83,53,0,0,0
2022-01-19 08:45,126,84,42,0,0,0
2022-01-19 09:00,94,62,32,0,0,0
2022-01-19 09:15,97,59,38,0,0,0
2022-01-19 09:30,81,59,22,0,0,0
2022-01-19 09:45,110,70,40,0,0,0
2022-01-19 10:00,100,73,27,0,0,0
2022-01-19 10:15,106,53,53,0,0,0
2022-01-19 10:30,111,61,50,0,0,0
2022-01-19 10:45,111,68,43,0,0,0
2022-01-19 11:00,83,44,39,0,0,0
2022-01-19 11:15,95,47,48,0,0,0
2022-01-19 11:30,92,44,48,0,0,0
2022-01-19 11:45,120,60,60,0,0,0
2022-01-19 12:00,136,47,89,0,0,0
2022-01-19 12:15,112,51,61,0,0,0
2022-01-19 12:30,112,42,70,0,0,0
2022-01-19 12:45,121,48,73,0,0,0
2022-01-19 13:00,138,52,86,0,0,0
2022-01-19 13:15,130,54,76,0,0,0
2022-01-19 13:30,109,41,68,0,0,0
2022-01-19 13:45,131,61,70,0,0,0
2022-01-19 14:00,105,42,63,0,0,0
2022-01-19 14:15,113,39,74,0,0,0
2022-01-19 14:30,115,49,66,0,0,0
2022-01-19 14:45,127,59,68,0,0,0
2022-01-19 15:00,112,48,64,0,0,0
2022-01-19 15:15,113,38,75,0,0,0
2022-01-19 15:30,106,44,62,0,0,0
2022-01-19 15:45,148,58,90,0,0,0
2022-01-19 16:00,140,54,86,0,0,0
2022-01-19 16:15,134,55,79,0,0,0
2022-01-19 16:30,138,45,93,0,0,0
2022-01-19 16:45,154,59,95,0,0,0
2022-01-19 17:00,135,48,87,0,0,0
2022-01-19 17:15,137,51,86,0,0,0
2022-01-19 17:30,115,48,67,0,0,0
2022-01-19 17:45,138,52,86,0,0,0
2022-01-19 18:00,113,38,75,0,0,0
2022-01-19 18:15,105,40,65,0,0,0
2022-01-19 18:30,112,38,74,0,0,0
2022-01-19 18:45,108,35,73,0,0,0
2022-01-19 19:00,143,48,95,0,0,0
2022-01-19 19:15,76,30,46,0,0,0
2022-01-19 19:30,80,28,52,0,0,0
2022-01-19 19:45,85,26,59,0,0,0
2022-01-19 20:00,76,23,53,0,0,0
2022-01-19 20:15,49,15,34,0,0,0
2022-01-19 20:30,37,10,27,0,0,0
2022-01-19 20:45,41,16,25,0,0,0
2022-01-19 21:00,28,8,20,0,0,0
2022-01-19 21:15,30,6,24,0,0,0
2022-01-19 21:30,24,11,13,0,0,0
2022-01-19 21:45,37,10,27,0,0,0
2022-01-19 22:00,40,17,23,0,0,0
2022-01-19 22:15,47,16,31,0,0,0
2022-01-19 22:30,41,17,24,0,0,0
2022-01-19 22:45,34,17,17,0,0,0
2022-01-19 23:00,32,9,23,0,0,0
2022-01-19 23:15,9,2,7,0,0,0
2022-01-19 23:30,19,4,15,0,0,0
2022-01-19 23:45,13,4,9,0,0,0
2022-01-20 00:00,9,3,6,0,0,0
2022-01-20 00:15,4,1,3,0,0,0
2022-01-20 00:30,6,1,5,0,0,0
2022-01-20 00:45,2,0,2,0,0,0
2022-01-20 01:00,4,2,2,0,0,0
2022-01-20 01:15,10,2,8,0,0,0
2022-01-20 01:30,3,0,3,0,0,0
2022-01-20 01:45,2,0,2,0,0,0
2022-01-20 02:00,1,1,0,0,0,0
2022-01-20 02:15,1,0,1,0,0,0
2022-01-20 02:30,0,0,0,0,0,0
2022-01-20 02:45,0,0,0,0,0,0
2022-01-20 03:00,1,1,0,0,0,0
2022-01-20 03:15,2,2,0,0,0,0
2022-01-20 03:30,2,1,1,0,0,0
2022-01-20 03:45,3,2,1,0,0,0
2022-01-20 04:00,1,1,0,0,0,0
2022-01-20 04:15,1,1,0,0,0,0
2022-01-20 04:30,3,2,1,0,0,0
2022-01-20 04:45,4,2,2,0,0,0
2022-01-20 05:00,3,3,0,0,0,0
2022-01-20 05:15,8,4,4,0,0,0
2022-01-20 05:30,11,6,5,0,0,0
2022-01-20 05:45,14,11,3,0,0,0
2022-01-20 06:00,18,9,9,0,0,0
2022-01-20 06:15,22,14,8,0,0,0
2022-01-20 06:30,34,20,14,0,0,0
2022-01-20 06:45,45,31,14,0,0,0
2022-01-20 07:00,70,37,33,0,0,0
2022-01-20 07:15,83,48,35,0,0,0
2022-01-20 07:30,123,80,43,0,0,0
2022-01-20 07:45,150,94,56,0,0,0
2022-01-20 08:00,141,91,50,0,0,0
2022-01-20 08:15,111,69,42,0,0,0
2022-01-20 08:30,109,70,39,0,0,0
2022-01-20 08:45,121,84,37,0,0,0
2022-01-20 09:00,70,48,22,0,0,0
2022-01-20 09:15,91,59,32,0,0,0
2022-01-20 09:30,71,43,28,0,0,0
2022-01-20 09:45,93,60,33,0,0,0
2022-01-20 10:00,82,43,39,0,0,0
2022-01-20 10:15,82,49,33,0,0,0
2022-01-20 10:30,99,48,51,0,0,0
2022-01-20 10:45,86,48,38,0,0,0
2022-01-20 11:00,80,44,36,0,0,0
2022-01-20 11:15,76,33,43,0,0,0
2022-01-20 11:30,75,43,32,0,0,0
2022-01-20 11:45,95,31,64,0,0,0
2022-01-20 12:00,99,43,56,0,0,0
2022-01-20 12:15,107,58,49,0,0,0
2022-01-20 12:30,111,49,62,0,0,0
2022-01-20 12:45,107,42,65,0,0,0
2022-01-20 13:00,117,48,69,0,0,0
2022-01-20 13:15,111,43,68,0,0,0
2022-01-20 13:30,104,36,68,0,0,0
2022-01-20 13:45,112,59,53,0,0,0
2022-01-20 14:00,86,43,43,0,0,0
2022-01-20 14:15,129,58,71,0,0,0
2022-01-20 14:30,118,57,61,0,0,0
2022-01-20 14:45,127,56,71,0,0,0
2022-01-20 15:00,110,38,72,0,0,0
2022-01-20 15:15,134,53,81,0,0,0
2022-01-20 15:30,129,62,67,0,0,0
2022-01-20 15:45,157,70,87,0,0,0
2022-01-20 16:00,156,55,101,0,0,0
2022-01-20 16:15,146,53,93,0,0,0
2022-01-20 16:30,142,51,91,0,0,0
2022-01-20 16:45,133,52,81,0,0,0
2022-01-20 17:00,159,63,96,0,0,0
2022-01-20 17:15,148,54,94,0,0,0
2022-01-20 17:30,132,35,97,0,0,0
2022-01-20 17:45,137,39,98,0,0,0
2022-01-20 18:00,153,33,120,0,0,0
2022-01-20 18:15,117,40,77,0,0,0
2022-01-20 18:30,117,36,81,0,0,0
2022-01-20 18:45,115,39,76,0,0,0
2022-01-20 19:00,79,17,62,0,0,0
2022-01-20 19:15,83,26,57,0,0,0
2022-01-20 19:30,74,27,47,0,0,0
2022-01-20 19:45,63,15,48,0,0,0
2022-01-20 20:00,56,18,38,0,0,0
2022-01-20 20:15,48,17,31,0,0,0
2022-01-20 20:30,40,18,22,0,0,0
2022-01-20 20:45,49,17,32,0,0,0
2022-01-20 21:00,46,13,33,0,0,0
2022-01-20 21:15,30,5,25,0,0,0
2022-01-20 21:30,33,7,26,0,0,0
2022-01-20 21:45,34,11,23,0,0,0
2022-01-20 22:00,33,10,23,0,0,0
2022-01-20 22:15,40,8,32,0,0,0
2022-01-20 22:30,25,7,18,0,0,0
2022-01-20 22:45,32,14,18,0,0,0
2022-01-20 23:00,24,4,20,0,0,0
2022-01-20 23:15,15,8,7,0,0,0
2022-01-20 23:30,18,6,12,0,0,0
2022-01-20 23:45,16,6,10,0,0,0
2022-01-21 00:00,3,1,2,0,0,0
2022-01-21 00:15,6,5,1,0,0,0
2022-01-21 00:30,13,2,11,0,0,0
2022-01-21 00:45,7,5,2,0,0,0
2022-01-21 01:00,8,2,6,0,0,0
2022-01-21 01:15,5,2,3,0,0,0
2022-01-21 01:30,3,1,2,0,0,0
2022-01-21 01:45,1,0,1,0,0,0
2022-01-21 02:00,0,0,0,0,0,0
2022-01-21 02:15,0,0,0,0,0,0
2022-01-21 02:30,0,0,0,0,0,0
2022-01-21 02:45,0,0,0,0,0,0
2022-01-21 03:00,0,0,0,0,0,0
2022-01-21 03:15,0,0,0,0,0,0
2022-01-21 03:30,2,0,2,0,0,0
2022-01-21 03:45,0,0,0,0,0,0
2022-01-21 04:00,1,1,0,0,0,0
2022-01-21 04:15,0,0,0,0,0,0
2022-01-21 04:30,5,3,2,0,0,0
2022-01-21 04:45,1,1,0,0,0,0
2022-01-21 05:00,0,0,0,0,0,0
2022-01-21 05:15,7,3,4,0,0,0
2022-01-21 05:30,11,9,2,0,0,0
2022-01-21 05:45,16,12,4,0,0,0
2022-01-21 06:00,22,11,11,0,0,0
2022-01-21 06:15,29,17,12,0,0,0
2022-01-21 06:30,36,20,16,0,0,0
2022-01-21 06:45,41,26,15,0,0,0
2022-01-21 07:00,65,38,27,0,0,0
2022-01-21 07:15,73,50,23,0,0,0
2022-01-21 07:30,129,79,50,0,0,0
2022-01-21 07:45,115,78,37,0,0,0
2022-01-21 08:00,125,70,55,0,0,0
2022-01-21 08:15,88,62,26,0,0,0
2022-01-21 08:30,92,63,29,0,0,0
2022-01-21 08:45,99,64,35,0,0,0
2022-01-21 09:00,77,55,22,0,0,0
2022-01-21 09:15,68,37,31,0,0,0
2022-01-21 09:30,85,52,33,0,0,0
2022-01-21 09:45,109,78,31,0,0,0
2022-01-21 10:00,77,46,31,0,0,0
2022-01-21 10:15,74,45,29,0,0,0
2022-01-21 10:30,72,39,33,0,0,0
2022-01-21 10:45,106,52,54,0,0,0
2022-01-21 11:00,86,38,48,0,0,0
2022-01-21 11:15,103,43,60,0,0,0
2022-01-21 11:30,105,41,64,0,0,0
2022-01-21 11:45,123,64,59,0,0,0
2022-01-21 12:00,114,54,60,0,0,0
2022-01-21 12:15,106,41,65,0,0,0
2022-01-21 12:30,127,53,74,0,0,0
2022-01-21 12:45,126,49,77,0,0,0
2022-01-21 13:00,143,49,94,0,0,0
2022-01-21 13:15,154,52,102,0,0,0
2022-01-21 13:30,135,58,77,0,0,0
2022-01-21 13:45,138,60,78,0,0,0
2022-01-21 14:00,136,48,88,0,0,0
2022-01-21 14:15,163,51,112,0,0,0
2022-01-21 14:30,139,55,84,0,0,0
2022-01-21 14:45,144,57,87,0,0,0
2022-01-21 15:00,116,42,74,0,0,0
2022-01-21 15:15,112,45,67,0,0,0
2022-01-21 15:30,115,48,67,0,0,0
2022-01-21 15:45,127,46,81,0,0,0
2022-01-21 16:00,101,50,51,0,0,0
2022-01-21 16:15,117,45,72,0,0,0
2022-01-21 16:30,103,35,68,0,0,0
2022-01-21 16:45,108,41,67,0,0,0
2022-01-21 17:00,105,36,69,0,0,0
2022-01-21 17:15,87,40,47,0,0,0
2022-01-21 17:30,98,31,67,0,0,0
2022-01-21 17:45,89,34,55,0,0,0
2022-01-21 18:00,102,36,66,0,0,0
2022-01-21 18:15,95,28,67,0,0,0
2022-01-21 18:30,105,37,68,0,0,0
2022-01-21 18:45,106,54,52,0,0,0
2022-01-21 19:00,114,41,73,0,0,0
2022-01-21 19:15,70,29,41,0,0,0
2022-01-21 19:30,83,35,48,0,0,0
2022-01-21 19:45,78,33,45,0,0,0
2022-01-21 20:00,60,21,39,0,0,0
2022-01-21 20:15,51,17,34,0,0,0
2022-01-21 20:30,40,11,29,0,0,0
2022-01-21 20:45,43,21,22,0,0,0
2022-01-21 21:00,37,19,18,0,0,0
2022-01-21 21:15,31,12,19,0,0,0
2022-01-21 21:30,40,13,27,0,0,0
2022-01-21 21:45,29,7,22,0,0,0
2022-01-21 22:00,21,5,16,0,0,0
2022-01-21 22:15,38,12,26,0,0,0
2022-01-21 22:30,35,14,21,0,0,0
2022-01-21 22:45,25,10,15,0,0,0
2022-01-21 23:00,26,10,16,0,0,0
2022-01-21 23:15,16,6,10,0,0,0
2022-01-21 23:30,37,13,24,0,0,0
2022-01-21 23:45,20,15,5,0,0,0
2022-01-22 00:00,40,22,18,0,0,0
2022-01-22 00:15,20,5,15,0,0,0
2022-01-22 00:30,20,5,15,0,0,0
2022-01-22 00:45,19,7,12,0,0,0
2022-01-22 01:00,21,7,14,0,0,0
2022-01-22 01:15,19,10,9,0,0,0
2022-01-22 01:30,14,3,11,0,0,0
2022-01-22 01:45,6,5,1,0,0,0
2022-01-22 02:00,17,3,14,0,0,0
2022-01-22 02:15,20,10,10,0,0,0
2022-01-22 02:30,7,4,3,0,0,0
2022-01-22 02:45,6,3,3,0,0,0
2022-01-22 03:00,6,1,5,0,0,0
2022-01-22 03:15,6,2,4,0,0,0
2022-01-22 03:30,4,0,4,0,0,0
2022-01-22 03:45,6,2,4,0,0,0
2022-01-22 04:00,5,0,5,0,0,0
2022-01-22 04:15,5,3,2,0,0,0
2022-01-22 04:30,2,0,2,0,0,0
2022-01-22 04:45,2,2,0,0,0,0
2022-01-22 05:00,1,1,0,0,0,0
2022-01-22 05:15,2,1,1,0,0,0
2022-01-22 05:30,4,2,2,0,0,0
2022-01-22 05:45,10,9,1,0,0,0
2022-01-22 06:00,7,5,2,0,0,0
2022-01-22 06:15,4,3,1,0,0,0
2022-01-22 06:30,8,6,2,0,0,0
2022-01-22 06:45,6,4,2,0,0,0
2022-01-22 07:00,6,2,4,0,0,0
2022-01-22 07:15,9,8,1,0,0,0
2022-01-22 07:30,15,9,6,0,0,0
2022-01-22 07:45,18,14,4,0,0,0
2022-01-22 08:00,16,11,5,0,0,0
2022-01-22 08:15,23,16,7,0,0,0
2022-01-22 08:30,39,26,13,0,0,0
2022-01-22 08:45,54,36,18,0,0,0
2022-01-22 09:00,56,31,25,0,0,0
2022-01-22 09:15,74,56,18,0,0,0
2022-01-22 09:30,52,40,12,0,0,0
2022-01-22 09:45,86,63,23,0,0,0
2022-01-22 10:00,66,38,28,0,0,0
2022-01-22 10:15,91,58,33,0,0,0
2022-01-22 10:30,77,56,21,0,0,0
2022-01-22 10:45,103,62,41,0,0,0
2022-01-22 11:00,74,50,24,0,0,0
2022-01-22 11:15,80,43,37,0,0,0
2022-01-22 11:30,103,55,48,0,0,0
2022-01-22 11:45,142,77,65,0,0,0
2022-01-22 12:00,113,57,56,0,0,0
2022-01-22 12:15,116,71,45,0,0,0
2022-01-22 12:30,109,60,49,0,0,0
2022-01-22 12:45,148,80,68,0,0,0
2022-01-22 13:00,115,45,70,0,0,0
2022-01-22 13:15,121,55,66,0,0,0
2022-01-22 13:30,106,57,49,0,0,0
2022-01-22 13:45,114,43,71,0,0,0
2022-01-22 14:00,131,49,82,0,0,0
2022-01-22 14:15,103,38,65,0,0,0
2022-01-22 14:30,110,47,63,0,0,0
2022-01-22 14:45,99,43,56,0,0,0
2022-01-22 15:00,121,48,73,0,0,0
2022-01-22 15:15,87,38,49,0,0,0
2022-01-22 15:30,85,36,49,0,0,0
2022-01-22 15:45,83,28,55,0,0,0
2022-01-22 16:00,74,24,50,0,0,0
2022-01-22 16:15,77,26,51,0,0,0
2022-01-22 16:30,78,22,56,0,0,0
2022-01-22 16:45,51,19,32,0,0,0
2022-01-22 17:00,83,32,51,0,0,0
2022-01-22 17:15,78,27,51,0,0,0
2022-01-22 17:30,71,31,40,0,0,0
2022-01-22 17:45,67,32,35,0,0,0
2022-01-22 18:00,100,27,73,0,0,0
2022-01-22 18:15,82,27,55,0,0,0
2022-01-22 18:30,67,31,36,0,0,0
2022-01-22 18:45,111,39,72,0,0,0
2022-01-22 19:00,74,26,48,0,0,0
2022-01-22 19:15,62,26,36,0,0,0
2022-01-22 19:30,67,20,47,0,0,0
2022-01-22 19:45,81,41,40,0,0,0
2022-01-22 20:00,55,21,34,0,0,0
2022-01-22 20:15,49,15,34,0,0,0
2022-01-22 20:30,47,16,31,0,0,0
2022-01-22 20:45,20,7,13,0,0,0
2022-01-22 21:00,47,17,30,0,0,0
2022-01-22 21:15,32,8,24,0,0,0
2022-01-22 21:30,43,28,15,0,0,0
2022-01-22 21:45,40,27,13,0,0,0
2022-01-22 22:00,28,8,20,0,0,0
2022-01-22 22:15,29,7,22,0,0,0
2022-01-22 22:30,27,5,22,0,0,0
2022-01-22 22:45,29,12,17,0,0,0
2022-01-22 23:00,35,11,24,0,0,0
2022-01-22 23:15,17,7,10,0,0,0
2022-01-22 23:30,27,7,20,0,0,0
2022-01-22 23:45,30,13,17,0,0,0
2022-01-23 00:00,40,11,29,0,0,0
2022-01-23 00:15,32,9,23,0,0,0
2022-01-23 00:30,22,6,16,0,0,0
2022-01-23 00:45,30,8,22,0,0,0
2022-01-23 01:00,34,6,28,0,0,0
2022-01-23 01:15,21,6,15,0,0,0
2022-01-23 01:30,19,8,11,0,0,0
2022-01-23 01:45,10,1,9,0,0,0
2022-01-23 02:00,23,7,16,0,0,0
2022-01-23 02:15,5,1,4,0,0,0
2022-01-23 02:30,5,0,5,0,0,0
2022-01-23 02:45,11,1,10,0,0,0
2022-01-23 03:00,4,2,2,0,0,0
2022-01-23 03:15,4,3,1,0,0,0
2022-01-23 03:30,1,0,1,0,0,0
2022-01-23 03:45,9,1,8,0,0,0
2022-01-23 04:00,6,2,4,0,0,0
2022-01-23 04:15,6,1,5,0,0,0
2022-01-23 04:30,4,1,3,0,0,0
2022-01-23 04:45,4,0,4,0,0,0
2022-01-23 05:00,0,0,0,0,0,0
2022-01-23 05:15,5,0,5,0,0,0
2022-01-23 05:30,4,2,2,0,0,0
2022-01-23 05:45,6,2,4,0,0,0
2022-01-23 06:00,5,4,1,0,0,0
2022-01-23 06:15,9,6,3,0,0,0
2022-01-23 06:30,4,2,2,0,0,0
2022-01-23 06:45,2,0,2,0,0,0
2022-01-23 07:00,4,0,4,0,0,0
2022-01-23 07:15,1,0,1,0,0,0
2022-01-23 07:30,5,3,2,0,0,0
2022-01-23 07:45,9,7,2,0,0,0
2022-01-23 08:00,4,1,3,0,0,0
2022-01-23 08:15,5,4,1,0,0,0
2022-01-23 08:30,8,6,2,0,0,0
2022-01-23 08:45,26,21,5,0,0,0
2022-01-23 09:00,14,6,8,0,0,0
2022-01-23 09:15,26,15,11,0,0,0
2022-01-23 09:30,26,12,14,0,0,0
2022-01-23 09:45,41,21,20,0,0,0
2022-01-23 10:00,25,13,12,0,0,0
2022-01-23 10:15,42,20,22,0,0,0
2022-01-23 10:30,34,17,17,0,0,0
2022-01-23 10:45,34,23,11,0,0,0
2022-01-23 11:00,40,18,22,0,0,0
2022-01-23 11:15,45,24,21,0,0,0
2022-01-23 11:30,41,19,22,0,0,0
2022-01-23 11:45,44,19,25,0,0,0
2022-01-23 12:00,49,16,33,0,0,0
2022-01-23 12:15,43,24,19,0,0,0
2022-01-23 12:30,40,14,26,0,0,0
2022-01-23 12:45,47,21,26,0,0,0
2022-01-23 13:00,61,26,35,0,0,0
2022-01-23 13:15,53,27,26,0,0,0
2022-01-23 13:30,57,29,28,0,0,0
2022-01-23 13:45,61,28,33,0,0,0
2022-01-23 14:00,56,25,31,0,0,0
2022-01-23 14:15,56,24,32,0,0,0
2022-01-23 14:30,79,36,43,0,0,0
2022-01-23 14:45,91,37,54,0,0,0
2022-01-23 15:00,63,27,36,0,0,0
2022-01-23 15:15,48,30,18,0,0,0
2022-01-23 15:30,72,28,44,0,0,0
2022-01-23 15:45,70,32,38,0,0,0
2022-01-23 16:00,77,33,44,0,0,0
2022-01-23 16:15,59,21,38,0,0,0
2022-01-23 16:30,62,25,37,0,0,0
2022-01-23 16:45,54,21,33,0,0,0
2022-01-23 17:00,77,24,53,0,0,0
2022-01-23 17:15,65,26,39,0,0,0
2022-01-23 17:30,50,17,33,0,0,0
2022-01-23 17:45,65,28,37,0,0,0
2022-01-23 18:00,42,9,33,0,0,0
2022-01-23 18:15,52,17,35,0,0,0
2022-01-23 18:30,33,15,18,0,0,0
2022-01-23 18:45,36,19,17,0,0,0
2022-01-23 19:00,47,15,32,0,0,0
2022-01-23 19:15,39,21,18,0,0,0
2022-01-23 19:30,39,10,29,0,0,0
2022-01-23 19:45,41,19,22,0,0,0
2022-01-23 20:00,51,10,41,0,0,0
2022-01-23 20:15,30,12,18,0,0,0
2022-01-23 20:30,43,20,23,0,0,0
2022-01-23 20:45,20,9,11,0,0,0
2022-01-23 21:00,11,4,7,0,0,0
2022-01-23 21:15,21,9,12,0,0,0
2022-01-23 21:30,14,5,9,0,0,0
2022-01-23 21:45,25,9,16,0,0,0
2022-01-23 22:00,21,8,13,0,0,0
2022-01-23 22:15,16,3,13,0,0,0
2022-01-23 22:30,8,0,8,0,0,0
2022-01-23 22:45,16,1,15,0,0,0
2022-01-23 23:00,13,2,11,0,0,0
2022-01-23 23:15,6,1,5,0,0,0
2022-01-23 23:30,11,4,7,0,0,0
2022-01-23 23:45,6,5,1,0,0,0
2022-01-24 00:00,2,0,2,0,0,0
2022-01-24 00:15,3,1,2,0,0,0
2022-01-24 00:30,3,2,1,0,0,0
2022-01-24 00:45,2,0,2,0,0,0
2022-01-24 01:00,3,1,2,0,0,0
2022-01-24 01:15,0,0,0,0,0,0
2022-01-24 01:30,1,0,1,0,0,0
2022-01-24 01:45,5,1,4,0,0,0
2022-01-24 02:00,1,1,0,0,0,0
2022-01-24 02:15,0,0,0,0,0,0
2022-01-24 02:30,1,1,0,0,0,0
2022-01-24 02:45,0,0,0,0,0,0
2022-01-24 03:00,0,0,0,0,0,0
2022-01-24 03:15,0,0,0,0,0,0
2022-01-24 03:30,0,0,0,0,0,0
2022-01-24 03:45,1,0,1,0,0,0
2022-01-24 04:00,1,0,1,0,0,0
2022-01-24 04:15,3,2,1,0,0,0
2022-01-24 04:30,3,1,2,0,0,0
2022-01-24 04:45,3,2,1,0,0,0
2022-01-24 05:00,2,2,0,0,0,0
2022-01-24 05:15,7,7,0,0,0,0
2022-01-24 05:30,16,12,4,0,0,0
2022-01-24 05:45,23,17,6,0,0,0
2022-01-24 06:00,19,12,7,0,0,0
2022-01-24 06:15,29,20,9,0,0,0
2022-01-24 06:30,35,21,14,0,0,0
2022-01-24 06:45,59,37,22,0,0,0
2022-01-24 07:00,81,48,33,0,0,0
2022-01-24 07:15,105,65,40,0,0,0
2022-01-24 07:30,139,74,65,0,0,0
2022-01-24 07:45,174,117,57,0,0,0
2022-01-24 08:00,151,95,56,0,0,0
2022-01-24 08:15,119,79,40,0,0,0
2022-01-24 08:30,97,70,27,0,0,0
2022-01-24 08:45,130,87,43,0,0,0
2022-01-24 09:00,91,61,30,0,0,0
2022-01-24 09:15,67,45,22,0,0,0
2022-01-24 09:30,77,52,25,0,0,0
2022-01-24 09:45,108,67,41,0,0,0
2022-01-24 10:00,82,47,35,0,0,0
2022-01-24 10:15,77,42,35,0,0,0
2022-01-24 10:30,73,24,49,0,0,0
2022-01-24 10:45,91,47,44,0,0,0
2022-01-24 11:00,82,38,44,0,0,0
2022-01-24 11:15,109,49,60,0,0,0
2022-01-24 11:30,91,52,39,0,0,0
2022-01-24 11:45,105,54,51,0,0,0
2022-01-24 12:00,117,48,69,0,0,0
2022-01-24 12:15,85,35,50,0,0,0
2022-01-24 12:30,110,44,66,0,0,0
2022-01-24 12:45,100,37,63,0,0,0
2022-01-24 13:00,151,55,96,0,0,0
2022-01-24 13:15,102,44,58,0,0,0
2022-01-24 13:30,105,47,58,0,0,0
2022-01-24 13:45,119,55,64,0,0,0
2022-01-24 14:00,130,47,83,0,0,0
2022-01-24 14:15,118,48,70,0,0,0
2022-01-24 14:30,112,49,63,0,0,0
2022-01-24 14:45,150,72,78,0,0,0
2022-01-24 15:00,125,58,67,0,0,0
2022-01-24 15:15,138,53,85,0,0,0
2022-01-24 15:30,136,45,91,0,0,0
2022-01-24 15:45,166,68,98,0,0,0
2022-01-24 16:00,167,75,92,0,0,0
2022-01-24 16:15,157,53,104,0,0,0
2022-01-24 16:30,181,62,119,0,0,0
2022-01-24 16:45,160,69,91,0,0,0
2022-01-24 17:00,143,55,88,0,0,0
2022-01-24 17:15,151,65,86,0,0,0
2022-01-24 17:30,153,46,107,0,0,0
2022-01-24 17:45,156,61,95,0,0,0
2022-01-24 18:00,140,43,97,0,0,0
2022-01-24 18:15,126,42,84,0,0,0
2022-01-24 18:30,118,33,85,0,0,0
2022-01-24 18:45,111,37,74,0,0,0
2022-01-24 19:00,118,44,74,0,0,0
2022-01-24 19:15,105,32,73,0,0,0
2022-01-24 19:30,61,27,34,0,0,0
2022-01-24 19:45,70,24,46,0,0,0
2022-01-24 20:00,67,15,52,0,0,0
2022-01-24 20:15,61,15,46,0,0,0
2022-01-24 20:30,31,16,15,0,0,0
2022-01-24 20:45,37,13,24,0,0,0
2022-01-24 21:00,23,9,14,0,0,0
2022-01-24 21:15,35,9,26,0,0,0
2022-01-24 21:30,31,16,15,0,0,0
2022-01-24 21:45,40,7,33,0,0,0
2022-01-24 22:00,45,16,29,0,0,0
2022-01-24 22:15,40,11,29,0,0,0
2022-01-24 22:30,24,4,20,0,0,0
2022-01-24 22:45,22,9,13,0,0,0
2022-01-24 23:00,15,8,7,0,0,0
2022-01-24 23:15,19,8,11,0,0,0
2022-01-24 23:30,18,4,14,0,0,0
2022-01-24 23:45,5,3,2,0,0,0
2022-01-25 00:00,3,2,1,0,0,0
2022-01-25 00:15,7,1,6,0,0,0
2022-01-25 00:30,3,1,2,0,0,0
2022-01-25 00:45,2,1,1,0,0,0
2022-01-25 01:00,1,0,1,0,0,0
2022-01-25 01:15,1,0,1,0,0,0
2022-01-25 01:30,1,1,0,0,0,0
2022-01-25 01:45,2,0,2,0,0,0
2022-01-25 02:00,1,0,1,0,0,0
2022-01-25 02:15,1,0,1,0,0,0
2022-01-25 02:30,6,2,4,0,0,0
2022-01-25 02:45,1,1,0,0,0,0
2022-01-25 03:00,0,0,0,0,0,0
2022-01-25 03:15,2,0,2,0,0,0
2022-01-25 03:30,3,0,3,0,0,0
2022-01-25 03:45,0,0,0,0,0,0
2022-01-25 04:00,2,0,2,0,0,0
2022-01-25 04:15,3,3,0,0,0,0
2022-01-25 04:30,3,1,2,0,0,0
2022-01-25 04:45,3,3,0,0,0,0
2022-01-25 05:00,6,4,2,0,0,0
2022-01-25 05:15,10,7,3,0,0,0
2022-01-25 05:30,17,14,3,0,0,0
2022-01-25 05:45,26,19,7,0,0,0
2022-01-25 06:00,22,16,6,0,0,0
2022-01-25 06:15,30,24,6,0,0,0
2022-01-25 06:30,46,32,14,0,0,0
2022-01-25 06:45,59,37,22,0,0,0
2022-01-25 07:00,73,44,29,0,0,0
2022-01-25 07:15,96,61,35,0,0,0
2022-01-25 07:30,156,91,65,0,0,0
2022-01-25 07:45,174,109,65,0,0,0
2022-01-25 08:00,162,98,64,0,0,0
2022-01-25 08:15,141,91,50,0,0,0
2022-01-25 08:30,115,85,30,0,0,0
2022-01-25 08:45,94,67,27,0,0,0
2022-01-25 09:00,102,58,44,0,0,0
2022-01-25 09:15,78,54,24,0,0,0
2022-01-25 09:30,92,59,33,0,0,0
2022-01-25 09:45,105,57,48,0,0,0
2022-01-25 10:00,83,46,37,0,0,0
2022-01-25 10:15,79,47,32,0,0,0
2022-01-25 10:30,97,55,42,0,0,0
2022-01-25 10:45,97,63,34,0,0,0
2022-01-25 11:00,80,43,37,0,0,0
2022-01-25 11:15,105,42,63,0,0,0
2022-01-25 11:30,94,42,52,0,0,0
2022-01-25 11:45,124,40,84,0,0,0
2022-01-25 12:00,108,51,57,0,0,0
2022-01-25 12:15,109,45,64,0,0,0
2022-01-25 12:30,109,54,55,0,0,0
2022-01-25 12:45,116,46,70,0,0,0
2022-01-25 13:00,127,57,70,0,0,0
2022-01-25 13:15,112,47,65,0,0,0
2022-01-25 13:30,116,39,77,0,0,0
2022-01-25 13:45,140,69,71,0,0,0
2022-01-25 14:00,117,50,67,0,0,0
2022-01-25 14:15,145,59,86,0,0,0
2022-01-25 14:30,139,64,75,0,0,0
2022-01-25 14:45,153,69,84,0,0,0
2022-01-25 15:00,145,65,80,0,0,0
2022-01-25 15:15,153,68,85,0,0,0
2022-01-25 15:30,168,68,100,0,0,0
2022-01-25 15:45,163,77,86,0,0,0
2022-01-25 16:00,166,77,89,0,0,0
2022-01-25 16:15,177,71,106,0,0,0
2022-01-25 16:30,181,71,110,0,0,0
2022-01-25 16:45,176,61,115,0,0,0
2022-01-25 17:00,173,62,111,0,0,0
2022-01-25 17:15,184,63,121,0,0,0
2022-01-25 17:30,160,55,105,0,0,0
2022-01-25 17:45,164,54,110,0,0,0
2022-01-25 18:00,155,53,102,0,0,0
2022-01-25 18:15,144,48,96,0,0,0
2022-01-25 18:30,111,30,81,0,0,0
2022-01-25 18:45,124,44,80,0,0,0
2022-01-25 19:00,116,36,80,0,0,0
2022-01-25 19:15,93,31,62,0,0,0
2022-01-25 19:30,68,27,41,0,0,0
2022-01-25 19:45,101,38,63,0,0,0
2022-01-25 20:00,68,22,46,0,0,0
2022-01-25 20:15,58,28,30,0,0,0
2022-01-25 20:30,51,18,33,0,0,0
2022-01-25 20:45,36,9,27,0,0,0
2022-01-25 21:00,16,3,13,0,0,0
2022-01-25 21:15,48,11,37,0,0,0
2022-01-25 21:30,33,6,27,0,0,0
2022-01-25 21:45,30,10,20,0,0,0
2022-01-25 22:00,52,18,34,0,0,0
2022-01-25 22:15,27,11,16,0,0,0
2022-01-25 22:30,24,6,18,0,0,0
2022-01-25 22:45,26,9,17,0,0,0
2022-01-25 23:00,21,4,17,0,0,0
2022-01-25 23:15,11,4,7,0,0,0
2022-01-25 23:30,26,7,19,0,0,0
2022-01-25 23:45,20,8,12,0,0,0
2022-01-26 00:00,8,3,5,0,0,0
2022-01-26 00:15,2,0,2,0,0,0
2022-01-26 00:30,4,1,3,0,0,0
2022-01-26 00:45,3,2,1,0,0,0
2022-01-26 01:00,3,2,1,0,0,0
2022-01-26 01:15,8,4,4,0,0,0
2022-01-26 01:30,4,1,3,0,0,0
2022-01-26 01:45,1,0,1,0,0,0
2022-01-26 02:00,1,0,1,0,0,0
2022-01-26 02:15,1,0,1,0,0,0
2022-01-26 02:30,2,0,2,0,0,0
2022-01-26 02:45,2,0,2,0,0,0
2022-01-26 03:00,0,0,0,0,0,0
2022-01-26 03:15,1,0,1,0,0,0
2022-01-26 03:30,0,0,0,0,0,0
2022-01-26 03:45,1,0,1,0,0,0
2022-01-26 04:00,1,0,1,0,0,0
2022-01-26 04:15,3,2,1,0,0,0
2022-01-26 04:30,4,3,1,0,0,0
2022-01-26 04:45,3,3,0,0,0,0
2022-01-26 05:00,2,2,0,0,0,0
2022-01-26 05:15,9,7,2,0,0,0
2022-01-26 05:30,20,12,8,0,0,0
2022-01-26 05:45,19,14,5,0,0,0
2022-01-26 06:00,28,19,9,0,0,0
2022-01-26 06:15,28,18,10,0,0,0
2022-01-26 06:30,49,34,15,0,0,0
2022-01-26 06:45,60,34,26,0,0,0
2022-01-26 07:00,85,51,34,0,0,0
2022-01-26 07:15,75,49,26,0,0,0
2022-01-26 07:30,149,85,64,0,0,0
2022-01-26 07:45,168,109,59,0,0,0
2022-01-26 08:00,152,96,56,0,0,0
2022-01-26 08:15,148,97,51,0,0,0
2022-01-26 08:30,111,68,43,0,0,0
2022-01-26 08:45,109,68,41,0,0,0
2022-01-26 09:00,104,60,44,0,0,0
2022-01-26 09:15,89,57,32,0,0,0
2022-01-26 09:30,96,57,39,0,0,0
2022-01-26 09:45,87,60,27,0,0,0
2022-01-26 10:00,98,60,38,0,0,0
2022-01-26 10:15,83,45,38,0,0,0
2022-01-26 10:30,80,41,39,0,0,0
2022-01-26 10:45,107,64,43,0,0,0
2022-01-26 11:00,101,49,52,0,0,0
2022-01-26 11:15,114,61,53,0,0,0
2022-01-26 11:30,110,33,77,0,0,0
2022-01-26 11:45,130,65,65,0,0,0
2022-01-26 12:00,127,48,79,0,0,0
2022-01-26 12:15,100,43,57,0,0,0
2022-01-26 12:30,111,48,63,0,0,0
2022-01-26 12:45,137,64,73,0,0,0
2022-01-26 13:00,118,41,77,0,0,0
2022-01-26 13:15,112,45,67,0,0,0
2022-01-26 13:30,106,50,56,0,0,0
2022-01-26 13:45,128,44,84,0,0,0
2022-01-26 14:00,126,44,82,0,0,0
2022-01-26 14:15,115,48,67,0,0,0
2022-01-26 14:30,125,38,87,0,0,0
2022-01-26 14:45,123,50,73,0,0,0
2022-01-26 15:00,124,38,86,0,0,0
2022-01-26 15:15,133,51,82,0,0,0
2022-01-26 15:30,120,47,73,0,0,0
2022-01-26 15:45,170,64,106,0,0,0
2022-01-26 16:00,150,59,91,0,0,0
2022-01-26 16:15,144,42,102,0,0,0
2022-01-26 16:30,149,62,87,0,0,0
2022-01-26 16:45,144,62,82,0,0,0
2022-01-26 17:00,130,56,74,0,0,0
2022-01-26 17:15,134,57,77,0,0,0
2022-01-26 17:30,137,46,91,0,0,0
2022-01-26 17:45,142,52,90,0,0,0
2022-01-26 18:00,136,45,91,0,0,0
2022-01-26 18:15,127,34,93,0,0,0
2022-01-26 18:30,106,30,76,0,0,0
2022-01-26 18:45,135,58,77,0,0,0
2022-01-26 19:00,110,24,86,0,0,0
2022-01-26 19:15,76,32,44,0,0,0
2022-01-26 19:30,78,26,52,0,0,0
2022-01-26 19:45,80,38,42,0,0,0
2022-01-26 20:00,54,16,38,0,0,0
2022-01-26 20:15,42,9,33,0,0,0
2022-01-26 20:30,37,11,26,0,0,0
2022-01-26 20:45,27,12,15,0,0,0
2022-01-26 21:00,31,7,24,0,0,0
2022-01-26 21:15,27,8,19,0,0,0
2022-01-26 21:30,51,10,41,0,0,0
2022-01-26 21:45,42,11,31,0,0,0
2022-01-26 22:00,45,16,29,0,0,0
2022-01-26 22:15,38,8,30,0,0,0
2022-01-26 22:30,50,16,34,0,0,0
2022-01-26 22:45,33,8,25,0,0,0
2022-01-26 23:00,33,8,25,0,0,0
2022-01-26 23:15,20,6,14,0,0,0
2022-01-26 23:30,18,4,14,0,0,0
2022-01-26 23:45,9,1,8,0,0,0
2022-01-27 00:00,9,2,7,0,0,0
2022-01-27 00:15,9,4,5,0,0,0
2022-01-27 00:30,11,2,9,0,0,0
2022-01-27 00:45,7,2,5,0,0,0
2022-01-27 01:00,3,1,2,0,0,0
2022-01-27 01:15,5,2,3,0,0,0
2022-01-27 01:30,2,1,1,0,0,0
2022-01-27 01:45,4,0,4,0,0,0
2022-01-27 02:00,2,0,2,0,0,0
2022-01-27 02:15,3,3,0,0,0,0
2022-01-27 02:30,2,0,2,0,0,0
2022-01-27 02:45,4,1,3,0,0,0
2022-01-27 03:00,2,2,0,0,0,0
2022-01-27 03:15,3,2,1,0,0,0
2022-01-27 03:30,3,2,1,0,0,0
2022-01-27 03:45,1,0,1,0,0,0
2022-01-27 04:00,2,1,1,0,0,0
2022-01-27 04:15,2,2,0,0,0,0
2022-01-27 04:30,1,1,0,0,0,0
2022-01-27 04:45,6,5,1,0,0,0
2022-01-27 05:00,4,2,2,0,0,0
2022-01-27 05:15,5,4,1,0,0,0
2022-01-27 05:30,9,7,2,0,0,0
2022-01-27 05:45,20,11,9,0,0,0
2022-01-27 06:00,20,13,7,0,0,0
2022-01-27 06:15,17,15,2,0,0,0
2022-01-27 06:30,39,26,13,0,0,0
2022-01-27 06:45,51,32,19,0,0,0
2022-01-27 07:00,51,25,26,0,0,0
2022-01-27 07:15,83,47,36,0,0,0
2022-01-27 07:30,133,83,50,0,0,0
2022-01-27 07:45,167,112,55,0,0,0
2022-01-27 08:00,128,77,51,0,0,0
2022-01-27 08:15,114,81,33,0,0,0
2022-01-27 08:30,99,56,43,0,0,0
2022-01-27 08:45,107,74,33,0,0,0
2022-01-27 09:00,66,44,22,0,0,0
2022-01-27 09:15,66,44,22,0,0,0
2022-01-27 09:30,81,44,37,0,0,0
2022-01-27 09:45,75,45,30,0,0,0
2022-01-27 10:00,47,32,15,0,0,0
2022-01-27 10:15,66,35,31,0,0,0
2022-01-27 10:30,80,39,41,0,0,0
2022-01-27 10:45,75,40,35,0,0,0
2022-01-27 11:00,45,27,18,0,0,0
2022-01-27 11:15,77,29,48,0,0,0
2022-01-27 11:30,76,39,37,0,0,0
2022-01-27 11:45,70,35,35,0,0,0
2022-01-27 12:00,95,37,58,0,0,0
2022-01-27 12:15,82,31,51,0,0,0
2022-01-27 12:30,79,30,49,0,0,0
2022-01-27 12:45,92,32,60,0,0,0
2022-01-27 13:00,130,42,88,0,0,0
2022-01-27 13:15,99,47,52,0,0,0
2022-01-27 13:30,108,48,60,0,0,0
2022-01-27 13:45,112,53,59,0,0,0
2022-01-27 14:00,94,43,51,0,0,0
2022-01-27 14:15,115,48,67,0,0,0
2022-01-27 14:30,114,43,71,0,0,0
2022-01-27 14:45,154,69,85,0,0,0
2022-01-27 15:00,112,43,69,0,0,0
2022-01-27 15:15,131,57,74,0,0,0
2022-01-27 15:30,133,53,80,0,0,0
2022-01-27 15:45,139,56,83,0,0,0
2022-01-27 16:00,136,58,78,0,0,0
2022-01-27 16:15,122,47,75,0,0,0
2022-01-27 16:30,121,53,68,0,0,0
2022-01-27 16:45,137,56,81,0,0,0
2022-01-27 17:00,137,52,85,0,0,0
2022-01-27 17:15,119,37,82,0,0,0
2022-01-27 17:30,118,37,81,0,0,0
2022-01-27 17:45,148,46,102,0,0,0
2022-01-27 18:00,123,42,81,0,0,0
2022-01-27 18:15,134,45,89,0,0,0
2022-01-27 18:30,97,32,65,0,0,0
2022-01-27 18:45,125,52,73,0,0,0
2022-01-27 19:00,94,31,63,0,0,0
2022-01-27 19:15,85,31,54,0,0,0
2022-01-27 19:30,67,17,50,0,0,0
2022-01-27 19:45,54,18,36,0,0,0
2022-01-27 20:00,48,17,31,0,0,0
2022-01-27 20:15,43,17,26,0,0,0
2022-01-27 20:30,30,8,22,0,0,0
2022-01-27 20:45,41,15,26,0,0,0
2022-01-27 21:00,49,21,28,0,0,0
2022-01-27 21:15,26,7,19,0,0,0
2022-01-27 21:30,31,7,24,0,0,0
2022-01-27 21:45,22,10,12,0,0,0
2022-01-27 22:00,26,8,18,0,0,0
2022-01-27 22:15,32,9,23,0,0,0
2022-01-27 22:30,31,10,21,0,0,0
2022-01-27 22:45,26,9,17,0,0,0
2022-01-27 23:00,26,5,21,0,0,0
2022-01-27 23:15,27,9,18,0,0,0
2022-01-27 23:30,11,1,10,0,0,0
2022-01-27 23:45,14,3,11,0,0,0
2022-01-28 00:00,8,4,4,0,0,0
2022-01-28 00:15,10,2,8,0,0,0
2022-01-28 00:30,11,1,10,0,0,0
2022-01-28 00:45,6,4,2,0,0,0
2022-01-28 01:00,6,2,4,0,0,0
2022-01-28 01:15,4,0,4,0,0,0
2022-01-28 01:30,2,2,0,0,0,0
2022-01-28 01:45,3,1,2,0,0,0
2022-01-28 02:00,4,1,3,0,0,0
2022-01-28 02:15,0,0,0,0,0,0
2022-01-28 02:30,0,0,0,0,0,0
2022-01-28 02:45,3,0,3,0,0,0
2022-01-28 03:00,1,0,1,0,0,0
2022-01-28 03:15,1,1,0,0,0,0
2022-01-28 03:30,5,1,4,0,0,0
2022-01-28 03:45,2,0,2,0,0,0
2022-01-28 04:00,1,0,1,0,0,0
2022-01-28 04:15,3,2,1,0,0,0
2022-01-28 04:30,1,1,0,0,0,0
2022-01-28 04:45,4,4,0,0,0,0
2022-01-28 05:00,2,2,0,0,0,0
2022-01-28 05:15,7,6,1,0,0,0
2022-01-28 05:30,22,16,6,0,0,0
2022-01-28 05:45,13,11,2,0,0,0
2022-01-28 06:00,19,14,5,0,0,0
2022-01-28 06:15,25,19,6,0,0,0
2022-01-28 06:30,46,30,16,0,0,0
2022-01-28 06:45,46,28,18,0,0,0
2022-01-28 07:00,55,33,22,0,0,0
2022-01-28 07:15,91,64,27,0,0,0
2022-01-28 07:30,132,87,45,0,0,0
2022-01-28 07:45,144,107,37,0,0,0
2022-01-28 08:00,140,78,62,0,0,0
2022-01-28 08:15,125,86,39,0,0,0
2022-01-28 08:30,112,83,29,0,0,0
2022-01-28 08:45,129,88,41,0,0,0
2022-01-28 09:00,81,50,31,0,0,0
2022-01-28 09:15,70,47,23,0,0,0
2022-01-28 09:30,86,37,49,0,0,0
2022-01-28 09:45,114,77,37,0,0,0
2022-01-28 10:00,95,61,34,0,0,0
2022-01-28 10:15,80,48,32,0,0,0
2022-01-28 10:30,95,48,47,0,0,0
2022-01-28 10:45,127,61,66,0,0,0
2022-01-28 11:00,106,65,41,0,0,0
2022-01-28 11:15,121,64,57,0,0,0
2022-01-28 11:30,137,60,77,0,0,0
2022-01-28 11:45,119,63,56,0,0,0
2022-01-28 12:00,137,61,76,0,0,0
2022-01-28 12:15,124,49,75,0,0,0
2022-01-28 12:30,119,52,67,0,0,0
2022-01-28 12:45,135,71,64,0,0,0
2022-01-28 13:00,153,60,93,0,0,0
2022-01-28 13:15,164,69,95,0,0,0
2022-01-28 13:30,138,57,81,0,0,0
2022-01-28 13:45,164,72,92,0,0,0
2022-01-28 14:00,173,79,94,0,0,0
2022-01-28 14:15,171,73,98,0,0,0
2022-01-28 14:30,141,56,85,0,0,0
2022-01-28 14:45,163,70,93,0,0,0
2022-01-28 15:00,157,68,89,0,0,0
2022-01-28 15:15,182,67,115,0,0,0
2022-01-28 15:30,144,63,81,0,0,0
2022-01-28 15:45,220,97,123,0,0,0
2022-01-28 16:00,176,75,101,0,0,0
2022-01-28 16:15,161,75,86,0,0,0
2022-01-28 16:30,127,53,74,0,0,0
2022-01-28 16:45,155,75,80,0,0,0
2022-01-28 17:00,161,50,111,0,0,0
2022-01-28 17:15,130,47,83,0,0,0
2022-01-28 17:30,151,60,91,0,0,0
2022-01-28 17:45,155,63,92,0,0,0
2022-01-28 18:00,140,58,82,0,0,0
2022-01-28 18:15,150,72,78,0,0,0
2022-01-28 18:30,116,32,84,0,0,0
2022-01-28 18:45,124,44,80,0,0,0
2022-01-28 19:00,100,29,71,0,0,0
2022-01-28 19:15,112,44,68,0,0,0
2022-01-28 19:30,72,30,42,0,0,0
2022-01-28 19:45,94,44,50,0,0,0
2022-01-28 20:00,79,34,45,0,0,0
2022-01-28 20:15,54,24,30,0,0,0
2022-01-28 20:30,54,26,28,0,0,0
2022-01-28 20:45,54,24,30,0,0,0
2022-01-28 21:00,44,18,26,0,0,0
2022-01-28 21:15,37,15,22,0,0,0
2022-01-28 21:30,40,14,26,0,0,0
2022-01-28 21:45,41,12,29,0,0,0
2022-01-28 22:00,35,6,29,0,0,0
2022-01-28 22:15,32,6,26,0,0,0
2022-01-28 22:30,35,6,29,0,0,0
2022-01-28 22:45,32,7,25,0,0,0
2022-01-28 23:00,25,14,11,0,0,0
2022-01-28 23:15,34,12,22,0,0,0
2022-01-28 23:30,39,9,30,0,0,0
2022-01-28 23:45,33,14,19,0,0,0
2022-01-29 00:00,14,7,7,0,0,0
2022-01-29 00:15,26,9,17,0,0,0
2022-01-29 00:30,32,5,27,0,0,0
2022-01-29 00:45,14,4,10,0,0,0
2022-01-29 01:00,14,3,11,0,0,0
2022-01-29 01:15,8,3,5,0,0,0
2022-01-29 01:30,12,5,7,0,0,0
2022-01-29 01:45,19,7,12,0,0,0
2022-01-29 02:00,20,9,11,0,0,0
2022-01-29 02:15,16,11,5,0,0,0
2022-01-29 02:30,17,7,10,0,0,0
2022-01-29 02:45,6,3,3,0,0,0
2022-01-29 03:00,13,2,11,0,0,0
2022-01-29 03:15,7,1,6,0,0,0
2022-01-29 03:30,7,1,6,0,0,0
2022-01-29 03:45,3,0,3,0,0,0
2022-01-29 04:00,4,3,1,0,0,0
2022-01-29 04:15,6,0,6,0,0,0
2022-01-29 04:30,1,1,0,0,0,0
2022-01-29 04:45,6,5,1,0,0,0
2022-01-29 05:00,7,3,4,0,0,0
2022-01-29 05:15,4,1,3,0,0,0
2022-01-29 05:30,5,4,1,0,0,0
2022-01-29 05:45,3,1,2,0,0,0
2022-01-29 06:00,11,5,6,0,0,0
2022-01-29 06:15,6,4,2,0,0,0
2022-01-29 06:30,8,7,1,0,0,0
2022-01-29 06:45,7,4,3,0,0,0
2022-01-29 07:00,11,6,5,0,0,0
2022-01-29 07:15,10,4,6,0,0,0
2022-01-29 07:30,15,9,6,0,0,0
2022-01-29 07:45,29,23,6,0,0,0
2022-01-29 08:00,11,9,2,0,0,0
2022-01-29 08:15,30,16,14,0,0,0
2022-01-29 08:30,34,23,11,0,0,0
2022-01-29 08:45,59,38,21,0,0,0
2022-01-29 09:00,29,21,8,0,0,0
2022-01-29 09:15,56,35,21,0,0,0
2022-01-29 09:30,65,46,19,0,0,0
2022-01-29 09:45,85,62,23,0,0,0
2022-01-29 10:00,74,48,26,0,0,0
2022-01-29 10:15,79,47,32,0,0,0
2022-01-29 10:30,72,38,34,0,0,0
2022-01-29 10:45,104,72,32,0,0,0
2022-01-29 11:00,71,33,38,0,0,0
2022-01-29 11:15,83,52,31,0,0,0
2022-01-29 11:30,88,40,48,0,0,0
2022-01-29 11:45,93,43,50,0,0,0
2022-01-29 12:00,98,42,56,0,0,0
2022-01-29 12:15,107,50,57,0,0,0
2022-01-29 12:30,90,38,52,0,0,0
2022-01-29 12:45,108,62,46,0,0,0
2022-01-29 13:00,89,40,49,0,0,0
2022-01-29 13:15,100,46,54,0,0,0
2022-01-29 13:30,102,47,55,0,0,0
2022-01-29 13:45,103,51,52,0,0,0
2022-01-29 14:00,112,47,65,0,0,0
2022-01-29 14:15,89,40,49,0,0,0
2022-01-29 14:30,87,42,45,0,0,0
2022-01-29 14:45,103,41,62,0,0,0
2022-01-29 15:00,104,45,59,0,0,0
2022-01-29 15:15,91,39,52,0,0,0
2022-01-29 15:30,93,39,54,0,0,0
2022-01-29 15:45,99,42,57,0,0,0
2022-01-29 16:00,69,35,34,0,0,0
2022-01-29 16:15,56,23,33,0,0,0
2022-01-29 16:30,73,38,35,0,0,0
2022-01-29 16:45,94,42,52,0,0,0
2022-01-29 17:00,61,26,35,0,0,0
2022-01-29 17:15,73,29,44,0,0,0
2022-01-29 17:30,75,34,41,0,0,0
2022-01-29 17:45,66,34,32,0,0,0
2022-01-29 18:00,73,26,47,0,0,0
2022-01-29 18:15,72,29,43,0,0,0
2022-01-29 18:30,61,24,37,0,0,0
2022-01-29 18:45,99,43,56,0,0,0
2022-01-29 19:00,85,31,54,0,0,0
2022-01-29 19:15,58,23,35,0,0,0
2022-01-29 19:30,60,25,35,0,0,0
2022-01-29 19:45,65,25,40,0,0,0
2022-01-29 20:00,57,13,44,0,0,0
2022-01-29 20:15,38,19,19,0,0,0
2022-01-29 20:30,27,12,15,0,0,0
2022-01-29 20:45,33,17,16,0,0,0
2022-01-29 21:00,29,13,16,0,0,0
2022-01-29 21:15,38,17,21,0,0,0
2022-01-29 21:30,25,3,22,0,0,0
2022-01-29 21:45,32,2,30,0,0,0
2022-01-29 22:00,33,22,11,0,0,0
2022-01-29 22:15,23,3,20,0,0,0
2022-01-29 22:30,32,12,20,0,0,0
2022-01-29 22:45,39,17,22,0,0,0
2022-01-29 23:00,28,12,16,0,0,0
2022-01-29 23:15,20,6,14,0,0,0
2022-01-29 23:30,27,7,20,0,0,0
2022-01-29 23:45,15,10,5,0,0,0
2022-01-30 00:00,19,8,11,0,0,0
2022-01-30 00:15,18,9,9,0,0,0
2022-01-30 00:30,22,9,13,0,0,0
2022-01-30 00:45,16,3,13,0,0,0
2022-01-30 01:00,16,5,11,0,0,0
2022-01-30 01:15,18,4,14,0,0,0
2022-01-30 01:30,16,7,9,0,0,0
2022-01-30 01:45,17,2,15,0,0,0
2022-01-30 02:00,9,4,5,0,0,0
2022-01-30 02:15,12,3,9,0,0,0
2022-01-30 02:30,17,4,13,0,0,0
2022-01-30 02:45,5,2,3,0,0,0
2022-01-30 03:00,5,3,2,0,0,0
2022-01-30 03:15,9,3,6,0,0,0
2022-01-30 03:30,6,2,4,0,0,0
2022-01-30 03:45,2,2,0,0,0,0
2022-01-30 04:00,2,1,1,0,0,0
2022-01-30 04:15,3,1,2,0,0,0
2022-01-30 04:30,1,0,1,0,0,0
2022-01-30 04:45,5,1,4,0,0,0
2022-01-30 05:00,0,0,0,0,0,0
2022-01-30 05:15,2,0,2,0,0,0
2022-01-30 05:30,7,6,1,0,0,0
2022-01-30 05:45,5,3,2,0,0,0
2022-01-30 06:00,2,0,2,0,0,0
2022-01-30 06:15,3,3,0,0,0,0
2022-01-30 06:30,3,1,2,0,0,0
2022-01-30 06:45,3,2,1,0,0,0
2022-01-30 07:00,3,2,1,0,0,0
2022-01-30 07:15,2,0,2,0,0,0
2022-01-30 07:30,5,4,1,0,0,0
2022-01-30 07:45,7,5,2,0,0,0
2022-01-30 08:00,2,1,1,0,0,0
2022-01-30 08:15,6,3,3,0,0,0
2022-01-30 08:30,15,14,1,0,0,0
2022-01-30 08:45,16,9,7,0,0,0
2022-01-30 09:00,19,7,12,0,0,0
2022-01-30 09:15,23,17,6,0,0,0
2022-01-30 09:30,17,11,6,0,0,0
2022-01-30 09:45,30,14,16,0,0,0
2022-01-30 10:00,30,19,11,0,0,0
2022-01-30 10:15,47,26,21,0,0,0
2022-01-30 10:30,39,20,19,0,0,0
2022-01-30 10:45,55,27,28,0,0,0
2022-01-30 11:00,29,15,14,0,0,0
2022-01-30 11:15,47,20,27,0,0,0
2022-01-30 11:30,50,22,28,0,0,0
2022-01-30 11:45,57,27,30,0,0,0
2022-01-30 12:00,49,23,26,0,0,0
2022-01-30 12:15,52,20,32,0,0,0
2022-01-30 12:30,65,36,29,0,0,0
2022-01-30 12:45,64,24,40,0,0,0
2022-01-30 13:00,54,28,26,0,0,0
2022-01-30 13:15,55,27,28,0,0,0
2022-01-30 13:30,76,37,39,0,0,0
2022-01-30 13:45,81,35,46,0,0,0
2022-01-30 14:00,80,34,46,0,0,0
2022-01-30 14:15,71,29,42,0,0,0
2022-01-30 14:30,77,35,42,0,0,0
2022-01-30 14:45,84,38,46,0,0,0
2022-01-30 15:00,67,28,39,0,0,0
2022-01-30 15:15,81,50,31,0,0,0
2022-01-30 15:30,79,42,37,0,0,0
2022-01-30 15:45,70,36,34,0,0,0
2022-01-30 16:00,56,22,34,0,0,0
2022-01-30 16:15,61,32,29,0,0,0
2022-01-30 16:30,57,24,33,0,0,0
2022-01-30 16:45,65,34,31,0,0,0
2022-01-30 17:00,56,15,41,0,0,0
2022-01-30 17:15,56,21,35,0,0,0
2022-01-30 17:30,52,21,31,0,0,0
2022-01-30 17:45,55,30,25,0,0,0
2022-01-30 18:00,51,18,33,0,0,0
2022-01-30 18:15,53,16,37,0,0,0
2022-01-30 18:30,55,21,34,0,0,0
2022-01-30 18:45,55,24,31,0,0,0
2022-01-30 19:00,44,19,25,0,0,0
2022-01-30 19:15,33,6,27,0,0,0
2022-01-30 19:30,25,7,18,0,0,0
2022-01-30 19:45,29,12,17,0,0,0
2022-01-30 20:00,45,11,34,0,0,0
2022-01-30 20:15,24,5,19,0,0,0
2022-01-30 20:30,29,12,17,0,0,0
2022-01-30 20:45,21,11,10,0,0,0
2022-01-30 21:00,15,5,10,0,0,0
2022-01-30 21:15,26,6,20,0,0,0
2022-01-30 21:30,18,9,9,0,0,0
2022-01-30 21:45,21,6,15,0,0,0
2022-01-30 22:00,25,5,20,0,0,0
2022-01-30 22:15,10,5,5,0,0,0
2022-01-30 22:30,18,3,15,0,0,0
2022-01-30 22:45,12,3,9,0,0,0
2022-01-30 23:00,10,2,8,0,0,0
2022-01-30 23:15,10,3,7,0,0,0
2022-01-30 23:30,6,1,5,0,0,0
2022-01-30 23:45,6,4,2,0,0,0
