Datetime,100031300 (HafenstraÃŸe),101031300 (Channel 1 IN),102031300 (Channel 2 OUT),100031300-status,101031300-status,102031300-status
2021-10-01 00:00,37,7,30,0,0,0
2021-10-01 00:15,32,8,24,0,0,0
2021-10-01 00:30,18,9,9,0,0,0
2021-10-01 00:45,20,14,6,0,0,0
2021-10-01 01:00,14,4,10,0,0,0
2021-10-01 01:15,6,2,4,0,0,0
2021-10-01 01:30,19,1,18,0,0,0
2021-10-01 01:45,9,1,8,0,0,0
2021-10-01 02:00,11,0,11,0,0,0
2021-10-01 02:15,10,4,6,0,0,0
2021-10-01 02:30,7,3,4,0,0,0
2021-10-01 02:45,7,3,4,0,0,0
2021-10-01 03:00,2,1,1,0,0,0
2021-10-01 03:15,0,0,0,0,0,0
2021-10-01 03:30,1,0,1,0,0,0
2021-10-01 03:45,2,0,2,0,0,0
2021-10-01 04:00,3,1,2,0,0,0
2021-10-01 04:15,5,3,2,0,0,0
2021-10-01 04:30,5,0,5,0,0,0
2021-10-01 04:45,5,1,4,0,0,0
2021-10-01 05:00,1,1,0,0,0,0
2021-10-01 05:15,8,2,6,0,0,0
2021-10-01 05:30,16,5,11,0,0,0
2021-10-01 05:45,20,12,8,0,0,0
2021-10-01 06:00,24,7,17,0,0,0
2021-10-01 06:15,27,11,16,0,0,0
2021-10-01 06:30,54,27,27,0,0,0
2021-10-01 06:45,62,34,28,0,0,0
2021-10-01 07:00,78,53,25,0,0,0
2021-10-01 07:15,83,40,43,0,0,0
2021-10-01 07:30,112,42,70,0,0,0
2021-10-01 07:45,173,76,97,0,0,0
2021-10-01 08:00,106,55,51,0,0,0
2021-10-01 08:15,139,68,71,0,0,0
2021-10-01 08:30,126,76,50,0,0,0
2021-10-01 08:45,141,81,60,0,0,0
2021-10-01 09:00,74,26,48,0,0,0
2021-10-01 09:15,69,31,38,0,0,0
2021-10-01 09:30,109,52,57,0,0,0
2021-10-01 09:45,110,52,58,0,0,0
2021-10-01 10:00,107,52,55,0,0,0
2021-10-01 10:15,89,41,48,0,0,0
2021-10-01 10:30,94,39,55,0,0,0
2021-10-01 10:45,109,57,52,0,0,0
2021-10-01 11:00,128,34,94,0,0,0
2021-10-01 11:15,116,51,65,0,0,0
2021-10-01 11:30,119,52,67,0,0,0
2021-10-01 11:45,106,48,58,0,0,0
2021-10-01 12:00,142,54,88,0,0,0
2021-10-01 12:15,127,60,67,0,0,0
2021-10-01 12:30,128,63,65,0,0,0
2021-10-01 12:45,135,62,73,0,0,0
2021-10-01 13:00,154,64,90,0,0,0
2021-10-01 13:15,133,58,75,0,0,0
2021-10-01 13:30,155,67,88,0,0,0
2021-10-01 13:45,119,45,74,0,0,0
2021-10-01 14:00,149,56,93,0,0,0
2021-10-01 14:15,135,46,89,0,0,0
2021-10-01 14:30,132,51,81,0,0,0
2021-10-01 14:45,142,72,70,0,0,0
2021-10-01 15:00,145,68,77,0,0,0
2021-10-01 15:15,129,51,78,0,0,0
2021-10-01 15:30,118,59,59,0,0,0
2021-10-01 15:45,142,73,69,0,0,0
2021-10-01 16:00,157,67,90,0,0,0
2021-10-01 16:15,132,61,71,0,0,0
2021-10-01 16:30,135,60,75,0,0,0
2021-10-01 16:45,127,61,66,0,0,0
2021-10-01 17:00,124,61,63,0,0,0
2021-10-01 17:15,129,67,62,0,0,0
2021-10-01 17:30,127,75,52,0,0,0
2021-10-01 17:45,124,67,57,0,0,0
2021-10-01 18:00,125,66,59,0,0,0
2021-10-01 18:15,135,70,65,0,0,0
2021-10-01 18:30,119,67,52,0,0,0
2021-10-01 18:45,111,64,47,0,0,0
2021-10-01 19:00,85,44,41,0,0,0
2021-10-01 19:15,103,63,40,0,0,0
2021-10-01 19:30,95,52,43,0,0,0
2021-10-01 19:45,115,52,63,0,0,0
2021-10-01 20:00,105,50,55,0,0,0
2021-10-01 20:15,106,58,48,0,0,0
2021-10-01 20:30,86,40,46,0,0,0
2021-10-01 20:45,83,40,43,0,0,0
2021-10-01 21:00,81,34,47,0,0,0
2021-10-01 21:15,59,33,26,0,0,0
2021-10-01 21:30,63,30,33,0,0,0
2021-10-01 21:45,64,37,27,0,0,0
2021-10-01 22:00,66,24,42,0,0,0
2021-10-01 22:15,66,28,38,0,0,0
2021-10-01 22:30,86,47,39,0,0,0
2021-10-01 22:45,58,26,32,0,0,0
2021-10-01 23:00,57,16,41,0,0,0
2021-10-01 23:15,53,19,34,0,0,0
2021-10-01 23:30,74,23,51,0,0,0
2021-10-01 23:45,89,34,55,0,0,0
2021-10-02 00:00,57,29,28,0,0,0
2021-10-02 00:15,39,23,16,0,0,0
2021-10-02 00:30,71,43,28,0,0,0
2021-10-02 00:45,40,24,16,0,0,0
2021-10-02 01:00,36,23,13,0,0,0
2021-10-02 01:15,53,28,25,0,0,0
2021-10-02 01:30,33,11,22,0,0,0
2021-10-02 01:45,30,9,21,0,0,0
2021-10-02 02:00,43,14,29,0,0,0
2021-10-02 02:15,37,11,26,0,0,0
2021-10-02 02:30,27,3,24,0,0,0
2021-10-02 02:45,38,12,26,0,0,0
2021-10-02 03:00,23,5,18,0,0,0
2021-10-02 03:15,15,5,10,0,0,0
2021-10-02 03:30,33,7,26,0,0,0
2021-10-02 03:45,16,2,14,0,0,0
2021-10-02 04:00,41,5,36,0,0,0
2021-10-02 04:15,12,1,11,0,0,0
2021-10-02 04:30,14,2,12,0,0,0
2021-10-02 04:45,29,1,28,0,0,0
2021-10-02 05:00,16,3,13,0,0,0
2021-10-02 05:15,18,2,16,0,0,0
2021-10-02 05:30,15,3,12,0,0,0
2021-10-02 05:45,18,1,17,0,0,0
2021-10-02 06:00,24,4,20,0,0,0
2021-10-02 06:15,14,4,10,0,0,0
2021-10-02 06:30,14,3,11,0,0,0
2021-10-02 06:45,17,6,11,0,0,0
2021-10-02 07:00,10,5,5,0,0,0
2021-10-02 07:15,11,6,5,0,0,0
2021-10-02 07:30,27,8,19,0,0,0
2021-10-02 07:45,24,11,13,0,0,0
2021-10-02 08:00,20,9,11,0,0,0
2021-10-02 08:15,20,9,11,0,0,0
2021-10-02 08:30,30,11,19,0,0,0
2021-10-02 08:45,45,15,30,0,0,0
2021-10-02 09:00,37,12,25,0,0,0
2021-10-02 09:15,39,13,26,0,0,0
2021-10-02 09:30,56,14,42,0,0,0
2021-10-02 09:45,63,25,38,0,0,0
2021-10-02 10:00,52,19,33,0,0,0
2021-10-02 10:15,67,31,36,0,0,0
2021-10-02 10:30,69,25,44,0,0,0
2021-10-02 10:45,80,42,38,0,0,0
2021-10-02 11:00,75,34,41,0,0,0
2021-10-02 11:15,83,31,52,0,0,0
2021-10-02 11:30,76,40,36,0,0,0
2021-10-02 11:45,68,28,40,0,0,0
2021-10-02 12:00,95,42,53,0,0,0
2021-10-02 12:15,84,35,49,0,0,0
2021-10-02 12:30,99,45,54,0,0,0
2021-10-02 12:45,92,43,49,0,0,0
2021-10-02 13:00,107,40,67,0,0,0
2021-10-02 13:15,91,35,56,0,0,0
2021-10-02 13:30,92,46,46,0,0,0
2021-10-02 13:45,93,53,40,0,0,0
2021-10-02 14:00,114,57,57,0,0,0
2021-10-02 14:15,103,46,57,0,0,0
2021-10-02 14:30,95,37,58,0,0,0
2021-10-02 14:45,103,48,55,0,0,0
2021-10-02 15:00,117,48,69,0,0,0
2021-10-02 15:15,113,53,60,0,0,0
2021-10-02 15:30,131,59,72,0,0,0
2021-10-02 15:45,113,69,44,0,0,0
2021-10-02 16:00,120,72,48,0,0,0
2021-10-02 16:15,93,34,59,0,0,0
2021-10-02 16:30,91,38,53,0,0,0
2021-10-02 16:45,144,58,86,0,0,0
2021-10-02 17:00,89,49,40,0,0,0
2021-10-02 17:15,110,64,46,0,0,0
2021-10-02 17:30,73,35,38,0,0,0
2021-10-02 17:45,83,50,33,0,0,0
2021-10-02 18:00,116,54,62,0,0,0
2021-10-02 18:15,103,53,50,0,0,0
2021-10-02 18:30,89,39,50,0,0,0
2021-10-02 18:45,109,51,58,0,0,0
2021-10-02 19:00,80,31,49,0,0,0
2021-10-02 19:15,85,43,42,0,0,0
2021-10-02 19:30,90,48,42,0,0,0
2021-10-02 19:45,115,50,65,0,0,0
2021-10-02 20:00,107,55,52,0,0,0
2021-10-02 20:15,78,40,38,0,0,0
2021-10-02 20:30,87,36,51,0,0,0
2021-10-02 20:45,55,27,28,0,0,0
2021-10-02 21:00,53,27,26,0,0,0
2021-10-02 21:15,45,22,23,0,0,0
2021-10-02 21:30,47,22,25,0,0,0
2021-10-02 21:45,48,26,22,0,0,0
2021-10-02 22:00,43,21,22,0,0,0
2021-10-02 22:15,58,22,36,0,0,0
2021-10-02 22:30,50,23,27,0,0,0
2021-10-02 22:45,47,23,24,0,0,0
2021-10-02 23:00,43,24,19,0,0,0
2021-10-02 23:15,53,36,17,0,0,0
2021-10-02 23:30,48,21,27,0,0,0
2021-10-02 23:45,70,27,43,0,0,0
2021-10-03 00:00,55,27,28,0,0,0
2021-10-03 00:15,64,29,35,0,0,0
2021-10-03 00:30,50,21,29,0,0,0
2021-10-03 00:45,46,18,28,0,0,0
2021-10-03 01:00,57,20,37,0,0,0
2021-10-03 01:15,36,22,14,0,0,0
2021-10-03 01:30,40,23,17,0,0,0
2021-10-03 01:45,24,10,14,0,0,0
2021-10-03 02:00,40,15,25,0,0,0
2021-10-03 02:15,42,13,29,0,0,0
2021-10-03 02:30,23,2,21,0,0,0
2021-10-03 02:45,18,6,12,0,0,0
2021-10-03 03:00,22,6,16,0,0,0
2021-10-03 03:15,26,9,17,0,0,0
2021-10-03 03:30,13,6,7,0,0,0
2021-10-03 03:45,31,9,22,0,0,0
2021-10-03 04:00,25,6,19,0,0,0
2021-10-03 04:15,24,1,23,0,0,0
2021-10-03 04:30,19,2,17,0,0,0
2021-10-03 04:45,25,2,23,0,0,0
2021-10-03 05:00,7,2,5,0,0,0
2021-10-03 05:15,20,0,20,0,0,0
2021-10-03 05:30,21,2,19,0,0,0
2021-10-03 05:45,7,0,7,0,0,0
2021-10-03 06:00,14,6,8,0,0,0
2021-10-03 06:15,8,5,3,0,0,0
2021-10-03 06:30,10,3,7,0,0,0
2021-10-03 06:45,11,2,9,0,0,0
2021-10-03 07:00,6,5,1,0,0,0
2021-10-03 07:15,15,2,13,0,0,0
2021-10-03 07:30,20,5,15,0,0,0
2021-10-03 07:45,21,5,16,0,0,0
2021-10-03 08:00,16,5,11,0,0,0
2021-10-03 08:15,23,3,20,0,0,0
2021-10-03 08:30,18,4,14,0,0,0
2021-10-03 08:45,28,10,18,0,0,0
2021-10-03 09:00,38,8,30,0,0,0
2021-10-03 09:15,21,6,15,0,0,0
2021-10-03 09:30,29,14,15,0,0,0
2021-10-03 09:45,24,10,14,0,0,0
2021-10-03 10:00,26,12,14,0,0,0
2021-10-03 10:15,23,9,14,0,0,0
2021-10-03 10:30,38,19,19,0,0,0
2021-10-03 10:45,40,15,25,0,0,0
2021-10-03 11:00,28,9,19,0,0,0
2021-10-03 11:15,39,17,22,0,0,0
2021-10-03 11:30,38,12,26,0,0,0
2021-10-03 11:45,55,23,32,0,0,0
2021-10-03 12:00,44,26,18,0,0,0
2021-10-03 12:15,66,31,35,0,0,0
2021-10-03 12:30,40,14,26,0,0,0
2021-10-03 12:45,46,16,30,0,0,0
2021-10-03 13:00,49,18,31,0,0,0
2021-10-03 13:15,49,23,26,0,0,0
2021-10-03 13:30,35,14,21,0,0,0
2021-10-03 13:45,61,29,32,0,0,0
2021-10-03 14:00,59,21,38,0,0,0
2021-10-03 14:15,72,30,42,0,0,0
2021-10-03 14:30,53,23,30,0,0,0
2021-10-03 14:45,51,14,37,0,0,0
2021-10-03 15:00,51,29,22,0,0,0
2021-10-03 15:15,36,16,20,0,0,0
2021-10-03 15:30,62,30,32,0,0,0
2021-10-03 15:45,76,31,45,0,0,0
2021-10-03 16:00,73,27,46,0,0,0
2021-10-03 16:15,65,36,29,0,0,0
2021-10-03 16:30,46,19,27,0,0,0
2021-10-03 16:45,64,28,36,0,0,0
2021-10-03 17:00,47,18,29,0,0,0
2021-10-03 17:15,58,28,30,0,0,0
2021-10-03 17:30,60,28,32,0,0,0
2021-10-03 17:45,89,41,48,0,0,0
2021-10-03 18:00,79,36,43,0,0,0
2021-10-03 18:15,49,21,28,0,0,0
2021-10-03 18:30,71,27,44,0,0,0
2021-10-03 18:45,59,29,30,0,0,0
2021-10-03 19:00,71,25,46,0,0,0
2021-10-03 19:15,57,27,30,0,0,0
2021-10-03 19:30,72,26,46,0,0,0
2021-10-03 19:45,88,31,57,0,0,0
2021-10-03 20:00,54,25,29,0,0,0
2021-10-03 20:15,63,25,38,0,0,0
2021-10-03 20:30,43,10,33,0,0,0
2021-10-03 20:45,38,11,27,0,0,0
2021-10-03 21:00,33,8,25,0,0,0
2021-10-03 21:15,33,14,19,0,0,0
2021-10-03 21:30,28,12,16,0,0,0
2021-10-03 21:45,29,14,15,0,0,0
2021-10-03 22:00,32,9,23,0,0,0
2021-10-03 22:15,28,7,21,0,0,0
2021-10-03 22:30,27,6,21,0,0,0
2021-10-03 22:45,17,5,12,0,0,0
2021-10-03 23:00,17,6,11,0,0,0
2021-10-03 23:15,24,4,20,0,0,0
2021-10-03 23:30,34,9,25,0,0,0
2021-10-03 23:45,16,1,15,0,0,0
2021-10-04 00:00,10,3,7,0,0,0
2021-10-04 00:15,10,1,9,0,0,0
2021-10-04 00:30,4,1,3,0,0,0
2021-10-04 00:45,8,1,7,0,0,0
2021-10-04 01:00,5,2,3,0,0,0
2021-10-04 01:15,2,1,1,0,0,0
2021-10-04 01:30,5,1,4,0,0,0
2021-10-04 01:45,8,0,8,0,0,0
2021-10-04 02:00,1,0,1,0,0,0
2021-10-04 02:15,1,1,0,0,0,0
2021-10-04 02:30,0,0,0,0,0,0
2021-10-04 02:45,2,0,2,0,0,0
2021-10-04 03:00,1,0,1,0,0,0
2021-10-04 03:15,4,4,0,0,0,0
2021-10-04 03:30,4,0,4,0,0,0
2021-10-04 03:45,1,0,1,0,0,0
2021-10-04 04:00,1,1,0,0,0,0
2021-10-04 04:15,3,0,3,0,0,0
2021-10-04 04:30,5,0,5,0,0,0
2021-10-04 04:45,2,1,1,0,0,0
2021-10-04 05:00,5,1,4,0,0,0
2021-10-04 05:15,8,7,1,0,0,0
2021-10-04 05:30,19,13,6,0,0,0
2021-10-04 05:45,23,10,13,0,0,0
2021-10-04 06:00,27,11,16,0,0,0
2021-10-04 06:15,40,13,27,0,0,0
2021-10-04 06:30,52,28,24,0,0,0
2021-10-04 06:45,80,41,39,0,0,0
2021-10-04 07:00,105,55,50,0,0,0
2021-10-04 07:15,90,52,38,0,0,0
2021-10-04 07:30,148,70,78,0,0,0
2021-10-04 07:45,219,112,107,0,0,0
2021-10-04 08:00,169,85,84,0,0,0
2021-10-04 08:15,146,80,66,0,0,0
2021-10-04 08:30,150,74,76,0,0,0
2021-10-04 08:45,136,52,84,0,0,0
2021-10-04 09:00,134,58,76,0,0,0
2021-10-04 09:15,98,30,68,0,0,0
2021-10-04 09:30,113,40,73,0,0,0
2021-10-04 09:45,127,61,66,0,0,0
2021-10-04 10:00,89,40,49,0,0,0
2021-10-04 10:15,85,32,53,0,0,0
2021-10-04 10:30,101,43,58,0,0,0
2021-10-04 10:45,96,45,51,0,0,0
2021-10-04 11:00,95,43,52,0,0,0
2021-10-04 11:15,112,47,65,0,0,0
2021-10-04 11:30,94,33,61,0,0,0
2021-10-04 11:45,116,50,66,0,0,0
2021-10-04 12:00,123,53,70,0,0,0
2021-10-04 12:15,132,59,73,0,0,0
2021-10-04 12:30,125,48,77,0,0,0
2021-10-04 12:45,118,51,67,0,0,0
2021-10-04 13:00,110,42,68,0,0,0
2021-10-04 13:15,129,59,70,0,0,0
2021-10-04 13:30,125,71,54,0,0,0
2021-10-04 13:45,131,62,69,0,0,0
2021-10-04 14:00,137,67,70,0,0,0
2021-10-04 14:15,146,75,71,0,0,0
2021-10-04 14:30,143,80,63,0,0,0
2021-10-04 14:45,148,61,87,0,0,0
2021-10-04 15:00,129,50,79,0,0,0
2021-10-04 15:15,103,54,49,0,0,0
2021-10-04 15:30,140,66,74,0,0,0
2021-10-04 15:45,136,61,75,0,0,0
2021-10-04 16:00,128,74,54,0,0,0
2021-10-04 16:15,150,62,88,0,0,0
2021-10-04 16:30,184,84,100,0,0,0
2021-10-04 16:45,154,79,75,0,0,0
2021-10-04 17:00,179,81,98,0,0,0
2021-10-04 17:15,187,77,110,0,0,0
2021-10-04 17:30,145,72,73,0,0,0
2021-10-04 17:45,179,81,98,0,0,0
2021-10-04 18:00,169,80,89,0,0,0
2021-10-04 18:15,147,79,68,0,0,0
2021-10-04 18:30,145,73,72,0,0,0
2021-10-04 18:45,146,93,53,0,0,0
2021-10-04 19:00,136,75,61,0,0,0
2021-10-04 19:15,150,94,56,0,0,0
2021-10-04 19:30,160,87,73,0,0,0
2021-10-04 19:45,143,81,62,0,0,0
2021-10-04 20:00,106,50,56,0,0,0
2021-10-04 20:15,104,63,41,0,0,0
2021-10-04 20:30,79,35,44,0,0,0
2021-10-04 20:45,53,32,21,0,0,0
2021-10-04 21:00,64,36,28,0,0,0
2021-10-04 21:15,72,31,41,0,0,0
2021-10-04 21:30,40,21,19,0,0,0
2021-10-04 21:45,54,26,28,0,0,0
2021-10-04 22:00,48,28,20,0,0,0
2021-10-04 22:15,91,48,43,0,0,0
2021-10-04 22:30,79,38,41,0,0,0
2021-10-04 22:45,63,31,32,0,0,0
2021-10-04 23:00,77,28,49,0,0,0
2021-10-04 23:15,39,22,17,0,0,0
2021-10-04 23:30,65,24,41,0,0,0
2021-10-04 23:45,65,29,36,0,0,0
2021-10-05 00:00,46,12,34,0,0,0
2021-10-05 00:15,41,7,34,0,0,0
2021-10-05 00:30,13,5,8,0,0,0
2021-10-05 00:45,22,8,14,0,0,0
2021-10-05 01:00,20,4,16,0,0,0
2021-10-05 01:15,23,6,17,0,0,0
2021-10-05 01:30,20,6,14,0,0,0
2021-10-05 01:45,26,6,20,0,0,0
2021-10-05 02:00,19,1,18,0,0,0
2021-10-05 02:15,29,1,28,0,0,0
2021-10-05 02:30,11,1,10,0,0,0
2021-10-05 02:45,31,3,28,0,0,0
2021-10-05 03:00,18,2,16,0,0,0
2021-10-05 03:15,18,3,15,0,0,0
2021-10-05 03:30,11,1,10,0,0,0
2021-10-05 03:45,12,3,9,0,0,0
2021-10-05 04:00,13,4,9,0,0,0
2021-10-05 04:15,15,1,14,0,0,0
2021-10-05 04:30,11,0,11,0,0,0
2021-10-05 04:45,9,3,6,0,0,0
2021-10-05 05:00,4,2,2,0,0,0
2021-10-05 05:15,9,6,3,0,0,0
2021-10-05 05:30,23,9,14,0,0,0
2021-10-05 05:45,23,13,10,0,0,0
2021-10-05 06:00,22,10,12,0,0,0
2021-10-05 06:15,38,17,21,0,0,0
2021-10-05 06:30,38,20,18,0,0,0
2021-10-05 06:45,88,45,43,0,0,0
2021-10-05 07:00,114,64,50,0,0,0
2021-10-05 07:15,110,52,58,0,0,0
2021-10-05 07:30,128,64,64,0,0,0
2021-10-05 07:45,190,91,99,0,0,0
2021-10-05 08:00,148,70,78,0,0,0
2021-10-05 08:15,161,90,71,0,0,0
2021-10-05 08:30,145,75,70,0,0,0
2021-10-05 08:45,152,89,63,0,0,0
2021-10-05 09:00,95,41,54,0,0,0
2021-10-05 09:15,100,40,60,0,0,0
2021-10-05 09:30,109,50,59,0,0,0
2021-10-05 09:45,104,34,70,0,0,0
2021-10-05 10:00,87,39,48,0,0,0
2021-10-05 10:15,89,31,58,0,0,0
2021-10-05 10:30,96,38,58,0,0,0
2021-10-05 10:45,97,38,59,0,0,0
2021-10-05 11:00,99,34,65,0,0,0
2021-10-05 11:15,99,44,55,0,0,0
2021-10-05 11:30,107,43,64,0,0,0
2021-10-05 11:45,148,81,67,0,0,0
2021-10-05 12:00,117,66,51,0,0,0
2021-10-05 12:15,144,61,83,0,0,0
2021-10-05 12:30,130,63,67,0,0,0
2021-10-05 12:45,141,74,67,0,0,0
2021-10-05 13:00,164,85,79,0,0,0
2021-10-05 13:15,137,61,76,0,0,0
2021-10-05 13:30,147,73,74,0,0,0
2021-10-05 13:45,152,73,79,0,0,0
2021-10-05 14:00,131,69,62,0,0,0
2021-10-05 14:15,129,62,67,0,0,0
2021-10-05 14:30,166,90,76,0,0,0
2021-10-05 14:45,163,66,97,0,0,0
2021-10-05 15:00,165,83,82,0,0,0
2021-10-05 15:15,152,73,79,0,0,0
2021-10-05 15:30,180,93,87,0,0,0
2021-10-05 15:45,152,70,82,0,0,0
2021-10-05 16:00,190,98,92,0,0,0
2021-10-05 16:15,185,85,100,0,0,0
2021-10-05 16:30,150,65,85,0,0,0
2021-10-05 16:45,197,99,98,0,0,0
2021-10-05 17:00,206,95,111,0,0,0
2021-10-05 17:15,197,83,114,0,0,0
2021-10-05 17:30,199,71,128,0,0,0
2021-10-05 17:45,167,80,87,0,0,0
2021-10-05 18:00,158,61,97,0,0,0
2021-10-05 18:15,130,73,57,0,0,0
2021-10-05 18:30,124,55,69,0,0,0
2021-10-05 18:45,140,70,70,0,0,0
2021-10-05 19:00,142,65,77,0,0,0
2021-10-05 19:15,120,61,59,0,0,0
2021-10-05 19:30,102,42,60,0,0,0
2021-10-05 19:45,121,58,63,0,0,0
2021-10-05 20:00,127,81,46,0,0,0
2021-10-05 20:15,111,59,52,0,0,0
2021-10-05 20:30,72,40,32,0,0,0
2021-10-05 20:45,66,28,38,0,0,0
2021-10-05 21:00,66,34,32,0,0,0
2021-10-05 21:15,53,16,37,0,0,0
2021-10-05 21:30,50,29,21,0,0,0
2021-10-05 21:45,46,24,22,0,0,0
2021-10-05 22:00,58,36,22,0,0,0
2021-10-05 22:15,65,30,35,0,0,0
2021-10-05 22:30,71,45,26,0,0,0
2021-10-05 22:45,81,44,37,0,0,0
2021-10-05 23:00,61,37,24,0,0,0
2021-10-05 23:15,43,21,22,0,0,0
2021-10-05 23:30,68,16,52,0,0,0
2021-10-05 23:45,57,27,30,0,0,0
2021-10-06 00:00,44,21,23,0,0,0
2021-10-06 00:15,25,16,9,0,0,0
2021-10-06 00:30,26,11,15,0,0,0
2021-10-06 00:45,37,8,29,0,0,0
2021-10-06 01:00,25,7,18,0,0,0
2021-10-06 01:15,36,12,24,0,0,0
2021-10-06 01:30,25,6,19,0,0,0
2021-10-06 01:45,21,4,17,0,0,0
2021-10-06 02:00,42,0,42,0,0,0
2021-10-06 02:15,51,3,48,0,0,0
2021-10-06 02:30,49,6,43,0,0,0
2021-10-06 02:45,30,1,29,0,0,0
2021-10-06 03:00,32,2,30,0,0,0
2021-10-06 03:15,47,3,44,0,0,0
2021-10-06 03:30,27,1,26,0,0,0
2021-10-06 03:45,16,1,15,0,0,0
2021-10-06 04:00,15,2,13,0,0,0
2021-10-06 04:15,18,2,16,0,0,0
2021-10-06 04:30,19,2,17,0,0,0
2021-10-06 04:45,12,0,12,0,0,0
2021-10-06 05:00,9,3,6,0,0,0
2021-10-06 05:15,11,4,7,0,0,0
2021-10-06 05:30,16,5,11,0,0,0
2021-10-06 05:45,17,9,8,0,0,0
2021-10-06 06:00,31,14,17,0,0,0
2021-10-06 06:15,39,14,25,0,0,0
2021-10-06 06:30,51,20,31,0,0,0
2021-10-06 06:45,83,45,38,0,0,0
2021-10-06 07:00,86,49,37,0,0,0
2021-10-06 07:15,95,44,51,0,0,0
2021-10-06 07:30,125,70,55,0,0,0
2021-10-06 07:45,174,93,81,0,0,0
2021-10-06 08:00,144,61,83,0,0,0
2021-10-06 08:15,128,56,72,0,0,0
2021-10-06 08:30,116,63,53,0,0,0
2021-10-06 08:45,135,54,81,0,0,0
2021-10-06 09:00,97,30,67,0,0,0
2021-10-06 09:15,80,22,58,0,0,0
2021-10-06 09:30,67,23,44,0,0,0
2021-10-06 09:45,72,23,49,0,0,0
2021-10-06 10:00,87,36,51,0,0,0
2021-10-06 10:15,71,25,46,0,0,0
2021-10-06 10:30,85,38,47,0,0,0
2021-10-06 10:45,92,42,50,0,0,0
2021-10-06 11:00,85,35,50,0,0,0
2021-10-06 11:15,101,40,61,0,0,0
2021-10-06 11:30,92,37,55,0,0,0
2021-10-06 11:45,89,49,40,0,0,0
2021-10-06 12:00,97,48,49,0,0,0
2021-10-06 12:15,118,43,75,0,0,0
2021-10-06 12:30,113,60,53,0,0,0
2021-10-06 12:45,117,49,68,0,0,0
2021-10-06 13:00,117,41,76,0,0,0
2021-10-06 13:15,137,54,83,0,0,0
2021-10-06 13:30,107,66,41,0,0,0
2021-10-06 13:45,114,64,50,0,0,0
2021-10-06 14:00,119,51,68,0,0,0
2021-10-06 14:15,90,37,53,0,0,0
2021-10-06 14:30,126,60,66,0,0,0
2021-10-06 14:45,126,60,66,0,0,0
2021-10-06 15:00,125,59,66,0,0,0
2021-10-06 15:15,118,49,69,0,0,0
2021-10-06 15:30,115,51,64,0,0,0
2021-10-06 15:45,108,48,60,0,0,0
2021-10-06 16:00,159,78,81,0,0,0
2021-10-06 16:15,154,70,84,0,0,0
2021-10-06 16:30,142,70,72,0,0,0
2021-10-06 16:45,166,83,83,0,0,0
2021-10-06 17:00,168,51,117,0,0,0
2021-10-06 17:15,162,61,101,0,0,0
2021-10-06 17:30,142,55,87,0,0,0
2021-10-06 17:45,177,86,91,0,0,0
2021-10-06 18:00,176,92,84,0,0,0
2021-10-06 18:15,122,50,72,0,0,0
2021-10-06 18:30,113,40,73,0,0,0
2021-10-06 18:45,109,53,56,0,0,0
2021-10-06 19:00,90,36,54,0,0,0
2021-10-06 19:15,69,37,32,0,0,0
2021-10-06 19:30,88,39,49,0,0,0
2021-10-06 19:45,100,49,51,0,0,0
2021-10-06 20:00,97,39,58,0,0,0
2021-10-06 20:15,86,42,44,0,0,0
2021-10-06 20:30,71,34,37,0,0,0
2021-10-06 20:45,73,41,32,0,0,0
2021-10-06 21:00,81,43,38,0,0,0
2021-10-06 21:15,54,24,30,0,0,0
2021-10-06 21:30,61,25,36,0,0,0
2021-10-06 21:45,69,37,32,0,0,0
2021-10-06 22:00,69,37,32,0,0,0
2021-10-06 22:15,63,36,27,0,0,0
2021-10-06 22:30,101,54,47,0,0,0
2021-10-06 22:45,60,30,30,0,0,0
2021-10-06 23:00,46,25,21,0,0,0
2021-10-06 23:15,78,42,36,0,0,0
2021-10-06 23:30,70,34,36,0,0,0
2021-10-06 23:45,77,34,43,0,0,0
2021-10-07 00:00,28,13,15,0,0,0
2021-10-07 00:15,57,33,24,0,0,0
2021-10-07 00:30,38,25,13,0,0,0
2021-10-07 00:45,22,12,10,0,0,0
2021-10-07 01:00,29,5,24,0,0,0
2021-10-07 01:15,24,8,16,0,0,0
2021-10-07 01:30,35,7,28,0,0,0
2021-10-07 01:45,35,11,24,0,0,0
2021-10-07 02:00,30,4,26,0,0,0
2021-10-07 02:15,22,6,16,0,0,0
2021-10-07 02:30,42,4,38,0,0,0
2021-10-07 02:45,32,3,29,0,0,0
2021-10-07 03:00,46,2,44,0,0,0
2021-10-07 03:15,43,2,41,0,0,0
2021-10-07 03:30,55,4,51,0,0,0
2021-10-07 03:45,26,2,24,0,0,0
2021-10-07 04:00,22,0,22,0,0,0
2021-10-07 04:15,26,0,26,0,0,0
2021-10-07 04:30,22,1,21,0,0,0
2021-10-07 04:45,21,2,19,0,0,0
2021-10-07 05:00,15,2,13,0,0,0
2021-10-07 05:15,5,3,2,0,0,0
2021-10-07 05:30,19,9,10,0,0,0
2021-10-07 05:45,22,14,8,0,0,0
2021-10-07 06:00,28,13,15,0,0,0
2021-10-07 06:15,33,12,21,0,0,0
2021-10-07 06:30,53,21,32,0,0,0
2021-10-07 06:45,72,39,33,0,0,0
2021-10-07 07:00,89,50,39,0,0,0
2021-10-07 07:15,103,50,53,0,0,0
2021-10-07 07:30,123,59,64,0,0,0
2021-10-07 07:45,185,85,100,0,0,0
2021-10-07 08:00,186,80,106,0,0,0
2021-10-07 08:15,141,78,63,0,0,0
2021-10-07 08:30,131,56,75,0,0,0
2021-10-07 08:45,178,85,93,0,0,0
2021-10-07 09:00,92,43,49,0,0,0
2021-10-07 09:15,99,43,56,0,0,0
2021-10-07 09:30,112,36,76,0,0,0
2021-10-07 09:45,99,47,52,0,0,0
2021-10-07 10:00,121,60,61,0,0,0
2021-10-07 10:15,64,25,39,0,0,0
2021-10-07 10:30,73,34,39,0,0,0
2021-10-07 10:45,96,45,51,0,0,0
2021-10-07 11:00,99,44,55,0,0,0
2021-10-07 11:15,98,39,59,0,0,0
2021-10-07 11:30,106,42,64,0,0,0
2021-10-07 11:45,122,50,72,0,0,0
2021-10-07 12:00,105,45,60,0,0,0
2021-10-07 12:15,123,53,70,0,0,0
2021-10-07 12:30,101,48,53,0,0,0
2021-10-07 12:45,144,75,69,0,0,0
2021-10-07 13:00,176,88,88,0,0,0
2021-10-07 13:15,142,69,73,0,0,0
2021-10-07 13:30,124,66,58,0,0,0
2021-10-07 13:45,116,57,59,0,0,0
2021-10-07 14:00,138,78,60,0,0,0
2021-10-07 14:15,143,75,68,0,0,0
2021-10-07 14:30,125,51,74,0,0,0
2021-10-07 14:45,137,63,74,0,0,0
2021-10-07 15:00,160,74,86,0,0,0
2021-10-07 15:15,138,78,60,0,0,0
2021-10-07 15:30,151,75,76,0,0,0
2021-10-07 15:45,188,105,83,0,0,0
2021-10-07 16:00,134,73,61,0,0,0
2021-10-07 16:15,181,87,94,0,0,0
2021-10-07 16:30,173,72,101,0,0,0
2021-10-07 16:45,184,82,102,0,0,0
2021-10-07 17:00,156,72,84,0,0,0
2021-10-07 17:15,196,98,98,0,0,0
2021-10-07 17:30,159,83,76,0,0,0
2021-10-07 17:45,181,78,103,0,0,0
2021-10-07 18:00,178,81,97,0,0,0
2021-10-07 18:15,146,74,72,0,0,0
2021-10-07 18:30,143,72,71,0,0,0
2021-10-07 18:45,179,90,89,0,0,0
2021-10-07 19:00,142,84,58,0,0,0
2021-10-07 19:15,143,70,73,0,0,0
2021-10-07 19:30,134,75,59,0,0,0
2021-10-07 19:45,154,92,62,0,0,0
2021-10-07 20:00,110,60,50,0,0,0
2021-10-07 20:15,104,54,50,0,0,0
2021-10-07 20:30,115,63,52,0,0,0
2021-10-07 20:45,92,54,38,0,0,0
2021-10-07 21:00,79,47,32,0,0,0
2021-10-07 21:15,89,52,37,0,0,0
2021-10-07 21:30,74,39,35,0,0,0
2021-10-07 21:45,73,49,24,0,0,0
2021-10-07 22:00,80,39,41,0,0,0
2021-10-07 22:15,60,24,36,0,0,0
2021-10-07 22:30,72,39,33,0,0,0
2021-10-07 22:45,70,24,46,0,0,0
2021-10-07 23:00,67,42,25,0,0,0
2021-10-07 23:15,39,16,23,0,0,0
2021-10-07 23:30,98,38,60,0,0,0
2021-10-07 23:45,71,23,48,0,0,0
2021-10-08 00:00,46,23,23,0,0,0
2021-10-08 00:15,30,13,17,0,0,0
2021-10-08 00:30,26,9,17,0,0,0
2021-10-08 00:45,38,24,14,0,0,0
2021-10-08 01:00,14,2,12,0,0,0
2021-10-08 01:15,20,10,10,0,0,0
2021-10-08 01:30,15,3,12,0,0,0
2021-10-08 01:45,21,4,17,0,0,0
2021-10-08 02:00,40,8,32,0,0,0
2021-10-08 02:15,27,5,22,0,0,0
2021-10-08 02:30,16,3,13,0,0,0
2021-10-08 02:45,32,4,28,0,0,0
2021-10-08 03:00,34,5,29,0,0,0
2021-10-08 03:15,15,3,12,0,0,0
2021-10-08 03:30,31,1,30,0,0,0
2021-10-08 03:45,15,0,15,0,0,0
2021-10-08 04:00,16,3,13,0,0,0
2021-10-08 04:15,15,0,15,0,0,0
2021-10-08 04:30,21,1,20,0,0,0
2021-10-08 04:45,30,5,25,0,0,0
2021-10-08 05:00,5,1,4,0,0,0
2021-10-08 05:15,28,10,18,0,0,0
2021-10-08 05:30,17,5,12,0,0,0
2021-10-08 05:45,23,10,13,0,0,0
2021-10-08 06:00,19,10,9,0,0,0
2021-10-08 06:15,19,5,14,0,0,0
2021-10-08 06:30,45,19,26,0,0,0
2021-10-08 06:45,81,46,35,0,0,0
2021-10-08 07:00,89,38,51,0,0,0
2021-10-08 07:15,92,45,47,0,0,0
2021-10-08 07:30,102,51,51,0,0,0
2021-10-08 07:45,159,75,84,0,0,0
2021-10-08 08:00,129,62,67,0,0,0
2021-10-08 08:15,105,61,44,0,0,0
2021-10-08 08:30,114,55,59,0,0,0
2021-10-08 08:45,119,53,66,0,0,0
2021-10-08 09:00,106,45,61,0,0,0
2021-10-08 09:15,84,30,54,0,0,0
2021-10-08 09:30,90,42,48,0,0,0
2021-10-08 09:45,102,50,52,0,0,0
2021-10-08 10:00,91,43,48,0,0,0
2021-10-08 10:15,86,36,50,0,0,0
2021-10-08 10:30,97,43,54,0,0,0
2021-10-08 10:45,116,51,65,0,0,0
2021-10-08 11:00,121,52,69,0,0,0
2021-10-08 11:15,112,47,65,0,0,0
2021-10-08 11:30,103,45,58,0,0,0
2021-10-08 11:45,130,42,88,0,0,0
2021-10-08 12:00,119,54,65,0,0,0
2021-10-08 12:15,130,50,80,0,0,0
2021-10-08 12:30,115,52,63,0,0,0
2021-10-08 12:45,125,56,69,0,0,0
2021-10-08 13:00,155,76,79,0,0,0
2021-10-08 13:15,121,45,76,0,0,0
2021-10-08 13:30,153,66,87,0,0,0
2021-10-08 13:45,155,62,93,0,0,0
2021-10-08 14:00,164,76,88,0,0,0
2021-10-08 14:15,173,83,90,0,0,0
2021-10-08 14:30,140,76,64,0,0,0
2021-10-08 14:45,139,59,80,0,0,0
2021-10-08 15:00,134,49,85,0,0,0
2021-10-08 15:15,154,84,70,0,0,0
2021-10-08 15:30,116,49,67,0,0,0
2021-10-08 15:45,173,111,62,0,0,0
2021-10-08 16:00,148,72,76,0,0,0
2021-10-08 16:15,162,69,93,0,0,0
2021-10-08 16:30,167,78,89,0,0,0
2021-10-08 16:45,146,70,76,0,0,0
2021-10-08 17:00,142,54,88,0,0,0
2021-10-08 17:15,158,73,85,0,0,0
2021-10-08 17:30,158,81,77,0,0,0
2021-10-08 17:45,177,101,76,0,0,0
2021-10-08 18:00,132,55,77,0,0,0
2021-10-08 18:15,150,97,53,0,0,0
2021-10-08 18:30,147,67,80,0,0,0
2021-10-08 18:45,151,84,67,0,0,0
2021-10-08 19:00,140,74,66,0,0,0
2021-10-08 19:15,148,80,68,0,0,0
2021-10-08 19:30,154,86,68,0,0,0
2021-10-08 19:45,140,70,70,0,0,0
2021-10-08 20:00,134,81,53,0,0,0
2021-10-08 20:15,120,60,60,0,0,0
2021-10-08 20:30,107,53,54,0,0,0
2021-10-08 20:45,83,53,30,0,0,0
2021-10-08 21:00,68,43,25,0,0,0
2021-10-08 21:15,69,35,34,0,0,0
2021-10-08 21:30,71,29,42,0,0,0
2021-10-08 21:45,88,49,39,0,0,0
2021-10-08 22:00,99,69,30,0,0,0
2021-10-08 22:15,68,26,42,0,0,0
2021-10-08 22:30,99,58,41,0,0,0
2021-10-08 22:45,119,54,65,0,0,0
2021-10-08 23:00,82,44,38,0,0,0
2021-10-08 23:15,93,53,40,0,0,0
2021-10-08 23:30,80,38,42,0,0,0
2021-10-08 23:45,87,36,51,0,0,0
2021-10-09 00:00,89,65,24,0,0,0
2021-10-09 00:15,69,28,41,0,0,0
2021-10-09 00:30,48,25,23,0,0,0
2021-10-09 00:45,83,42,41,0,0,0
2021-10-09 01:00,48,25,23,0,0,0
2021-10-09 01:15,44,17,27,0,0,0
2021-10-09 01:30,31,16,15,0,0,0
2021-10-09 01:45,47,14,33,0,0,0
2021-10-09 02:00,47,9,38,0,0,0
2021-10-09 02:15,44,15,29,0,0,0
2021-10-09 02:30,33,13,20,0,0,0
2021-10-09 02:45,29,7,22,0,0,0
2021-10-09 03:00,39,8,31,0,0,0
2021-10-09 03:15,39,4,35,0,0,0
2021-10-09 03:30,34,12,22,0,0,0
2021-10-09 03:45,24,6,18,0,0,0
2021-10-09 04:00,30,5,25,0,0,0
2021-10-09 04:15,33,2,31,0,0,0
2021-10-09 04:30,41,5,36,0,0,0
2021-10-09 04:45,35,3,32,0,0,0
2021-10-09 05:00,22,0,22,0,0,0
2021-10-09 05:15,24,2,22,0,0,0
2021-10-09 05:30,26,7,19,0,0,0
2021-10-09 05:45,25,6,19,0,0,0
2021-10-09 06:00,16,4,12,0,0,0
2021-10-09 06:15,27,5,22,0,0,0
2021-10-09 06:30,10,3,7,0,0,0
2021-10-09 06:45,20,4,16,0,0,0
2021-10-09 07:00,18,5,13,0,0,0
2021-10-09 07:15,13,2,11,0,0,0
2021-10-09 07:30,32,10,22,0,0,0
2021-10-09 07:45,24,8,16,0,0,0
2021-10-09 08:00,33,16,17,0,0,0
2021-10-09 08:15,33,9,24,0,0,0
2021-10-09 08:30,34,11,23,0,0,0
2021-10-09 08:45,58,30,28,0,0,0
2021-10-09 09:00,52,20,32,0,0,0
2021-10-09 09:15,54,20,34,0,0,0
2021-10-09 09:30,45,8,37,0,0,0
2021-10-09 09:45,76,24,52,0,0,0
2021-10-09 10:00,72,23,49,0,0,0
2021-10-09 10:15,88,25,63,0,0,0
2021-10-09 10:30,75,36,39,0,0,0
2021-10-09 10:45,62,30,32,0,0,0
2021-10-09 11:00,66,30,36,0,0,0
2021-10-09 11:15,104,49,55,0,0,0
2021-10-09 11:30,78,23,55,0,0,0
2021-10-09 11:45,108,50,58,0,0,0
2021-10-09 12:00,128,57,71,0,0,0
2021-10-09 12:15,109,38,71,0,0,0
2021-10-09 12:30,100,45,55,0,0,0
2021-10-09 12:45,115,46,69,0,0,0
2021-10-09 13:00,107,55,52,0,0,0
2021-10-09 13:15,124,60,64,0,0,0
2021-10-09 13:30,132,60,72,0,0,0
2021-10-09 13:45,105,55,50,0,0,0
2021-10-09 14:00,114,65,49,0,0,0
2021-10-09 14:15,131,76,55,0,0,0
2021-10-09 14:30,129,73,56,0,0,0
2021-10-09 14:45,144,74,70,0,0,0
2021-10-09 15:00,150,70,80,0,0,0
2021-10-09 15:15,124,62,62,0,0,0
2021-10-09 15:30,114,58,56,0,0,0
2021-10-09 15:45,98,52,46,0,0,0
2021-10-09 16:00,140,71,69,0,0,0
2021-10-09 16:15,135,67,68,0,0,0
2021-10-09 16:30,118,54,64,0,0,0
2021-10-09 16:45,105,52,53,0,0,0
2021-10-09 17:00,117,59,58,0,0,0
2021-10-09 17:15,120,66,54,0,0,0
2021-10-09 17:30,111,59,52,0,0,0
2021-10-09 17:45,116,72,44,0,0,0
2021-10-09 18:00,135,54,81,0,0,0
2021-10-09 18:15,118,52,66,0,0,0
2021-10-09 18:30,104,48,56,0,0,0
2021-10-09 18:45,129,74,55,0,0,0
2021-10-09 19:00,99,55,44,0,0,0
2021-10-09 19:15,90,51,39,0,0,0
2021-10-09 19:30,119,56,63,0,0,0
2021-10-09 19:45,105,36,69,0,0,0
2021-10-09 20:00,102,46,56,0,0,0
2021-10-09 20:15,85,47,38,0,0,0
2021-10-09 20:30,85,37,48,0,0,0
2021-10-09 20:45,81,48,33,0,0,0
2021-10-09 21:00,72,32,40,0,0,0
2021-10-09 21:15,72,38,34,0,0,0
2021-10-09 21:30,55,27,28,0,0,0
2021-10-09 21:45,65,23,42,0,0,0
2021-10-09 22:00,44,22,22,0,0,0
2021-10-09 22:15,87,32,55,0,0,0
2021-10-09 22:30,63,23,40,0,0,0
2021-10-09 22:45,61,21,40,0,0,0
2021-10-09 23:00,49,15,34,0,0,0
2021-10-09 23:15,60,24,36,0,0,0
2021-10-09 23:30,93,45,48,0,0,0
2021-10-09 23:45,69,25,44,0,0,0
2021-10-10 00:00,50,20,30,0,0,0
2021-10-10 00:15,66,25,41,0,0,0
2021-10-10 00:30,61,30,31,0,0,0
2021-10-10 00:45,34,12,22,0,0,0
2021-10-10 01:00,31,17,14,0,0,0
2021-10-10 01:15,34,15,19,0,0,0
2021-10-10 01:30,33,18,15,0,0,0
2021-10-10 01:45,45,13,32,0,0,0
2021-10-10 02:00,37,16,21,0,0,0
2021-10-10 02:15,23,12,11,0,0,0
2021-10-10 02:30,29,12,17,0,0,0
2021-10-10 02:45,38,9,29,0,0,0
2021-10-10 03:00,15,4,11,0,0,0
2021-10-10 03:15,22,12,10,0,0,0
2021-10-10 03:30,20,8,12,0,0,0
2021-10-10 03:45,30,7,23,0,0,0
2021-10-10 04:00,27,8,19,0,0,0
2021-10-10 04:15,23,2,21,0,0,0
2021-10-10 04:30,19,1,18,0,0,0
2021-10-10 04:45,19,4,15,0,0,0
2021-10-10 05:00,6,0,6,0,0,0
2021-10-10 05:15,10,0,10,0,0,0
2021-10-10 05:30,14,1,13,0,0,0
2021-10-10 05:45,7,0,7,0,0,0
2021-10-10 06:00,12,3,9,0,0,0
2021-10-10 06:15,9,1,8,0,0,0
2021-10-10 06:30,16,2,14,0,0,0
2021-10-10 06:45,9,0,9,0,0,0
2021-10-10 07:00,8,2,6,0,0,0
2021-10-10 07:15,13,3,10,0,0,0
2021-10-10 07:30,12,4,8,0,0,0
2021-10-10 07:45,13,3,10,0,0,0
2021-10-10 08:00,10,1,9,0,0,0
2021-10-10 08:15,14,2,12,0,0,0
2021-10-10 08:30,9,2,7,0,0,0
2021-10-10 08:45,19,10,9,0,0,0
2021-10-10 09:00,24,9,15,0,0,0
2021-10-10 09:15,26,12,14,0,0,0
2021-10-10 09:30,29,15,14,0,0,0
2021-10-10 09:45,35,14,21,0,0,0
2021-10-10 10:00,32,12,20,0,0,0
2021-10-10 10:15,46,24,22,0,0,0
2021-10-10 10:30,42,20,22,0,0,0
2021-10-10 10:45,53,26,27,0,0,0
2021-10-10 11:00,68,19,49,0,0,0
2021-10-10 11:15,53,31,22,0,0,0
2021-10-10 11:30,47,21,26,0,0,0
2021-10-10 11:45,72,39,33,0,0,0
2021-10-10 12:00,62,23,39,0,0,0
2021-10-10 12:15,80,41,39,0,0,0
2021-10-10 12:30,69,43,26,0,0,0
2021-10-10 12:45,83,45,38,0,0,0
2021-10-10 13:00,71,38,33,0,0,0
2021-10-10 13:15,78,36,42,0,0,0
2021-10-10 13:30,89,36,53,0,0,0
2021-10-10 13:45,114,48,66,0,0,0
2021-10-10 14:00,92,37,55,0,0,0
2021-10-10 14:15,84,38,46,0,0,0
2021-10-10 14:30,91,49,42,0,0,0
2021-10-10 14:45,86,29,57,0,0,0
2021-10-10 15:00,114,59,55,0,0,0
2021-10-10 15:15,117,54,63,0,0,0
2021-10-10 15:30,125,63,62,0,0,0
2021-10-10 15:45,108,51,57,0,0,0
2021-10-10 16:00,140,66,74,0,0,0
2021-10-10 16:15,91,41,50,0,0,0
2021-10-10 16:30,122,56,66,0,0,0
2021-10-10 16:45,95,45,50,0,0,0
2021-10-10 17:00,99,50,49,0,0,0
2021-10-10 17:15,114,62,52,0,0,0
2021-10-10 17:30,94,51,43,0,0,0
2021-10-10 17:45,108,41,67,0,0,0
2021-10-10 18:00,96,39,57,0,0,0
2021-10-10 18:15,113,57,56,0,0,0
2021-10-10 18:30,96,41,55,0,0,0
2021-10-10 18:45,100,43,57,0,0,0
2021-10-10 19:00,90,36,54,0,0,0
2021-10-10 19:15,85,40,45,0,0,0
2021-10-10 19:30,85,38,47,0,0,0
2021-10-10 19:45,84,45,39,0,0,0
2021-10-10 20:00,66,31,35,0,0,0
2021-10-10 20:15,69,21,48,0,0,0
2021-10-10 20:30,78,33,45,0,0,0
2021-10-10 20:45,55,18,37,0,0,0
2021-10-10 21:00,43,14,29,0,0,0
2021-10-10 21:15,31,8,23,0,0,0
2021-10-10 21:30,39,9,30,0,0,0
2021-10-10 21:45,38,13,25,0,0,0
2021-10-10 22:00,34,15,19,0,0,0
2021-10-10 22:15,34,9,25,0,0,0
2021-10-10 22:30,27,9,18,0,0,0
2021-10-10 22:45,36,7,29,0,0,0
2021-10-10 23:00,19,5,14,0,0,0
2021-10-10 23:15,25,3,22,0,0,0
2021-10-10 23:30,36,6,30,0,0,0
2021-10-10 23:45,32,7,25,0,0,0
2021-10-11 00:00,13,3,10,0,0,0
2021-10-11 00:15,24,7,17,0,0,0
2021-10-11 00:30,8,3,5,0,0,0
2021-10-11 00:45,6,1,5,0,0,0
2021-10-11 01:00,2,1,1,0,0,0
2021-10-11 01:15,4,1,3,0,0,0
2021-10-11 01:30,2,1,1,0,0,0
2021-10-11 01:45,1,0,1,0,0,0
2021-10-11 02:00,1,0,1,0,0,0
2021-10-11 02:15,0,0,0,0,0,0
2021-10-11 02:30,0,0,0,0,0,0
2021-10-11 02:45,0,0,0,0,0,0
2021-10-11 03:00,0,0,0,0,0,0
2021-10-11 03:15,1,1,0,0,0,0
2021-10-11 03:30,0,0,0,0,0,0
2021-10-11 03:45,0,0,0,0,0,0
2021-10-11 04:00,3,1,2,0,0,0
2021-10-11 04:15,2,1,1,0,0,0
2021-10-11 04:30,4,2,2,0,0,0
2021-10-11 04:45,6,2,4,0,0,0
2021-10-11 05:00,4,3,1,0,0,0
2021-10-11 05:15,3,1,2,0,0,0
2021-10-11 05:30,12,6,6,0,0,0
2021-10-11 05:45,21,11,10,0,0,0
2021-10-11 06:00,21,12,9,0,0,0
2021-10-11 06:15,42,15,27,0,0,0
2021-10-11 06:30,56,27,29,0,0,0
2021-10-11 06:45,67,33,34,0,0,0
2021-10-11 07:00,77,46,31,0,0,0
2021-10-11 07:15,99,52,47,0,0,0
2021-10-11 07:30,105,42,63,0,0,0
2021-10-11 07:45,149,80,69,0,0,0
2021-10-11 08:00,136,67,69,0,0,0
2021-10-11 08:15,93,28,65,0,0,0
2021-10-11 08:30,114,49,65,0,0,0
2021-10-11 08:45,126,61,65,0,0,0
2021-10-11 09:00,85,40,45,0,0,0
2021-10-11 09:15,83,32,51,0,0,0
2021-10-11 09:30,92,28,64,0,0,0
2021-10-11 09:45,139,28,111,0,0,0
2021-10-11 10:00,97,38,59,0,0,0
2021-10-11 10:15,84,49,35,0,0,0
2021-10-11 10:30,83,31,52,0,0,0
2021-10-11 10:45,111,46,65,0,0,0
2021-10-11 11:00,75,38,37,0,0,0
2021-10-11 11:15,98,41,57,0,0,0
2021-10-11 11:30,102,40,62,0,0,0
2021-10-11 11:45,116,49,67,0,0,0
2021-10-11 12:00,132,58,74,0,0,0
2021-10-11 12:15,120,58,62,0,0,0
2021-10-11 12:30,112,59,53,0,0,0
2021-10-11 12:45,100,42,58,0,0,0
2021-10-11 13:00,146,73,73,0,0,0
2021-10-11 13:15,121,60,61,0,0,0
2021-10-11 13:30,113,55,58,0,0,0
2021-10-11 13:45,147,73,74,0,0,0
2021-10-11 14:00,111,65,46,0,0,0
2021-10-11 14:15,122,65,57,0,0,0
2021-10-11 14:30,116,61,55,0,0,0
2021-10-11 14:45,145,84,61,0,0,0
2021-10-11 15:00,129,77,52,0,0,0
2021-10-11 15:15,128,64,64,0,0,0
2021-10-11 15:30,124,58,66,0,0,0
2021-10-11 15:45,164,77,87,0,0,0
2021-10-11 16:00,191,104,87,0,0,0
2021-10-11 16:15,145,73,72,0,0,0
2021-10-11 16:30,165,76,89,0,0,0
2021-10-11 16:45,171,83,88,0,0,0
2021-10-11 17:00,163,67,96,0,0,0
2021-10-11 17:15,165,87,78,0,0,0
2021-10-11 17:30,139,62,77,0,0,0
2021-10-11 17:45,138,72,66,0,0,0
2021-10-11 18:00,162,89,73,0,0,0
2021-10-11 18:15,141,66,75,0,0,0
2021-10-11 18:30,121,51,70,0,0,0
2021-10-11 18:45,119,66,53,0,0,0
2021-10-11 19:00,108,60,48,0,0,0
2021-10-11 19:15,124,82,42,0,0,0
2021-10-11 19:30,148,86,62,0,0,0
2021-10-11 19:45,127,71,56,0,0,0
2021-10-11 20:00,92,46,46,0,0,0
2021-10-11 20:15,73,38,35,0,0,0
2021-10-11 20:30,54,31,23,0,0,0
2021-10-11 20:45,54,23,31,0,0,0
2021-10-11 21:00,49,21,28,0,0,0
2021-10-11 21:15,57,18,39,0,0,0
2021-10-11 21:30,56,24,32,0,0,0
2021-10-11 21:45,55,17,38,0,0,0
2021-10-11 22:00,56,15,41,0,0,0
2021-10-11 22:15,82,21,61,0,0,0
2021-10-11 22:30,85,8,77,0,0,0
2021-10-11 22:45,70,13,57,0,0,0
2021-10-11 23:00,47,8,39,0,0,0
2021-10-11 23:15,28,6,22,0,0,0
2021-10-11 23:30,52,7,45,0,0,0
2021-10-11 23:45,21,3,18,0,0,0
2021-10-12 00:00,11,2,9,0,0,0
2021-10-12 00:15,22,4,18,0,0,0
2021-10-12 00:30,7,4,3,0,0,0
2021-10-12 00:45,2,0,2,0,0,0
2021-10-12 01:00,8,5,3,0,0,0
2021-10-12 01:15,6,3,3,0,0,0
2021-10-12 01:30,2,1,1,0,0,0
2021-10-12 01:45,4,4,0,0,0,0
2021-10-12 02:00,1,1,0,0,0,0
2021-10-12 02:15,3,2,1,0,0,0
2021-10-12 02:30,2,0,2,0,0,0
2021-10-12 02:45,0,0,0,0,0,0
2021-10-12 03:00,3,0,3,0,0,0
2021-10-12 03:15,0,0,0,0,0,0
2021-10-12 03:30,1,0,1,0,0,0
2021-10-12 03:45,2,1,1,0,0,0
2021-10-12 04:00,3,1,2,0,0,0
2021-10-12 04:15,3,0,3,0,0,0
2021-10-12 04:30,2,0,2,0,0,0
2021-10-12 04:45,5,3,2,0,0,0
2021-10-12 05:00,5,1,4,0,0,0
2021-10-12 05:15,4,4,0,0,0,0
2021-10-12 05:30,14,3,11,0,0,0
2021-10-12 05:45,23,9,14,0,0,0
2021-10-12 06:00,20,13,7,0,0,0
2021-10-12 06:15,41,14,27,0,0,0
2021-10-12 06:30,42,24,18,0,0,0
2021-10-12 06:45,79,46,33,0,0,0
2021-10-12 07:00,72,42,30,0,0,0
2021-10-12 07:15,69,30,39,0,0,0
2021-10-12 07:30,127,50,77,0,0,0
2021-10-12 07:45,178,79,99,0,0,0
2021-10-12 08:00,128,59,69,0,0,0
2021-10-12 08:15,124,63,61,0,0,0
2021-10-12 08:30,133,71,62,0,0,0
2021-10-12 08:45,139,58,81,0,0,0
2021-10-12 09:00,81,31,50,0,0,0
2021-10-12 09:15,74,29,45,0,0,0
2021-10-12 09:30,91,29,62,0,0,0
2021-10-12 09:45,118,41,77,0,0,0
2021-10-12 10:00,91,36,55,0,0,0
2021-10-12 10:15,74,35,39,0,0,0
2021-10-12 10:30,74,29,45,0,0,0
2021-10-12 10:45,77,31,46,0,0,0
2021-10-12 11:00,72,29,43,0,0,0
2021-10-12 11:15,99,48,51,0,0,0
2021-10-12 11:30,89,36,53,0,0,0
2021-10-12 11:45,73,23,50,0,0,0
2021-10-12 12:00,78,38,40,0,0,0
2021-10-12 12:15,100,37,63,0,0,0
2021-10-12 12:30,111,51,60,0,0,0
2021-10-12 12:45,113,61,52,0,0,0
2021-10-12 13:00,95,49,46,0,0,0
2021-10-12 13:15,97,41,56,0,0,0
2021-10-12 13:30,89,38,51,0,0,0
2021-10-12 13:45,110,49,61,0,0,0
2021-10-12 14:00,133,75,58,0,0,0
2021-10-12 14:15,102,50,52,0,0,0
2021-10-12 14:30,91,47,44,0,0,0
2021-10-12 14:45,112,52,60,0,0,0
2021-10-12 15:00,98,46,52,0,0,0
2021-10-12 15:15,98,60,38,0,0,0
2021-10-12 15:30,128,61,67,0,0,0
2021-10-12 15:45,170,83,87,0,0,0
2021-10-12 16:00,149,81,68,0,0,0
2021-10-12 16:15,145,71,74,0,0,0
2021-10-12 16:30,177,77,100,0,0,0
2021-10-12 16:45,177,93,84,0,0,0
2021-10-12 17:00,142,66,76,0,0,0
2021-10-12 17:15,189,95,94,0,0,0
2021-10-12 17:30,169,80,89,0,0,0
2021-10-12 17:45,161,71,90,0,0,0
2021-10-12 18:00,149,79,70,0,0,0
2021-10-12 18:15,154,76,78,0,0,0
2021-10-12 18:30,133,68,65,0,0,0
2021-10-12 18:45,159,92,67,0,0,0
2021-10-12 19:00,120,75,45,0,0,0
2021-10-12 19:15,117,64,53,0,0,0
2021-10-12 19:30,98,59,39,0,0,0
2021-10-12 19:45,127,63,64,0,0,0
2021-10-12 20:00,93,37,56,0,0,0
2021-10-12 20:15,88,57,31,0,0,0
2021-10-12 20:30,66,31,35,0,0,0
2021-10-12 20:45,48,16,32,0,0,0
2021-10-12 21:00,58,19,39,0,0,0
2021-10-12 21:15,52,24,28,0,0,0
2021-10-12 21:30,43,17,26,0,0,0
2021-10-12 21:45,45,21,24,0,0,0
2021-10-12 22:00,54,20,34,0,0,0
2021-10-12 22:15,47,23,24,0,0,0
2021-10-12 22:30,42,16,26,0,0,0
2021-10-12 22:45,71,21,50,0,0,0
2021-10-12 23:00,43,18,25,0,0,0
2021-10-12 23:15,35,24,11,0,0,0
2021-10-12 23:30,72,36,36,0,0,0
2021-10-12 23:45,64,25,39,0,0,0
2021-10-13 00:00,51,29,22,0,0,0
2021-10-13 00:15,56,52,4,0,0,0
2021-10-13 00:30,24,11,13,0,0,0
2021-10-13 00:45,6,3,3,0,0,0
2021-10-13 01:00,10,4,6,0,0,0
2021-10-13 01:15,4,0,4,0,0,0
2021-10-13 01:30,10,6,4,0,0,0
2021-10-13 01:45,16,1,15,0,0,0
2021-10-13 02:00,22,0,22,0,0,0
2021-10-13 02:15,12,0,12,0,0,0
2021-10-13 02:30,29,0,29,0,0,0
2021-10-13 02:45,44,2,42,0,0,0
2021-10-13 03:00,55,1,54,0,0,0
2021-10-13 03:15,31,0,31,0,0,0
2021-10-13 03:30,31,0,31,0,0,0
2021-10-13 03:45,14,0,14,0,0,0
2021-10-13 04:00,39,0,39,0,0,0
2021-10-13 04:15,44,2,42,0,0,0
2021-10-13 04:30,25,1,24,0,0,0
2021-10-13 04:45,13,4,9,0,0,0
2021-10-13 05:00,3,1,2,0,0,0
2021-10-13 05:15,4,2,2,0,0,0
2021-10-13 05:30,11,5,6,0,0,0
2021-10-13 05:45,23,15,8,0,0,0
2021-10-13 06:00,28,10,18,0,0,0
2021-10-13 06:15,38,13,25,0,0,0
2021-10-13 06:30,61,26,35,0,0,0
2021-10-13 06:45,67,39,28,0,0,0
2021-10-13 07:00,70,34,36,0,0,0
2021-10-13 07:15,85,36,49,0,0,0
2021-10-13 07:30,101,37,64,0,0,0
2021-10-13 07:45,149,63,86,0,0,0
2021-10-13 08:00,120,61,59,0,0,0
2021-10-13 08:15,129,71,58,0,0,0
2021-10-13 08:30,113,51,62,0,0,0
2021-10-13 08:45,126,53,73,0,0,0
2021-10-13 09:00,91,36,55,0,0,0
2021-10-13 09:15,75,22,53,0,0,0
2021-10-13 09:30,92,36,56,0,0,0
2021-10-13 09:45,134,36,98,0,0,0
2021-10-13 10:00,113,48,65,0,0,0
2021-10-13 10:15,81,34,47,0,0,0
2021-10-13 10:30,94,34,60,0,0,0
2021-10-13 10:45,92,39,53,0,0,0
2021-10-13 11:00,78,37,41,0,0,0
2021-10-13 11:15,107,43,64,0,0,0
2021-10-13 11:30,85,33,52,0,0,0
2021-10-13 11:45,148,57,91,0,0,0
2021-10-13 12:00,112,42,70,0,0,0
2021-10-13 12:15,105,60,45,0,0,0
2021-10-13 12:30,94,39,55,0,0,0
2021-10-13 12:45,123,53,70,0,0,0
2021-10-13 13:00,136,62,74,0,0,0
2021-10-13 13:15,121,59,62,0,0,0
2021-10-13 13:30,126,65,61,0,0,0
2021-10-13 13:45,141,66,75,0,0,0
2021-10-13 14:00,139,62,77,0,0,0
2021-10-13 14:15,119,60,59,0,0,0
2021-10-13 14:30,95,42,53,0,0,0
2021-10-13 14:45,138,67,71,0,0,0
2021-10-13 15:00,137,69,68,0,0,0
2021-10-13 15:15,137,70,67,0,0,0
2021-10-13 15:30,134,65,69,0,0,0
2021-10-13 15:45,169,95,74,0,0,0
2021-10-13 16:00,171,85,86,0,0,0
2021-10-13 16:15,138,64,74,0,0,0
2021-10-13 16:30,178,88,90,0,0,0
2021-10-13 16:45,158,71,87,0,0,0
2021-10-13 17:00,155,72,83,0,0,0
2021-10-13 17:15,163,70,93,0,0,0
2021-10-13 17:30,155,68,87,0,0,0
2021-10-13 17:45,168,95,73,0,0,0
2021-10-13 18:00,164,111,53,0,0,0
2021-10-13 18:15,148,77,71,0,0,0
2021-10-13 18:30,153,88,65,0,0,0
2021-10-13 18:45,160,93,67,0,0,0
2021-10-13 19:00,130,64,66,0,0,0
2021-10-13 19:15,97,55,42,0,0,0
2021-10-13 19:30,104,65,39,0,0,0
2021-10-13 19:45,130,80,50,0,0,0
2021-10-13 20:00,127,62,65,0,0,0
2021-10-13 20:15,88,46,42,0,0,0
2021-10-13 20:30,72,27,45,0,0,0
2021-10-13 20:45,72,40,32,0,0,0
2021-10-13 21:00,73,32,41,0,0,0
2021-10-13 21:15,69,37,32,0,0,0
2021-10-13 21:30,45,22,23,0,0,0
2021-10-13 21:45,46,23,23,0,0,0
2021-10-13 22:00,72,31,41,0,0,0
2021-10-13 22:15,83,27,56,0,0,0
2021-10-13 22:30,63,16,47,0,0,0
2021-10-13 22:45,57,14,43,0,0,0
2021-10-13 23:00,39,16,23,0,0,0
2021-10-13 23:15,40,14,26,0,0,0
2021-10-13 23:30,51,7,44,0,0,0
2021-10-13 23:45,36,11,25,0,0,0
2021-10-14 00:00,52,21,31,0,0,0
2021-10-14 00:15,44,15,29,0,0,0
2021-10-14 00:30,17,5,12,0,0,0
2021-10-14 00:45,21,10,11,0,0,0
2021-10-14 01:00,21,7,14,0,0,0
2021-10-14 01:15,19,8,11,0,0,0
2021-10-14 01:30,18,4,14,0,0,0
2021-10-14 01:45,14,6,8,0,0,0
2021-10-14 02:00,5,1,4,0,0,0
2021-10-14 02:15,6,5,1,0,0,0
2021-10-14 02:30,13,2,11,0,0,0
2021-10-14 02:45,7,2,5,0,0,0
2021-10-14 03:00,6,1,5,0,0,0
2021-10-14 03:15,6,2,4,0,0,0
2021-10-14 03:30,4,4,0,0,0,0
2021-10-14 03:45,6,1,5,0,0,0
2021-10-14 04:00,4,2,2,0,0,0
2021-10-14 04:15,3,1,2,0,0,0
2021-10-14 04:30,2,0,2,0,0,0
2021-10-14 04:45,6,3,3,0,0,0
2021-10-14 05:00,5,4,1,0,0,0
2021-10-14 05:15,5,2,3,0,0,0
2021-10-14 05:30,12,5,7,0,0,0
2021-10-14 05:45,17,9,8,0,0,0
2021-10-14 06:00,18,13,5,0,0,0
2021-10-14 06:15,45,13,32,0,0,0
2021-10-14 06:30,41,14,27,0,0,0
2021-10-14 06:45,63,31,32,0,0,0
2021-10-14 07:00,75,42,33,0,0,0
2021-10-14 07:15,87,48,39,0,0,0
2021-10-14 07:30,115,50,65,0,0,0
2021-10-14 07:45,149,64,85,0,0,0
2021-10-14 08:00,108,54,54,0,0,0
2021-10-14 08:15,133,69,64,0,0,0
2021-10-14 08:30,122,54,68,0,0,0
2021-10-14 08:45,134,60,74,0,0,0
2021-10-14 09:00,93,42,51,0,0,0
2021-10-14 09:15,91,34,57,0,0,0
2021-10-14 09:30,75,23,52,0,0,0
2021-10-14 09:45,150,47,103,0,0,0
2021-10-14 10:00,96,46,50,0,0,0
2021-10-14 10:15,74,30,44,0,0,0
2021-10-14 10:30,78,29,49,0,0,0
2021-10-14 10:45,78,27,51,0,0,0
2021-10-14 11:00,80,37,43,0,0,0
2021-10-14 11:15,95,40,55,0,0,0
2021-10-14 11:30,82,30,52,0,0,0
2021-10-14 11:45,126,55,71,0,0,0
2021-10-14 12:00,115,53,62,0,0,0
2021-10-14 12:15,100,38,62,0,0,0
2021-10-14 12:30,107,53,54,0,0,0
2021-10-14 12:45,112,40,72,0,0,0
2021-10-14 13:00,92,45,47,0,0,0
2021-10-14 13:15,106,43,63,0,0,0
2021-10-14 13:30,110,44,66,0,0,0
2021-10-14 13:45,142,62,80,0,0,0
2021-10-14 14:00,141,63,78,0,0,0
2021-10-14 14:15,105,62,43,0,0,0
2021-10-14 14:30,126,56,70,0,0,0
2021-10-14 14:45,131,72,59,0,0,0
2021-10-14 15:00,119,66,53,0,0,0
2021-10-14 15:15,134,67,67,0,0,0
2021-10-14 15:30,125,60,65,0,0,0
2021-10-14 15:45,172,100,72,0,0,0
2021-10-14 16:00,193,106,87,0,0,0
2021-10-14 16:15,154,69,85,0,0,0
2021-10-14 16:30,184,87,97,0,0,0
2021-10-14 16:45,167,72,95,0,0,0
2021-10-14 17:00,144,66,78,0,0,0
2021-10-14 17:15,148,75,73,0,0,0
2021-10-14 17:30,162,75,87,0,0,0
2021-10-14 17:45,163,86,77,0,0,0
2021-10-14 18:00,134,75,59,0,0,0
2021-10-14 18:15,156,90,66,0,0,0
2021-10-14 18:30,113,62,51,0,0,0
2021-10-14 18:45,155,87,68,0,0,0
2021-10-14 19:00,103,61,42,0,0,0
2021-10-14 19:15,126,68,58,0,0,0
2021-10-14 19:30,124,68,56,0,0,0
2021-10-14 19:45,104,68,36,0,0,0
2021-10-14 20:00,100,58,42,0,0,0
2021-10-14 20:15,70,27,43,0,0,0
2021-10-14 20:30,52,30,22,0,0,0
2021-10-14 20:45,57,26,31,0,0,0
2021-10-14 21:00,62,26,36,0,0,0
2021-10-14 21:15,50,17,33,0,0,0
2021-10-14 21:30,58,25,33,0,0,0
2021-10-14 21:45,62,27,35,0,0,0
2021-10-14 22:00,57,26,31,0,0,0
2021-10-14 22:15,69,25,44,0,0,0
2021-10-14 22:30,53,14,39,0,0,0
2021-10-14 22:45,48,5,43,0,0,0
2021-10-14 23:00,32,8,24,0,0,0
2021-10-14 23:15,24,9,15,0,0,0
2021-10-14 23:30,48,9,39,0,0,0
2021-10-14 23:45,27,6,21,0,0,0
2021-10-15 00:00,32,10,22,0,0,0
2021-10-15 00:15,16,6,10,0,0,0
2021-10-15 00:30,9,5,4,0,0,0
2021-10-15 00:45,11,2,9,0,0,0
2021-10-15 01:00,16,5,11,0,0,0
2021-10-15 01:15,15,5,10,0,0,0
2021-10-15 01:30,5,1,4,0,0,0
2021-10-15 01:45,5,1,4,0,0,0
2021-10-15 02:00,3,0,3,0,0,0
2021-10-15 02:15,6,0,6,0,0,0
2021-10-15 02:30,1,0,1,0,0,0
2021-10-15 02:45,5,2,3,0,0,0
2021-10-15 03:00,7,7,0,0,0,0
2021-10-15 03:15,1,0,1,0,0,0
2021-10-15 03:30,8,1,7,0,0,0
2021-10-15 03:45,4,2,2,0,0,0
2021-10-15 04:00,5,3,2,0,0,0
2021-10-15 04:15,2,0,2,0,0,0
2021-10-15 04:30,8,0,8,0,0,0
2021-10-15 04:45,6,5,1,0,0,0
2021-10-15 05:00,3,3,0,0,0,0
2021-10-15 05:15,6,1,5,0,0,0
2021-10-15 05:30,14,6,8,0,0,0
2021-10-15 05:45,16,8,8,0,0,0
2021-10-15 06:00,23,9,14,0,0,0
2021-10-15 06:15,28,6,22,0,0,0
2021-10-15 06:30,48,19,29,0,0,0
2021-10-15 06:45,69,36,33,0,0,0
2021-10-15 07:00,56,27,29,0,0,0
2021-10-15 07:15,63,31,32,0,0,0
2021-10-15 07:30,83,29,54,0,0,0
2021-10-15 07:45,133,64,69,0,0,0
2021-10-15 08:00,111,52,59,0,0,0
2021-10-15 08:15,106,55,51,0,0,0
2021-10-15 08:30,120,61,59,0,0,0
2021-10-15 08:45,117,58,59,0,0,0
2021-10-15 09:00,99,44,55,0,0,0
2021-10-15 09:15,58,27,31,0,0,0
2021-10-15 09:30,101,48,53,0,0,0
2021-10-15 09:45,115,37,78,0,0,0
2021-10-15 10:00,81,34,47,0,0,0
2021-10-15 10:15,80,38,42,0,0,0
2021-10-15 10:30,60,30,30,0,0,0
2021-10-15 10:45,84,23,61,0,0,0
2021-10-15 11:00,75,30,45,0,0,0
2021-10-15 11:15,77,28,49,0,0,0
2021-10-15 11:30,76,21,55,0,0,0
2021-10-15 11:45,105,33,72,0,0,0
2021-10-15 12:00,106,55,51,0,0,0
2021-10-15 12:15,84,30,54,0,0,0
2021-10-15 12:30,108,34,74,0,0,0
2021-10-15 12:45,123,53,70,0,0,0
2021-10-15 13:00,101,39,62,0,0,0
2021-10-15 13:15,111,59,52,0,0,0
2021-10-15 13:30,98,34,64,0,0,0
2021-10-15 13:45,126,53,73,0,0,0
2021-10-15 14:00,113,45,68,0,0,0
2021-10-15 14:15,112,52,60,0,0,0
2021-10-15 14:30,119,53,66,0,0,0
2021-10-15 14:45,143,73,70,0,0,0
2021-10-15 15:00,135,62,73,0,0,0
2021-10-15 15:15,110,52,58,0,0,0
2021-10-15 15:30,132,70,62,0,0,0
2021-10-15 15:45,137,75,62,0,0,0
2021-10-15 16:00,131,70,61,0,0,0
2021-10-15 16:15,97,42,55,0,0,0
2021-10-15 16:30,120,57,63,0,0,0
2021-10-15 16:45,143,73,70,0,0,0
2021-10-15 17:00,141,70,71,0,0,0
2021-10-15 17:15,124,70,54,0,0,0
2021-10-15 17:30,130,73,57,0,0,0
2021-10-15 17:45,115,62,53,0,0,0
2021-10-15 18:00,114,63,51,0,0,0
2021-10-15 18:15,147,88,59,0,0,0
2021-10-15 18:30,120,59,61,0,0,0
2021-10-15 18:45,109,57,52,0,0,0
2021-10-15 19:00,124,65,59,0,0,0
2021-10-15 19:15,136,84,52,0,0,0
2021-10-15 19:30,112,57,55,0,0,0
2021-10-15 19:45,121,77,44,0,0,0
2021-10-15 20:00,116,62,54,0,0,0
2021-10-15 20:15,87,41,46,0,0,0
2021-10-15 20:30,75,47,28,0,0,0
2021-10-15 20:45,72,31,41,0,0,0
2021-10-15 21:00,58,24,34,0,0,0
2021-10-15 21:15,64,29,35,0,0,0
2021-10-15 21:30,55,28,27,0,0,0
2021-10-15 21:45,45,20,25,0,0,0
2021-10-15 22:00,57,16,41,0,0,0
2021-10-15 22:15,65,28,37,0,0,0
2021-10-15 22:30,57,23,34,0,0,0
2021-10-15 22:45,29,16,13,0,0,0
2021-10-15 23:00,48,16,32,0,0,0
2021-10-15 23:15,58,25,33,0,0,0
2021-10-15 23:30,72,30,42,0,0,0
2021-10-15 23:45,64,24,40,0,0,0
2021-10-16 00:00,51,22,29,0,0,0
2021-10-16 00:15,81,37,44,0,0,0
2021-10-16 00:30,55,31,24,0,0,0
2021-10-16 00:45,39,10,29,0,0,0
2021-10-16 01:00,39,15,24,0,0,0
2021-10-16 01:15,34,15,19,0,0,0
2021-10-16 01:30,34,17,17,0,0,0
2021-10-16 01:45,45,17,28,0,0,0
2021-10-16 02:00,34,7,27,0,0,0
2021-10-16 02:15,44,17,27,0,0,0
2021-10-16 02:30,33,13,20,0,0,0
2021-10-16 02:45,22,5,17,0,0,0
2021-10-16 03:00,31,9,22,0,0,0
2021-10-16 03:15,25,4,21,0,0,0
2021-10-16 03:30,26,6,20,0,0,0
2021-10-16 03:45,35,2,33,0,0,0
2021-10-16 04:00,19,5,14,0,0,0
2021-10-16 04:15,23,5,18,0,0,0
2021-10-16 04:30,19,4,15,0,0,0
2021-10-16 04:45,4,1,3,0,0,0
2021-10-16 05:00,16,4,12,0,0,0
2021-10-16 05:15,28,4,24,0,0,0
2021-10-16 05:30,22,7,15,0,0,0
2021-10-16 05:45,20,5,15,0,0,0
2021-10-16 06:00,26,5,21,0,0,0
2021-10-16 06:15,14,1,13,0,0,0
2021-10-16 06:30,11,7,4,0,0,0
2021-10-16 06:45,11,5,6,0,0,0
2021-10-16 07:00,9,2,7,0,0,0
2021-10-16 07:15,18,1,17,0,0,0
2021-10-16 07:30,22,5,17,0,0,0
2021-10-16 07:45,20,11,9,0,0,0
2021-10-16 08:00,27,17,10,0,0,0
2021-10-16 08:15,25,12,13,0,0,0
2021-10-16 08:30,26,8,18,0,0,0
2021-10-16 08:45,48,23,25,0,0,0
2021-10-16 09:00,30,5,25,0,0,0
2021-10-16 09:15,60,17,43,0,0,0
2021-10-16 09:30,47,16,31,0,0,0
2021-10-16 09:45,53,21,32,0,0,0
2021-10-16 10:00,53,13,40,0,0,0
2021-10-16 10:15,51,19,32,0,0,0
2021-10-16 10:30,79,34,45,0,0,0
2021-10-16 10:45,57,24,33,0,0,0
2021-10-16 11:00,61,21,40,0,0,0
2021-10-16 11:15,80,27,53,0,0,0
2021-10-16 11:30,82,27,55,0,0,0
2021-10-16 11:45,75,31,44,0,0,0
2021-10-16 12:00,73,32,41,0,0,0
2021-10-16 12:15,94,36,58,0,0,0
2021-10-16 12:30,76,30,46,0,0,0
2021-10-16 12:45,90,38,52,0,0,0
2021-10-16 13:00,92,40,52,0,0,0
2021-10-16 13:15,65,32,33,0,0,0
2021-10-16 13:30,95,50,45,0,0,0
2021-10-16 13:45,86,36,50,0,0,0
2021-10-16 14:00,88,34,54,0,0,0
2021-10-16 14:15,116,64,52,0,0,0
2021-10-16 14:30,94,47,47,0,0,0
2021-10-16 14:45,105,55,50,0,0,0
2021-10-16 15:00,96,49,47,0,0,0
2021-10-16 15:15,107,50,57,0,0,0
2021-10-16 15:30,96,44,52,0,0,0
2021-10-16 15:45,119,69,50,0,0,0
2021-10-16 16:00,115,58,57,0,0,0
2021-10-16 16:15,77,39,38,0,0,0
2021-10-16 16:30,70,36,34,0,0,0
2021-10-16 16:45,98,45,53,0,0,0
2021-10-16 17:00,81,41,40,0,0,0
2021-10-16 17:15,81,40,41,0,0,0
2021-10-16 17:30,97,53,44,0,0,0
2021-10-16 17:45,83,42,41,0,0,0
2021-10-16 18:00,91,39,52,0,0,0
2021-10-16 18:15,104,41,63,0,0,0
2021-10-16 18:30,111,55,56,0,0,0
2021-10-16 18:45,102,60,42,0,0,0
2021-10-16 19:00,89,56,33,0,0,0
2021-10-16 19:15,90,47,43,0,0,0
2021-10-16 19:30,93,55,38,0,0,0
2021-10-16 19:45,94,43,51,0,0,0
2021-10-16 20:00,94,37,57,0,0,0
2021-10-16 20:15,89,41,48,0,0,0
2021-10-16 20:30,54,31,23,0,0,0
2021-10-16 20:45,49,24,25,0,0,0
2021-10-16 21:00,54,30,24,0,0,0
2021-10-16 21:15,49,26,23,0,0,0
2021-10-16 21:30,53,26,27,0,0,0
2021-10-16 21:45,49,19,30,0,0,0
2021-10-16 22:00,33,13,20,0,0,0
2021-10-16 22:15,49,16,33,0,0,0
2021-10-16 22:30,32,13,19,0,0,0
2021-10-16 22:45,59,24,35,0,0,0
2021-10-16 23:00,45,17,28,0,0,0
2021-10-16 23:15,43,22,21,0,0,0
2021-10-16 23:30,77,25,52,0,0,0
2021-10-16 23:45,78,35,43,0,0,0
2021-10-17 00:00,49,16,33,0,0,0
2021-10-17 00:15,64,28,36,0,0,0
2021-10-17 00:30,34,15,19,0,0,0
2021-10-17 00:45,47,26,21,0,0,0
2021-10-17 01:00,47,31,16,0,0,0
2021-10-17 01:15,23,7,16,0,0,0
2021-10-17 01:30,31,6,25,0,0,0
2021-10-17 01:45,29,8,21,0,0,0
2021-10-17 02:00,34,7,27,0,0,0
2021-10-17 02:15,44,20,24,0,0,0
2021-10-17 02:30,17,4,13,0,0,0
2021-10-17 02:45,25,6,19,0,0,0
2021-10-17 03:00,25,5,20,0,0,0
2021-10-17 03:15,24,3,21,0,0,0
2021-10-17 03:30,21,9,12,0,0,0
2021-10-17 03:45,17,0,17,0,0,0
2021-10-17 04:00,27,4,23,0,0,0
2021-10-17 04:15,14,1,13,0,0,0
2021-10-17 04:30,13,0,13,0,0,0
2021-10-17 04:45,21,3,18,0,0,0
2021-10-17 05:00,6,2,4,0,0,0
2021-10-17 05:15,18,2,16,0,0,0
2021-10-17 05:30,17,4,13,0,0,0
2021-10-17 05:45,12,4,8,0,0,0
2021-10-17 06:00,14,2,12,0,0,0
2021-10-17 06:15,7,2,5,0,0,0
2021-10-17 06:30,8,5,3,0,0,0
2021-10-17 06:45,13,4,9,0,0,0
2021-10-17 07:00,11,5,6,0,0,0
2021-10-17 07:15,7,1,6,0,0,0
2021-10-17 07:30,18,5,13,0,0,0
2021-10-17 07:45,15,7,8,0,0,0
2021-10-17 08:00,14,4,10,0,0,0
2021-10-17 08:15,8,2,6,0,0,0
2021-10-17 08:30,20,2,18,0,0,0
2021-10-17 08:45,20,4,16,0,0,0
2021-10-17 09:00,16,6,10,0,0,0
2021-10-17 09:15,21,7,14,0,0,0
2021-10-17 09:30,29,11,18,0,0,0
2021-10-17 09:45,57,14,43,0,0,0
2021-10-17 10:00,40,17,23,0,0,0
2021-10-17 10:15,46,17,29,0,0,0
2021-10-17 10:30,23,10,13,0,0,0
2021-10-17 10:45,50,19,31,0,0,0
2021-10-17 11:00,33,13,20,0,0,0
2021-10-17 11:15,47,23,24,0,0,0
2021-10-17 11:30,51,11,40,0,0,0
2021-10-17 11:45,65,32,33,0,0,0
2021-10-17 12:00,41,12,29,0,0,0
2021-10-17 12:15,45,11,34,0,0,0
2021-10-17 12:30,74,34,40,0,0,0
2021-10-17 12:45,77,32,45,0,0,0
2021-10-17 13:00,51,18,33,0,0,0
2021-10-17 13:15,57,22,35,0,0,0
2021-10-17 13:30,77,32,45,0,0,0
2021-10-17 13:45,99,35,64,0,0,0
2021-10-17 14:00,59,25,34,0,0,0
2021-10-17 14:15,81,31,50,0,0,0
2021-10-17 14:30,87,39,48,0,0,0
2021-10-17 14:45,92,41,51,0,0,0
2021-10-17 15:00,75,25,50,0,0,0
2021-10-17 15:15,66,23,43,0,0,0
2021-10-17 15:30,84,38,46,0,0,0
2021-10-17 15:45,93,43,50,0,0,0
2021-10-17 16:00,78,42,36,0,0,0
2021-10-17 16:15,80,42,38,0,0,0
2021-10-17 16:30,81,45,36,0,0,0
2021-10-17 16:45,91,40,51,0,0,0
2021-10-17 17:00,80,34,46,0,0,0
2021-10-17 17:15,70,27,43,0,0,0
2021-10-17 17:30,102,36,66,0,0,0
2021-10-17 17:45,95,47,48,0,0,0
2021-10-17 18:00,78,33,45,0,0,0
2021-10-17 18:15,89,42,47,0,0,0
2021-10-17 18:30,86,39,47,0,0,0
2021-10-17 18:45,76,26,50,0,0,0
2021-10-17 19:00,77,31,46,0,0,0
2021-10-17 19:15,55,24,31,0,0,0
2021-10-17 19:30,68,41,27,0,0,0
2021-10-17 19:45,65,22,43,0,0,0
2021-10-17 20:00,63,27,36,0,0,0
2021-10-17 20:15,58,22,36,0,0,0
2021-10-17 20:30,50,28,22,0,0,0
2021-10-17 20:45,44,20,24,0,0,0
2021-10-17 21:00,35,13,22,0,0,0
2021-10-17 21:15,33,14,19,0,0,0
2021-10-17 21:30,24,7,17,0,0,0
2021-10-17 21:45,33,14,19,0,0,0
2021-10-17 22:00,49,18,31,0,0,0
2021-10-17 22:15,36,11,25,0,0,0
2021-10-17 22:30,28,11,17,0,0,0
2021-10-17 22:45,39,7,32,0,0,0
2021-10-17 23:00,31,16,15,0,0,0
2021-10-17 23:15,17,2,15,0,0,0
2021-10-17 23:30,27,6,21,0,0,0
2021-10-17 23:45,11,2,9,0,0,0
2021-10-18 00:00,20,3,17,0,0,0
2021-10-18 00:15,7,3,4,0,0,0
2021-10-18 00:30,2,1,1,0,0,0
2021-10-18 00:45,6,3,3,0,0,0
2021-10-18 01:00,2,1,1,0,0,0
2021-10-18 01:15,2,0,2,0,0,0
2021-10-18 01:30,3,1,2,0,0,0
2021-10-18 01:45,1,1,0,0,0,0
2021-10-18 02:00,0,0,0,0,0,0
2021-10-18 02:15,0,0,0,0,0,0
2021-10-18 02:30,0,0,0,0,0,0
2021-10-18 02:45,1,0,1,0,0,0
2021-10-18 03:00,2,1,1,0,0,0
2021-10-18 03:15,1,0,1,0,0,0
2021-10-18 03:30,0,0,0,0,0,0
2021-10-18 03:45,1,0,1,0,0,0
2021-10-18 04:00,2,1,1,0,0,0
2021-10-18 04:15,3,0,3,0,0,0
2021-10-18 04:30,5,0,5,0,0,0
2021-10-18 04:45,2,0,2,0,0,0
2021-10-18 05:00,1,1,0,0,0,0
2021-10-18 05:15,2,2,0,0,0,0
2021-10-18 05:30,10,3,7,0,0,0
2021-10-18 05:45,21,12,9,0,0,0
2021-10-18 06:00,12,6,6,0,0,0
2021-10-18 06:15,32,6,26,0,0,0
2021-10-18 06:30,47,18,29,0,0,0
2021-10-18 06:45,64,32,32,0,0,0
2021-10-18 07:00,71,34,37,0,0,0
2021-10-18 07:15,86,43,43,0,0,0
2021-10-18 07:30,95,46,49,0,0,0
2021-10-18 07:45,155,64,91,0,0,0
2021-10-18 08:00,131,67,64,0,0,0
2021-10-18 08:15,113,58,55,0,0,0
2021-10-18 08:30,126,63,63,0,0,0
2021-10-18 08:45,138,65,73,0,0,0
2021-10-18 09:00,86,30,56,0,0,0
2021-10-18 09:15,92,36,56,0,0,0
2021-10-18 09:30,93,35,58,0,0,0
2021-10-18 09:45,125,32,93,0,0,0
2021-10-18 10:00,87,38,49,0,0,0
2021-10-18 10:15,77,39,38,0,0,0
2021-10-18 10:30,81,43,38,0,0,0
2021-10-18 10:45,87,41,46,0,0,0
2021-10-18 11:00,66,29,37,0,0,0
2021-10-18 11:15,83,39,44,0,0,0
2021-10-18 11:30,108,45,63,0,0,0
2021-10-18 11:45,137,53,84,0,0,0
2021-10-18 12:00,155,61,94,0,0,0
2021-10-18 12:15,126,65,61,0,0,0
2021-10-18 12:30,131,73,58,0,0,0
2021-10-18 12:45,121,64,57,0,0,0
2021-10-18 13:00,131,74,57,0,0,0
2021-10-18 13:15,124,78,46,0,0,0
2021-10-18 13:30,101,49,52,0,0,0
2021-10-18 13:45,138,64,74,0,0,0
2021-10-18 14:00,129,64,65,0,0,0
2021-10-18 14:15,115,51,64,0,0,0
2021-10-18 14:30,117,56,61,0,0,0
2021-10-18 14:45,137,64,73,0,0,0
2021-10-18 15:00,95,51,44,0,0,0
2021-10-18 15:15,114,54,60,0,0,0
2021-10-18 15:30,140,76,64,0,0,0
2021-10-18 15:45,177,99,78,0,0,0
2021-10-18 16:00,164,101,63,0,0,0
2021-10-18 16:15,183,97,86,0,0,0
2021-10-18 16:30,146,72,74,0,0,0
2021-10-18 16:45,184,86,98,0,0,0
2021-10-18 17:00,173,72,101,0,0,0
2021-10-18 17:15,174,85,89,0,0,0
2021-10-18 17:30,168,69,99,0,0,0
2021-10-18 17:45,198,99,99,0,0,0
2021-10-18 18:00,170,94,76,0,0,0
2021-10-18 18:15,189,95,94,0,0,0
2021-10-18 18:30,140,64,76,0,0,0
2021-10-18 18:45,119,68,51,0,0,0
2021-10-18 19:00,107,68,39,0,0,0
2021-10-18 19:15,123,71,52,0,0,0
2021-10-18 19:30,115,69,46,0,0,0
2021-10-18 19:45,156,99,57,0,0,0
2021-10-18 20:00,105,60,45,0,0,0
2021-10-18 20:15,107,45,62,0,0,0
2021-10-18 20:30,71,32,39,0,0,0
2021-10-18 20:45,58,29,29,0,0,0
2021-10-18 21:00,37,11,26,0,0,0
2021-10-18 21:15,48,25,23,0,0,0
2021-10-18 21:30,43,22,21,0,0,0
2021-10-18 21:45,33,14,19,0,0,0
2021-10-18 22:00,34,16,18,0,0,0
2021-10-18 22:15,55,20,35,0,0,0
2021-10-18 22:30,34,11,23,0,0,0
2021-10-18 22:45,82,13,69,0,0,0
2021-10-18 23:00,30,14,16,0,0,0
2021-10-18 23:15,34,13,21,0,0,0
2021-10-18 23:30,52,9,43,0,0,0
2021-10-18 23:45,23,4,19,0,0,0
2021-10-19 00:00,16,6,10,0,0,0
2021-10-19 00:15,4,2,2,0,0,0
2021-10-19 00:30,5,2,3,0,0,0
2021-10-19 00:45,8,0,8,0,0,0
2021-10-19 01:00,11,6,5,0,0,0
2021-10-19 01:15,5,2,3,0,0,0
2021-10-19 01:30,7,3,4,0,0,0
2021-10-19 01:45,3,2,1,0,0,0
2021-10-19 02:00,2,1,1,0,0,0
2021-10-19 02:15,1,0,1,0,0,0
2021-10-19 02:30,2,2,0,0,0,0
2021-10-19 02:45,2,0,2,0,0,0
2021-10-19 03:00,4,2,2,0,0,0
2021-10-19 03:15,2,0,2,0,0,0
2021-10-19 03:30,0,0,0,0,0,0
2021-10-19 03:45,2,0,2,0,0,0
2021-10-19 04:00,0,0,0,0,0,0
2021-10-19 04:15,2,1,1,0,0,0
2021-10-19 04:30,0,0,0,0,0,0
2021-10-19 04:45,9,2,7,0,0,0
2021-10-19 05:00,2,0,2,0,0,0
2021-10-19 05:15,6,4,2,0,0,0
2021-10-19 05:30,10,7,3,0,0,0
2021-10-19 05:45,24,11,13,0,0,0
2021-10-19 06:00,23,10,13,0,0,0
2021-10-19 06:15,43,14,29,0,0,0
2021-10-19 06:30,53,23,30,0,0,0
2021-10-19 06:45,63,29,34,0,0,0
2021-10-19 07:00,65,35,30,0,0,0
2021-10-19 07:15,93,45,48,0,0,0
2021-10-19 07:30,118,45,73,0,0,0
2021-10-19 07:45,170,65,105,0,0,0
2021-10-19 08:00,115,55,60,0,0,0
2021-10-19 08:15,135,66,69,0,0,0
2021-10-19 08:30,120,51,69,0,0,0
2021-10-19 08:45,118,49,69,0,0,0
2021-10-19 09:00,105,47,58,0,0,0
2021-10-19 09:15,72,32,40,0,0,0
2021-10-19 09:30,95,35,60,0,0,0
2021-10-19 09:45,148,47,101,0,0,0
2021-10-19 10:00,97,36,61,0,0,0
2021-10-19 10:15,84,40,44,0,0,0
2021-10-19 10:30,55,21,34,0,0,0
2021-10-19 10:45,75,29,46,0,0,0
2021-10-19 11:00,81,34,47,0,0,0
2021-10-19 11:15,104,40,64,0,0,0
2021-10-19 11:30,94,43,51,0,0,0
2021-10-19 11:45,139,49,90,0,0,0
2021-10-19 12:00,144,58,86,0,0,0
2021-10-19 12:15,113,52,61,0,0,0
2021-10-19 12:30,111,47,64,0,0,0
2021-10-19 12:45,91,42,49,0,0,0
2021-10-19 13:00,88,49,39,0,0,0
2021-10-19 13:15,126,70,56,0,0,0
2021-10-19 13:30,111,59,52,0,0,0
2021-10-19 13:45,141,60,81,0,0,0
2021-10-19 14:00,134,70,64,0,0,0
2021-10-19 14:15,110,53,57,0,0,0
2021-10-19 14:30,118,58,60,0,0,0
2021-10-19 14:45,90,36,54,0,0,0
2021-10-19 15:00,106,56,50,0,0,0
2021-10-19 15:15,85,44,41,0,0,0
2021-10-19 15:30,95,45,50,0,0,0
2021-10-19 15:45,168,73,95,0,0,0
2021-10-19 16:00,158,92,66,0,0,0
2021-10-19 16:15,159,74,85,0,0,0
2021-10-19 16:30,146,57,89,0,0,0
2021-10-19 16:45,184,77,107,0,0,0
2021-10-19 17:00,126,63,63,0,0,0
2021-10-19 17:15,134,69,65,0,0,0
2021-10-19 17:30,148,56,92,0,0,0
2021-10-19 17:45,175,93,82,0,0,0
2021-10-19 18:00,160,87,73,0,0,0
2021-10-19 18:15,120,60,60,0,0,0
2021-10-19 18:30,127,62,65,0,0,0
2021-10-19 18:45,123,76,47,0,0,0
2021-10-19 19:00,97,52,45,0,0,0
2021-10-19 19:15,103,59,44,0,0,0
2021-10-19 19:30,95,46,49,0,0,0
2021-10-19 19:45,107,70,37,0,0,0
2021-10-19 20:00,110,65,45,0,0,0
2021-10-19 20:15,79,38,41,0,0,0
2021-10-19 20:30,62,32,30,0,0,0
2021-10-19 20:45,54,26,28,0,0,0
2021-10-19 21:00,65,32,33,0,0,0
2021-10-19 21:15,58,34,24,0,0,0
2021-10-19 21:30,42,21,21,0,0,0
2021-10-19 21:45,40,16,24,0,0,0
2021-10-19 22:00,46,15,31,0,0,0
2021-10-19 22:15,67,16,51,0,0,0
2021-10-19 22:30,33,10,23,0,0,0
2021-10-19 22:45,61,9,52,0,0,0
2021-10-19 23:00,30,10,20,0,0,0
2021-10-19 23:15,28,12,16,0,0,0
2021-10-19 23:30,54,8,46,0,0,0
2021-10-19 23:45,21,6,15,0,0,0
2021-10-20 00:00,39,4,35,0,0,0
2021-10-20 00:15,17,4,13,0,0,0
2021-10-20 00:30,5,0,5,0,0,0
2021-10-20 00:45,18,6,12,0,0,0
2021-10-20 01:00,21,8,13,0,0,0
2021-10-20 01:15,9,2,7,0,0,0
2021-10-20 01:30,4,2,2,0,0,0
2021-10-20 01:45,4,2,2,0,0,0
2021-10-20 02:00,5,1,4,0,0,0
2021-10-20 02:15,2,0,2,0,0,0
2021-10-20 02:30,2,2,0,0,0,0
2021-10-20 02:45,3,1,2,0,0,0
2021-10-20 03:00,4,1,3,0,0,0
2021-10-20 03:15,10,3,7,0,0,0
2021-10-20 03:30,0,0,0,0,0,0
2021-10-20 03:45,0,0,0,0,0,0
2021-10-20 04:00,0,0,0,0,0,0
2021-10-20 04:15,3,3,0,0,0,0
2021-10-20 04:30,4,1,3,0,0,0
2021-10-20 04:45,8,2,6,0,0,0
2021-10-20 05:00,5,1,4,0,0,0
2021-10-20 05:15,15,3,12,0,0,0
2021-10-20 05:30,8,3,5,0,0,0
2021-10-20 05:45,19,12,7,0,0,0
2021-10-20 06:00,23,11,12,0,0,0
2021-10-20 06:15,30,14,16,0,0,0
2021-10-20 06:30,45,25,20,0,0,0
2021-10-20 06:45,69,37,32,0,0,0
2021-10-20 07:00,66,33,33,0,0,0
2021-10-20 07:15,98,42,56,0,0,0
2021-10-20 07:30,116,58,58,0,0,0
2021-10-20 07:45,166,65,101,0,0,0
2021-10-20 08:00,123,57,66,0,0,0
2021-10-20 08:15,115,62,53,0,0,0
2021-10-20 08:30,119,61,58,0,0,0
2021-10-20 08:45,132,69,63,0,0,0
2021-10-20 09:00,85,39,46,0,0,0
2021-10-20 09:15,78,21,57,0,0,0
2021-10-20 09:30,74,34,40,0,0,0
2021-10-20 09:45,115,43,72,0,0,0
2021-10-20 10:00,103,40,63,0,0,0
2021-10-20 10:15,77,30,47,0,0,0
2021-10-20 10:30,79,24,55,0,0,0
2021-10-20 10:45,83,24,59,0,0,0
2021-10-20 11:00,70,26,44,0,0,0
2021-10-20 11:15,100,45,55,0,0,0
2021-10-20 11:30,108,55,53,0,0,0
2021-10-20 11:45,141,54,87,0,0,0
2021-10-20 12:00,136,45,91,0,0,0
2021-10-20 12:15,115,49,66,0,0,0
2021-10-20 12:30,82,48,34,0,0,0
2021-10-20 12:45,118,46,72,0,0,0
2021-10-20 13:00,106,45,61,0,0,0
2021-10-20 13:15,131,72,59,0,0,0
2021-10-20 13:30,106,61,45,0,0,0
2021-10-20 13:45,152,65,87,0,0,0
2021-10-20 14:00,137,68,69,0,0,0
2021-10-20 14:15,99,52,47,0,0,0
2021-10-20 14:30,130,54,76,0,0,0
2021-10-20 14:45,129,77,52,0,0,0
2021-10-20 15:00,132,69,63,0,0,0
2021-10-20 15:15,106,52,54,0,0,0
2021-10-20 15:30,126,60,66,0,0,0
2021-10-20 15:45,165,84,81,0,0,0
2021-10-20 16:00,154,77,77,0,0,0
2021-10-20 16:15,131,77,54,0,0,0
2021-10-20 16:30,125,53,72,0,0,0
2021-10-20 16:45,133,65,68,0,0,0
2021-10-20 17:00,150,66,84,0,0,0
2021-10-20 17:15,145,56,89,0,0,0
2021-10-20 17:30,172,93,79,0,0,0
2021-10-20 17:45,198,109,89,0,0,0
2021-10-20 18:00,175,99,76,0,0,0
2021-10-20 18:15,133,65,68,0,0,0
2021-10-20 18:30,135,76,59,0,0,0
2021-10-20 18:45,132,78,54,0,0,0
2021-10-20 19:00,92,49,43,0,0,0
2021-10-20 19:15,116,77,39,0,0,0
2021-10-20 19:30,111,57,54,0,0,0
2021-10-20 19:45,111,62,49,0,0,0
2021-10-20 20:00,130,69,61,0,0,0
2021-10-20 20:15,77,36,41,0,0,0
2021-10-20 20:30,72,33,39,0,0,0
2021-10-20 20:45,73,26,47,0,0,0
2021-10-20 21:00,60,31,29,0,0,0
2021-10-20 21:15,67,28,39,0,0,0
2021-10-20 21:30,57,18,39,0,0,0
2021-10-20 21:45,43,21,22,0,0,0
2021-10-20 22:00,59,28,31,0,0,0
2021-10-20 22:15,52,25,27,0,0,0
2021-10-20 22:30,63,15,48,0,0,0
2021-10-20 22:45,57,6,51,0,0,0
2021-10-20 23:00,59,20,39,0,0,0
2021-10-20 23:15,49,25,24,0,0,0
2021-10-20 23:30,68,13,55,0,0,0
2021-10-20 23:45,20,9,11,0,0,0
2021-10-21 00:00,22,13,9,0,0,0
2021-10-21 00:15,31,11,20,0,0,0
2021-10-21 00:30,17,13,4,0,0,0
2021-10-21 00:45,27,17,10,0,0,0
2021-10-21 01:00,11,7,4,0,0,0
2021-10-21 01:15,15,6,9,0,0,0
2021-10-21 01:30,33,6,27,0,0,0
2021-10-21 01:45,11,3,8,0,0,0
2021-10-21 02:00,22,9,13,0,0,0
2021-10-21 02:15,10,4,6,0,0,0
2021-10-21 02:30,7,3,4,0,0,0
2021-10-21 02:45,17,8,9,0,0,0
2021-10-21 03:00,10,1,9,0,0,0
2021-10-21 03:15,12,7,5,0,0,0
2021-10-21 03:30,13,1,12,0,0,0
2021-10-21 03:45,17,1,16,0,0,0
2021-10-21 04:00,1,0,1,0,0,0
2021-10-21 04:15,3,2,1,0,0,0
2021-10-21 04:30,4,2,2,0,0,0
2021-10-21 04:45,8,4,4,0,0,0
2021-10-21 05:00,0,0,0,0,0,0
2021-10-21 05:15,7,0,7,0,0,0
2021-10-21 05:30,10,5,5,0,0,0
2021-10-21 05:45,10,4,6,0,0,0
2021-10-21 06:00,18,6,12,0,0,0
2021-10-21 06:15,28,9,19,0,0,0
2021-10-21 06:30,56,20,36,0,0,0
2021-10-21 06:45,54,25,29,0,0,0
2021-10-21 07:00,68,34,34,0,0,0
2021-10-21 07:15,74,34,40,0,0,0
2021-10-21 07:30,87,35,52,0,0,0
2021-10-21 07:45,145,58,87,0,0,0
2021-10-21 08:00,85,41,44,0,0,0
2021-10-21 08:15,104,44,60,0,0,0
2021-10-21 08:30,129,57,72,0,0,0
2021-10-21 08:45,138,52,86,0,0,0
2021-10-21 09:00,64,27,37,0,0,0
2021-10-21 09:15,48,14,34,0,0,0
2021-10-21 09:30,64,24,40,0,0,0
2021-10-21 09:45,112,24,88,0,0,0
2021-10-21 10:00,93,31,62,0,0,0
2021-10-21 10:15,58,29,29,0,0,0
2021-10-21 10:30,50,20,30,0,0,0
2021-10-21 10:45,82,31,51,0,0,0
2021-10-21 11:00,67,27,40,0,0,0
2021-10-21 11:15,67,23,44,0,0,0
2021-10-21 11:30,86,37,49,0,0,0
2021-10-21 11:45,108,43,65,0,0,0
2021-10-21 12:00,123,55,68,0,0,0
2021-10-21 12:15,95,42,53,0,0,0
2021-10-21 12:30,89,36,53,0,0,0
2021-10-21 12:45,74,38,36,0,0,0
2021-10-21 13:00,98,48,50,0,0,0
2021-10-21 13:15,50,20,30,0,0,0
2021-10-21 13:30,77,23,54,0,0,0
2021-10-21 13:45,107,48,59,0,0,0
2021-10-21 14:00,105,47,58,0,0,0
2021-10-21 14:15,95,33,62,0,0,0
2021-10-21 14:30,81,36,45,0,0,0
2021-10-21 14:45,88,36,52,0,0,0
2021-10-21 15:00,81,29,52,0,0,0
2021-10-21 15:15,79,30,49,0,0,0
2021-10-21 15:30,90,32,58,0,0,0
2021-10-21 15:45,99,44,55,0,0,0
2021-10-21 16:00,118,52,66,0,0,0
2021-10-21 16:15,122,60,62,0,0,0
2021-10-21 16:30,108,25,83,0,0,0
2021-10-21 16:45,153,63,90,0,0,0
2021-10-21 17:00,131,44,87,0,0,0
2021-10-21 17:15,113,36,77,0,0,0
2021-10-21 17:30,134,66,68,0,0,0
2021-10-21 17:45,163,91,72,0,0,0
2021-10-21 18:00,142,77,65,0,0,0
2021-10-21 18:15,116,67,49,0,0,0
2021-10-21 18:30,89,34,55,0,0,0
2021-10-21 18:45,131,60,71,0,0,0
2021-10-21 19:00,104,47,57,0,0,0
2021-10-21 19:15,101,49,52,0,0,0
2021-10-21 19:30,82,41,41,0,0,0
2021-10-21 19:45,81,32,49,0,0,0
2021-10-21 20:00,75,33,42,0,0,0
2021-10-21 20:15,57,34,23,0,0,0
2021-10-21 20:30,53,28,25,0,0,0
2021-10-21 20:45,48,10,38,0,0,0
2021-10-21 21:00,65,26,39,0,0,0
2021-10-21 21:15,67,28,39,0,0,0
2021-10-21 21:30,50,24,26,0,0,0
2021-10-21 21:45,53,21,32,0,0,0
2021-10-21 22:00,80,40,40,0,0,0
2021-10-21 22:15,76,30,46,0,0,0
2021-10-21 22:30,44,24,20,0,0,0
2021-10-21 22:45,79,27,52,0,0,0
2021-10-21 23:00,69,35,34,0,0,0
2021-10-21 23:15,48,28,20,0,0,0
2021-10-21 23:30,65,49,16,0,0,0
2021-10-21 23:45,46,23,23,0,0,0
2021-10-22 00:00,32,15,17,0,0,0
2021-10-22 00:15,7,4,3,0,0,0
2021-10-22 00:30,16,5,11,0,0,0
2021-10-22 00:45,13,9,4,0,0,0
2021-10-22 01:00,10,1,9,0,0,0
2021-10-22 01:15,21,0,21,0,0,0
2021-10-22 01:30,18,3,15,0,0,0
2021-10-22 01:45,8,1,7,0,0,0
2021-10-22 02:00,13,1,12,0,0,0
2021-10-22 02:15,27,2,25,0,0,0
2021-10-22 02:30,16,6,10,0,0,0
2021-10-22 02:45,15,0,15,0,0,0
2021-10-22 03:00,13,1,12,0,0,0
2021-10-22 03:15,25,0,25,0,0,0
2021-10-22 03:30,21,0,21,0,0,0
2021-10-22 03:45,17,0,17,0,0,0
2021-10-22 04:00,17,1,16,0,0,0
2021-10-22 04:15,15,0,15,0,0,0
2021-10-22 04:30,26,2,24,0,0,0
2021-10-22 04:45,20,3,17,0,0,0
2021-10-22 05:00,6,3,3,0,0,0
2021-10-22 05:15,6,2,4,0,0,0
2021-10-22 05:30,6,0,6,0,0,0
2021-10-22 05:45,17,10,7,0,0,0
2021-10-22 06:00,13,6,7,0,0,0
2021-10-22 06:15,30,10,20,0,0,0
2021-10-22 06:30,44,20,24,0,0,0
2021-10-22 06:45,52,28,24,0,0,0
2021-10-22 07:00,49,24,25,0,0,0
2021-10-22 07:15,68,26,42,0,0,0
2021-10-22 07:30,97,41,56,0,0,0
2021-10-22 07:45,129,49,80,0,0,0
2021-10-22 08:00,100,44,56,0,0,0
2021-10-22 08:15,99,40,59,0,0,0
2021-10-22 08:30,87,40,47,0,0,0
2021-10-22 08:45,115,44,71,0,0,0
2021-10-22 09:00,69,31,38,0,0,0
2021-10-22 09:15,56,18,38,0,0,0
2021-10-22 09:30,71,33,38,0,0,0
2021-10-22 09:45,105,35,70,0,0,0
2021-10-22 10:00,100,44,56,0,0,0
2021-10-22 10:15,52,19,33,0,0,0
2021-10-22 10:30,85,32,53,0,0,0
2021-10-22 10:45,79,35,44,0,0,0
2021-10-22 11:00,101,34,67,0,0,0
2021-10-22 11:15,92,36,56,0,0,0
2021-10-22 11:30,91,37,54,0,0,0
2021-10-22 11:45,102,33,69,0,0,0
2021-10-22 12:00,109,44,65,0,0,0
2021-10-22 12:15,123,57,66,0,0,0
2021-10-22 12:30,112,39,73,0,0,0
2021-10-22 12:45,121,53,68,0,0,0
2021-10-22 13:00,108,57,51,0,0,0
2021-10-22 13:15,113,45,68,0,0,0
2021-10-22 13:30,105,34,71,0,0,0
2021-10-22 13:45,98,38,60,0,0,0
2021-10-22 14:00,119,51,68,0,0,0
2021-10-22 14:15,110,49,61,0,0,0
2021-10-22 14:30,102,39,63,0,0,0
2021-10-22 14:45,115,57,58,0,0,0
2021-10-22 15:00,91,47,44,0,0,0
2021-10-22 15:15,103,40,63,0,0,0
2021-10-22 15:30,65,26,39,0,0,0
2021-10-22 15:45,93,39,54,0,0,0
2021-10-22 16:00,124,69,55,0,0,0
2021-10-22 16:15,82,38,44,0,0,0
2021-10-22 16:30,81,43,38,0,0,0
2021-10-22 16:45,93,35,58,0,0,0
2021-10-22 17:00,82,35,47,0,0,0
2021-10-22 17:15,91,31,60,0,0,0
2021-10-22 17:30,80,31,49,0,0,0
2021-10-22 17:45,90,42,48,0,0,0
2021-10-22 18:00,116,58,58,0,0,0
2021-10-22 18:15,102,51,51,0,0,0
2021-10-22 18:30,114,42,72,0,0,0
2021-10-22 18:45,121,61,60,0,0,0
2021-10-22 19:00,127,45,82,0,0,0
2021-10-22 19:15,100,56,44,0,0,0
2021-10-22 19:30,113,60,53,0,0,0
2021-10-22 19:45,89,43,46,0,0,0
2021-10-22 20:00,106,44,62,0,0,0
2021-10-22 20:15,87,46,41,0,0,0
2021-10-22 20:30,71,42,29,0,0,0
2021-10-22 20:45,59,22,37,0,0,0
2021-10-22 21:00,56,23,33,0,0,0
2021-10-22 21:15,64,17,47,0,0,0
2021-10-22 21:30,51,24,27,0,0,0
2021-10-22 21:45,42,16,26,0,0,0
2021-10-22 22:00,54,14,40,0,0,0
2021-10-22 22:15,63,17,46,0,0,0
2021-10-22 22:30,48,13,35,0,0,0
2021-10-22 22:45,60,19,41,0,0,0
2021-10-22 23:00,72,29,43,0,0,0
2021-10-22 23:15,53,25,28,0,0,0
2021-10-22 23:30,58,26,32,0,0,0
2021-10-22 23:45,41,18,23,0,0,0
2021-10-23 00:00,46,18,28,0,0,0
2021-10-23 00:15,47,19,28,0,0,0
2021-10-23 00:30,45,22,23,0,0,0
2021-10-23 00:45,36,16,20,0,0,0
2021-10-23 01:00,29,17,12,0,0,0
2021-10-23 01:15,46,19,27,0,0,0
2021-10-23 01:30,37,9,28,0,0,0
2021-10-23 01:45,24,13,11,0,0,0
2021-10-23 02:00,29,12,17,0,0,0
2021-10-23 02:15,24,9,15,0,0,0
2021-10-23 02:30,21,5,16,0,0,0
2021-10-23 02:45,15,6,9,0,0,0
2021-10-23 03:00,23,4,19,0,0,0
2021-10-23 03:15,28,7,21,0,0,0
2021-10-23 03:30,27,6,21,0,0,0
2021-10-23 03:45,21,4,17,0,0,0
2021-10-23 04:00,8,3,5,0,0,0
2021-10-23 04:15,20,2,18,0,0,0
2021-10-23 04:30,9,2,7,0,0,0
2021-10-23 04:45,8,3,5,0,0,0
2021-10-23 05:00,7,0,7,0,0,0
2021-10-23 05:15,6,2,4,0,0,0
2021-10-23 05:30,12,3,9,0,0,0
2021-10-23 05:45,17,3,14,0,0,0
2021-10-23 06:00,10,3,7,0,0,0
2021-10-23 06:15,12,5,7,0,0,0
2021-10-23 06:30,13,6,7,0,0,0
2021-10-23 06:45,5,2,3,0,0,0
2021-10-23 07:00,12,3,9,0,0,0
2021-10-23 07:15,11,6,5,0,0,0
2021-10-23 07:30,16,6,10,0,0,0
2021-10-23 07:45,22,9,13,0,0,0
2021-10-23 08:00,15,7,8,0,0,0
2021-10-23 08:15,39,12,27,0,0,0
2021-10-23 08:30,33,8,25,0,0,0
2021-10-23 08:45,54,21,33,0,0,0
2021-10-23 09:00,37,17,20,0,0,0
2021-10-23 09:15,42,15,27,0,0,0
2021-10-23 09:30,45,17,28,0,0,0
2021-10-23 09:45,72,43,29,0,0,0
2021-10-23 10:00,62,20,42,0,0,0
2021-10-23 10:15,73,41,32,0,0,0
2021-10-23 10:30,72,33,39,0,0,0
2021-10-23 10:45,82,33,49,0,0,0
2021-10-23 11:00,89,39,50,0,0,0
2021-10-23 11:15,96,33,63,0,0,0
2021-10-23 11:30,93,35,58,0,0,0
2021-10-23 11:45,123,52,71,0,0,0
2021-10-23 12:00,111,45,66,0,0,0
2021-10-23 12:15,94,37,57,0,0,0
2021-10-23 12:30,100,40,60,0,0,0
2021-10-23 12:45,107,42,65,0,0,0
2021-10-23 13:00,84,39,45,0,0,0
2021-10-23 13:15,87,34,53,0,0,0
2021-10-23 13:30,110,48,62,0,0,0
2021-10-23 13:45,108,53,55,0,0,0
2021-10-23 14:00,110,51,59,0,0,0
2021-10-23 14:15,111,49,62,0,0,0
2021-10-23 14:30,100,46,54,0,0,0
2021-10-23 14:45,112,48,64,0,0,0
2021-10-23 15:00,126,49,77,0,0,0
2021-10-23 15:15,115,70,45,0,0,0
2021-10-23 15:30,99,51,48,0,0,0
2021-10-23 15:45,92,42,50,0,0,0
2021-10-23 16:00,94,36,58,0,0,0
2021-10-23 16:15,80,53,27,0,0,0
2021-10-23 16:30,100,42,58,0,0,0
2021-10-23 16:45,114,47,67,0,0,0
2021-10-23 17:00,111,55,56,0,0,0
2021-10-23 17:15,130,59,71,0,0,0
2021-10-23 17:30,90,32,58,0,0,0
2021-10-23 17:45,103,52,51,0,0,0
2021-10-23 18:00,102,49,53,0,0,0
2021-10-23 18:15,93,44,49,0,0,0
2021-10-23 18:30,82,30,52,0,0,0
2021-10-23 18:45,120,52,68,0,0,0
2021-10-23 19:00,95,55,40,0,0,0
2021-10-23 19:15,73,30,43,0,0,0
2021-10-23 19:30,96,42,54,0,0,0
2021-10-23 19:45,90,48,42,0,0,0
2021-10-23 20:00,94,40,54,0,0,0
2021-10-23 20:15,81,37,44,0,0,0
2021-10-23 20:30,46,12,34,0,0,0
2021-10-23 20:45,60,23,37,0,0,0
2021-10-23 21:00,64,32,32,0,0,0
2021-10-23 21:15,38,12,26,0,0,0
2021-10-23 21:30,68,30,38,0,0,0
2021-10-23 21:45,60,27,33,0,0,0
2021-10-23 22:00,51,24,27,0,0,0
2021-10-23 22:15,66,25,41,0,0,0
2021-10-23 22:30,66,22,44,0,0,0
2021-10-23 22:45,70,16,54,0,0,0
2021-10-23 23:00,49,21,28,0,0,0
2021-10-23 23:15,72,20,52,0,0,0
2021-10-23 23:30,68,27,41,0,0,0
2021-10-23 23:45,46,25,21,0,0,0
2021-10-24 00:00,46,23,23,0,0,0
2021-10-24 00:15,50,18,32,0,0,0
2021-10-24 00:30,56,28,28,0,0,0
2021-10-24 00:45,54,23,31,0,0,0
2021-10-24 01:00,45,21,24,0,0,0
2021-10-24 01:15,63,40,23,0,0,0
2021-10-24 01:30,43,21,22,0,0,0
2021-10-24 01:45,43,25,18,0,0,0
2021-10-24 02:00,34,20,14,0,0,0
2021-10-24 02:15,30,10,20,0,0,0
2021-10-24 02:30,26,10,16,0,0,0
2021-10-24 02:45,19,7,12,0,0,0
2021-10-24 03:00,28,5,23,0,0,0
2021-10-24 03:15,17,1,16,0,0,0
2021-10-24 03:30,23,4,19,0,0,0
2021-10-24 03:45,16,4,12,0,0,0
2021-10-24 04:00,16,1,15,0,0,0
2021-10-24 04:15,8,3,5,0,0,0
2021-10-24 04:30,16,2,14,0,0,0
2021-10-24 04:45,21,4,17,0,0,0
2021-10-24 05:00,3,1,2,0,0,0
2021-10-24 05:15,11,2,9,0,0,0
2021-10-24 05:30,13,1,12,0,0,0
2021-10-24 05:45,18,2,16,0,0,0
2021-10-24 06:00,15,0,15,0,0,0
2021-10-24 06:15,6,4,2,0,0,0
2021-10-24 06:30,12,2,10,0,0,0
2021-10-24 06:45,6,2,4,0,0,0
2021-10-24 07:00,9,1,8,0,0,0
2021-10-24 07:15,3,1,2,0,0,0
2021-10-24 07:30,6,2,4,0,0,0
2021-10-24 07:45,11,3,8,0,0,0
2021-10-24 08:00,15,8,7,0,0,0
2021-10-24 08:15,10,5,5,0,0,0
2021-10-24 08:30,23,7,16,0,0,0
2021-10-24 08:45,21,8,13,0,0,0
2021-10-24 09:00,13,3,10,0,0,0
2021-10-24 09:15,25,9,16,0,0,0
2021-10-24 09:30,34,10,24,0,0,0
2021-10-24 09:45,43,13,30,0,0,0
2021-10-24 10:00,40,8,32,0,0,0
2021-10-24 10:15,49,19,30,0,0,0
2021-10-24 10:30,71,38,33,0,0,0
2021-10-24 10:45,58,24,34,0,0,0
2021-10-24 11:00,36,21,15,0,0,0
2021-10-24 11:15,45,20,25,0,0,0
2021-10-24 11:30,68,23,45,0,0,0
2021-10-24 11:45,48,20,28,0,0,0
2021-10-24 12:00,62,26,36,0,0,0
2021-10-24 12:15,69,31,38,0,0,0
2021-10-24 12:30,53,29,24,0,0,0
2021-10-24 12:45,87,27,60,0,0,0
2021-10-24 13:00,76,20,56,0,0,0
2021-10-24 13:15,67,28,39,0,0,0
2021-10-24 13:30,81,28,53,0,0,0
2021-10-24 13:45,94,30,64,0,0,0
2021-10-24 14:00,66,37,29,0,0,0
2021-10-24 14:15,98,35,63,0,0,0
2021-10-24 14:30,82,23,59,0,0,0
2021-10-24 14:45,102,37,65,0,0,0
2021-10-24 15:00,102,53,49,0,0,0
2021-10-24 15:15,107,51,56,0,0,0
2021-10-24 15:30,84,38,46,0,0,0
2021-10-24 15:45,93,49,44,0,0,0
2021-10-24 16:00,114,36,78,0,0,0
2021-10-24 16:15,103,43,60,0,0,0
2021-10-24 16:30,94,47,47,0,0,0
2021-10-24 16:45,88,37,51,0,0,0
2021-10-24 17:00,95,41,54,0,0,0
2021-10-24 17:15,123,49,74,0,0,0
2021-10-24 17:30,96,51,45,0,0,0
2021-10-24 17:45,95,34,61,0,0,0
2021-10-24 18:00,98,48,50,0,0,0
2021-10-24 18:15,112,41,71,0,0,0
2021-10-24 18:30,86,29,57,0,0,0
2021-10-24 18:45,76,33,43,0,0,0
2021-10-24 19:00,91,40,51,0,0,0
2021-10-24 19:15,87,38,49,0,0,0
2021-10-24 19:30,64,32,32,0,0,0
2021-10-24 19:45,70,26,44,0,0,0
2021-10-24 20:00,74,32,42,0,0,0
2021-10-24 20:15,49,26,23,0,0,0
2021-10-24 20:30,51,15,36,0,0,0
2021-10-24 20:45,48,15,33,0,0,0
2021-10-24 21:00,45,20,25,0,0,0
2021-10-24 21:15,39,9,30,0,0,0
2021-10-24 21:30,30,12,18,0,0,0
2021-10-24 21:45,48,19,29,0,0,0
2021-10-24 22:00,38,19,19,0,0,0
2021-10-24 22:15,34,9,25,0,0,0
2021-10-24 22:30,30,5,25,0,0,0
2021-10-24 22:45,56,6,50,0,0,0
2021-10-24 23:00,29,10,19,0,0,0
2021-10-24 23:15,24,8,16,0,0,0
2021-10-24 23:30,12,2,10,0,0,0
2021-10-24 23:45,9,2,7,0,0,0
2021-10-25 00:00,15,7,8,0,0,0
2021-10-25 00:15,7,1,6,0,0,0
2021-10-25 00:30,7,3,4,0,0,0
2021-10-25 00:45,7,1,6,0,0,0
2021-10-25 01:00,5,2,3,0,0,0
2021-10-25 01:15,1,1,0,0,0,0
2021-10-25 01:30,1,0,1,0,0,0
2021-10-25 01:45,1,1,0,0,0,0
2021-10-25 02:00,0,0,0,0,0,0
2021-10-25 02:15,1,0,1,0,0,0
2021-10-25 02:30,1,0,1,0,0,0
2021-10-25 02:45,3,1,2,0,0,0
2021-10-25 03:00,0,0,0,0,0,0
2021-10-25 03:15,1,1,0,0,0,0
2021-10-25 03:30,0,0,0,0,0,0
2021-10-25 03:45,1,1,0,0,0,0
2021-10-25 04:00,0,0,0,0,0,0
2021-10-25 04:15,3,2,1,0,0,0
2021-10-25 04:30,1,0,1,0,0,0
2021-10-25 04:45,6,0,6,0,0,0
2021-10-25 05:00,2,0,2,0,0,0
2021-10-25 05:15,2,2,0,0,0,0
2021-10-25 05:30,17,8,9,0,0,0
2021-10-25 05:45,15,6,9,0,0,0
2021-10-25 06:00,21,10,11,0,0,0
2021-10-25 06:15,32,12,20,0,0,0
2021-10-25 06:30,47,14,33,0,0,0
2021-10-25 06:45,62,33,29,0,0,0
2021-10-25 07:00,85,37,48,0,0,0
2021-10-25 07:15,104,58,46,0,0,0
2021-10-25 07:30,113,52,61,0,0,0
2021-10-25 07:45,191,87,104,0,0,0
2021-10-25 08:00,168,72,96,0,0,0
2021-10-25 08:15,150,72,78,0,0,0
2021-10-25 08:30,114,54,60,0,0,0
2021-10-25 08:45,131,53,78,0,0,0
2021-10-25 09:00,112,50,62,0,0,0
2021-10-25 09:15,98,43,55,0,0,0
2021-10-25 09:30,105,41,64,0,0,0
2021-10-25 09:45,124,41,83,0,0,0
2021-10-25 10:00,115,53,62,0,0,0
2021-10-25 10:15,72,34,38,0,0,0
2021-10-25 10:30,67,29,38,0,0,0
2021-10-25 10:45,108,55,53,0,0,0
2021-10-25 11:00,79,31,48,0,0,0
2021-10-25 11:15,108,39,69,0,0,0
2021-10-25 11:30,112,44,68,0,0,0
2021-10-25 11:45,132,51,81,0,0,0
2021-10-25 12:00,137,75,62,0,0,0
2021-10-25 12:15,118,50,68,0,0,0
2021-10-25 12:30,94,36,58,0,0,0
2021-10-25 12:45,131,62,69,0,0,0
2021-10-25 13:00,118,44,74,0,0,0
2021-10-25 13:15,133,59,74,0,0,0
2021-10-25 13:30,113,50,63,0,0,0
2021-10-25 13:45,145,70,75,0,0,0
2021-10-25 14:00,151,71,80,0,0,0
2021-10-25 14:15,135,76,59,0,0,0
2021-10-25 14:30,136,56,80,0,0,0
2021-10-25 14:45,137,73,64,0,0,0
2021-10-25 15:00,124,61,63,0,0,0
2021-10-25 15:15,123,61,62,0,0,0
2021-10-25 15:30,154,83,71,0,0,0
2021-10-25 15:45,204,94,110,0,0,0
2021-10-25 16:00,211,103,108,0,0,0
2021-10-25 16:15,149,81,68,0,0,0
2021-10-25 16:30,152,73,79,0,0,0
2021-10-25 16:45,167,72,95,0,0,0
2021-10-25 17:00,197,88,109,0,0,0
2021-10-25 17:15,173,85,88,0,0,0
2021-10-25 17:30,155,58,97,0,0,0
2021-10-25 17:45,213,122,91,0,0,0
2021-10-25 18:00,151,76,75,0,0,0
2021-10-25 18:15,147,78,69,0,0,0
2021-10-25 18:30,137,68,69,0,0,0
2021-10-25 18:45,151,78,73,0,0,0
2021-10-25 19:00,131,72,59,0,0,0
2021-10-25 19:15,131,76,55,0,0,0
2021-10-25 19:30,103,57,46,0,0,0
2021-10-25 19:45,116,64,52,0,0,0
2021-10-25 20:00,94,48,46,0,0,0
2021-10-25 20:15,92,36,56,0,0,0
2021-10-25 20:30,70,31,39,0,0,0
2021-10-25 20:45,60,24,36,0,0,0
2021-10-25 21:00,50,20,30,0,0,0
2021-10-25 21:15,56,26,30,0,0,0
2021-10-25 21:30,32,9,23,0,0,0
2021-10-25 21:45,55,17,38,0,0,0
2021-10-25 22:00,44,15,29,0,0,0
2021-10-25 22:15,42,17,25,0,0,0
2021-10-25 22:30,58,18,40,0,0,0
2021-10-25 22:45,32,14,18,0,0,0
2021-10-25 23:00,64,11,53,0,0,0
2021-10-25 23:15,30,11,19,0,0,0
2021-10-25 23:30,26,6,20,0,0,0
2021-10-25 23:45,16,5,11,0,0,0
2021-10-26 00:00,15,5,10,0,0,0
2021-10-26 00:15,16,2,14,0,0,0
2021-10-26 00:30,9,3,6,0,0,0
2021-10-26 00:45,6,5,1,0,0,0
2021-10-26 01:00,3,2,1,0,0,0
2021-10-26 01:15,8,1,7,0,0,0
2021-10-26 01:30,5,0,5,0,0,0
2021-10-26 01:45,0,0,0,0,0,0
2021-10-26 02:00,3,1,2,0,0,0
2021-10-26 02:15,4,0,4,0,0,0
2021-10-26 02:30,0,0,0,0,0,0
2021-10-26 02:45,0,0,0,0,0,0
2021-10-26 03:00,0,0,0,0,0,0
2021-10-26 03:15,0,0,0,0,0,0
2021-10-26 03:30,0,0,0,0,0,0
2021-10-26 03:45,0,0,0,0,0,0
2021-10-26 04:00,1,1,0,0,0,0
2021-10-26 04:15,2,0,2,0,0,0
2021-10-26 04:30,1,0,1,0,0,0
2021-10-26 04:45,11,3,8,0,0,0
2021-10-26 05:00,1,1,0,0,0,0
2021-10-26 05:15,7,5,2,0,0,0
2021-10-26 05:30,13,9,4,0,0,0
2021-10-26 05:45,16,7,9,0,0,0
2021-10-26 06:00,30,13,17,0,0,0
2021-10-26 06:15,33,15,18,0,0,0
2021-10-26 06:30,59,21,38,0,0,0
2021-10-26 06:45,80,44,36,0,0,0
2021-10-26 07:00,81,46,35,0,0,0
2021-10-26 07:15,87,39,48,0,0,0
2021-10-26 07:30,141,68,73,0,0,0
2021-10-26 07:45,227,88,139,0,0,0
2021-10-26 08:00,172,69,103,0,0,0
2021-10-26 08:15,153,79,74,0,0,0
2021-10-26 08:30,157,69,88,0,0,0
2021-10-26 08:45,122,55,67,0,0,0
2021-10-26 09:00,92,40,52,0,0,0
2021-10-26 09:15,82,28,54,0,0,0
2021-10-26 09:30,92,20,72,0,0,0
2021-10-26 09:45,140,41,99,0,0,0
2021-10-26 10:00,108,31,77,0,0,0
2021-10-26 10:15,79,39,40,0,0,0
2021-10-26 10:30,67,31,36,0,0,0
2021-10-26 10:45,108,37,71,0,0,0
2021-10-26 11:00,83,28,55,0,0,0
2021-10-26 11:15,75,26,49,0,0,0
2021-10-26 11:30,96,36,60,0,0,0
2021-10-26 11:45,144,51,93,0,0,0
2021-10-26 12:00,115,48,67,0,0,0
2021-10-26 12:15,119,52,67,0,0,0
2021-10-26 12:30,123,58,65,0,0,0
2021-10-26 12:45,123,53,70,0,0,0
2021-10-26 13:00,129,51,78,0,0,0
2021-10-26 13:15,134,58,76,0,0,0
2021-10-26 13:30,183,95,88,0,0,0
2021-10-26 13:45,154,76,78,0,0,0
2021-10-26 14:00,145,64,81,0,0,0
2021-10-26 14:15,146,84,62,0,0,0
2021-10-26 14:30,128,74,54,0,0,0
2021-10-26 14:45,124,50,74,0,0,0
2021-10-26 15:00,134,68,66,0,0,0
2021-10-26 15:15,112,62,50,0,0,0
2021-10-26 15:30,150,69,81,0,0,0
2021-10-26 15:45,181,94,87,0,0,0
2021-10-26 16:00,205,119,86,0,0,0
2021-10-26 16:15,162,72,90,0,0,0
2021-10-26 16:30,158,78,80,0,0,0
2021-10-26 16:45,187,88,99,0,0,0
2021-10-26 17:00,198,110,88,0,0,0
2021-10-26 17:15,195,94,101,0,0,0
2021-10-26 17:30,199,105,94,0,0,0
2021-10-26 17:45,180,87,93,0,0,0
2021-10-26 18:00,186,92,94,0,0,0
2021-10-26 18:15,152,88,64,0,0,0
2021-10-26 18:30,133,64,69,0,0,0
2021-10-26 18:45,178,105,73,0,0,0
2021-10-26 19:00,100,46,54,0,0,0
2021-10-26 19:15,126,74,52,0,0,0
2021-10-26 19:30,102,52,50,0,0,0
2021-10-26 19:45,117,67,50,0,0,0
2021-10-26 20:00,88,52,36,0,0,0
2021-10-26 20:15,105,50,55,0,0,0
2021-10-26 20:30,61,26,35,0,0,0
2021-10-26 20:45,82,40,42,0,0,0
2021-10-26 21:00,85,39,46,0,0,0
2021-10-26 21:15,80,33,47,0,0,0
2021-10-26 21:30,65,37,28,0,0,0
2021-10-26 21:45,63,33,30,0,0,0
2021-10-26 22:00,70,27,43,0,0,0
2021-10-26 22:15,69,32,37,0,0,0
2021-10-26 22:30,55,17,38,0,0,0
2021-10-26 22:45,65,19,46,0,0,0
2021-10-26 23:00,47,17,30,0,0,0
2021-10-26 23:15,28,10,18,0,0,0
2021-10-26 23:30,14,8,6,0,0,0
2021-10-26 23:45,11,2,9,0,0,0
2021-10-27 00:00,23,10,13,0,0,0
2021-10-27 00:15,15,4,11,0,0,0
2021-10-27 00:30,12,5,7,0,0,0
2021-10-27 00:45,13,2,11,0,0,0
2021-10-27 01:00,12,7,5,0,0,0
2021-10-27 01:15,6,1,5,0,0,0
2021-10-27 01:30,3,1,2,0,0,0
2021-10-27 01:45,9,8,1,0,0,0
2021-10-27 02:00,5,4,1,0,0,0
2021-10-27 02:15,4,1,3,0,0,0
2021-10-27 02:30,3,0,3,0,0,0
2021-10-27 02:45,0,0,0,0,0,0
2021-10-27 03:00,0,0,0,0,0,0
2021-10-27 03:15,3,1,2,0,0,0
2021-10-27 03:30,2,1,1,0,0,0
2021-10-27 03:45,1,1,0,0,0,0
2021-10-27 04:00,2,0,2,0,0,0
2021-10-27 04:15,8,2,6,0,0,0
2021-10-27 04:30,5,1,4,0,0,0
2021-10-27 04:45,8,2,6,0,0,0
2021-10-27 05:00,7,2,5,0,0,0
2021-10-27 05:15,8,3,5,0,0,0
2021-10-27 05:30,14,7,7,0,0,0
2021-10-27 05:45,19,6,13,0,0,0
2021-10-27 06:00,36,17,19,0,0,0
2021-10-27 06:15,38,20,18,0,0,0
2021-10-27 06:30,69,25,44,0,0,0
2021-10-27 06:45,84,47,37,0,0,0
2021-10-27 07:00,87,45,42,0,0,0
2021-10-27 07:15,97,53,44,0,0,0
2021-10-27 07:30,133,66,67,0,0,0
2021-10-27 07:45,211,72,139,0,0,0
2021-10-27 08:00,195,89,106,0,0,0
2021-10-27 08:15,180,95,85,0,0,0
2021-10-27 08:30,118,55,63,0,0,0
2021-10-27 08:45,155,58,97,0,0,0
2021-10-27 09:00,140,57,83,0,0,0
2021-10-27 09:15,98,40,58,0,0,0
2021-10-27 09:30,82,29,53,0,0,0
2021-10-27 09:45,153,61,92,0,0,0
2021-10-27 10:00,112,51,61,0,0,0
2021-10-27 10:15,100,35,65,0,0,0
2021-10-27 10:30,83,33,50,0,0,0
2021-10-27 10:45,90,30,60,0,0,0
2021-10-27 11:00,100,42,58,0,0,0
2021-10-27 11:15,114,48,66,0,0,0
2021-10-27 11:30,101,50,51,0,0,0
2021-10-27 11:45,136,68,68,0,0,0
2021-10-27 12:00,140,65,75,0,0,0
2021-10-27 12:15,121,52,69,0,0,0
2021-10-27 12:30,126,61,65,0,0,0
2021-10-27 12:45,142,67,75,0,0,0
2021-10-27 13:00,136,56,80,0,0,0
2021-10-27 13:15,130,72,58,0,0,0
2021-10-27 13:30,127,65,62,0,0,0
2021-10-27 13:45,153,84,69,0,0,0
2021-10-27 14:00,166,73,93,0,0,0
2021-10-27 14:15,143,73,70,0,0,0
2021-10-27 14:30,111,55,56,0,0,0
2021-10-27 14:45,132,63,69,0,0,0
2021-10-27 15:00,125,66,59,0,0,0
2021-10-27 15:15,131,53,78,0,0,0
2021-10-27 15:30,148,62,86,0,0,0
2021-10-27 15:45,185,87,98,0,0,0
2021-10-27 16:00,178,87,91,0,0,0
2021-10-27 16:15,171,91,80,0,0,0
2021-10-27 16:30,163,73,90,0,0,0
2021-10-27 16:45,195,92,103,0,0,0
2021-10-27 17:00,174,82,92,0,0,0
2021-10-27 17:15,195,102,93,0,0,0
2021-10-27 17:30,167,72,95,0,0,0
2021-10-27 17:45,201,110,91,0,0,0
2021-10-27 18:00,191,101,90,0,0,0
2021-10-27 18:15,185,82,103,0,0,0
2021-10-27 18:30,160,83,77,0,0,0
2021-10-27 18:45,192,92,100,0,0,0
2021-10-27 19:00,195,87,108,0,0,0
2021-10-27 19:15,138,74,64,0,0,0
2021-10-27 19:30,136,74,62,0,0,0
2021-10-27 19:45,128,70,58,0,0,0
2021-10-27 20:00,107,54,53,0,0,0
2021-10-27 20:15,113,58,55,0,0,0
2021-10-27 20:30,82,45,37,0,0,0
2021-10-27 20:45,76,37,39,0,0,0
2021-10-27 21:00,72,28,44,0,0,0
2021-10-27 21:15,71,44,27,0,0,0
2021-10-27 21:30,71,33,38,0,0,0
2021-10-27 21:45,71,41,30,0,0,0
2021-10-27 22:00,94,38,56,0,0,0
2021-10-27 22:15,90,35,55,0,0,0
2021-10-27 22:30,77,29,48,0,0,0
2021-10-27 22:45,108,28,80,0,0,0
2021-10-27 23:00,93,30,63,0,0,0
2021-10-27 23:15,69,33,36,0,0,0
2021-10-27 23:30,39,16,23,0,0,0
2021-10-27 23:45,26,13,13,0,0,0
2021-10-28 00:00,28,16,12,0,0,0
2021-10-28 00:15,40,32,8,0,0,0
2021-10-28 00:30,38,14,24,0,0,0
2021-10-28 00:45,13,6,7,0,0,0
2021-10-28 01:00,20,9,11,0,0,0
2021-10-28 01:15,7,2,5,0,0,0
2021-10-28 01:30,16,5,11,0,0,0
2021-10-28 01:45,9,1,8,0,0,0
2021-10-28 02:00,11,5,6,0,0,0
2021-10-28 02:15,28,4,24,0,0,0
2021-10-28 02:30,12,4,8,0,0,0
2021-10-28 02:45,13,4,9,0,0,0
2021-10-28 03:00,5,1,4,0,0,0
2021-10-28 03:15,12,4,8,0,0,0
2021-10-28 03:30,10,3,7,0,0,0
2021-10-28 03:45,7,1,6,0,0,0
2021-10-28 04:00,4,1,3,0,0,0
2021-10-28 04:15,4,0,4,0,0,0
2021-10-28 04:30,3,1,2,0,0,0
2021-10-28 04:45,6,4,2,0,0,0
2021-10-28 05:00,5,2,3,0,0,0
2021-10-28 05:15,9,3,6,0,0,0
2021-10-28 05:30,21,9,12,0,0,0
2021-10-28 05:45,22,11,11,0,0,0
2021-10-28 06:00,31,9,22,0,0,0
2021-10-28 06:15,36,7,29,0,0,0
2021-10-28 06:30,46,23,23,0,0,0
2021-10-28 06:45,75,39,36,0,0,0
2021-10-28 07:00,97,49,48,0,0,0
2021-10-28 07:15,90,41,49,0,0,0
2021-10-28 07:30,124,63,61,0,0,0
2021-10-28 07:45,215,94,121,0,0,0
2021-10-28 08:00,169,61,108,0,0,0
2021-10-28 08:15,144,82,62,0,0,0
2021-10-28 08:30,130,51,79,0,0,0
2021-10-28 08:45,142,75,67,0,0,0
2021-10-28 09:00,107,53,54,0,0,0
2021-10-28 09:15,102,37,65,0,0,0
2021-10-28 09:30,97,31,66,0,0,0
2021-10-28 09:45,158,47,111,0,0,0
2021-10-28 10:00,136,58,78,0,0,0
2021-10-28 10:15,79,26,53,0,0,0
2021-10-28 10:30,81,35,46,0,0,0
2021-10-28 10:45,95,21,74,0,0,0
2021-10-28 11:00,93,51,42,0,0,0
2021-10-28 11:15,104,38,66,0,0,0
2021-10-28 11:30,116,40,76,0,0,0
2021-10-28 11:45,142,49,93,0,0,0
2021-10-28 12:00,141,64,77,0,0,0
2021-10-28 12:15,129,52,77,0,0,0
2021-10-28 12:30,137,59,78,0,0,0
2021-10-28 12:45,131,55,76,0,0,0
2021-10-28 13:00,151,65,86,0,0,0
2021-10-28 13:15,151,80,71,0,0,0
2021-10-28 13:30,133,58,75,0,0,0
2021-10-28 13:45,170,93,77,0,0,0
2021-10-28 14:00,135,56,79,0,0,0
2021-10-28 14:15,135,80,55,0,0,0
2021-10-28 14:30,117,52,65,0,0,0
2021-10-28 14:45,175,80,95,0,0,0
2021-10-28 15:00,129,60,69,0,0,0
2021-10-28 15:15,155,94,61,0,0,0
2021-10-28 15:30,161,75,86,0,0,0
2021-10-28 15:45,192,93,99,0,0,0
2021-10-28 16:00,200,94,106,0,0,0
2021-10-28 16:15,148,65,83,0,0,0
2021-10-28 16:30,156,81,75,0,0,0
2021-10-28 16:45,184,89,95,0,0,0
2021-10-28 17:00,184,87,97,0,0,0
2021-10-28 17:15,198,105,93,0,0,0
2021-10-28 17:30,181,88,93,0,0,0
2021-10-28 17:45,219,107,112,0,0,0
2021-10-28 18:00,208,107,101,0,0,0
2021-10-28 18:15,185,74,111,0,0,0
2021-10-28 18:30,157,82,75,0,0,0
2021-10-28 18:45,159,78,81,0,0,0
2021-10-28 19:00,126,71,55,0,0,0
2021-10-28 19:15,133,81,52,0,0,0
2021-10-28 19:30,121,57,64,0,0,0
2021-10-28 19:45,144,70,74,0,0,0
2021-10-28 20:00,111,50,61,0,0,0
2021-10-28 20:15,95,40,55,0,0,0
2021-10-28 20:30,91,38,53,0,0,0
2021-10-28 20:45,69,37,32,0,0,0
2021-10-28 21:00,84,50,34,0,0,0
2021-10-28 21:15,63,26,37,0,0,0
2021-10-28 21:30,55,31,24,0,0,0
2021-10-28 21:45,61,28,33,0,0,0
2021-10-28 22:00,65,29,36,0,0,0
2021-10-28 22:15,116,39,77,0,0,0
2021-10-28 22:30,81,34,47,0,0,0
2021-10-28 22:45,86,27,59,0,0,0
2021-10-28 23:00,46,27,19,0,0,0
2021-10-28 23:15,35,19,16,0,0,0
2021-10-28 23:30,43,14,29,0,0,0
2021-10-28 23:45,21,9,12,0,0,0
2021-10-29 00:00,19,6,13,0,0,0
2021-10-29 00:15,21,7,14,0,0,0
2021-10-29 00:30,12,5,7,0,0,0
2021-10-29 00:45,8,4,4,0,0,0
2021-10-29 01:00,7,3,4,0,0,0
2021-10-29 01:15,8,1,7,0,0,0
2021-10-29 01:30,9,3,6,0,0,0
2021-10-29 01:45,8,1,7,0,0,0
2021-10-29 02:00,5,2,3,0,0,0
2021-10-29 02:15,7,2,5,0,0,0
2021-10-29 02:30,7,3,4,0,0,0
2021-10-29 02:45,6,0,6,0,0,0
2021-10-29 03:00,3,3,0,0,0,0
2021-10-29 03:15,6,2,4,0,0,0
2021-10-29 03:30,0,0,0,0,0,0
2021-10-29 03:45,2,1,1,0,0,0
2021-10-29 04:00,1,0,1,0,0,0
2021-10-29 04:15,4,1,3,0,0,0
2021-10-29 04:30,0,0,0,0,0,0
2021-10-29 04:45,2,1,1,0,0,0
2021-10-29 05:00,6,3,3,0,0,0
2021-10-29 05:15,4,4,0,0,0,0
2021-10-29 05:30,16,6,10,0,0,0
2021-10-29 05:45,13,6,7,0,0,0
2021-10-29 06:00,24,11,13,0,0,0
2021-10-29 06:15,30,12,18,0,0,0
2021-10-29 06:30,48,18,30,0,0,0
2021-10-29 06:45,75,41,34,0,0,0
2021-10-29 07:00,76,40,36,0,0,0
2021-10-29 07:15,93,50,43,0,0,0
2021-10-29 07:30,129,52,77,0,0,0
2021-10-29 07:45,153,75,78,0,0,0
2021-10-29 08:00,168,67,101,0,0,0
2021-10-29 08:15,113,46,67,0,0,0
2021-10-29 08:30,125,60,65,0,0,0
2021-10-29 08:45,151,62,89,0,0,0
2021-10-29 09:00,88,44,44,0,0,0
2021-10-29 09:15,72,25,47,0,0,0
2021-10-29 09:30,103,46,57,0,0,0
2021-10-29 09:45,132,49,83,0,0,0
2021-10-29 10:00,88,28,60,0,0,0
2021-10-29 10:15,64,29,35,0,0,0
2021-10-29 10:30,75,30,45,0,0,0
2021-10-29 10:45,101,38,63,0,0,0
2021-10-29 11:00,101,44,57,0,0,0
2021-10-29 11:15,93,40,53,0,0,0
2021-10-29 11:30,97,32,65,0,0,0
2021-10-29 11:45,115,51,64,0,0,0
2021-10-29 12:00,140,63,77,0,0,0
2021-10-29 12:15,148,44,104,0,0,0
2021-10-29 12:30,128,40,88,0,0,0
2021-10-29 12:45,144,68,76,0,0,0
2021-10-29 13:00,142,61,81,0,0,0
2021-10-29 13:15,144,80,64,0,0,0
2021-10-29 13:30,146,67,79,0,0,0
2021-10-29 13:45,148,70,78,0,0,0
2021-10-29 14:00,167,68,99,0,0,0
2021-10-29 14:15,158,70,88,0,0,0
2021-10-29 14:30,154,84,70,0,0,0
2021-10-29 14:45,147,63,84,0,0,0
2021-10-29 15:00,138,53,85,0,0,0
2021-10-29 15:15,151,73,78,0,0,0
2021-10-29 15:30,129,62,67,0,0,0
2021-10-29 15:45,116,48,68,0,0,0
2021-10-29 16:00,152,68,84,0,0,0
2021-10-29 16:15,161,75,86,0,0,0
2021-10-29 16:30,137,67,70,0,0,0
2021-10-29 16:45,154,76,78,0,0,0
2021-10-29 17:00,129,66,63,0,0,0
2021-10-29 17:15,130,74,56,0,0,0
2021-10-29 17:30,133,66,67,0,0,0
2021-10-29 17:45,183,100,83,0,0,0
2021-10-29 18:00,154,83,71,0,0,0
2021-10-29 18:15,147,64,83,0,0,0
2021-10-29 18:30,119,61,58,0,0,0
2021-10-29 18:45,148,88,60,0,0,0
2021-10-29 19:00,122,62,60,0,0,0
2021-10-29 19:15,138,77,61,0,0,0
2021-10-29 19:30,124,65,59,0,0,0
2021-10-29 19:45,113,70,43,0,0,0
2021-10-29 20:00,127,54,73,0,0,0
2021-10-29 20:15,95,49,46,0,0,0
2021-10-29 20:30,71,28,43,0,0,0
2021-10-29 20:45,72,31,41,0,0,0
2021-10-29 21:00,72,32,40,0,0,0
2021-10-29 21:15,50,25,25,0,0,0
2021-10-29 21:30,63,34,29,0,0,0
2021-10-29 21:45,79,27,52,0,0,0
2021-10-29 22:00,80,37,43,0,0,0
2021-10-29 22:15,63,12,51,0,0,0
2021-10-29 22:30,75,30,45,0,0,0
2021-10-29 22:45,89,18,71,0,0,0
2021-10-29 23:00,62,19,43,0,0,0
2021-10-29 23:15,66,20,46,0,0,0
2021-10-29 23:30,68,31,37,0,0,0
2021-10-29 23:45,75,37,38,0,0,0
2021-10-30 00:00,66,37,29,0,0,0
2021-10-30 00:15,56,19,37,0,0,0
2021-10-30 00:30,60,33,27,0,0,0
2021-10-30 00:45,50,26,24,0,0,0
2021-10-30 01:00,46,23,23,0,0,0
2021-10-30 01:15,39,16,23,0,0,0
2021-10-30 01:30,28,9,19,0,0,0
2021-10-30 01:45,48,16,32,0,0,0
2021-10-30 02:00,26,7,19,0,0,0
2021-10-30 02:15,26,5,21,0,0,0
2021-10-30 02:30,12,7,5,0,0,0
2021-10-30 02:45,24,7,17,0,0,0
2021-10-30 03:00,18,3,15,0,0,0
2021-10-30 03:15,29,5,24,0,0,0
2021-10-30 03:30,8,3,5,0,0,0
2021-10-30 03:45,21,5,16,0,0,0
2021-10-30 04:00,14,0,14,0,0,0
2021-10-30 04:15,19,3,16,0,0,0
2021-10-30 04:30,16,1,15,0,0,0
2021-10-30 04:45,23,1,22,0,0,0
2021-10-30 05:00,7,1,6,0,0,0
2021-10-30 05:15,13,4,9,0,0,0
2021-10-30 05:30,10,3,7,0,0,0
2021-10-30 05:45,18,6,12,0,0,0
2021-10-30 06:00,8,3,5,0,0,0
2021-10-30 06:15,14,2,12,0,0,0
2021-10-30 06:30,13,4,9,0,0,0
2021-10-30 06:45,16,6,10,0,0,0
2021-10-30 07:00,12,2,10,0,0,0
2021-10-30 07:15,16,7,9,0,0,0
2021-10-30 07:30,23,7,16,0,0,0
2021-10-30 07:45,26,16,10,0,0,0
2021-10-30 08:00,19,8,11,0,0,0
2021-10-30 08:15,30,16,14,0,0,0
2021-10-30 08:30,33,9,24,0,0,0
2021-10-30 08:45,47,19,28,0,0,0
2021-10-30 09:00,32,12,20,0,0,0
2021-10-30 09:15,61,27,34,0,0,0
2021-10-30 09:30,38,13,25,0,0,0
2021-10-30 09:45,58,22,36,0,0,0
2021-10-30 10:00,47,16,31,0,0,0
2021-10-30 10:15,48,27,21,0,0,0
2021-10-30 10:30,48,16,32,0,0,0
2021-10-30 10:45,52,24,28,0,0,0
2021-10-30 11:00,70,20,50,0,0,0
2021-10-30 11:15,69,29,40,0,0,0
2021-10-30 11:30,67,30,37,0,0,0
2021-10-30 11:45,76,31,45,0,0,0
2021-10-30 12:00,67,24,43,0,0,0
2021-10-30 12:15,74,31,43,0,0,0
2021-10-30 12:30,70,29,41,0,0,0
2021-10-30 12:45,91,40,51,0,0,0
2021-10-30 13:00,78,40,38,0,0,0
2021-10-30 13:15,72,33,39,0,0,0
2021-10-30 13:30,74,40,34,0,0,0
2021-10-30 13:45,89,47,42,0,0,0
2021-10-30 14:00,83,38,45,0,0,0
2021-10-30 14:15,74,33,41,0,0,0
2021-10-30 14:30,81,23,58,0,0,0
2021-10-30 14:45,99,39,60,0,0,0
2021-10-30 15:00,72,34,38,0,0,0
2021-10-30 15:15,75,29,46,0,0,0
2021-10-30 15:30,80,45,35,0,0,0
2021-10-30 15:45,85,29,56,0,0,0
2021-10-30 16:00,69,26,43,0,0,0
2021-10-30 16:15,69,30,39,0,0,0
2021-10-30 16:30,69,26,43,0,0,0
2021-10-30 16:45,70,29,41,0,0,0
2021-10-30 17:00,80,32,48,0,0,0
2021-10-30 17:15,113,42,71,0,0,0
2021-10-30 17:30,98,50,48,0,0,0
2021-10-30 17:45,96,43,53,0,0,0
2021-10-30 18:00,91,41,50,0,0,0
2021-10-30 18:15,86,34,52,0,0,0
2021-10-30 18:30,94,43,51,0,0,0
2021-10-30 18:45,96,47,49,0,0,0
2021-10-30 19:00,87,47,40,0,0,0
2021-10-30 19:15,102,53,49,0,0,0
2021-10-30 19:30,85,43,42,0,0,0
2021-10-30 19:45,94,48,46,0,0,0
2021-10-30 20:00,98,43,55,0,0,0
2021-10-30 20:15,77,36,41,0,0,0
2021-10-30 20:30,67,25,42,0,0,0
2021-10-30 20:45,47,17,30,0,0,0
2021-10-30 21:00,68,32,36,0,0,0
2021-10-30 21:15,57,24,33,0,0,0
2021-10-30 21:30,41,20,21,0,0,0
2021-10-30 21:45,57,19,38,0,0,0
2021-10-30 22:00,62,27,35,0,0,0
2021-10-30 22:15,46,22,24,0,0,0
2021-10-30 22:30,80,33,47,0,0,0
2021-10-30 22:45,84,25,59,0,0,0
2021-10-30 23:00,37,10,27,0,0,0
2021-10-30 23:15,50,25,25,0,0,0
2021-10-30 23:30,38,17,21,0,0,0
2021-10-30 23:45,35,15,20,0,0,0
