Datetime,100031300 (HafenstraÃŸe),101031300 (Channel 1 IN),102031300 (Channel 2 OUT),100031300-status,101031300-status,102031300-status
2022-06-01 00:00,20,6,14,0,0,0
2022-06-01 00:15,16,6,10,0,0,0
2022-06-01 00:30,12,4,8,0,0,0
2022-06-01 00:45,7,2,5,0,0,0
2022-06-01 01:00,5,2,3,0,0,0
2022-06-01 01:15,5,3,2,0,0,0
2022-06-01 01:30,11,7,4,0,0,0
2022-06-01 01:45,3,0,3,0,0,0
2022-06-01 02:00,3,2,1,0,0,0
2022-06-01 02:15,1,0,1,0,0,0
2022-06-01 02:30,3,2,1,0,0,0
2022-06-01 02:45,5,1,4,0,0,0
2022-06-01 03:00,1,0,1,0,0,0
2022-06-01 03:15,1,0,1,0,0,0
2022-06-01 03:30,0,0,0,0,0,0
2022-06-01 03:45,4,3,1,0,0,0
2022-06-01 04:00,3,1,2,0,0,0
2022-06-01 04:15,3,1,2,0,0,0
2022-06-01 04:30,9,6,3,0,0,0
2022-06-01 04:45,9,2,7,0,0,0
2022-06-01 05:00,4,2,2,0,0,0
2022-06-01 05:15,13,5,8,0,0,0
2022-06-01 05:30,22,11,11,0,0,0
2022-06-01 05:45,17,7,10,0,0,0
2022-06-01 06:00,32,10,22,0,0,0
2022-06-01 06:15,42,14,28,0,0,0
2022-06-01 06:30,39,15,24,0,0,0
2022-06-01 06:45,74,41,33,0,0,0
2022-06-01 07:00,81,37,44,0,0,0
2022-06-01 07:15,122,58,64,0,0,0
2022-06-01 07:30,189,70,119,0,0,0
2022-06-01 07:45,185,83,102,0,0,0
2022-06-01 08:00,165,70,95,0,0,0
2022-06-01 08:15,131,63,68,0,0,0
2022-06-01 08:30,120,60,60,0,0,0
2022-06-01 08:45,139,67,72,0,0,0
2022-06-01 09:00,90,35,55,0,0,0
2022-06-01 09:15,85,40,45,0,0,0
2022-06-01 09:30,89,25,64,0,0,0
2022-06-01 09:45,130,44,86,0,0,0
2022-06-01 10:00,112,50,62,0,0,0
2022-06-01 10:15,97,47,50,0,0,0
2022-06-01 10:30,97,44,53,0,0,0
2022-06-01 10:45,94,41,53,0,0,0
2022-06-01 11:00,84,39,45,0,0,0
2022-06-01 11:15,92,46,46,0,0,0
2022-06-01 11:30,112,50,62,0,0,0
2022-06-01 11:45,134,56,78,0,0,0
2022-06-01 12:00,130,58,72,0,0,0
2022-06-01 12:15,103,47,56,0,0,0
2022-06-01 12:30,160,79,81,0,0,0
2022-06-01 12:45,116,50,66,0,0,0
2022-06-01 13:00,106,60,46,0,0,0
2022-06-01 13:15,146,73,73,0,0,0
2022-06-01 13:30,140,72,68,0,0,0
2022-06-01 13:45,167,88,79,0,0,0
2022-06-01 14:00,138,72,66,0,0,0
2022-06-01 14:15,111,65,46,0,0,0
2022-06-01 14:30,113,71,42,0,0,0
2022-06-01 14:45,135,65,70,0,0,0
2022-06-01 15:00,119,61,58,0,0,0
2022-06-01 15:15,92,44,48,0,0,0
2022-06-01 15:30,108,49,59,0,0,0
2022-06-01 15:45,149,65,84,0,0,0
2022-06-01 16:00,141,80,61,0,0,0
2022-06-01 16:15,139,76,63,0,0,0
2022-06-01 16:30,174,86,88,0,0,0
2022-06-01 16:45,159,72,87,0,0,0
2022-06-01 17:00,147,65,82,0,0,0
2022-06-01 17:15,182,94,88,0,0,0
2022-06-01 17:30,170,67,103,0,0,0
2022-06-01 17:45,162,74,88,0,0,0
2022-06-01 18:00,198,95,103,0,0,0
2022-06-01 18:15,159,86,73,0,0,0
2022-06-01 18:30,106,49,57,0,0,0
2022-06-01 18:45,129,55,74,0,0,0
2022-06-01 19:00,120,63,57,0,0,0
2022-06-01 19:15,115,54,61,0,0,0
2022-06-01 19:30,111,68,43,0,0,0
2022-06-01 19:45,132,66,66,0,0,0
2022-06-01 20:00,117,60,57,0,0,0
2022-06-01 20:15,94,55,39,0,0,0
2022-06-01 20:30,65,37,28,0,0,0
2022-06-01 20:45,66,28,38,0,0,0
2022-06-01 21:00,82,35,47,0,0,0
2022-06-01 21:15,75,39,36,0,0,0
2022-06-01 21:30,84,40,44,0,0,0
2022-06-01 21:45,61,28,33,0,0,0
2022-06-01 22:00,57,24,33,0,0,0
2022-06-01 22:15,81,40,41,0,0,0
2022-06-01 22:30,70,21,49,0,0,0
2022-06-01 22:45,57,17,40,0,0,0
2022-06-01 23:00,61,26,35,0,0,0
2022-06-01 23:15,65,37,28,0,0,0
2022-06-01 23:30,77,61,16,0,0,0
2022-06-01 23:45,75,63,12,0,0,0
2022-06-02 00:00,89,62,27,0,0,0
2022-06-02 00:15,50,26,24,0,0,0
2022-06-02 00:30,29,14,15,0,0,0
2022-06-02 00:45,40,27,13,0,0,0
2022-06-02 01:00,15,4,11,0,0,0
2022-06-02 01:15,27,5,22,0,0,0
2022-06-02 01:30,17,6,11,0,0,0
2022-06-02 01:45,16,0,16,0,0,0
2022-06-02 02:00,13,1,12,0,0,0
2022-06-02 02:15,26,2,24,0,0,0
2022-06-02 02:30,32,4,28,0,0,0
2022-06-02 02:45,18,2,16,0,0,0
2022-06-02 03:00,34,0,34,0,0,0
2022-06-02 03:15,38,1,37,0,0,0
2022-06-02 03:30,27,1,26,0,0,0
2022-06-02 03:45,29,3,26,0,0,0
2022-06-02 04:00,34,2,32,0,0,0
2022-06-02 04:15,20,1,19,0,0,0
2022-06-02 04:30,30,2,28,0,0,0
2022-06-02 04:45,22,2,20,0,0,0
2022-06-02 05:00,13,4,9,0,0,0
2022-06-02 05:15,39,5,34,0,0,0
2022-06-02 05:30,31,10,21,0,0,0
2022-06-02 05:45,26,7,19,0,0,0
2022-06-02 06:00,26,13,13,0,0,0
2022-06-02 06:15,30,13,17,0,0,0
2022-06-02 06:30,44,9,35,0,0,0
2022-06-02 06:45,68,34,34,0,0,0
2022-06-02 07:00,79,42,37,0,0,0
2022-06-02 07:15,139,68,71,0,0,0
2022-06-02 07:30,171,60,111,0,0,0
2022-06-02 07:45,163,89,74,0,0,0
2022-06-02 08:00,144,76,68,0,0,0
2022-06-02 08:15,136,65,71,0,0,0
2022-06-02 08:30,134,58,76,0,0,0
2022-06-02 08:45,111,44,67,0,0,0
2022-06-02 09:00,88,41,47,0,0,0
2022-06-02 09:15,89,34,55,0,0,0
2022-06-02 09:30,97,44,53,0,0,0
2022-06-02 09:45,123,46,77,0,0,0
2022-06-02 10:00,93,33,60,0,0,0
2022-06-02 10:15,75,27,48,0,0,0
2022-06-02 10:30,79,39,40,0,0,0
2022-06-02 10:45,97,38,59,0,0,0
2022-06-02 11:00,75,30,45,0,0,0
2022-06-02 11:15,71,33,38,0,0,0
2022-06-02 11:30,108,50,58,0,0,0
2022-06-02 11:45,112,41,71,0,0,0
2022-06-02 12:00,113,45,68,0,0,0
2022-06-02 12:15,125,55,70,0,0,0
2022-06-02 12:30,122,61,61,0,0,0
2022-06-02 12:45,146,75,71,0,0,0
2022-06-02 13:00,140,68,72,0,0,0
2022-06-02 13:15,122,61,61,0,0,0
2022-06-02 13:30,114,60,54,0,0,0
2022-06-02 13:45,153,82,71,0,0,0
2022-06-02 14:00,174,89,85,0,0,0
2022-06-02 14:15,122,66,56,0,0,0
2022-06-02 14:30,131,62,69,0,0,0
2022-06-02 14:45,132,70,62,0,0,0
2022-06-02 15:00,127,55,72,0,0,0
2022-06-02 15:15,142,65,77,0,0,0
2022-06-02 15:30,130,62,68,0,0,0
2022-06-02 15:45,170,96,74,0,0,0
2022-06-02 16:00,181,95,86,0,0,0
2022-06-02 16:15,163,95,68,0,0,0
2022-06-02 16:30,149,75,74,0,0,0
2022-06-02 16:45,171,89,82,0,0,0
2022-06-02 17:00,158,90,68,0,0,0
2022-06-02 17:15,141,70,71,0,0,0
2022-06-02 17:30,192,92,100,0,0,0
2022-06-02 17:45,217,129,88,0,0,0
2022-06-02 18:00,176,106,70,0,0,0
2022-06-02 18:15,192,84,108,0,0,0
2022-06-02 18:30,186,97,89,0,0,0
2022-06-02 18:45,151,88,63,0,0,0
2022-06-02 19:00,141,75,66,0,0,0
2022-06-02 19:15,153,93,60,0,0,0
2022-06-02 19:30,128,74,54,0,0,0
2022-06-02 19:45,117,71,46,0,0,0
2022-06-02 20:00,152,76,76,0,0,0
2022-06-02 20:15,99,60,39,0,0,0
2022-06-02 20:30,82,38,44,0,0,0
2022-06-02 20:45,85,36,49,0,0,0
2022-06-02 21:00,100,41,59,0,0,0
2022-06-02 21:15,90,45,45,0,0,0
2022-06-02 21:30,63,31,32,0,0,0
2022-06-02 21:45,65,29,36,0,0,0
2022-06-02 22:00,59,27,32,0,0,0
2022-06-02 22:15,59,20,39,0,0,0
2022-06-02 22:30,85,18,67,0,0,0
2022-06-02 22:45,56,11,45,0,0,0
2022-06-02 23:00,60,25,35,0,0,0
2022-06-02 23:15,52,14,38,0,0,0
2022-06-02 23:30,50,16,34,0,0,0
2022-06-02 23:45,29,8,21,0,0,0
2022-06-03 00:00,30,7,23,0,0,0
2022-06-03 00:15,23,5,18,0,0,0
2022-06-03 00:30,10,3,7,0,0,0
2022-06-03 00:45,19,4,15,0,0,0
2022-06-03 01:00,16,0,16,0,0,0
2022-06-03 01:15,9,3,6,0,0,0
2022-06-03 01:30,7,5,2,0,0,0
2022-06-03 01:45,0,0,0,0,0,0
2022-06-03 02:00,8,2,6,0,0,0
2022-06-03 02:15,6,3,3,0,0,0
2022-06-03 02:30,3,2,1,0,0,0
2022-06-03 02:45,6,6,0,0,0,0
2022-06-03 03:00,1,0,1,0,0,0
2022-06-03 03:15,4,2,2,0,0,0
2022-06-03 03:30,2,2,0,0,0,0
2022-06-03 03:45,3,1,2,0,0,0
2022-06-03 04:00,2,0,2,0,0,0
2022-06-03 04:15,4,1,3,0,0,0
2022-06-03 04:30,7,2,5,0,0,0
2022-06-03 04:45,5,2,3,0,0,0
2022-06-03 05:00,13,7,6,0,0,0
2022-06-03 05:15,9,4,5,0,0,0
2022-06-03 05:30,21,12,9,0,0,0
2022-06-03 05:45,20,11,9,0,0,0
2022-06-03 06:00,23,11,12,0,0,0
2022-06-03 06:15,32,10,22,0,0,0
2022-06-03 06:30,33,9,24,0,0,0
2022-06-03 06:45,86,42,44,0,0,0
2022-06-03 07:00,74,40,34,0,0,0
2022-06-03 07:15,96,41,55,0,0,0
2022-06-03 07:30,124,50,74,0,0,0
2022-06-03 07:45,149,81,68,0,0,0
2022-06-03 08:00,132,68,64,0,0,0
2022-06-03 08:15,116,65,51,0,0,0
2022-06-03 08:30,103,53,50,0,0,0
2022-06-03 08:45,119,59,60,0,0,0
2022-06-03 09:00,94,41,53,0,0,0
2022-06-03 09:15,90,32,58,0,0,0
2022-06-03 09:30,91,36,55,0,0,0
2022-06-03 09:45,124,58,66,0,0,0
2022-06-03 10:00,116,40,76,0,0,0
2022-06-03 10:15,89,38,51,0,0,0
2022-06-03 10:30,88,34,54,0,0,0
2022-06-03 10:45,80,44,36,0,0,0
2022-06-03 11:00,78,23,55,0,0,0
2022-06-03 11:15,100,40,60,0,0,0
2022-06-03 11:30,106,49,57,0,0,0
2022-06-03 11:45,122,67,55,0,0,0
2022-06-03 12:00,109,54,55,0,0,0
2022-06-03 12:15,142,56,86,0,0,0
2022-06-03 12:30,129,72,57,0,0,0
2022-06-03 12:45,125,62,63,0,0,0
2022-06-03 13:00,137,80,57,0,0,0
2022-06-03 13:15,123,62,61,0,0,0
2022-06-03 13:30,141,65,76,0,0,0
2022-06-03 13:45,158,69,89,0,0,0
2022-06-03 14:00,143,76,67,0,0,0
2022-06-03 14:15,143,71,72,0,0,0
2022-06-03 14:30,129,71,58,0,0,0
2022-06-03 14:45,145,77,68,0,0,0
2022-06-03 15:00,129,53,76,0,0,0
2022-06-03 15:15,128,64,64,0,0,0
2022-06-03 15:30,121,62,59,0,0,0
2022-06-03 15:45,143,83,60,0,0,0
2022-06-03 16:00,106,50,56,0,0,0
2022-06-03 16:15,110,62,48,0,0,0
2022-06-03 16:30,101,53,48,0,0,0
2022-06-03 16:45,171,80,91,0,0,0
2022-06-03 17:00,116,48,68,0,0,0
2022-06-03 17:15,119,68,51,0,0,0
2022-06-03 17:30,148,88,60,0,0,0
2022-06-03 17:45,166,78,88,0,0,0
2022-06-03 18:00,131,73,58,0,0,0
2022-06-03 18:15,134,76,58,0,0,0
2022-06-03 18:30,115,52,63,0,0,0
2022-06-03 18:45,133,73,60,0,0,0
2022-06-03 19:00,129,67,62,0,0,0
2022-06-03 19:15,111,64,47,0,0,0
2022-06-03 19:30,112,71,41,0,0,0
2022-06-03 19:45,112,64,48,0,0,0
2022-06-03 20:00,111,63,48,0,0,0
2022-06-03 20:15,102,47,55,0,0,0
2022-06-03 20:30,103,52,51,0,0,0
2022-06-03 20:45,106,40,66,0,0,0
2022-06-03 21:00,113,50,63,0,0,0
2022-06-03 21:15,86,39,47,0,0,0
2022-06-03 21:30,64,36,28,0,0,0
2022-06-03 21:45,55,30,25,0,0,0
2022-06-03 22:00,69,36,33,0,0,0
2022-06-03 22:15,79,30,49,0,0,0
2022-06-03 22:30,85,38,47,0,0,0
2022-06-03 22:45,88,36,52,0,0,0
2022-06-03 23:00,82,23,59,0,0,0
2022-06-03 23:15,58,30,28,0,0,0
2022-06-03 23:30,82,36,46,0,0,0
2022-06-03 23:45,73,24,49,0,0,0
2022-06-04 00:00,61,20,41,0,0,0
2022-06-04 00:15,53,14,39,0,0,0
2022-06-04 00:30,45,19,26,0,0,0
2022-06-04 00:45,36,10,26,0,0,0
2022-06-04 01:00,66,35,31,0,0,0
2022-06-04 01:15,38,15,23,0,0,0
2022-06-04 01:30,42,14,28,0,0,0
2022-06-04 01:45,50,26,24,0,0,0
2022-06-04 02:00,46,17,29,0,0,0
2022-06-04 02:15,39,12,27,0,0,0
2022-06-04 02:30,19,11,8,0,0,0
2022-06-04 02:45,25,10,15,0,0,0
2022-06-04 03:00,21,7,14,0,0,0
2022-06-04 03:15,31,3,28,0,0,0
2022-06-04 03:30,23,2,21,0,0,0
2022-06-04 03:45,34,8,26,0,0,0
2022-06-04 04:00,21,8,13,0,0,0
2022-06-04 04:15,23,1,22,0,0,0
2022-06-04 04:30,14,2,12,0,0,0
2022-06-04 04:45,22,4,18,0,0,0
2022-06-04 05:00,22,3,19,0,0,0
2022-06-04 05:15,13,1,12,0,0,0
2022-06-04 05:30,22,5,17,0,0,0
2022-06-04 05:45,5,0,5,0,0,0
2022-06-04 06:00,12,4,8,0,0,0
2022-06-04 06:15,8,2,6,0,0,0
2022-06-04 06:30,11,3,8,0,0,0
2022-06-04 06:45,9,2,7,0,0,0
2022-06-04 07:00,13,5,8,0,0,0
2022-06-04 07:15,20,7,13,0,0,0
2022-06-04 07:30,22,8,14,0,0,0
2022-06-04 07:45,20,6,14,0,0,0
2022-06-04 08:00,20,9,11,0,0,0
2022-06-04 08:15,30,11,19,0,0,0
2022-06-04 08:30,32,10,22,0,0,0
2022-06-04 08:45,45,16,29,0,0,0
2022-06-04 09:00,42,11,31,0,0,0
2022-06-04 09:15,30,7,23,0,0,0
2022-06-04 09:30,54,23,31,0,0,0
2022-06-04 09:45,81,27,54,0,0,0
2022-06-04 10:00,51,16,35,0,0,0
2022-06-04 10:15,46,19,27,0,0,0
2022-06-04 10:30,77,44,33,0,0,0
2022-06-04 10:45,69,28,41,0,0,0
2022-06-04 11:00,75,30,45,0,0,0
2022-06-04 11:15,64,24,40,0,0,0
2022-06-04 11:30,67,21,46,0,0,0
2022-06-04 11:45,110,35,75,0,0,0
2022-06-04 12:00,82,38,44,0,0,0
2022-06-04 12:15,84,37,47,0,0,0
2022-06-04 12:30,68,41,27,0,0,0
2022-06-04 12:45,114,58,56,0,0,0
2022-06-04 13:00,79,32,47,0,0,0
2022-06-04 13:15,94,54,40,0,0,0
2022-06-04 13:30,87,54,33,0,0,0
2022-06-04 13:45,120,65,55,0,0,0
2022-06-04 14:00,108,57,51,0,0,0
2022-06-04 14:15,108,48,60,0,0,0
2022-06-04 14:30,93,56,37,0,0,0
2022-06-04 14:45,77,40,37,0,0,0
2022-06-04 15:00,79,30,49,0,0,0
2022-06-04 15:15,98,59,39,0,0,0
2022-06-04 15:30,92,52,40,0,0,0
2022-06-04 15:45,87,54,33,0,0,0
2022-06-04 16:00,95,53,42,0,0,0
2022-06-04 16:15,132,76,56,0,0,0
2022-06-04 16:30,117,65,52,0,0,0
2022-06-04 16:45,118,71,47,0,0,0
2022-06-04 17:00,125,65,60,0,0,0
2022-06-04 17:15,123,76,47,0,0,0
2022-06-04 17:30,98,60,38,0,0,0
2022-06-04 17:45,128,82,46,0,0,0
2022-06-04 18:00,105,57,48,0,0,0
2022-06-04 18:15,114,68,46,0,0,0
2022-06-04 18:30,106,53,53,0,0,0
2022-06-04 18:45,111,57,54,0,0,0
2022-06-04 19:00,106,52,54,0,0,0
2022-06-04 19:15,93,40,53,0,0,0
2022-06-04 19:30,109,46,63,0,0,0
2022-06-04 19:45,103,56,47,0,0,0
2022-06-04 20:00,103,56,47,0,0,0
2022-06-04 20:15,106,46,60,0,0,0
2022-06-04 20:30,75,30,45,0,0,0
2022-06-04 20:45,69,32,37,0,0,0
2022-06-04 21:00,76,37,39,0,0,0
2022-06-04 21:15,74,40,34,0,0,0
2022-06-04 21:30,65,27,38,0,0,0
2022-06-04 21:45,61,28,33,0,0,0
2022-06-04 22:00,51,17,34,0,0,0
2022-06-04 22:15,76,41,35,0,0,0
2022-06-04 22:30,62,35,27,0,0,0
2022-06-04 22:45,68,24,44,0,0,0
2022-06-04 23:00,58,19,39,0,0,0
2022-06-04 23:15,58,21,37,0,0,0
2022-06-04 23:30,35,13,22,0,0,0
2022-06-04 23:45,55,34,21,0,0,0
2022-06-05 00:00,50,19,31,0,0,0
2022-06-05 00:15,54,31,23,0,0,0
2022-06-05 00:30,52,19,33,0,0,0
2022-06-05 00:45,56,23,33,0,0,0
2022-06-05 01:00,52,17,35,0,0,0
2022-06-05 01:15,58,36,22,0,0,0
2022-06-05 01:30,55,18,37,0,0,0
2022-06-05 01:45,36,18,18,0,0,0
2022-06-05 02:00,40,14,26,0,0,0
2022-06-05 02:15,30,11,19,0,0,0
2022-06-05 02:30,29,6,23,0,0,0
2022-06-05 02:45,23,5,18,0,0,0
2022-06-05 03:00,38,4,34,0,0,0
2022-06-05 03:15,13,1,12,0,0,0
2022-06-05 03:30,21,7,14,0,0,0
2022-06-05 03:45,30,1,29,0,0,0
2022-06-05 04:00,24,0,24,0,0,0
2022-06-05 04:15,15,2,13,0,0,0
2022-06-05 04:30,16,4,12,0,0,0
2022-06-05 04:45,17,4,13,0,0,0
2022-06-05 05:00,15,3,12,0,0,0
2022-06-05 05:15,11,3,8,0,0,0
2022-06-05 05:30,12,2,10,0,0,0
2022-06-05 05:45,9,3,6,0,0,0
2022-06-05 06:00,16,6,10,0,0,0
2022-06-05 06:15,8,0,8,0,0,0
2022-06-05 06:30,8,2,6,0,0,0
2022-06-05 06:45,4,0,4,0,0,0
2022-06-05 07:00,11,2,9,0,0,0
2022-06-05 07:15,10,1,9,0,0,0
2022-06-05 07:30,12,4,8,0,0,0
2022-06-05 07:45,9,3,6,0,0,0
2022-06-05 08:00,12,6,6,0,0,0
2022-06-05 08:15,11,2,9,0,0,0
2022-06-05 08:30,19,7,12,0,0,0
2022-06-05 08:45,18,7,11,0,0,0
2022-06-05 09:00,18,10,8,0,0,0
2022-06-05 09:15,15,6,9,0,0,0
2022-06-05 09:30,22,9,13,0,0,0
2022-06-05 09:45,35,12,23,0,0,0
2022-06-05 10:00,32,12,20,0,0,0
2022-06-05 10:15,35,19,16,0,0,0
2022-06-05 10:30,48,11,37,0,0,0
2022-06-05 10:45,39,16,23,0,0,0
2022-06-05 11:00,37,13,24,0,0,0
2022-06-05 11:15,44,14,30,0,0,0
2022-06-05 11:30,53,25,28,0,0,0
2022-06-05 11:45,54,27,27,0,0,0
2022-06-05 12:00,44,20,24,0,0,0
2022-06-05 12:15,68,25,43,0,0,0
2022-06-05 12:30,45,21,24,0,0,0
2022-06-05 12:45,86,48,38,0,0,0
2022-06-05 13:00,64,33,31,0,0,0
2022-06-05 13:15,58,33,25,0,0,0
2022-06-05 13:30,66,31,35,0,0,0
2022-06-05 13:45,63,28,35,0,0,0
2022-06-05 14:00,65,32,33,0,0,0
2022-06-05 14:15,45,20,25,0,0,0
2022-06-05 14:30,53,19,34,0,0,0
2022-06-05 14:45,51,19,32,0,0,0
2022-06-05 15:00,54,30,24,0,0,0
2022-06-05 15:15,41,18,23,0,0,0
2022-06-05 15:30,40,22,18,0,0,0
2022-06-05 15:45,52,26,26,0,0,0
2022-06-05 16:00,65,25,40,0,0,0
2022-06-05 16:15,33,17,16,0,0,0
2022-06-05 16:30,58,17,41,0,0,0
2022-06-05 16:45,65,28,37,0,0,0
2022-06-05 17:00,36,12,24,0,0,0
2022-06-05 17:15,50,27,23,0,0,0
2022-06-05 17:30,48,18,30,0,0,0
2022-06-05 17:45,53,28,25,0,0,0
2022-06-05 18:00,48,17,31,0,0,0
2022-06-05 18:15,42,24,18,0,0,0
2022-06-05 18:30,44,21,23,0,0,0
2022-06-05 18:45,57,35,22,0,0,0
2022-06-05 19:00,38,21,17,0,0,0
2022-06-05 19:15,35,17,18,0,0,0
2022-06-05 19:30,65,29,36,0,0,0
2022-06-05 19:45,50,27,23,0,0,0
2022-06-05 20:00,44,14,30,0,0,0
2022-06-05 20:15,33,13,20,0,0,0
2022-06-05 20:30,23,14,9,0,0,0
2022-06-05 20:45,36,18,18,0,0,0
2022-06-05 21:00,43,17,26,0,0,0
2022-06-05 21:15,24,12,12,0,0,0
2022-06-05 21:30,49,22,27,0,0,0
2022-06-05 21:45,26,7,19,0,0,0
2022-06-05 22:00,27,10,17,0,0,0
2022-06-05 22:15,27,15,12,0,0,0
2022-06-05 22:30,34,5,29,0,0,0
2022-06-05 22:45,36,5,31,0,0,0
2022-06-05 23:00,26,6,20,0,0,0
2022-06-05 23:15,17,8,9,0,0,0
2022-06-05 23:30,19,6,13,0,0,0
2022-06-05 23:45,23,14,9,0,0,0
2022-06-06 00:00,16,7,9,0,0,0
2022-06-06 00:15,13,6,7,0,0,0
2022-06-06 00:30,20,9,11,0,0,0
2022-06-06 00:45,9,3,6,0,0,0
2022-06-06 01:00,24,9,15,0,0,0
2022-06-06 01:15,6,5,1,0,0,0
2022-06-06 01:30,30,19,11,0,0,0
2022-06-06 01:45,8,2,6,0,0,0
2022-06-06 02:00,9,1,8,0,0,0
2022-06-06 02:15,14,3,11,0,0,0
2022-06-06 02:30,13,6,7,0,0,0
2022-06-06 02:45,5,1,4,0,0,0
2022-06-06 03:00,7,2,5,0,0,0
2022-06-06 03:15,7,4,3,0,0,0
2022-06-06 03:30,10,2,8,0,0,0
2022-06-06 03:45,9,0,9,0,0,0
2022-06-06 04:00,4,0,4,0,0,0
2022-06-06 04:15,8,1,7,0,0,0
2022-06-06 04:30,7,1,6,0,0,0
2022-06-06 04:45,6,1,5,0,0,0
2022-06-06 05:00,4,2,2,0,0,0
2022-06-06 05:15,3,1,2,0,0,0
2022-06-06 05:30,7,0,7,0,0,0
2022-06-06 05:45,5,2,3,0,0,0
2022-06-06 06:00,4,2,2,0,0,0
2022-06-06 06:15,4,2,2,0,0,0
2022-06-06 06:30,2,2,0,0,0,0
2022-06-06 06:45,6,3,3,0,0,0
2022-06-06 07:00,7,1,6,0,0,0
2022-06-06 07:15,3,0,3,0,0,0
2022-06-06 07:30,9,2,7,0,0,0
2022-06-06 07:45,13,2,11,0,0,0
2022-06-06 08:00,8,4,4,0,0,0
2022-06-06 08:15,17,7,10,0,0,0
2022-06-06 08:30,14,2,12,0,0,0
2022-06-06 08:45,5,4,1,0,0,0
2022-06-06 09:00,19,6,13,0,0,0
2022-06-06 09:15,28,11,17,0,0,0
2022-06-06 09:30,32,13,19,0,0,0
2022-06-06 09:45,30,17,13,0,0,0
2022-06-06 10:00,33,19,14,0,0,0
2022-06-06 10:15,42,18,24,0,0,0
2022-06-06 10:30,31,14,17,0,0,0
2022-06-06 10:45,50,20,30,0,0,0
2022-06-06 11:00,51,19,32,0,0,0
2022-06-06 11:15,51,24,27,0,0,0
2022-06-06 11:30,57,28,29,0,0,0
2022-06-06 11:45,70,34,36,0,0,0
2022-06-06 12:00,55,31,24,0,0,0
2022-06-06 12:15,67,32,35,0,0,0
2022-06-06 12:30,58,27,31,0,0,0
2022-06-06 12:45,67,26,41,0,0,0
2022-06-06 13:00,76,36,40,0,0,0
2022-06-06 13:15,50,19,31,0,0,0
2022-06-06 13:30,76,44,32,0,0,0
2022-06-06 13:45,97,40,57,0,0,0
2022-06-06 14:00,76,35,41,0,0,0
2022-06-06 14:15,62,29,33,0,0,0
2022-06-06 14:30,72,32,40,0,0,0
2022-06-06 14:45,90,51,39,0,0,0
2022-06-06 15:00,83,43,40,0,0,0
2022-06-06 15:15,74,29,45,0,0,0
2022-06-06 15:30,51,23,28,0,0,0
2022-06-06 15:45,77,32,45,0,0,0
2022-06-06 16:00,86,40,46,0,0,0
2022-06-06 16:15,74,39,35,0,0,0
2022-06-06 16:30,62,26,36,0,0,0
2022-06-06 16:45,61,35,26,0,0,0
2022-06-06 17:00,77,29,48,0,0,0
2022-06-06 17:15,65,30,35,0,0,0
2022-06-06 17:30,67,30,37,0,0,0
2022-06-06 17:45,74,36,38,0,0,0
2022-06-06 18:00,75,30,45,0,0,0
2022-06-06 18:15,60,26,34,0,0,0
2022-06-06 18:30,91,46,45,0,0,0
2022-06-06 18:45,80,45,35,0,0,0
2022-06-06 19:00,75,43,32,0,0,0
2022-06-06 19:15,68,31,37,0,0,0
2022-06-06 19:30,71,33,38,0,0,0
2022-06-06 19:45,73,38,35,0,0,0
2022-06-06 20:00,68,30,38,0,0,0
2022-06-06 20:15,51,22,29,0,0,0
2022-06-06 20:30,53,24,29,0,0,0
2022-06-06 20:45,51,27,24,0,0,0
2022-06-06 21:00,60,26,34,0,0,0
2022-06-06 21:15,50,15,35,0,0,0
2022-06-06 21:30,30,13,17,0,0,0
2022-06-06 21:45,39,9,30,0,0,0
2022-06-06 22:00,42,9,33,0,0,0
2022-06-06 22:15,32,10,22,0,0,0
2022-06-06 22:30,60,12,48,0,0,0
2022-06-06 22:45,22,8,14,0,0,0
2022-06-06 23:00,20,7,13,0,0,0
2022-06-06 23:15,17,2,15,0,0,0
2022-06-06 23:30,16,7,9,0,0,0
2022-06-06 23:45,11,3,8,0,0,0
2022-06-07 00:00,9,2,7,0,0,0
2022-06-07 00:15,13,3,10,0,0,0
2022-06-07 00:30,10,4,6,0,0,0
2022-06-07 00:45,13,6,7,0,0,0
2022-06-07 01:00,5,2,3,0,0,0
2022-06-07 01:15,8,3,5,0,0,0
2022-06-07 01:30,3,0,3,0,0,0
2022-06-07 01:45,5,2,3,0,0,0
2022-06-07 02:00,2,2,0,0,0,0
2022-06-07 02:15,1,0,1,0,0,0
2022-06-07 02:30,3,0,3,0,0,0
2022-06-07 02:45,2,1,1,0,0,0
2022-06-07 03:00,0,0,0,0,0,0
2022-06-07 03:15,1,1,0,0,0,0
2022-06-07 03:30,0,0,0,0,0,0
2022-06-07 03:45,0,0,0,0,0,0
2022-06-07 04:00,4,1,3,0,0,0
2022-06-07 04:15,1,0,1,0,0,0
2022-06-07 04:30,3,2,1,0,0,0
2022-06-07 04:45,8,0,8,0,0,0
2022-06-07 05:00,8,3,5,0,0,0
2022-06-07 05:15,10,3,7,0,0,0
2022-06-07 05:30,13,9,4,0,0,0
2022-06-07 05:45,23,12,11,0,0,0
2022-06-07 06:00,23,10,13,0,0,0
2022-06-07 06:15,36,10,26,0,0,0
2022-06-07 06:30,42,16,26,0,0,0
2022-06-07 06:45,63,37,26,0,0,0
2022-06-07 07:00,86,45,41,0,0,0
2022-06-07 07:15,95,55,40,0,0,0
2022-06-07 07:30,122,53,69,0,0,0
2022-06-07 07:45,154,98,56,0,0,0
2022-06-07 08:00,142,66,76,0,0,0
2022-06-07 08:15,115,51,64,0,0,0
2022-06-07 08:30,135,63,72,0,0,0
2022-06-07 08:45,117,59,58,0,0,0
2022-06-07 09:00,106,44,62,0,0,0
2022-06-07 09:15,65,28,37,0,0,0
2022-06-07 09:30,90,38,52,0,0,0
2022-06-07 09:45,91,34,57,0,0,0
2022-06-07 10:00,74,28,46,0,0,0
2022-06-07 10:15,73,27,46,0,0,0
2022-06-07 10:30,78,36,42,0,0,0
2022-06-07 10:45,118,64,54,0,0,0
2022-06-07 11:00,85,36,49,0,0,0
2022-06-07 11:15,88,41,47,0,0,0
2022-06-07 11:30,87,37,50,0,0,0
2022-06-07 11:45,112,51,61,0,0,0
2022-06-07 12:00,101,38,63,0,0,0
2022-06-07 12:15,112,54,58,0,0,0
2022-06-07 12:30,123,53,70,0,0,0
2022-06-07 12:45,126,53,73,0,0,0
2022-06-07 13:00,116,56,60,0,0,0
2022-06-07 13:15,128,69,59,0,0,0
2022-06-07 13:30,122,58,64,0,0,0
2022-06-07 13:45,103,52,51,0,0,0
2022-06-07 14:00,106,54,52,0,0,0
2022-06-07 14:15,103,60,43,0,0,0
2022-06-07 14:30,99,48,51,0,0,0
2022-06-07 14:45,111,48,63,0,0,0
2022-06-07 15:00,115,51,64,0,0,0
2022-06-07 15:15,131,74,57,0,0,0
2022-06-07 15:30,117,56,61,0,0,0
2022-06-07 15:45,138,76,62,0,0,0
2022-06-07 16:00,151,73,78,0,0,0
2022-06-07 16:15,142,64,78,0,0,0
2022-06-07 16:30,149,77,72,0,0,0
2022-06-07 16:45,154,76,78,0,0,0
2022-06-07 17:00,157,58,99,0,0,0
2022-06-07 17:15,162,87,75,0,0,0
2022-06-07 17:30,168,100,68,0,0,0
2022-06-07 17:45,187,96,91,0,0,0
2022-06-07 18:00,147,81,66,0,0,0
2022-06-07 18:15,124,64,60,0,0,0
2022-06-07 18:30,140,71,69,0,0,0
2022-06-07 18:45,156,91,65,0,0,0
2022-06-07 19:00,133,65,68,0,0,0
2022-06-07 19:15,119,73,46,0,0,0
2022-06-07 19:30,104,65,39,0,0,0
2022-06-07 19:45,118,63,55,0,0,0
2022-06-07 20:00,97,43,54,0,0,0
2022-06-07 20:15,79,33,46,0,0,0
2022-06-07 20:30,78,56,22,0,0,0
2022-06-07 20:45,86,53,33,0,0,0
2022-06-07 21:00,42,15,27,0,0,0
2022-06-07 21:15,68,30,38,0,0,0
2022-06-07 21:30,56,21,35,0,0,0
2022-06-07 21:45,54,25,29,0,0,0
2022-06-07 22:00,72,24,48,0,0,0
2022-06-07 22:15,39,15,24,0,0,0
2022-06-07 22:30,84,24,60,0,0,0
2022-06-07 22:45,47,20,27,0,0,0
2022-06-07 23:00,48,12,36,0,0,0
2022-06-07 23:15,35,13,22,0,0,0
2022-06-07 23:30,23,7,16,0,0,0
2022-06-07 23:45,22,7,15,0,0,0
2022-06-08 00:00,13,3,10,0,0,0
2022-06-08 00:15,13,6,7,0,0,0
2022-06-08 00:30,10,2,8,0,0,0
2022-06-08 00:45,9,1,8,0,0,0
2022-06-08 01:00,5,3,2,0,0,0
2022-06-08 01:15,3,0,3,0,0,0
2022-06-08 01:30,12,0,12,0,0,0
2022-06-08 01:45,1,0,1,0,0,0
2022-06-08 02:00,10,4,6,0,0,0
2022-06-08 02:15,0,0,0,0,0,0
2022-06-08 02:30,3,2,1,0,0,0
2022-06-08 02:45,2,0,2,0,0,0
2022-06-08 03:00,1,0,1,0,0,0
2022-06-08 03:15,6,1,5,0,0,0
2022-06-08 03:30,1,1,0,0,0,0
2022-06-08 03:45,3,1,2,0,0,0
2022-06-08 04:00,0,0,0,0,0,0
2022-06-08 04:15,4,3,1,0,0,0
2022-06-08 04:30,1,0,1,0,0,0
2022-06-08 04:45,2,2,0,0,0,0
2022-06-08 05:00,5,3,2,0,0,0
2022-06-08 05:15,15,7,8,0,0,0
2022-06-08 05:30,19,8,11,0,0,0
2022-06-08 05:45,22,7,15,0,0,0
2022-06-08 06:00,19,11,8,0,0,0
2022-06-08 06:15,25,11,14,0,0,0
2022-06-08 06:30,37,7,30,0,0,0
2022-06-08 06:45,74,35,39,0,0,0
2022-06-08 07:00,71,44,27,0,0,0
2022-06-08 07:15,82,39,43,0,0,0
2022-06-08 07:30,134,55,79,0,0,0
2022-06-08 07:45,155,98,57,0,0,0
2022-06-08 08:00,118,65,53,0,0,0
2022-06-08 08:15,130,65,65,0,0,0
2022-06-08 08:30,123,61,62,0,0,0
2022-06-08 08:45,150,74,76,0,0,0
2022-06-08 09:00,108,39,69,0,0,0
2022-06-08 09:15,109,49,60,0,0,0
2022-06-08 09:30,101,34,67,0,0,0
2022-06-08 09:45,103,37,66,0,0,0
2022-06-08 10:00,82,31,51,0,0,0
2022-06-08 10:15,83,42,41,0,0,0
2022-06-08 10:30,87,51,36,0,0,0
2022-06-08 10:45,89,43,46,0,0,0
2022-06-08 11:00,79,36,43,0,0,0
2022-06-08 11:15,105,40,65,0,0,0
2022-06-08 11:30,106,43,63,0,0,0
2022-06-08 11:45,100,51,49,0,0,0
2022-06-08 12:00,112,51,61,0,0,0
2022-06-08 12:15,104,61,43,0,0,0
2022-06-08 12:30,117,60,57,0,0,0
2022-06-08 12:45,141,60,81,0,0,0
2022-06-08 13:00,113,56,57,0,0,0
2022-06-08 13:15,117,68,49,0,0,0
2022-06-08 13:30,124,63,61,0,0,0
2022-06-08 13:45,110,54,56,0,0,0
2022-06-08 14:00,104,63,41,0,0,0
2022-06-08 14:15,103,47,56,0,0,0
2022-06-08 14:30,114,63,51,0,0,0
2022-06-08 14:45,111,56,55,0,0,0
2022-06-08 15:00,81,44,37,0,0,0
2022-06-08 15:15,79,40,39,0,0,0
2022-06-08 15:30,84,36,48,0,0,0
2022-06-08 15:45,106,52,54,0,0,0
2022-06-08 16:00,100,45,55,0,0,0
2022-06-08 16:15,121,58,63,0,0,0
2022-06-08 16:30,113,54,59,0,0,0
2022-06-08 16:45,106,54,52,0,0,0
2022-06-08 17:00,125,63,62,0,0,0
2022-06-08 17:15,157,69,88,0,0,0
2022-06-08 17:30,138,69,69,0,0,0
2022-06-08 17:45,133,65,68,0,0,0
2022-06-08 18:00,139,75,64,0,0,0
2022-06-08 18:15,126,61,65,0,0,0
2022-06-08 18:30,123,56,67,0,0,0
2022-06-08 18:45,118,58,60,0,0,0
2022-06-08 19:00,90,46,44,0,0,0
2022-06-08 19:15,93,46,47,0,0,0
2022-06-08 19:30,112,50,62,0,0,0
2022-06-08 19:45,104,61,43,0,0,0
2022-06-08 20:00,84,48,36,0,0,0
2022-06-08 20:15,62,29,33,0,0,0
2022-06-08 20:30,45,17,28,0,0,0
2022-06-08 20:45,64,22,42,0,0,0
2022-06-08 21:00,49,19,30,0,0,0
2022-06-08 21:15,52,30,22,0,0,0
2022-06-08 21:30,50,19,31,0,0,0
2022-06-08 21:45,59,27,32,0,0,0
2022-06-08 22:00,44,19,25,0,0,0
2022-06-08 22:15,47,12,35,0,0,0
2022-06-08 22:30,37,6,31,0,0,0
2022-06-08 22:45,34,13,21,0,0,0
2022-06-08 23:00,29,14,15,0,0,0
2022-06-08 23:15,25,8,17,0,0,0
2022-06-08 23:30,26,5,21,0,0,0
2022-06-08 23:45,29,11,18,0,0,0
2022-06-09 00:00,19,12,7,0,0,0
2022-06-09 00:15,7,3,4,0,0,0
2022-06-09 00:30,13,0,13,0,0,0
2022-06-09 00:45,4,1,3,0,0,0
2022-06-09 01:00,12,3,9,0,0,0
2022-06-09 01:15,7,1,6,0,0,0
2022-06-09 01:30,5,0,5,0,0,0
2022-06-09 01:45,5,2,3,0,0,0
2022-06-09 02:00,1,1,0,0,0,0
2022-06-09 02:15,3,0,3,0,0,0
2022-06-09 02:30,5,2,3,0,0,0
2022-06-09 02:45,1,0,1,0,0,0
2022-06-09 03:00,3,1,2,0,0,0
2022-06-09 03:15,2,1,1,0,0,0
2022-06-09 03:30,2,0,2,0,0,0
2022-06-09 03:45,1,1,0,0,0,0
2022-06-09 04:00,3,1,2,0,0,0
2022-06-09 04:15,3,1,2,0,0,0
2022-06-09 04:30,5,2,3,0,0,0
2022-06-09 04:45,0,0,0,0,0,0
2022-06-09 05:00,5,1,4,0,0,0
2022-06-09 05:15,10,5,5,0,0,0
2022-06-09 05:30,20,10,10,0,0,0
2022-06-09 05:45,15,9,6,0,0,0
2022-06-09 06:00,20,11,9,0,0,0
2022-06-09 06:15,28,10,18,0,0,0
2022-06-09 06:30,35,16,19,0,0,0
2022-06-09 06:45,49,31,18,0,0,0
2022-06-09 07:00,87,50,37,0,0,0
2022-06-09 07:15,85,39,46,0,0,0
2022-06-09 07:30,155,72,83,0,0,0
2022-06-09 07:45,135,74,61,0,0,0
2022-06-09 08:00,126,65,61,0,0,0
2022-06-09 08:15,130,66,64,0,0,0
2022-06-09 08:30,137,78,59,0,0,0
2022-06-09 08:45,141,67,74,0,0,0
2022-06-09 09:00,90,39,51,0,0,0
2022-06-09 09:15,99,39,60,0,0,0
2022-06-09 09:30,106,51,55,0,0,0
2022-06-09 09:45,86,36,50,0,0,0
2022-06-09 10:00,93,28,65,0,0,0
2022-06-09 10:15,88,37,51,0,0,0
2022-06-09 10:30,88,44,44,0,0,0
2022-06-09 10:45,95,39,56,0,0,0
2022-06-09 11:00,94,42,52,0,0,0
2022-06-09 11:15,87,40,47,0,0,0
2022-06-09 11:30,78,30,48,0,0,0
2022-06-09 11:45,93,42,51,0,0,0
2022-06-09 12:00,97,38,59,0,0,0
2022-06-09 12:15,127,52,75,0,0,0
2022-06-09 12:30,100,36,64,0,0,0
2022-06-09 12:45,126,64,62,0,0,0
2022-06-09 13:00,130,56,74,0,0,0
2022-06-09 13:15,123,75,48,0,0,0
2022-06-09 13:30,118,51,67,0,0,0
2022-06-09 13:45,125,66,59,0,0,0
2022-06-09 14:00,123,69,54,0,0,0
2022-06-09 14:15,101,45,56,0,0,0
2022-06-09 14:30,102,42,60,0,0,0
2022-06-09 14:45,109,41,68,0,0,0
2022-06-09 15:00,110,57,53,0,0,0
2022-06-09 15:15,124,70,54,0,0,0
2022-06-09 15:30,120,47,73,0,0,0
2022-06-09 15:45,134,67,67,0,0,0
2022-06-09 16:00,131,55,76,0,0,0
2022-06-09 16:15,147,67,80,0,0,0
2022-06-09 16:30,153,67,86,0,0,0
2022-06-09 16:45,155,79,76,0,0,0
2022-06-09 17:00,145,71,74,0,0,0
2022-06-09 17:15,151,89,62,0,0,0
2022-06-09 17:30,165,94,71,0,0,0
2022-06-09 17:45,189,108,81,0,0,0
2022-06-09 18:00,162,82,80,0,0,0
2022-06-09 18:15,173,87,86,0,0,0
2022-06-09 18:30,135,83,52,0,0,0
2022-06-09 18:45,142,82,60,0,0,0
2022-06-09 19:00,98,48,50,0,0,0
2022-06-09 19:15,120,60,60,0,0,0
2022-06-09 19:30,110,51,59,0,0,0
2022-06-09 19:45,101,53,48,0,0,0
2022-06-09 20:00,88,53,35,0,0,0
2022-06-09 20:15,85,42,43,0,0,0
2022-06-09 20:30,63,29,34,0,0,0
2022-06-09 20:45,77,35,42,0,0,0
2022-06-09 21:00,61,22,39,0,0,0
2022-06-09 21:15,69,31,38,0,0,0
2022-06-09 21:30,59,23,36,0,0,0
2022-06-09 21:45,69,33,36,0,0,0
2022-06-09 22:00,52,25,27,0,0,0
2022-06-09 22:15,54,18,36,0,0,0
2022-06-09 22:30,65,20,45,0,0,0
2022-06-09 22:45,55,13,42,0,0,0
2022-06-09 23:00,44,17,27,0,0,0
2022-06-09 23:15,31,11,20,0,0,0
2022-06-09 23:30,37,7,30,0,0,0
2022-06-09 23:45,29,12,17,0,0,0
2022-06-10 00:00,17,6,11,0,0,0
2022-06-10 00:15,17,6,11,0,0,0
2022-06-10 00:30,17,6,11,0,0,0
2022-06-10 00:45,13,2,11,0,0,0
2022-06-10 01:00,9,3,6,0,0,0
2022-06-10 01:15,10,3,7,0,0,0
2022-06-10 01:30,13,3,10,0,0,0
2022-06-10 01:45,9,3,6,0,0,0
2022-06-10 02:00,8,2,6,0,0,0
2022-06-10 02:15,9,5,4,0,0,0
2022-06-10 02:30,1,0,1,0,0,0
2022-06-10 02:45,6,4,2,0,0,0
2022-06-10 03:00,1,0,1,0,0,0
2022-06-10 03:15,3,1,2,0,0,0
2022-06-10 03:30,2,0,2,0,0,0
2022-06-10 03:45,4,0,4,0,0,0
2022-06-10 04:00,1,0,1,0,0,0
2022-06-10 04:15,2,1,1,0,0,0
2022-06-10 04:30,1,1,0,0,0,0
2022-06-10 04:45,0,0,0,0,0,0
2022-06-10 05:00,11,4,7,0,0,0
2022-06-10 05:15,7,4,3,0,0,0
2022-06-10 05:30,21,7,14,0,0,0
2022-06-10 05:45,11,4,7,0,0,0
2022-06-10 06:00,22,11,11,0,0,0
2022-06-10 06:15,38,12,26,0,0,0
2022-06-10 06:30,36,17,19,0,0,0
2022-06-10 06:45,78,34,44,0,0,0
2022-06-10 07:00,77,37,40,0,0,0
2022-06-10 07:15,109,47,62,0,0,0
2022-06-10 07:30,140,55,85,0,0,0
2022-06-10 07:45,135,71,64,0,0,0
2022-06-10 08:00,110,61,49,0,0,0
2022-06-10 08:15,130,68,62,0,0,0
2022-06-10 08:30,112,51,61,0,0,0
2022-06-10 08:45,117,65,52,0,0,0
2022-06-10 09:00,103,45,58,0,0,0
2022-06-10 09:15,59,32,27,0,0,0
2022-06-10 09:30,85,38,47,0,0,0
2022-06-10 09:45,100,32,68,0,0,0
2022-06-10 10:00,109,41,68,0,0,0
2022-06-10 10:15,90,39,51,0,0,0
2022-06-10 10:30,75,35,40,0,0,0
2022-06-10 10:45,95,41,54,0,0,0
2022-06-10 11:00,100,50,50,0,0,0
2022-06-10 11:15,106,39,67,0,0,0
2022-06-10 11:30,107,50,57,0,0,0
2022-06-10 11:45,113,41,72,0,0,0
2022-06-10 12:00,89,34,55,0,0,0
2022-06-10 12:15,91,51,40,0,0,0
2022-06-10 12:30,98,49,49,0,0,0
2022-06-10 12:45,150,66,84,0,0,0
2022-06-10 13:00,151,75,76,0,0,0
2022-06-10 13:15,114,69,45,0,0,0
2022-06-10 13:30,135,59,76,0,0,0
2022-06-10 13:45,141,72,69,0,0,0
2022-06-10 14:00,143,65,78,0,0,0
2022-06-10 14:15,120,66,54,0,0,0
2022-06-10 14:30,118,67,51,0,0,0
2022-06-10 14:45,129,74,55,0,0,0
2022-06-10 15:00,118,49,69,0,0,0
2022-06-10 15:15,126,64,62,0,0,0
2022-06-10 15:30,148,79,69,0,0,0
2022-06-10 15:45,138,73,65,0,0,0
2022-06-10 16:00,139,66,73,0,0,0
2022-06-10 16:15,111,53,58,0,0,0
2022-06-10 16:30,133,65,68,0,0,0
2022-06-10 16:45,151,80,71,0,0,0
2022-06-10 17:00,161,73,88,0,0,0
2022-06-10 17:15,132,76,56,0,0,0
2022-06-10 17:30,167,104,63,0,0,0
2022-06-10 17:45,166,95,71,0,0,0
2022-06-10 18:00,137,75,62,0,0,0
2022-06-10 18:15,127,73,54,0,0,0
2022-06-10 18:30,102,63,39,0,0,0
2022-06-10 18:45,133,74,59,0,0,0
2022-06-10 19:00,152,82,70,0,0,0
2022-06-10 19:15,104,53,51,0,0,0
2022-06-10 19:30,116,42,74,0,0,0
2022-06-10 19:45,121,71,50,0,0,0
2022-06-10 20:00,119,60,59,0,0,0
2022-06-10 20:15,105,53,52,0,0,0
2022-06-10 20:30,87,42,45,0,0,0
2022-06-10 20:45,88,36,52,0,0,0
2022-06-10 21:00,86,36,50,0,0,0
2022-06-10 21:15,80,39,41,0,0,0
2022-06-10 21:30,55,21,34,0,0,0
2022-06-10 21:45,71,23,48,0,0,0
2022-06-10 22:00,67,30,37,0,0,0
2022-06-10 22:15,75,29,46,0,0,0
2022-06-10 22:30,80,25,55,0,0,0
2022-06-10 22:45,75,19,56,0,0,0
2022-06-10 23:00,78,28,50,0,0,0
2022-06-10 23:15,76,22,54,0,0,0
2022-06-10 23:30,67,18,49,0,0,0
2022-06-10 23:45,62,20,42,0,0,0
2022-06-11 00:00,68,34,34,0,0,0
2022-06-11 00:15,65,31,34,0,0,0
2022-06-11 00:30,63,22,41,0,0,0
2022-06-11 00:45,51,22,29,0,0,0
2022-06-11 01:00,49,19,30,0,0,0
2022-06-11 01:15,43,16,27,0,0,0
2022-06-11 01:30,35,13,22,0,0,0
2022-06-11 01:45,37,17,20,0,0,0
2022-06-11 02:00,30,13,17,0,0,0
2022-06-11 02:15,15,4,11,0,0,0
2022-06-11 02:30,20,4,16,0,0,0
2022-06-11 02:45,23,2,21,0,0,0
2022-06-11 03:00,19,5,14,0,0,0
2022-06-11 03:15,12,2,10,0,0,0
2022-06-11 03:30,15,2,13,0,0,0
2022-06-11 03:45,11,1,10,0,0,0
2022-06-11 04:00,8,2,6,0,0,0
2022-06-11 04:15,12,1,11,0,0,0
2022-06-11 04:30,4,3,1,0,0,0
2022-06-11 04:45,22,6,16,0,0,0
2022-06-11 05:00,8,2,6,0,0,0
2022-06-11 05:15,9,2,7,0,0,0
2022-06-11 05:30,16,3,13,0,0,0
2022-06-11 05:45,9,1,8,0,0,0
2022-06-11 06:00,7,4,3,0,0,0
2022-06-11 06:15,9,1,8,0,0,0
2022-06-11 06:30,12,7,5,0,0,0
2022-06-11 06:45,10,4,6,0,0,0
2022-06-11 07:00,15,7,8,0,0,0
2022-06-11 07:15,14,3,11,0,0,0
2022-06-11 07:30,16,3,13,0,0,0
2022-06-11 07:45,32,12,20,0,0,0
2022-06-11 08:00,31,16,15,0,0,0
2022-06-11 08:15,42,18,24,0,0,0
2022-06-11 08:30,37,17,20,0,0,0
2022-06-11 08:45,42,19,23,0,0,0
2022-06-11 09:00,43,19,24,0,0,0
2022-06-11 09:15,45,11,34,0,0,0
2022-06-11 09:30,62,23,39,0,0,0
2022-06-11 09:45,79,33,46,0,0,0
2022-06-11 10:00,50,29,21,0,0,0
2022-06-11 10:15,86,52,34,0,0,0
2022-06-11 10:30,71,38,33,0,0,0
2022-06-11 10:45,99,61,38,0,0,0
2022-06-11 11:00,106,54,52,0,0,0
2022-06-11 11:15,98,42,56,0,0,0
2022-06-11 11:30,82,30,52,0,0,0
2022-06-11 11:45,85,39,46,0,0,0
2022-06-11 12:00,87,46,41,0,0,0
2022-06-11 12:15,110,66,44,0,0,0
2022-06-11 12:30,113,64,49,0,0,0
2022-06-11 12:45,94,50,44,0,0,0
2022-06-11 13:00,110,66,44,0,0,0
2022-06-11 13:15,139,82,57,0,0,0
2022-06-11 13:30,112,77,35,0,0,0
2022-06-11 13:45,132,82,50,0,0,0
2022-06-11 14:00,126,85,41,0,0,0
2022-06-11 14:15,103,63,40,0,0,0
2022-06-11 14:30,129,72,57,0,0,0
2022-06-11 14:45,154,105,49,0,0,0
2022-06-11 15:00,153,100,53,0,0,0
2022-06-11 15:15,160,113,47,0,0,0
2022-06-11 15:30,145,94,51,0,0,0
2022-06-11 15:45,168,113,55,0,0,0
2022-06-11 16:00,158,97,61,0,0,0
2022-06-11 16:15,132,76,56,0,0,0
2022-06-11 16:30,126,67,59,0,0,0
2022-06-11 16:45,107,49,58,0,0,0
2022-06-11 17:00,104,66,38,0,0,0
2022-06-11 17:15,162,101,61,0,0,0
2022-06-11 17:30,122,77,45,0,0,0
2022-06-11 17:45,142,78,64,0,0,0
2022-06-11 18:00,159,104,55,0,0,0
2022-06-11 18:15,124,77,47,0,0,0
2022-06-11 18:30,108,56,52,0,0,0
2022-06-11 18:45,125,87,38,0,0,0
2022-06-11 19:00,128,74,54,0,0,0
2022-06-11 19:15,105,66,39,0,0,0
2022-06-11 19:30,100,47,53,0,0,0
2022-06-11 19:45,133,72,61,0,0,0
2022-06-11 20:00,103,56,47,0,0,0
2022-06-11 20:15,115,59,56,0,0,0
2022-06-11 20:30,103,47,56,0,0,0
2022-06-11 20:45,99,52,47,0,0,0
2022-06-11 21:00,98,49,49,0,0,0
2022-06-11 21:15,89,38,51,0,0,0
2022-06-11 21:30,68,18,50,0,0,0
2022-06-11 21:45,85,23,62,0,0,0
2022-06-11 22:00,76,24,52,0,0,0
2022-06-11 22:15,95,25,70,0,0,0
2022-06-11 22:30,61,13,48,0,0,0
2022-06-11 22:45,90,32,58,0,0,0
2022-06-11 23:00,68,31,37,0,0,0
2022-06-11 23:15,111,30,81,0,0,0
2022-06-11 23:30,110,33,77,0,0,0
2022-06-11 23:45,98,25,73,0,0,0
2022-06-12 00:00,103,23,80,0,0,0
2022-06-12 00:15,77,26,51,0,0,0
2022-06-12 00:30,81,32,49,0,0,0
2022-06-12 00:45,81,12,69,0,0,0
2022-06-12 01:00,104,31,73,0,0,0
2022-06-12 01:15,66,18,48,0,0,0
2022-06-12 01:30,50,9,41,0,0,0
2022-06-12 01:45,66,17,49,0,0,0
2022-06-12 02:00,56,11,45,0,0,0
2022-06-12 02:15,31,3,28,0,0,0
2022-06-12 02:30,35,5,30,0,0,0
2022-06-12 02:45,54,10,44,0,0,0
2022-06-12 03:00,48,13,35,0,0,0
2022-06-12 03:15,40,9,31,0,0,0
2022-06-12 03:30,21,2,19,0,0,0
2022-06-12 03:45,26,10,16,0,0,0
2022-06-12 04:00,25,6,19,0,0,0
2022-06-12 04:15,15,0,15,0,0,0
2022-06-12 04:30,26,6,20,0,0,0
2022-06-12 04:45,35,2,33,0,0,0
2022-06-12 05:00,3,1,2,0,0,0
2022-06-12 05:15,24,2,22,0,0,0
2022-06-12 05:30,25,3,22,0,0,0
2022-06-12 05:45,16,0,16,0,0,0
2022-06-12 06:00,16,1,15,0,0,0
2022-06-12 06:15,10,1,9,0,0,0
2022-06-12 06:30,8,3,5,0,0,0
2022-06-12 06:45,11,3,8,0,0,0
2022-06-12 07:00,5,2,3,0,0,0
2022-06-12 07:15,7,1,6,0,0,0
2022-06-12 07:30,9,0,9,0,0,0
2022-06-12 07:45,13,2,11,0,0,0
2022-06-12 08:00,11,4,7,0,0,0
2022-06-12 08:15,22,6,16,0,0,0
2022-06-12 08:30,14,8,6,0,0,0
2022-06-12 08:45,17,7,10,0,0,0
2022-06-12 09:00,27,11,16,0,0,0
2022-06-12 09:15,25,12,13,0,0,0
2022-06-12 09:30,28,9,19,0,0,0
2022-06-12 09:45,51,17,34,0,0,0
2022-06-12 10:00,41,21,20,0,0,0
2022-06-12 10:15,53,32,21,0,0,0
2022-06-12 10:30,50,21,29,0,0,0
2022-06-12 10:45,45,19,26,0,0,0
2022-06-12 11:00,40,23,17,0,0,0
2022-06-12 11:15,39,18,21,0,0,0
2022-06-12 11:30,55,24,31,0,0,0
2022-06-12 11:45,69,33,36,0,0,0
2022-06-12 12:00,68,33,35,0,0,0
2022-06-12 12:15,61,27,34,0,0,0
2022-06-12 12:30,64,25,39,0,0,0
2022-06-12 12:45,83,40,43,0,0,0
2022-06-12 13:00,72,31,41,0,0,0
2022-06-12 13:15,85,44,41,0,0,0
2022-06-12 13:30,93,37,56,0,0,0
2022-06-12 13:45,99,47,52,0,0,0
2022-06-12 14:00,75,32,43,0,0,0
2022-06-12 14:15,84,31,53,0,0,0
2022-06-12 14:30,109,55,54,0,0,0
2022-06-12 14:45,96,58,38,0,0,0
2022-06-12 15:00,106,55,51,0,0,0
2022-06-12 15:15,96,40,56,0,0,0
2022-06-12 15:30,95,46,49,0,0,0
2022-06-12 15:45,88,43,45,0,0,0
2022-06-12 16:00,69,32,37,0,0,0
2022-06-12 16:15,111,56,55,0,0,0
2022-06-12 16:30,101,41,60,0,0,0
2022-06-12 16:45,99,42,57,0,0,0
2022-06-12 17:00,94,51,43,0,0,0
2022-06-12 17:15,102,46,56,0,0,0
2022-06-12 17:30,96,50,46,0,0,0
2022-06-12 17:45,94,49,45,0,0,0
2022-06-12 18:00,106,53,53,0,0,0
2022-06-12 18:15,95,41,54,0,0,0
2022-06-12 18:30,81,39,42,0,0,0
2022-06-12 18:45,112,66,46,0,0,0
2022-06-12 19:00,104,60,44,0,0,0
2022-06-12 19:15,112,65,47,0,0,0
2022-06-12 19:30,84,41,43,0,0,0
2022-06-12 19:45,100,44,56,0,0,0
2022-06-12 20:00,109,54,55,0,0,0
2022-06-12 20:15,94,52,42,0,0,0
2022-06-12 20:30,73,29,44,0,0,0
2022-06-12 20:45,42,20,22,0,0,0
2022-06-12 21:00,64,27,37,0,0,0
2022-06-12 21:15,48,23,25,0,0,0
2022-06-12 21:30,59,25,34,0,0,0
2022-06-12 21:45,70,27,43,0,0,0
2022-06-12 22:00,54,21,33,0,0,0
2022-06-12 22:15,49,10,39,0,0,0
2022-06-12 22:30,68,11,57,0,0,0
2022-06-12 22:45,47,14,33,0,0,0
2022-06-12 23:00,31,12,19,0,0,0
2022-06-12 23:15,29,9,20,0,0,0
2022-06-12 23:30,28,16,12,0,0,0
2022-06-12 23:45,26,5,21,0,0,0
2022-06-13 00:00,16,6,10,0,0,0
2022-06-13 00:15,12,2,10,0,0,0
2022-06-13 00:30,10,5,5,0,0,0
2022-06-13 00:45,10,5,5,0,0,0
2022-06-13 01:00,5,4,1,0,0,0
2022-06-13 01:15,17,10,7,0,0,0
2022-06-13 01:30,8,2,6,0,0,0
2022-06-13 01:45,5,3,2,0,0,0
2022-06-13 02:00,3,1,2,0,0,0
2022-06-13 02:15,1,1,0,0,0,0
2022-06-13 02:30,2,0,2,0,0,0
2022-06-13 02:45,2,0,2,0,0,0
2022-06-13 03:00,3,1,2,0,0,0
2022-06-13 03:15,1,0,1,0,0,0
2022-06-13 03:30,2,1,1,0,0,0
2022-06-13 03:45,1,0,1,0,0,0
2022-06-13 04:00,4,1,3,0,0,0
2022-06-13 04:15,2,0,2,0,0,0
2022-06-13 04:30,5,0,5,0,0,0
2022-06-13 04:45,9,5,4,0,0,0
2022-06-13 05:00,12,7,5,0,0,0
2022-06-13 05:15,8,3,5,0,0,0
2022-06-13 05:30,15,4,11,0,0,0
2022-06-13 05:45,18,8,10,0,0,0
2022-06-13 06:00,17,8,9,0,0,0
2022-06-13 06:15,27,10,17,0,0,0
2022-06-13 06:30,48,20,28,0,0,0
2022-06-13 06:45,69,48,21,0,0,0
2022-06-13 07:00,74,32,42,0,0,0
2022-06-13 07:15,94,52,42,0,0,0
2022-06-13 07:30,146,66,80,0,0,0
2022-06-13 07:45,137,69,68,0,0,0
2022-06-13 08:00,136,63,73,0,0,0
2022-06-13 08:15,130,67,63,0,0,0
2022-06-13 08:30,114,60,54,0,0,0
2022-06-13 08:45,137,73,64,0,0,0
2022-06-13 09:00,90,51,39,0,0,0
2022-06-13 09:15,74,33,41,0,0,0
2022-06-13 09:30,81,37,44,0,0,0
2022-06-13 09:45,109,36,73,0,0,0
2022-06-13 10:00,113,39,74,0,0,0
2022-06-13 10:15,99,37,62,0,0,0
2022-06-13 10:30,72,37,35,0,0,0
2022-06-13 10:45,82,28,54,0,0,0
2022-06-13 11:00,79,26,53,0,0,0
2022-06-13 11:15,86,32,54,0,0,0
2022-06-13 11:30,85,30,55,0,0,0
2022-06-13 11:45,143,66,77,0,0,0
2022-06-13 12:00,123,58,65,0,0,0
2022-06-13 12:15,103,45,58,0,0,0
2022-06-13 12:30,94,38,56,0,0,0
2022-06-13 12:45,118,71,47,0,0,0
2022-06-13 13:00,131,57,74,0,0,0
2022-06-13 13:15,99,38,61,0,0,0
2022-06-13 13:30,112,63,49,0,0,0
2022-06-13 13:45,132,68,64,0,0,0
2022-06-13 14:00,140,66,74,0,0,0
2022-06-13 14:15,126,61,65,0,0,0
2022-06-13 14:30,132,62,70,0,0,0
2022-06-13 14:45,128,59,69,0,0,0
2022-06-13 15:00,111,59,52,0,0,0
2022-06-13 15:15,109,53,56,0,0,0
2022-06-13 15:30,117,53,64,0,0,0
2022-06-13 15:45,157,81,76,0,0,0
2022-06-13 16:00,176,96,80,0,0,0
2022-06-13 16:15,154,79,75,0,0,0
2022-06-13 16:30,148,73,75,0,0,0
2022-06-13 16:45,178,98,80,0,0,0
2022-06-13 17:00,177,100,77,0,0,0
2022-06-13 17:15,184,78,106,0,0,0
2022-06-13 17:30,180,91,89,0,0,0
2022-06-13 17:45,188,99,89,0,0,0
2022-06-13 18:00,180,98,82,0,0,0
2022-06-13 18:15,149,78,71,0,0,0
2022-06-13 18:30,142,76,66,0,0,0
2022-06-13 18:45,154,87,67,0,0,0
2022-06-13 19:00,113,60,53,0,0,0
2022-06-13 19:15,108,64,44,0,0,0
2022-06-13 19:30,99,48,51,0,0,0
2022-06-13 19:45,114,54,60,0,0,0
2022-06-13 20:00,104,58,46,0,0,0
2022-06-13 20:15,107,54,53,0,0,0
2022-06-13 20:30,72,37,35,0,0,0
2022-06-13 20:45,79,36,43,0,0,0
2022-06-13 21:00,65,22,43,0,0,0
2022-06-13 21:15,67,41,26,0,0,0
2022-06-13 21:30,53,23,30,0,0,0
2022-06-13 21:45,47,20,27,0,0,0
2022-06-13 22:00,61,26,35,0,0,0
2022-06-13 22:15,62,26,36,0,0,0
2022-06-13 22:30,56,25,31,0,0,0
2022-06-13 22:45,45,16,29,0,0,0
2022-06-13 23:00,51,19,32,0,0,0
2022-06-13 23:15,34,10,24,0,0,0
2022-06-13 23:30,26,5,21,0,0,0
2022-06-13 23:45,16,6,10,0,0,0
2022-06-14 00:00,27,11,16,0,0,0
2022-06-14 00:15,14,7,7,0,0,0
2022-06-14 00:30,9,4,5,0,0,0
2022-06-14 00:45,6,3,3,0,0,0
2022-06-14 01:00,7,5,2,0,0,0
2022-06-14 01:15,10,4,6,0,0,0
2022-06-14 01:30,1,0,1,0,0,0
2022-06-14 01:45,6,1,5,0,0,0
2022-06-14 02:00,2,1,1,0,0,0
2022-06-14 02:15,5,1,4,0,0,0
2022-06-14 02:30,3,0,3,0,0,0
2022-06-14 02:45,2,2,0,0,0,0
2022-06-14 03:00,5,0,5,0,0,0
2022-06-14 03:15,4,0,4,0,0,0
2022-06-14 03:30,2,0,2,0,0,0
2022-06-14 03:45,1,1,0,0,0,0
2022-06-14 04:00,2,2,0,0,0,0
2022-06-14 04:15,2,1,1,0,0,0
2022-06-14 04:30,3,0,3,0,0,0
2022-06-14 04:45,7,1,6,0,0,0
2022-06-14 05:00,7,0,7,0,0,0
2022-06-14 05:15,8,4,4,0,0,0
2022-06-14 05:30,16,6,10,0,0,0
2022-06-14 05:45,25,14,11,0,0,0
2022-06-14 06:00,19,9,10,0,0,0
2022-06-14 06:15,33,17,16,0,0,0
2022-06-14 06:30,53,24,29,0,0,0
2022-06-14 06:45,73,48,25,0,0,0
2022-06-14 07:00,80,38,42,0,0,0
2022-06-14 07:15,103,55,48,0,0,0
2022-06-14 07:30,154,76,78,0,0,0
2022-06-14 07:45,169,92,77,0,0,0
2022-06-14 08:00,174,71,103,0,0,0
2022-06-14 08:15,152,83,69,0,0,0
2022-06-14 08:30,157,93,64,0,0,0
2022-06-14 08:45,142,62,80,0,0,0
2022-06-14 09:00,113,49,64,0,0,0
2022-06-14 09:15,95,39,56,0,0,0
2022-06-14 09:30,112,53,59,0,0,0
2022-06-14 09:45,130,53,77,0,0,0
2022-06-14 10:00,122,42,80,0,0,0
2022-06-14 10:15,103,51,52,0,0,0
2022-06-14 10:30,94,42,52,0,0,0
2022-06-14 10:45,102,41,61,0,0,0
2022-06-14 11:00,83,30,53,0,0,0
2022-06-14 11:15,107,41,66,0,0,0
2022-06-14 11:30,94,35,59,0,0,0
2022-06-14 11:45,143,66,77,0,0,0
2022-06-14 12:00,151,62,89,0,0,0
2022-06-14 12:15,152,83,69,0,0,0
2022-06-14 12:30,129,73,56,0,0,0
2022-06-14 12:45,145,75,70,0,0,0
2022-06-14 13:00,115,51,64,0,0,0
2022-06-14 13:15,118,61,57,0,0,0
2022-06-14 13:30,135,67,68,0,0,0
2022-06-14 13:45,166,65,101,0,0,0
2022-06-14 14:00,138,69,69,0,0,0
2022-06-14 14:15,121,63,58,0,0,0
2022-06-14 14:30,108,55,53,0,0,0
2022-06-14 14:45,121,52,69,0,0,0
2022-06-14 15:00,132,66,66,0,0,0
2022-06-14 15:15,141,74,67,0,0,0
2022-06-14 15:30,135,68,67,0,0,0
2022-06-14 15:45,157,83,74,0,0,0
2022-06-14 16:00,174,83,91,0,0,0
2022-06-14 16:15,160,84,76,0,0,0
2022-06-14 16:30,169,81,88,0,0,0
2022-06-14 16:45,179,102,77,0,0,0
2022-06-14 17:00,180,86,94,0,0,0
2022-06-14 17:15,211,104,107,0,0,0
2022-06-14 17:30,205,108,97,0,0,0
2022-06-14 17:45,248,121,127,0,0,0
2022-06-14 18:00,189,108,81,0,0,0
2022-06-14 18:15,174,107,67,0,0,0
2022-06-14 18:30,156,85,71,0,0,0
2022-06-14 18:45,173,101,72,0,0,0
2022-06-14 19:00,147,83,64,0,0,0
2022-06-14 19:15,145,94,51,0,0,0
2022-06-14 19:30,130,76,54,0,0,0
2022-06-14 19:45,160,98,62,0,0,0
2022-06-14 20:00,119,68,51,0,0,0
2022-06-14 20:15,117,61,56,0,0,0
2022-06-14 20:30,93,45,48,0,0,0
2022-06-14 20:45,89,41,48,0,0,0
2022-06-14 21:00,86,31,55,0,0,0
2022-06-14 21:15,97,41,56,0,0,0
2022-06-14 21:30,79,27,52,0,0,0
2022-06-14 21:45,71,21,50,0,0,0
2022-06-14 22:00,70,27,43,0,0,0
2022-06-14 22:15,81,20,61,0,0,0
2022-06-14 22:30,97,27,70,0,0,0
2022-06-14 22:45,68,19,49,0,0,0
2022-06-14 23:00,61,18,43,0,0,0
2022-06-14 23:15,78,41,37,0,0,0
2022-06-14 23:30,63,25,38,0,0,0
2022-06-14 23:45,42,20,22,0,0,0
2022-06-15 00:00,26,17,9,0,0,0
2022-06-15 00:15,35,19,16,0,0,0
2022-06-15 00:30,18,5,13,0,0,0
2022-06-15 00:45,17,3,14,0,0,0
2022-06-15 01:00,11,7,4,0,0,0
2022-06-15 01:15,13,7,6,0,0,0
2022-06-15 01:30,5,2,3,0,0,0
2022-06-15 01:45,6,3,3,0,0,0
2022-06-15 02:00,7,1,6,0,0,0
2022-06-15 02:15,8,0,8,0,0,0
2022-06-15 02:30,18,1,17,0,0,0
2022-06-15 02:45,34,1,33,0,0,0
2022-06-15 03:00,14,1,13,0,0,0
2022-06-15 03:15,14,1,13,0,0,0
2022-06-15 03:30,9,1,8,0,0,0
2022-06-15 03:45,2,0,2,0,0,0
2022-06-15 04:00,4,0,4,0,0,0
2022-06-15 04:15,2,0,2,0,0,0
2022-06-15 04:30,10,5,5,0,0,0
2022-06-15 04:45,9,2,7,0,0,0
2022-06-15 05:00,1,0,1,0,0,0
2022-06-15 05:15,11,4,7,0,0,0
2022-06-15 05:30,21,10,11,0,0,0
2022-06-15 05:45,22,7,15,0,0,0
2022-06-15 06:00,38,15,23,0,0,0
2022-06-15 06:15,34,11,23,0,0,0
2022-06-15 06:30,50,25,25,0,0,0
2022-06-15 06:45,93,57,36,0,0,0
2022-06-15 07:00,80,41,39,0,0,0
2022-06-15 07:15,97,38,59,0,0,0
2022-06-15 07:30,140,62,78,0,0,0
2022-06-15 07:45,165,87,78,0,0,0
2022-06-15 08:00,150,57,93,0,0,0
2022-06-15 08:15,142,65,77,0,0,0
2022-06-15 08:30,137,69,68,0,0,0
2022-06-15 08:45,147,61,86,0,0,0
2022-06-15 09:00,95,47,48,0,0,0
2022-06-15 09:15,115,47,68,0,0,0
2022-06-15 09:30,99,40,59,0,0,0
2022-06-15 09:45,116,48,68,0,0,0
2022-06-15 10:00,135,49,86,0,0,0
2022-06-15 10:15,88,40,48,0,0,0
2022-06-15 10:30,85,38,47,0,0,0
2022-06-15 10:45,111,47,64,0,0,0
2022-06-15 11:00,115,56,59,0,0,0
2022-06-15 11:15,104,53,51,0,0,0
2022-06-15 11:30,135,64,71,0,0,0
2022-06-15 11:45,146,63,83,0,0,0
2022-06-15 12:00,151,69,82,0,0,0
2022-06-15 12:15,113,53,60,0,0,0
2022-06-15 12:30,121,64,57,0,0,0
2022-06-15 12:45,158,82,76,0,0,0
2022-06-15 13:00,176,86,90,0,0,0
2022-06-15 13:15,122,68,54,0,0,0
2022-06-15 13:30,140,71,69,0,0,0
2022-06-15 13:45,166,90,76,0,0,0
2022-06-15 14:00,158,94,64,0,0,0
2022-06-15 14:15,125,80,45,0,0,0
2022-06-15 14:30,141,73,68,0,0,0
2022-06-15 14:45,139,80,59,0,0,0
2022-06-15 15:00,133,80,53,0,0,0
2022-06-15 15:15,144,89,55,0,0,0
2022-06-15 15:30,135,63,72,0,0,0
2022-06-15 15:45,179,84,95,0,0,0
2022-06-15 16:00,196,99,97,0,0,0
2022-06-15 16:15,164,87,77,0,0,0
2022-06-15 16:30,155,83,72,0,0,0
2022-06-15 16:45,165,91,74,0,0,0
2022-06-15 17:00,222,109,113,0,0,0
2022-06-15 17:15,175,77,98,0,0,0
2022-06-15 17:30,183,85,98,0,0,0
2022-06-15 17:45,225,123,102,0,0,0
2022-06-15 18:00,190,100,90,0,0,0
2022-06-15 18:15,184,107,77,0,0,0
2022-06-15 18:30,152,71,81,0,0,0
2022-06-15 18:45,176,83,93,0,0,0
2022-06-15 19:00,148,84,64,0,0,0
2022-06-15 19:15,173,109,64,0,0,0
2022-06-15 19:30,132,79,53,0,0,0
2022-06-15 19:45,173,99,74,0,0,0
2022-06-15 20:00,148,86,62,0,0,0
2022-06-15 20:15,139,69,70,0,0,0
2022-06-15 20:30,103,54,49,0,0,0
2022-06-15 20:45,105,63,42,0,0,0
2022-06-15 21:00,136,76,60,0,0,0
2022-06-15 21:15,147,70,77,0,0,0
2022-06-15 21:30,120,77,43,0,0,0
2022-06-15 21:45,94,42,52,0,0,0
2022-06-15 22:00,109,66,43,0,0,0
2022-06-15 22:15,105,50,55,0,0,0
2022-06-15 22:30,129,61,68,0,0,0
2022-06-15 22:45,97,49,48,0,0,0
2022-06-15 23:00,92,46,46,0,0,0
2022-06-15 23:15,82,34,48,0,0,0
2022-06-15 23:30,89,35,54,0,0,0
2022-06-15 23:45,72,37,35,0,0,0
2022-06-16 00:00,59,34,25,0,0,0
2022-06-16 00:15,51,34,17,0,0,0
2022-06-16 00:30,53,36,17,0,0,0
2022-06-16 00:45,75,23,52,0,0,0
2022-06-16 01:00,59,23,36,0,0,0
2022-06-16 01:15,61,22,39,0,0,0
2022-06-16 01:30,71,28,43,0,0,0
2022-06-16 01:45,60,16,44,0,0,0
2022-06-16 02:00,54,8,46,0,0,0
2022-06-16 02:15,57,8,49,0,0,0
2022-06-16 02:30,42,7,35,0,0,0
2022-06-16 02:45,35,13,22,0,0,0
2022-06-16 03:00,24,5,19,0,0,0
2022-06-16 03:15,36,6,30,0,0,0
2022-06-16 03:30,32,5,27,0,0,0
2022-06-16 03:45,33,10,23,0,0,0
2022-06-16 04:00,5,3,2,0,0,0
2022-06-16 04:15,27,3,24,0,0,0
2022-06-16 04:30,19,4,15,0,0,0
2022-06-16 04:45,25,2,23,0,0,0
2022-06-16 05:00,8,1,7,0,0,0
2022-06-16 05:15,19,4,15,0,0,0
2022-06-16 05:30,17,0,17,0,0,0
2022-06-16 05:45,9,4,5,0,0,0
2022-06-16 06:00,18,2,16,0,0,0
2022-06-16 06:15,12,2,10,0,0,0
2022-06-16 06:30,10,3,7,0,0,0
2022-06-16 06:45,7,2,5,0,0,0
2022-06-16 07:00,8,4,4,0,0,0
2022-06-16 07:15,13,8,5,0,0,0
2022-06-16 07:30,18,8,10,0,0,0
2022-06-16 07:45,8,4,4,0,0,0
2022-06-16 08:00,19,9,10,0,0,0
2022-06-16 08:15,15,6,9,0,0,0
2022-06-16 08:30,12,3,9,0,0,0
2022-06-16 08:45,31,16,15,0,0,0
2022-06-16 09:00,29,9,20,0,0,0
2022-06-16 09:15,40,16,24,0,0,0
2022-06-16 09:30,33,14,19,0,0,0
2022-06-16 09:45,53,29,24,0,0,0
2022-06-16 10:00,37,21,16,0,0,0
2022-06-16 10:15,45,20,25,0,0,0
2022-06-16 10:30,42,22,20,0,0,0
2022-06-16 10:45,48,29,19,0,0,0
2022-06-16 11:00,49,24,25,0,0,0
2022-06-16 11:15,37,16,21,0,0,0
2022-06-16 11:30,59,31,28,0,0,0
2022-06-16 11:45,60,32,28,0,0,0
2022-06-16 12:00,65,34,31,0,0,0
2022-06-16 12:15,64,32,32,0,0,0
2022-06-16 12:30,74,33,41,0,0,0
2022-06-16 12:45,85,43,42,0,0,0
2022-06-16 13:00,93,43,50,0,0,0
2022-06-16 13:15,81,46,35,0,0,0
2022-06-16 13:30,79,39,40,0,0,0
2022-06-16 13:45,119,65,54,0,0,0
2022-06-16 14:00,100,41,59,0,0,0
2022-06-16 14:15,79,38,41,0,0,0
2022-06-16 14:30,96,46,50,0,0,0
2022-06-16 14:45,113,59,54,0,0,0
2022-06-16 15:00,105,66,39,0,0,0
2022-06-16 15:15,82,48,34,0,0,0
2022-06-16 15:30,104,45,59,0,0,0
2022-06-16 15:45,109,70,39,0,0,0
2022-06-16 16:00,90,45,45,0,0,0
2022-06-16 16:15,97,56,41,0,0,0
2022-06-16 16:30,139,79,60,0,0,0
2022-06-16 16:45,143,95,48,0,0,0
2022-06-16 17:00,115,64,51,0,0,0
2022-06-16 17:15,95,45,50,0,0,0
2022-06-16 17:30,90,45,45,0,0,0
2022-06-16 17:45,109,63,46,0,0,0
2022-06-16 18:00,103,52,51,0,0,0
2022-06-16 18:15,112,54,58,0,0,0
2022-06-16 18:30,74,46,28,0,0,0
2022-06-16 18:45,119,60,59,0,0,0
2022-06-16 19:00,92,41,51,0,0,0
2022-06-16 19:15,122,42,80,0,0,0
2022-06-16 19:30,107,47,60,0,0,0
2022-06-16 19:45,102,52,50,0,0,0
2022-06-16 20:00,90,40,50,0,0,0
2022-06-16 20:15,85,40,45,0,0,0
2022-06-16 20:30,103,44,59,0,0,0
2022-06-16 20:45,76,31,45,0,0,0
2022-06-16 21:00,59,25,34,0,0,0
2022-06-16 21:15,79,28,51,0,0,0
2022-06-16 21:30,91,19,72,0,0,0
2022-06-16 21:45,73,41,32,0,0,0
2022-06-16 22:00,65,27,38,0,0,0
2022-06-16 22:15,75,15,60,0,0,0
2022-06-16 22:30,104,20,84,0,0,0
2022-06-16 22:45,57,29,28,0,0,0
2022-06-16 23:00,42,13,29,0,0,0
2022-06-16 23:15,47,14,33,0,0,0
2022-06-16 23:30,31,7,24,0,0,0
2022-06-16 23:45,23,6,17,0,0,0
2022-06-17 00:00,37,9,28,0,0,0
2022-06-17 00:15,22,4,18,0,0,0
2022-06-17 00:30,20,4,16,0,0,0
2022-06-17 00:45,21,9,12,0,0,0
2022-06-17 01:00,23,9,14,0,0,0
2022-06-17 01:15,11,3,8,0,0,0
2022-06-17 01:30,17,7,10,0,0,0
2022-06-17 01:45,3,0,3,0,0,0
2022-06-17 02:00,6,5,1,0,0,0
2022-06-17 02:15,3,0,3,0,0,0
2022-06-17 02:30,3,1,2,0,0,0
2022-06-17 02:45,3,0,3,0,0,0
2022-06-17 03:00,1,1,0,0,0,0
2022-06-17 03:15,2,1,1,0,0,0
2022-06-17 03:30,2,2,0,0,0,0
2022-06-17 03:45,3,3,0,0,0,0
2022-06-17 04:00,2,1,1,0,0,0
2022-06-17 04:15,5,3,2,0,0,0
2022-06-17 04:30,3,0,3,0,0,0
2022-06-17 04:45,2,0,2,0,0,0
2022-06-17 05:00,3,1,2,0,0,0
2022-06-17 05:15,9,5,4,0,0,0
2022-06-17 05:30,16,8,8,0,0,0
2022-06-17 05:45,17,12,5,0,0,0
2022-06-17 06:00,20,2,18,0,0,0
2022-06-17 06:15,28,15,13,0,0,0
2022-06-17 06:30,40,14,26,0,0,0
2022-06-17 06:45,49,30,19,0,0,0
2022-06-17 07:00,53,27,26,0,0,0
2022-06-17 07:15,85,34,51,0,0,0
2022-06-17 07:30,101,36,65,0,0,0
2022-06-17 07:45,93,41,52,0,0,0
2022-06-17 08:00,92,41,51,0,0,0
2022-06-17 08:15,104,42,62,0,0,0
2022-06-17 08:30,97,43,54,0,0,0
2022-06-17 08:45,98,48,50,0,0,0
2022-06-17 09:00,109,45,64,0,0,0
2022-06-17 09:15,73,28,45,0,0,0
2022-06-17 09:30,69,29,40,0,0,0
2022-06-17 09:45,100,49,51,0,0,0
2022-06-17 10:00,93,34,59,0,0,0
2022-06-17 10:15,91,39,52,0,0,0
2022-06-17 10:30,123,44,79,0,0,0
2022-06-17 10:45,98,45,53,0,0,0
2022-06-17 11:00,90,49,41,0,0,0
2022-06-17 11:15,111,53,58,0,0,0
2022-06-17 11:30,96,50,46,0,0,0
2022-06-17 11:45,107,37,70,0,0,0
2022-06-17 12:00,137,65,72,0,0,0
2022-06-17 12:15,136,75,61,0,0,0
2022-06-17 12:30,107,56,51,0,0,0
2022-06-17 12:45,141,66,75,0,0,0
2022-06-17 13:00,110,46,64,0,0,0
2022-06-17 13:15,143,70,73,0,0,0
2022-06-17 13:30,117,58,59,0,0,0
2022-06-17 13:45,147,76,71,0,0,0
2022-06-17 14:00,122,67,55,0,0,0
2022-06-17 14:15,132,61,71,0,0,0
2022-06-17 14:30,141,59,82,0,0,0
2022-06-17 14:45,111,57,54,0,0,0
2022-06-17 15:00,158,95,63,0,0,0
2022-06-17 15:15,123,71,52,0,0,0
2022-06-17 15:30,115,68,47,0,0,0
2022-06-17 15:45,134,77,57,0,0,0
2022-06-17 16:00,132,70,62,0,0,0
2022-06-17 16:15,112,57,55,0,0,0
2022-06-17 16:30,113,65,48,0,0,0
2022-06-17 16:45,133,81,52,0,0,0
2022-06-17 17:00,139,78,61,0,0,0
2022-06-17 17:15,130,76,54,0,0,0
2022-06-17 17:30,121,62,59,0,0,0
2022-06-17 17:45,118,65,53,0,0,0
2022-06-17 18:00,128,60,68,0,0,0
2022-06-17 18:15,142,83,59,0,0,0
2022-06-17 18:30,132,75,57,0,0,0
2022-06-17 18:45,142,87,55,0,0,0
2022-06-17 19:00,149,85,64,0,0,0
2022-06-17 19:15,149,93,56,0,0,0
2022-06-17 19:30,153,78,75,0,0,0
2022-06-17 19:45,157,97,60,0,0,0
2022-06-17 20:00,140,67,73,0,0,0
2022-06-17 20:15,138,70,68,0,0,0
2022-06-17 20:30,124,56,68,0,0,0
2022-06-17 20:45,101,42,59,0,0,0
2022-06-17 21:00,117,39,78,0,0,0
2022-06-17 21:15,95,44,51,0,0,0
2022-06-17 21:30,72,30,42,0,0,0
2022-06-17 21:45,88,33,55,0,0,0
2022-06-17 22:00,101,40,61,0,0,0
2022-06-17 22:15,81,34,47,0,0,0
2022-06-17 22:30,100,49,51,0,0,0
2022-06-17 22:45,100,45,55,0,0,0
2022-06-17 23:00,97,46,51,0,0,0
2022-06-17 23:15,90,46,44,0,0,0
2022-06-17 23:30,73,41,32,0,0,0
2022-06-17 23:45,75,46,29,0,0,0
2022-06-18 00:00,66,27,39,0,0,0
2022-06-18 00:15,91,45,46,0,0,0
2022-06-18 00:30,65,36,29,0,0,0
2022-06-18 00:45,56,18,38,0,0,0
2022-06-18 01:00,68,32,36,0,0,0
2022-06-18 01:15,58,26,32,0,0,0
2022-06-18 01:30,30,13,17,0,0,0
2022-06-18 01:45,47,17,30,0,0,0
2022-06-18 02:00,22,11,11,0,0,0
2022-06-18 02:15,36,11,25,0,0,0
2022-06-18 02:30,29,6,23,0,0,0
2022-06-18 02:45,42,4,38,0,0,0
2022-06-18 03:00,23,4,19,0,0,0
2022-06-18 03:15,22,5,17,0,0,0
2022-06-18 03:30,24,12,12,0,0,0
2022-06-18 03:45,28,7,21,0,0,0
2022-06-18 04:00,24,7,17,0,0,0
2022-06-18 04:15,14,2,12,0,0,0
2022-06-18 04:30,18,3,15,0,0,0
2022-06-18 04:45,18,5,13,0,0,0
2022-06-18 05:00,12,1,11,0,0,0
2022-06-18 05:15,12,2,10,0,0,0
2022-06-18 05:30,12,5,7,0,0,0
2022-06-18 05:45,11,4,7,0,0,0
2022-06-18 06:00,12,3,9,0,0,0
2022-06-18 06:15,16,3,13,0,0,0
2022-06-18 06:30,13,3,10,0,0,0
2022-06-18 06:45,18,6,12,0,0,0
2022-06-18 07:00,11,6,5,0,0,0
2022-06-18 07:15,18,12,6,0,0,0
2022-06-18 07:30,26,6,20,0,0,0
2022-06-18 07:45,31,9,22,0,0,0
2022-06-18 08:00,24,13,11,0,0,0
2022-06-18 08:15,29,16,13,0,0,0
2022-06-18 08:30,38,17,21,0,0,0
2022-06-18 08:45,41,13,28,0,0,0
2022-06-18 09:00,35,16,19,0,0,0
2022-06-18 09:15,49,13,36,0,0,0
2022-06-18 09:30,58,25,33,0,0,0
2022-06-18 09:45,63,23,40,0,0,0
2022-06-18 10:00,87,46,41,0,0,0
2022-06-18 10:15,78,36,42,0,0,0
2022-06-18 10:30,74,35,39,0,0,0
2022-06-18 10:45,78,44,34,0,0,0
2022-06-18 11:00,75,36,39,0,0,0
2022-06-18 11:15,69,31,38,0,0,0
2022-06-18 11:30,75,38,37,0,0,0
2022-06-18 11:45,87,55,32,0,0,0
2022-06-18 12:00,93,51,42,0,0,0
2022-06-18 12:15,79,36,43,0,0,0
2022-06-18 12:30,104,57,47,0,0,0
2022-06-18 12:45,116,62,54,0,0,0
2022-06-18 13:00,96,58,38,0,0,0
2022-06-18 13:15,94,50,44,0,0,0
2022-06-18 13:30,122,71,51,0,0,0
2022-06-18 13:45,106,60,46,0,0,0
2022-06-18 14:00,103,62,41,0,0,0
2022-06-18 14:15,97,58,39,0,0,0
2022-06-18 14:30,119,62,57,0,0,0
2022-06-18 14:45,136,84,52,0,0,0
2022-06-18 15:00,100,69,31,0,0,0
2022-06-18 15:15,99,64,35,0,0,0
2022-06-18 15:30,122,85,37,0,0,0
2022-06-18 15:45,121,78,43,0,0,0
2022-06-18 16:00,93,66,27,0,0,0
2022-06-18 16:15,88,58,30,0,0,0
2022-06-18 16:30,95,60,35,0,0,0
2022-06-18 16:45,120,71,49,0,0,0
2022-06-18 17:00,137,79,58,0,0,0
2022-06-18 17:15,140,90,50,0,0,0
2022-06-18 17:30,118,63,55,0,0,0
2022-06-18 17:45,121,72,49,0,0,0
2022-06-18 18:00,117,51,66,0,0,0
2022-06-18 18:15,138,62,76,0,0,0
2022-06-18 18:30,120,61,59,0,0,0
2022-06-18 18:45,152,82,70,0,0,0
2022-06-18 19:00,127,67,60,0,0,0
2022-06-18 19:15,100,47,53,0,0,0
2022-06-18 19:30,123,72,51,0,0,0
2022-06-18 19:45,136,65,71,0,0,0
2022-06-18 20:00,105,62,43,0,0,0
2022-06-18 20:15,98,44,54,0,0,0
2022-06-18 20:30,96,40,56,0,0,0
2022-06-18 20:45,114,54,60,0,0,0
2022-06-18 21:00,128,47,81,0,0,0
2022-06-18 21:15,103,35,68,0,0,0
2022-06-18 21:30,96,44,52,0,0,0
2022-06-18 21:45,78,24,54,0,0,0
2022-06-18 22:00,109,37,72,0,0,0
2022-06-18 22:15,103,35,68,0,0,0
2022-06-18 22:30,77,25,52,0,0,0
2022-06-18 22:45,83,30,53,0,0,0
2022-06-18 23:00,89,25,64,0,0,0
2022-06-18 23:15,97,30,67,0,0,0
2022-06-18 23:30,118,43,75,0,0,0
2022-06-18 23:45,153,35,118,0,0,0
2022-06-19 00:00,100,44,56,0,0,0
2022-06-19 00:15,82,21,61,0,0,0
2022-06-19 00:30,82,28,54,0,0,0
2022-06-19 00:45,59,11,48,0,0,0
2022-06-19 01:00,43,15,28,0,0,0
2022-06-19 01:15,50,30,20,0,0,0
2022-06-19 01:30,48,16,32,0,0,0
2022-06-19 01:45,33,12,21,0,0,0
2022-06-19 02:00,32,15,17,0,0,0
2022-06-19 02:15,42,10,32,0,0,0
2022-06-19 02:30,36,19,17,0,0,0
2022-06-19 02:45,30,17,13,0,0,0
2022-06-19 03:00,32,8,24,0,0,0
2022-06-19 03:15,28,1,27,0,0,0
2022-06-19 03:30,30,5,25,0,0,0
2022-06-19 03:45,30,4,26,0,0,0
2022-06-19 04:00,47,5,42,0,0,0
2022-06-19 04:15,18,2,16,0,0,0
2022-06-19 04:30,17,2,15,0,0,0
2022-06-19 04:45,20,0,20,0,0,0
2022-06-19 05:00,8,1,7,0,0,0
2022-06-19 05:15,15,3,12,0,0,0
2022-06-19 05:30,13,1,12,0,0,0
2022-06-19 05:45,11,3,8,0,0,0
2022-06-19 06:00,6,1,5,0,0,0
2022-06-19 06:15,11,3,8,0,0,0
2022-06-19 06:30,8,2,6,0,0,0
2022-06-19 06:45,8,0,8,0,0,0
2022-06-19 07:00,5,1,4,0,0,0
2022-06-19 07:15,10,5,5,0,0,0
2022-06-19 07:30,7,4,3,0,0,0
2022-06-19 07:45,9,2,7,0,0,0
2022-06-19 08:00,6,0,6,0,0,0
2022-06-19 08:15,11,2,9,0,0,0
2022-06-19 08:30,8,2,6,0,0,0
2022-06-19 08:45,26,10,16,0,0,0
2022-06-19 09:00,24,12,12,0,0,0
2022-06-19 09:15,27,11,16,0,0,0
2022-06-19 09:30,30,15,15,0,0,0
2022-06-19 09:45,50,23,27,0,0,0
2022-06-19 10:00,59,33,26,0,0,0
2022-06-19 10:15,50,15,35,0,0,0
2022-06-19 10:30,38,19,19,0,0,0
2022-06-19 10:45,47,27,20,0,0,0
2022-06-19 11:00,40,22,18,0,0,0
2022-06-19 11:15,36,22,14,0,0,0
2022-06-19 11:30,50,25,25,0,0,0
2022-06-19 11:45,68,33,35,0,0,0
2022-06-19 12:00,49,24,25,0,0,0
2022-06-19 12:15,45,14,31,0,0,0
2022-06-19 12:30,60,29,31,0,0,0
2022-06-19 12:45,75,26,49,0,0,0
2022-06-19 13:00,62,34,28,0,0,0
2022-06-19 13:15,93,60,33,0,0,0
2022-06-19 13:30,60,29,31,0,0,0
2022-06-19 13:45,75,35,40,0,0,0
2022-06-19 14:00,65,31,34,0,0,0
2022-06-19 14:15,68,38,30,0,0,0
2022-06-19 14:30,76,37,39,0,0,0
2022-06-19 14:45,72,36,36,0,0,0
2022-06-19 15:00,90,39,51,0,0,0
2022-06-19 15:15,73,30,43,0,0,0
2022-06-19 15:30,86,41,45,0,0,0
2022-06-19 15:45,88,35,53,0,0,0
2022-06-19 16:00,95,36,59,0,0,0
2022-06-19 16:15,80,27,53,0,0,0
2022-06-19 16:30,98,49,49,0,0,0
2022-06-19 16:45,94,34,60,0,0,0
2022-06-19 17:00,76,42,34,0,0,0
2022-06-19 17:15,86,39,47,0,0,0
2022-06-19 17:30,74,30,44,0,0,0
2022-06-19 17:45,111,44,67,0,0,0
2022-06-19 18:00,71,21,50,0,0,0
2022-06-19 18:15,79,34,45,0,0,0
2022-06-19 18:30,80,29,51,0,0,0
2022-06-19 18:45,92,45,47,0,0,0
2022-06-19 19:00,76,32,44,0,0,0
2022-06-19 19:15,99,33,66,0,0,0
2022-06-19 19:30,78,36,42,0,0,0
2022-06-19 19:45,96,32,64,0,0,0
2022-06-19 20:00,63,29,34,0,0,0
2022-06-19 20:15,59,26,33,0,0,0
2022-06-19 20:30,46,22,24,0,0,0
2022-06-19 20:45,56,25,31,0,0,0
2022-06-19 21:00,47,17,30,0,0,0
2022-06-19 21:15,41,16,25,0,0,0
2022-06-19 21:30,37,14,23,0,0,0
2022-06-19 21:45,34,10,24,0,0,0
2022-06-19 22:00,45,16,29,0,0,0
2022-06-19 22:15,19,6,13,0,0,0
2022-06-19 22:30,50,12,38,0,0,0
2022-06-19 22:45,20,5,15,0,0,0
2022-06-19 23:00,20,10,10,0,0,0
2022-06-19 23:15,29,13,16,0,0,0
2022-06-19 23:30,16,6,10,0,0,0
2022-06-19 23:45,9,2,7,0,0,0
2022-06-20 00:00,21,4,17,0,0,0
2022-06-20 00:15,10,5,5,0,0,0
2022-06-20 00:30,4,0,4,0,0,0
2022-06-20 00:45,4,3,1,0,0,0
2022-06-20 01:00,5,5,0,0,0,0
2022-06-20 01:15,4,2,2,0,0,0
2022-06-20 01:30,1,1,0,0,0,0
2022-06-20 01:45,4,0,4,0,0,0
2022-06-20 02:00,1,0,1,0,0,0
2022-06-20 02:15,1,1,0,0,0,0
2022-06-20 02:30,2,1,1,0,0,0
2022-06-20 02:45,6,0,6,0,0,0
2022-06-20 03:00,0,0,0,0,0,0
2022-06-20 03:15,2,1,1,0,0,0
2022-06-20 03:30,0,0,0,0,0,0
2022-06-20 03:45,0,0,0,0,0,0
2022-06-20 04:00,1,1,0,0,0,0
2022-06-20 04:15,1,1,0,0,0,0
2022-06-20 04:30,2,2,0,0,0,0
2022-06-20 04:45,6,1,5,0,0,0
2022-06-20 05:00,11,2,9,0,0,0
2022-06-20 05:15,15,11,4,0,0,0
2022-06-20 05:30,21,6,15,0,0,0
2022-06-20 05:45,22,16,6,0,0,0
2022-06-20 06:00,24,6,18,0,0,0
2022-06-20 06:15,42,16,26,0,0,0
2022-06-20 06:30,28,16,12,0,0,0
2022-06-20 06:45,69,37,32,0,0,0
2022-06-20 07:00,76,45,31,0,0,0
2022-06-20 07:15,107,43,64,0,0,0
2022-06-20 07:30,134,53,81,0,0,0
2022-06-20 07:45,156,82,74,0,0,0
2022-06-20 08:00,157,79,78,0,0,0
2022-06-20 08:15,110,52,58,0,0,0
2022-06-20 08:30,136,71,65,0,0,0
2022-06-20 08:45,123,70,53,0,0,0
2022-06-20 09:00,95,39,56,0,0,0
2022-06-20 09:15,83,34,49,0,0,0
2022-06-20 09:30,94,25,69,0,0,0
2022-06-20 09:45,133,53,80,0,0,0
2022-06-20 10:00,92,34,58,0,0,0
2022-06-20 10:15,81,43,38,0,0,0
2022-06-20 10:30,87,35,52,0,0,0
2022-06-20 10:45,80,47,33,0,0,0
2022-06-20 11:00,91,27,64,0,0,0
2022-06-20 11:15,92,37,55,0,0,0
2022-06-20 11:30,108,48,60,0,0,0
2022-06-20 11:45,107,44,63,0,0,0
2022-06-20 12:00,118,49,69,0,0,0
2022-06-20 12:15,125,65,60,0,0,0
2022-06-20 12:30,115,75,40,0,0,0
2022-06-20 12:45,131,49,82,0,0,0
2022-06-20 13:00,122,62,60,0,0,0
2022-06-20 13:15,130,53,77,0,0,0
2022-06-20 13:30,139,71,68,0,0,0
2022-06-20 13:45,142,75,67,0,0,0
2022-06-20 14:00,146,78,68,0,0,0
2022-06-20 14:15,133,53,80,0,0,0
2022-06-20 14:30,111,56,55,0,0,0
2022-06-20 14:45,128,66,62,0,0,0
2022-06-20 15:00,86,42,44,0,0,0
2022-06-20 15:15,136,62,74,0,0,0
2022-06-20 15:30,130,61,69,0,0,0
2022-06-20 15:45,137,72,65,0,0,0
2022-06-20 16:00,163,89,74,0,0,0
2022-06-20 16:15,153,90,63,0,0,0
2022-06-20 16:30,145,74,71,0,0,0
2022-06-20 16:45,153,96,57,0,0,0
2022-06-20 17:00,146,71,75,0,0,0
2022-06-20 17:15,202,97,105,0,0,0
2022-06-20 17:30,168,73,95,0,0,0
2022-06-20 17:45,178,98,80,0,0,0
2022-06-20 18:00,197,109,88,0,0,0
2022-06-20 18:15,182,91,91,0,0,0
2022-06-20 18:30,141,72,69,0,0,0
2022-06-20 18:45,168,105,63,0,0,0
2022-06-20 19:00,121,63,58,0,0,0
2022-06-20 19:15,141,75,66,0,0,0
2022-06-20 19:30,85,52,33,0,0,0
2022-06-20 19:45,117,69,48,0,0,0
2022-06-20 20:00,126,64,62,0,0,0
2022-06-20 20:15,88,43,45,0,0,0
2022-06-20 20:30,71,26,45,0,0,0
2022-06-20 20:45,82,33,49,0,0,0
2022-06-20 21:00,69,29,40,0,0,0
2022-06-20 21:15,69,29,40,0,0,0
2022-06-20 21:30,70,25,45,0,0,0
2022-06-20 21:45,57,31,26,0,0,0
2022-06-20 22:00,45,17,28,0,0,0
2022-06-20 22:15,45,24,21,0,0,0
2022-06-20 22:30,50,20,30,0,0,0
2022-06-20 22:45,61,10,51,0,0,0
2022-06-20 23:00,39,11,28,0,0,0
2022-06-20 23:15,35,12,23,0,0,0
2022-06-20 23:30,18,4,14,0,0,0
2022-06-20 23:45,24,8,16,0,0,0
2022-06-21 00:00,14,8,6,0,0,0
2022-06-21 00:15,12,2,10,0,0,0
2022-06-21 00:30,6,2,4,0,0,0
2022-06-21 00:45,7,3,4,0,0,0
2022-06-21 01:00,5,1,4,0,0,0
2022-06-21 01:15,5,2,3,0,0,0
2022-06-21 01:30,10,3,7,0,0,0
2022-06-21 01:45,2,0,2,0,0,0
2022-06-21 02:00,3,1,2,0,0,0
2022-06-21 02:15,1,0,1,0,0,0
2022-06-21 02:30,3,2,1,0,0,0
2022-06-21 02:45,3,3,0,0,0,0
2022-06-21 03:00,2,1,1,0,0,0
2022-06-21 03:15,1,0,1,0,0,0
2022-06-21 03:30,1,0,1,0,0,0
2022-06-21 03:45,0,0,0,0,0,0
2022-06-21 04:00,2,1,1,0,0,0
2022-06-21 04:15,2,0,2,0,0,0
2022-06-21 04:30,4,2,2,0,0,0
2022-06-21 04:45,7,4,3,0,0,0
2022-06-21 05:00,6,2,4,0,0,0
2022-06-21 05:15,9,4,5,0,0,0
2022-06-21 05:30,15,7,8,0,0,0
2022-06-21 05:45,23,15,8,0,0,0
2022-06-21 06:00,17,5,12,0,0,0
2022-06-21 06:15,31,12,19,0,0,0
2022-06-21 06:30,64,26,38,0,0,0
2022-06-21 06:45,58,35,23,0,0,0
2022-06-21 07:00,90,52,38,0,0,0
2022-06-21 07:15,97,58,39,0,0,0
2022-06-21 07:30,140,58,82,0,0,0
2022-06-21 07:45,172,80,92,0,0,0
2022-06-21 08:00,147,68,79,0,0,0
2022-06-21 08:15,165,91,74,0,0,0
2022-06-21 08:30,136,69,67,0,0,0
2022-06-21 08:45,185,83,102,0,0,0
2022-06-21 09:00,102,41,61,0,0,0
2022-06-21 09:15,117,35,82,0,0,0
2022-06-21 09:30,118,45,73,0,0,0
2022-06-21 09:45,118,47,71,0,0,0
2022-06-21 10:00,111,36,75,0,0,0
2022-06-21 10:15,95,34,61,0,0,0
2022-06-21 10:30,82,30,52,0,0,0
2022-06-21 10:45,98,42,56,0,0,0
2022-06-21 11:00,104,51,53,0,0,0
2022-06-21 11:15,116,49,67,0,0,0
2022-06-21 11:30,132,62,70,0,0,0
2022-06-21 11:45,128,53,75,0,0,0
2022-06-21 12:00,148,57,91,0,0,0
2022-06-21 12:15,108,56,52,0,0,0
2022-06-21 12:30,88,40,48,0,0,0
2022-06-21 12:45,124,53,71,0,0,0
2022-06-21 13:00,136,73,63,0,0,0
2022-06-21 13:15,143,73,70,0,0,0
2022-06-21 13:30,137,60,77,0,0,0
2022-06-21 13:45,151,71,80,0,0,0
2022-06-21 14:00,131,67,64,0,0,0
2022-06-21 14:15,145,65,80,0,0,0
2022-06-21 14:30,127,59,68,0,0,0
2022-06-21 14:45,116,65,51,0,0,0
2022-06-21 15:00,110,49,61,0,0,0
2022-06-21 15:15,147,65,82,0,0,0
2022-06-21 15:30,133,69,64,0,0,0
2022-06-21 15:45,153,80,73,0,0,0
2022-06-21 16:00,173,92,81,0,0,0
2022-06-21 16:15,169,97,72,0,0,0
2022-06-21 16:30,167,88,79,0,0,0
2022-06-21 16:45,190,120,70,0,0,0
2022-06-21 17:00,199,97,102,0,0,0
2022-06-21 17:15,214,99,115,0,0,0
2022-06-21 17:30,206,102,104,0,0,0
2022-06-21 17:45,225,139,86,0,0,0
2022-06-21 18:00,192,113,79,0,0,0
2022-06-21 18:15,195,119,76,0,0,0
2022-06-21 18:30,173,92,81,0,0,0
2022-06-21 18:45,168,99,69,0,0,0
2022-06-21 19:00,136,91,45,0,0,0
2022-06-21 19:15,164,86,78,0,0,0
2022-06-21 19:30,117,66,51,0,0,0
2022-06-21 19:45,120,76,44,0,0,0
2022-06-21 20:00,126,63,63,0,0,0
2022-06-21 20:15,102,60,42,0,0,0
2022-06-21 20:30,82,45,37,0,0,0
2022-06-21 20:45,80,44,36,0,0,0
2022-06-21 21:00,84,50,34,0,0,0
2022-06-21 21:15,82,35,47,0,0,0
2022-06-21 21:30,57,20,37,0,0,0
2022-06-21 21:45,81,40,41,0,0,0
2022-06-21 22:00,74,31,43,0,0,0
2022-06-21 22:15,74,34,40,0,0,0
2022-06-21 22:30,83,18,65,0,0,0
2022-06-21 22:45,79,24,55,0,0,0
2022-06-21 23:00,60,16,44,0,0,0
2022-06-21 23:15,24,6,18,0,0,0
2022-06-21 23:30,25,8,17,0,0,0
2022-06-21 23:45,56,15,41,0,0,0
2022-06-22 00:00,23,4,19,0,0,0
2022-06-22 00:15,22,7,15,0,0,0
2022-06-22 00:30,16,9,7,0,0,0
2022-06-22 00:45,16,4,12,0,0,0
2022-06-22 01:00,12,4,8,0,0,0
2022-06-22 01:15,16,7,9,0,0,0
2022-06-22 01:30,7,2,5,0,0,0
2022-06-22 01:45,8,5,3,0,0,0
2022-06-22 02:00,4,3,1,0,0,0
2022-06-22 02:15,5,0,5,0,0,0
2022-06-22 02:30,7,0,7,0,0,0
2022-06-22 02:45,3,0,3,0,0,0
2022-06-22 03:00,8,2,6,0,0,0
2022-06-22 03:15,3,1,2,0,0,0
2022-06-22 03:30,2,1,1,0,0,0
2022-06-22 03:45,3,2,1,0,0,0
2022-06-22 04:00,4,0,4,0,0,0
2022-06-22 04:15,5,1,4,0,0,0
2022-06-22 04:30,2,1,1,0,0,0
2022-06-22 04:45,4,3,1,0,0,0
2022-06-22 05:00,7,4,3,0,0,0
2022-06-22 05:15,17,7,10,0,0,0
2022-06-22 05:30,17,6,11,0,0,0
2022-06-22 05:45,25,11,14,0,0,0
2022-06-22 06:00,22,13,9,0,0,0
2022-06-22 06:15,33,15,18,0,0,0
2022-06-22 06:30,47,19,28,0,0,0
2022-06-22 06:45,60,37,23,0,0,0
2022-06-22 07:00,81,57,24,0,0,0
2022-06-22 07:15,105,54,51,0,0,0
2022-06-22 07:30,186,75,111,0,0,0
2022-06-22 07:45,172,83,89,0,0,0
2022-06-22 08:00,156,65,91,0,0,0
2022-06-22 08:15,159,69,90,0,0,0
2022-06-22 08:30,140,75,65,0,0,0
2022-06-22 08:45,141,73,68,0,0,0
2022-06-22 09:00,103,42,61,0,0,0
2022-06-22 09:15,91,23,68,0,0,0
2022-06-22 09:30,95,40,55,0,0,0
2022-06-22 09:45,131,54,77,0,0,0
2022-06-22 10:00,109,46,63,0,0,0
2022-06-22 10:15,105,50,55,0,0,0
2022-06-22 10:30,96,45,51,0,0,0
2022-06-22 10:45,100,38,62,0,0,0
2022-06-22 11:00,111,53,58,0,0,0
2022-06-22 11:15,131,79,52,0,0,0
2022-06-22 11:30,127,51,76,0,0,0
2022-06-22 11:45,109,49,60,0,0,0
2022-06-22 12:00,137,64,73,0,0,0
2022-06-22 12:15,122,66,56,0,0,0
2022-06-22 12:30,128,68,60,0,0,0
2022-06-22 12:45,154,92,62,0,0,0
2022-06-22 13:00,156,85,71,0,0,0
2022-06-22 13:15,150,76,74,0,0,0
2022-06-22 13:30,128,72,56,0,0,0
2022-06-22 13:45,157,74,83,0,0,0
2022-06-22 14:00,137,73,64,0,0,0
2022-06-22 14:15,137,84,53,0,0,0
2022-06-22 14:30,136,72,64,0,0,0
2022-06-22 14:45,142,91,51,0,0,0
2022-06-22 15:00,124,70,54,0,0,0
2022-06-22 15:15,127,71,56,0,0,0
2022-06-22 15:30,121,72,49,0,0,0
2022-06-22 15:45,170,57,113,0,0,0
2022-06-22 16:00,173,99,74,0,0,0
2022-06-22 16:15,140,77,63,0,0,0
2022-06-22 16:30,162,91,71,0,0,0
2022-06-22 16:45,206,107,99,0,0,0
2022-06-22 17:00,183,97,86,0,0,0
2022-06-22 17:15,200,117,83,0,0,0
2022-06-22 17:30,190,108,82,0,0,0
2022-06-22 17:45,228,118,110,0,0,0
2022-06-22 18:00,201,113,88,0,0,0
2022-06-22 18:15,205,113,92,0,0,0
2022-06-22 18:30,154,86,68,0,0,0
2022-06-22 18:45,200,128,72,0,0,0
2022-06-22 19:00,167,95,72,0,0,0
2022-06-22 19:15,152,99,53,0,0,0
2022-06-22 19:30,123,65,58,0,0,0
2022-06-22 19:45,174,105,69,0,0,0
2022-06-22 20:00,153,86,67,0,0,0
2022-06-22 20:15,121,62,59,0,0,0
2022-06-22 20:30,111,48,63,0,0,0
2022-06-22 20:45,107,50,57,0,0,0
2022-06-22 21:00,103,57,46,0,0,0
2022-06-22 21:15,104,46,58,0,0,0
2022-06-22 21:30,111,39,72,0,0,0
2022-06-22 21:45,107,44,63,0,0,0
2022-06-22 22:00,102,52,50,0,0,0
2022-06-22 22:15,105,50,55,0,0,0
2022-06-22 22:30,102,26,76,0,0,0
2022-06-22 22:45,107,35,72,0,0,0
2022-06-22 23:00,84,27,57,0,0,0
2022-06-22 23:15,81,30,51,0,0,0
2022-06-22 23:30,94,72,22,0,0,0
2022-06-22 23:45,124,100,24,0,0,0
2022-06-23 00:00,145,116,29,0,0,0
2022-06-23 00:15,76,62,14,0,0,0
2022-06-23 00:30,91,76,15,0,0,0
2022-06-23 00:45,77,47,30,0,0,0
2022-06-23 01:00,49,30,19,0,0,0
2022-06-23 01:15,16,4,12,0,0,0
2022-06-23 01:30,19,4,15,0,0,0
2022-06-23 01:45,15,1,14,0,0,0
2022-06-23 02:00,17,1,16,0,0,0
2022-06-23 02:15,49,4,45,0,0,0
2022-06-23 02:30,50,1,49,0,0,0
2022-06-23 02:45,44,3,41,0,0,0
2022-06-23 03:00,43,3,40,0,0,0
2022-06-23 03:15,60,2,58,0,0,0
2022-06-23 03:30,34,1,33,0,0,0
2022-06-23 03:45,31,2,29,0,0,0
2022-06-23 04:00,53,0,53,0,0,0
2022-06-23 04:15,30,2,28,0,0,0
2022-06-23 04:30,28,0,28,0,0,0
2022-06-23 04:45,23,3,20,0,0,0
2022-06-23 05:00,9,1,8,0,0,0
2022-06-23 05:15,37,10,27,0,0,0
2022-06-23 05:30,17,4,13,0,0,0
2022-06-23 05:45,22,15,7,0,0,0
2022-06-23 06:00,27,7,20,0,0,0
2022-06-23 06:15,32,14,18,0,0,0
2022-06-23 06:30,46,20,26,0,0,0
2022-06-23 06:45,78,41,37,0,0,0
2022-06-23 07:00,90,54,36,0,0,0
2022-06-23 07:15,88,49,39,0,0,0
2022-06-23 07:30,143,71,72,0,0,0
2022-06-23 07:45,167,94,73,0,0,0
2022-06-23 08:00,151,81,70,0,0,0
2022-06-23 08:15,142,62,80,0,0,0
2022-06-23 08:30,155,75,80,0,0,0
2022-06-23 08:45,154,75,79,0,0,0
2022-06-23 09:00,111,46,65,0,0,0
2022-06-23 09:15,101,37,64,0,0,0
2022-06-23 09:30,90,39,51,0,0,0
2022-06-23 09:45,151,52,99,0,0,0
2022-06-23 10:00,138,59,79,0,0,0
2022-06-23 10:15,86,29,57,0,0,0
2022-06-23 10:30,97,48,49,0,0,0
2022-06-23 10:45,109,53,56,0,0,0
2022-06-23 11:00,98,36,62,0,0,0
2022-06-23 11:15,129,65,64,0,0,0
2022-06-23 11:30,121,62,59,0,0,0
2022-06-23 11:45,116,52,64,0,0,0
2022-06-23 12:00,128,50,78,0,0,0
2022-06-23 12:15,116,56,60,0,0,0
2022-06-23 12:30,136,63,73,0,0,0
2022-06-23 12:45,150,60,90,0,0,0
2022-06-23 13:00,141,70,71,0,0,0
2022-06-23 13:15,125,62,63,0,0,0
2022-06-23 13:30,136,83,53,0,0,0
2022-06-23 13:45,165,87,78,0,0,0
2022-06-23 14:00,152,69,83,0,0,0
2022-06-23 14:15,157,86,71,0,0,0
2022-06-23 14:30,132,72,60,0,0,0
2022-06-23 14:45,129,61,68,0,0,0
2022-06-23 15:00,114,62,52,0,0,0
2022-06-23 15:15,140,81,59,0,0,0
2022-06-23 15:30,133,74,59,0,0,0
2022-06-23 15:45,154,99,55,0,0,0
2022-06-23 16:00,182,98,84,0,0,0
2022-06-23 16:15,186,108,78,0,0,0
2022-06-23 16:30,178,105,73,0,0,0
2022-06-23 16:45,191,116,75,0,0,0
2022-06-23 17:00,187,104,83,0,0,0
2022-06-23 17:15,191,92,99,0,0,0
2022-06-23 17:30,180,101,79,0,0,0
2022-06-23 17:45,255,143,112,0,0,0
2022-06-23 18:00,216,119,97,0,0,0
2022-06-23 18:15,186,114,72,0,0,0
2022-06-23 18:30,144,68,76,0,0,0
2022-06-23 18:45,180,97,83,0,0,0
2022-06-23 19:00,151,63,88,0,0,0
2022-06-23 19:15,177,86,91,0,0,0
2022-06-23 19:30,154,67,87,0,0,0
2022-06-23 19:45,154,65,89,0,0,0
2022-06-23 20:00,131,56,75,0,0,0
2022-06-23 20:15,143,75,68,0,0,0
2022-06-23 20:30,120,50,70,0,0,0
2022-06-23 20:45,145,50,95,0,0,0
2022-06-23 21:00,102,35,67,0,0,0
2022-06-23 21:15,122,48,74,0,0,0
2022-06-23 21:30,106,38,68,0,0,0
2022-06-23 21:45,78,34,44,0,0,0
2022-06-23 22:00,69,24,45,0,0,0
2022-06-23 22:15,117,42,75,0,0,0
2022-06-23 22:30,131,31,100,0,0,0
2022-06-23 22:45,90,20,70,0,0,0
2022-06-23 23:00,64,18,46,0,0,0
2022-06-23 23:15,86,24,62,0,0,0
2022-06-23 23:30,75,26,49,0,0,0
2022-06-23 23:45,74,27,47,0,0,0
2022-06-24 00:00,47,26,21,0,0,0
2022-06-24 00:15,59,18,41,0,0,0
2022-06-24 00:30,31,9,22,0,0,0
2022-06-24 00:45,24,12,12,0,0,0
2022-06-24 01:00,19,7,12,0,0,0
2022-06-24 01:15,20,6,14,0,0,0
2022-06-24 01:30,18,7,11,0,0,0
2022-06-24 01:45,28,19,9,0,0,0
2022-06-24 02:00,15,7,8,0,0,0
2022-06-24 02:15,10,6,4,0,0,0
2022-06-24 02:30,11,3,8,0,0,0
2022-06-24 02:45,12,1,11,0,0,0
2022-06-24 03:00,12,12,0,0,0,0
2022-06-24 03:15,10,1,9,0,0,0
2022-06-24 03:30,10,4,6,0,0,0
2022-06-24 03:45,12,4,8,0,0,0
2022-06-24 04:00,10,2,8,0,0,0
2022-06-24 04:15,3,0,3,0,0,0
2022-06-24 04:30,5,1,4,0,0,0
2022-06-24 04:45,6,2,4,0,0,0
2022-06-24 05:00,5,1,4,0,0,0
2022-06-24 05:15,20,8,12,0,0,0
2022-06-24 05:30,14,4,10,0,0,0
2022-06-24 05:45,17,11,6,0,0,0
2022-06-24 06:00,20,11,9,0,0,0
2022-06-24 06:15,25,8,17,0,0,0
2022-06-24 06:30,37,18,19,0,0,0
2022-06-24 06:45,57,33,24,0,0,0
2022-06-24 07:00,51,28,23,0,0,0
2022-06-24 07:15,60,21,39,0,0,0
2022-06-24 07:30,100,34,66,0,0,0
2022-06-24 07:45,107,62,45,0,0,0
2022-06-24 08:00,95,39,56,0,0,0
2022-06-24 08:15,82,33,49,0,0,0
2022-06-24 08:30,91,38,53,0,0,0
2022-06-24 08:45,91,32,59,0,0,0
2022-06-24 09:00,58,25,33,0,0,0
2022-06-24 09:15,74,37,37,0,0,0
2022-06-24 09:30,82,31,51,0,0,0
2022-06-24 09:45,111,32,79,0,0,0
2022-06-24 10:00,94,29,65,0,0,0
2022-06-24 10:15,88,38,50,0,0,0
2022-06-24 10:30,66,26,40,0,0,0
2022-06-24 10:45,81,46,35,0,0,0
2022-06-24 11:00,66,31,35,0,0,0
2022-06-24 11:15,76,33,43,0,0,0
2022-06-24 11:30,107,60,47,0,0,0
2022-06-24 11:45,115,51,64,0,0,0
2022-06-24 12:00,110,50,60,0,0,0
2022-06-24 12:15,94,38,56,0,0,0
2022-06-24 12:30,110,49,61,0,0,0
2022-06-24 12:45,103,44,59,0,0,0
2022-06-24 13:00,102,42,60,0,0,0
2022-06-24 13:15,126,43,83,0,0,0
2022-06-24 13:30,120,59,61,0,0,0
2022-06-24 13:45,126,62,64,0,0,0
2022-06-24 14:00,95,38,57,0,0,0
2022-06-24 14:15,123,63,60,0,0,0
2022-06-24 14:30,104,56,48,0,0,0
2022-06-24 14:45,116,47,69,0,0,0
2022-06-24 15:00,110,50,60,0,0,0
2022-06-24 15:15,121,53,68,0,0,0
2022-06-24 15:30,117,63,54,0,0,0
2022-06-24 15:45,128,79,49,0,0,0
2022-06-24 16:00,106,57,49,0,0,0
2022-06-24 16:15,110,59,51,0,0,0
2022-06-24 16:30,113,51,62,0,0,0
2022-06-24 16:45,109,45,64,0,0,0
2022-06-24 17:00,103,42,61,0,0,0
2022-06-24 17:15,120,65,55,0,0,0
2022-06-24 17:30,129,60,69,0,0,0
2022-06-24 17:45,161,98,63,0,0,0
2022-06-24 18:00,127,78,49,0,0,0
2022-06-24 18:15,112,61,51,0,0,0
2022-06-24 18:30,119,60,59,0,0,0
2022-06-24 18:45,150,92,58,0,0,0
2022-06-24 19:00,140,85,55,0,0,0
2022-06-24 19:15,134,79,55,0,0,0
2022-06-24 19:30,82,38,44,0,0,0
2022-06-24 19:45,118,65,53,0,0,0
2022-06-24 20:00,105,58,47,0,0,0
2022-06-24 20:15,97,51,46,0,0,0
2022-06-24 20:30,97,60,37,0,0,0
2022-06-24 20:45,71,32,39,0,0,0
2022-06-24 21:00,95,46,49,0,0,0
2022-06-24 21:15,83,27,56,0,0,0
2022-06-24 21:30,72,39,33,0,0,0
2022-06-24 21:45,42,19,23,0,0,0
2022-06-24 22:00,80,39,41,0,0,0
2022-06-24 22:15,66,30,36,0,0,0
2022-06-24 22:30,82,30,52,0,0,0
2022-06-24 22:45,70,25,45,0,0,0
2022-06-24 23:00,61,26,35,0,0,0
2022-06-24 23:15,66,28,38,0,0,0
2022-06-24 23:30,54,22,32,0,0,0
2022-06-24 23:45,65,30,35,0,0,0
2022-06-25 00:00,65,32,33,0,0,0
2022-06-25 00:15,59,27,32,0,0,0
2022-06-25 00:30,66,38,28,0,0,0
2022-06-25 00:45,49,17,32,0,0,0
2022-06-25 01:00,42,14,28,0,0,0
2022-06-25 01:15,48,12,36,0,0,0
2022-06-25 01:30,45,19,26,0,0,0
2022-06-25 01:45,38,19,19,0,0,0
2022-06-25 02:00,22,4,18,0,0,0
2022-06-25 02:15,37,13,24,0,0,0
2022-06-25 02:30,28,3,25,0,0,0
2022-06-25 02:45,25,6,19,0,0,0
2022-06-25 03:00,31,5,26,0,0,0
2022-06-25 03:15,24,4,20,0,0,0
2022-06-25 03:30,25,9,16,0,0,0
2022-06-25 03:45,29,12,17,0,0,0
2022-06-25 04:00,21,4,17,0,0,0
2022-06-25 04:15,24,4,20,0,0,0
2022-06-25 04:30,25,3,22,0,0,0
2022-06-25 04:45,13,0,13,0,0,0
2022-06-25 05:00,12,4,8,0,0,0
2022-06-25 05:15,18,4,14,0,0,0
2022-06-25 05:30,9,4,5,0,0,0
2022-06-25 05:45,7,1,6,0,0,0
2022-06-25 06:00,8,3,5,0,0,0
2022-06-25 06:15,11,6,5,0,0,0
2022-06-25 06:30,10,3,7,0,0,0
2022-06-25 06:45,14,5,9,0,0,0
2022-06-25 07:00,11,6,5,0,0,0
2022-06-25 07:15,18,11,7,0,0,0
2022-06-25 07:30,27,12,15,0,0,0
2022-06-25 07:45,34,23,11,0,0,0
2022-06-25 08:00,22,12,10,0,0,0
2022-06-25 08:15,31,13,18,0,0,0
2022-06-25 08:30,34,15,19,0,0,0
2022-06-25 08:45,65,28,37,0,0,0
2022-06-25 09:00,57,21,36,0,0,0
2022-06-25 09:15,58,30,28,0,0,0
2022-06-25 09:30,61,35,26,0,0,0
2022-06-25 09:45,90,37,53,0,0,0
2022-06-25 10:00,81,34,47,0,0,0
2022-06-25 10:15,82,45,37,0,0,0
2022-06-25 10:30,98,39,59,0,0,0
2022-06-25 10:45,79,34,45,0,0,0
2022-06-25 11:00,99,49,50,0,0,0
2022-06-25 11:15,103,56,47,0,0,0
2022-06-25 11:30,101,50,51,0,0,0
2022-06-25 11:45,115,53,62,0,0,0
2022-06-25 12:00,102,48,54,0,0,0
2022-06-25 12:15,95,42,53,0,0,0
2022-06-25 12:30,114,70,44,0,0,0
2022-06-25 12:45,89,47,42,0,0,0
2022-06-25 13:00,122,58,64,0,0,0
2022-06-25 13:15,118,67,51,0,0,0
2022-06-25 13:30,115,67,48,0,0,0
2022-06-25 13:45,130,73,57,0,0,0
2022-06-25 14:00,111,67,44,0,0,0
2022-06-25 14:15,112,66,46,0,0,0
2022-06-25 14:30,113,65,48,0,0,0
2022-06-25 14:45,132,78,54,0,0,0
2022-06-25 15:00,116,66,50,0,0,0
2022-06-25 15:15,123,66,57,0,0,0
2022-06-25 15:30,124,72,52,0,0,0
2022-06-25 15:45,112,64,48,0,0,0
2022-06-25 16:00,129,70,59,0,0,0
2022-06-25 16:15,116,59,57,0,0,0
2022-06-25 16:30,91,51,40,0,0,0
2022-06-25 16:45,142,76,66,0,0,0
2022-06-25 17:00,119,68,51,0,0,0
2022-06-25 17:15,115,59,56,0,0,0
2022-06-25 17:30,127,67,60,0,0,0
2022-06-25 17:45,143,87,56,0,0,0
2022-06-25 18:00,132,52,80,0,0,0
2022-06-25 18:15,127,76,51,0,0,0
2022-06-25 18:30,127,64,63,0,0,0
2022-06-25 18:45,134,63,71,0,0,0
2022-06-25 19:00,126,71,55,0,0,0
2022-06-25 19:15,136,78,58,0,0,0
2022-06-25 19:30,115,63,52,0,0,0
2022-06-25 19:45,110,68,42,0,0,0
2022-06-25 20:00,134,77,57,0,0,0
2022-06-25 20:15,95,47,48,0,0,0
2022-06-25 20:30,116,57,59,0,0,0
2022-06-25 20:45,112,53,59,0,0,0
2022-06-25 21:00,104,42,62,0,0,0
2022-06-25 21:15,65,33,32,0,0,0
2022-06-25 21:30,89,40,49,0,0,0
2022-06-25 21:45,72,37,35,0,0,0
2022-06-25 22:00,83,25,58,0,0,0
2022-06-25 22:15,93,28,65,0,0,0
2022-06-25 22:30,100,42,58,0,0,0
2022-06-25 22:45,125,20,105,0,0,0
2022-06-25 23:00,99,30,69,0,0,0
2022-06-25 23:15,108,21,87,0,0,0
2022-06-25 23:30,102,33,69,0,0,0
2022-06-25 23:45,92,33,59,0,0,0
2022-06-26 00:00,65,22,43,0,0,0
2022-06-26 00:15,62,24,38,0,0,0
2022-06-26 00:30,86,40,46,0,0,0
2022-06-26 00:45,57,25,32,0,0,0
2022-06-26 01:00,67,29,38,0,0,0
2022-06-26 01:15,46,13,33,0,0,0
2022-06-26 01:30,52,17,35,0,0,0
2022-06-26 01:45,57,10,47,0,0,0
2022-06-26 02:00,54,13,41,0,0,0
2022-06-26 02:15,49,14,35,0,0,0
2022-06-26 02:30,23,3,20,0,0,0
2022-06-26 02:45,16,2,14,0,0,0
2022-06-26 03:00,32,7,25,0,0,0
2022-06-26 03:15,9,4,5,0,0,0
2022-06-26 03:30,13,3,10,0,0,0
2022-06-26 03:45,13,7,6,0,0,0
2022-06-26 04:00,21,9,12,0,0,0
2022-06-26 04:15,23,2,21,0,0,0
2022-06-26 04:30,27,8,19,0,0,0
2022-06-26 04:45,15,4,11,0,0,0
2022-06-26 05:00,7,1,6,0,0,0
2022-06-26 05:15,10,2,8,0,0,0
2022-06-26 05:30,13,4,9,0,0,0
2022-06-26 05:45,5,1,4,0,0,0
2022-06-26 06:00,11,4,7,0,0,0
2022-06-26 06:15,11,4,7,0,0,0
2022-06-26 06:30,4,2,2,0,0,0
2022-06-26 06:45,13,6,7,0,0,0
2022-06-26 07:00,12,6,6,0,0,0
2022-06-26 07:15,10,4,6,0,0,0
2022-06-26 07:30,7,3,4,0,0,0
2022-06-26 07:45,17,10,7,0,0,0
2022-06-26 08:00,13,6,7,0,0,0
2022-06-26 08:15,24,15,9,0,0,0
2022-06-26 08:30,21,10,11,0,0,0
2022-06-26 08:45,42,26,16,0,0,0
2022-06-26 09:00,55,30,25,0,0,0
2022-06-26 09:15,57,34,23,0,0,0
2022-06-26 09:30,67,39,28,0,0,0
2022-06-26 09:45,95,68,27,0,0,0
2022-06-26 10:00,87,45,42,0,0,0
2022-06-26 10:15,80,53,27,0,0,0
2022-06-26 10:30,55,32,23,0,0,0
2022-06-26 10:45,110,76,34,0,0,0
2022-06-26 11:00,81,53,28,0,0,0
2022-06-26 11:15,86,54,32,0,0,0
2022-06-26 11:30,98,53,45,0,0,0
2022-06-26 11:45,88,43,45,0,0,0
2022-06-26 12:00,88,45,43,0,0,0
2022-06-26 12:15,102,49,53,0,0,0
2022-06-26 12:30,103,41,62,0,0,0
2022-06-26 12:45,131,61,70,0,0,0
2022-06-26 13:00,118,38,80,0,0,0
2022-06-26 13:15,113,38,75,0,0,0
2022-06-26 13:30,140,57,83,0,0,0
2022-06-26 13:45,122,33,89,0,0,0
2022-06-26 14:00,126,46,80,0,0,0
2022-06-26 14:15,113,45,68,0,0,0
2022-06-26 14:30,110,38,72,0,0,0
2022-06-26 14:45,130,71,59,0,0,0
2022-06-26 15:00,132,44,88,0,0,0
2022-06-26 15:15,124,52,72,0,0,0
2022-06-26 15:30,120,52,68,0,0,0
2022-06-26 15:45,96,43,53,0,0,0
2022-06-26 16:00,125,68,57,0,0,0
2022-06-26 16:15,92,49,43,0,0,0
2022-06-26 16:30,80,40,40,0,0,0
2022-06-26 16:45,114,42,72,0,0,0
2022-06-26 17:00,96,57,39,0,0,0
2022-06-26 17:15,114,56,58,0,0,0
2022-06-26 17:30,100,52,48,0,0,0
2022-06-26 17:45,97,43,54,0,0,0
2022-06-26 18:00,90,44,46,0,0,0
2022-06-26 18:15,69,27,42,0,0,0
2022-06-26 18:30,102,49,53,0,0,0
2022-06-26 18:45,81,40,41,0,0,0
2022-06-26 19:00,77,35,42,0,0,0
2022-06-26 19:15,84,34,50,0,0,0
2022-06-26 19:30,84,46,38,0,0,0
2022-06-26 19:45,93,34,59,0,0,0
2022-06-26 20:00,59,16,43,0,0,0
2022-06-26 20:15,74,28,46,0,0,0
2022-06-26 20:30,62,22,40,0,0,0
2022-06-26 20:45,44,18,26,0,0,0
2022-06-26 21:00,44,15,29,0,0,0
2022-06-26 21:15,53,21,32,0,0,0
2022-06-26 21:30,53,21,32,0,0,0
2022-06-26 21:45,49,17,32,0,0,0
2022-06-26 22:00,34,7,27,0,0,0
2022-06-26 22:15,54,20,34,0,0,0
2022-06-26 22:30,73,10,63,0,0,0
2022-06-26 22:45,75,7,68,0,0,0
2022-06-26 23:00,32,5,27,0,0,0
2022-06-26 23:15,15,7,8,0,0,0
2022-06-26 23:30,23,7,16,0,0,0
2022-06-26 23:45,9,2,7,0,0,0
2022-06-27 00:00,8,3,5,0,0,0
2022-06-27 00:15,15,2,13,0,0,0
2022-06-27 00:30,2,1,1,0,0,0
2022-06-27 00:45,9,3,6,0,0,0
2022-06-27 01:00,5,1,4,0,0,0
2022-06-27 01:15,3,1,2,0,0,0
2022-06-27 01:30,2,1,1,0,0,0
2022-06-27 01:45,0,0,0,0,0,0
2022-06-27 02:00,2,0,2,0,0,0
2022-06-27 02:15,3,1,2,0,0,0
2022-06-27 02:30,4,0,4,0,0,0
2022-06-27 02:45,0,0,0,0,0,0
2022-06-27 03:00,2,0,2,0,0,0
2022-06-27 03:15,2,0,2,0,0,0
2022-06-27 03:30,2,2,0,0,0,0
2022-06-27 03:45,3,2,1,0,0,0
2022-06-27 04:00,4,1,3,0,0,0
2022-06-27 04:15,1,0,1,0,0,0
2022-06-27 04:30,0,0,0,0,0,0
2022-06-27 04:45,2,1,1,0,0,0
2022-06-27 05:00,10,2,8,0,0,0
2022-06-27 05:15,10,4,6,0,0,0
2022-06-27 05:30,13,5,8,0,0,0
2022-06-27 05:45,21,8,13,0,0,0
2022-06-27 06:00,34,10,24,0,0,0
2022-06-27 06:15,31,13,18,0,0,0
2022-06-27 06:30,35,15,20,0,0,0
2022-06-27 06:45,63,35,28,0,0,0
2022-06-27 07:00,71,33,38,0,0,0
2022-06-27 07:15,81,44,37,0,0,0
2022-06-27 07:30,97,43,54,0,0,0
2022-06-27 07:45,126,72,54,0,0,0
2022-06-27 08:00,120,52,68,0,0,0
2022-06-27 08:15,114,58,56,0,0,0
2022-06-27 08:30,106,61,45,0,0,0
2022-06-27 08:45,140,64,76,0,0,0
2022-06-27 09:00,98,48,50,0,0,0
2022-06-27 09:15,102,43,59,0,0,0
2022-06-27 09:30,95,32,63,0,0,0
2022-06-27 09:45,112,28,84,0,0,0
2022-06-27 10:00,86,25,61,0,0,0
2022-06-27 10:15,81,30,51,0,0,0
2022-06-27 10:30,78,31,47,0,0,0
2022-06-27 10:45,80,34,46,0,0,0
2022-06-27 11:00,83,42,41,0,0,0
2022-06-27 11:15,68,30,38,0,0,0
2022-06-27 11:30,94,32,62,0,0,0
2022-06-27 11:45,110,57,53,0,0,0
2022-06-27 12:00,110,40,70,0,0,0
2022-06-27 12:15,100,32,68,0,0,0
2022-06-27 12:30,103,45,58,0,0,0
2022-06-27 12:45,118,59,59,0,0,0
2022-06-27 13:00,126,53,73,0,0,0
2022-06-27 13:15,115,60,55,0,0,0
2022-06-27 13:30,102,47,55,0,0,0
2022-06-27 13:45,113,58,55,0,0,0
2022-06-27 14:00,106,43,63,0,0,0
2022-06-27 14:15,119,50,69,0,0,0
2022-06-27 14:30,104,48,56,0,0,0
2022-06-27 14:45,92,40,52,0,0,0
2022-06-27 15:00,98,51,47,0,0,0
2022-06-27 15:15,117,66,51,0,0,0
2022-06-27 15:30,114,38,76,0,0,0
2022-06-27 15:45,124,52,72,0,0,0
2022-06-27 16:00,159,72,87,0,0,0
2022-06-27 16:15,122,68,54,0,0,0
2022-06-27 16:30,155,76,79,0,0,0
2022-06-27 16:45,173,86,87,0,0,0
2022-06-27 17:00,177,101,76,0,0,0
2022-06-27 17:15,187,75,112,0,0,0
2022-06-27 17:30,169,75,94,0,0,0
2022-06-27 17:45,190,88,102,0,0,0
2022-06-27 18:00,165,93,72,0,0,0
2022-06-27 18:15,146,74,72,0,0,0
2022-06-27 18:30,79,29,50,0,0,0
2022-06-27 18:45,116,61,55,0,0,0
2022-06-27 19:00,126,74,52,0,0,0
2022-06-27 19:15,92,48,44,0,0,0
2022-06-27 19:30,90,38,52,0,0,0
2022-06-27 19:45,80,49,31,0,0,0
2022-06-27 20:00,108,56,52,0,0,0
2022-06-27 20:15,86,37,49,0,0,0
2022-06-27 20:30,53,26,27,0,0,0
2022-06-27 20:45,67,35,32,0,0,0
2022-06-27 21:00,77,27,50,0,0,0
2022-06-27 21:15,72,28,44,0,0,0
2022-06-27 21:30,58,23,35,0,0,0
2022-06-27 21:45,57,34,23,0,0,0
2022-06-27 22:00,44,21,23,0,0,0
2022-06-27 22:15,48,18,30,0,0,0
2022-06-27 22:30,55,22,33,0,0,0
2022-06-27 22:45,62,20,42,0,0,0
2022-06-27 23:00,59,18,41,0,0,0
2022-06-27 23:15,35,15,20,0,0,0
2022-06-27 23:30,12,3,9,0,0,0
2022-06-27 23:45,23,11,12,0,0,0
2022-06-28 00:00,13,6,7,0,0,0
2022-06-28 00:15,11,6,5,0,0,0
2022-06-28 00:30,16,8,8,0,0,0
2022-06-28 00:45,10,3,7,0,0,0
2022-06-28 01:00,6,3,3,0,0,0
2022-06-28 01:15,10,0,10,0,0,0
2022-06-28 01:30,9,2,7,0,0,0
2022-06-28 01:45,7,3,4,0,0,0
2022-06-28 02:00,4,0,4,0,0,0
2022-06-28 02:15,4,0,4,0,0,0
2022-06-28 02:30,4,1,3,0,0,0
2022-06-28 02:45,11,0,11,0,0,0
2022-06-28 03:00,3,2,1,0,0,0
2022-06-28 03:15,4,3,1,0,0,0
2022-06-28 03:30,11,1,10,0,0,0
2022-06-28 03:45,3,2,1,0,0,0
2022-06-28 04:00,1,1,0,0,0,0
2022-06-28 04:15,4,0,4,0,0,0
2022-06-28 04:30,4,0,4,0,0,0
2022-06-28 04:45,0,0,0,0,0,0
2022-06-28 05:00,5,1,4,0,0,0
2022-06-28 05:15,13,6,7,0,0,0
2022-06-28 05:30,17,4,13,0,0,0
2022-06-28 05:45,20,8,12,0,0,0
2022-06-28 06:00,27,13,14,0,0,0
2022-06-28 06:15,34,13,21,0,0,0
2022-06-28 06:30,46,20,26,0,0,0
2022-06-28 06:45,72,37,35,0,0,0
2022-06-28 07:00,71,41,30,0,0,0
2022-06-28 07:15,90,54,36,0,0,0
2022-06-28 07:30,108,52,56,0,0,0
2022-06-28 07:45,143,80,63,0,0,0
2022-06-28 08:00,125,52,73,0,0,0
2022-06-28 08:15,128,67,61,0,0,0
2022-06-28 08:30,110,57,53,0,0,0
2022-06-28 08:45,141,66,75,0,0,0
2022-06-28 09:00,122,60,62,0,0,0
2022-06-28 09:15,88,45,43,0,0,0
2022-06-28 09:30,98,37,61,0,0,0
2022-06-28 09:45,121,40,81,0,0,0
2022-06-28 10:00,111,29,82,0,0,0
2022-06-28 10:15,90,38,52,0,0,0
2022-06-28 10:30,82,45,37,0,0,0
2022-06-28 10:45,90,38,52,0,0,0
2022-06-28 11:00,85,39,46,0,0,0
2022-06-28 11:15,82,38,44,0,0,0
2022-06-28 11:30,119,51,68,0,0,0
2022-06-28 11:45,119,56,63,0,0,0
2022-06-28 12:00,138,58,80,0,0,0
2022-06-28 12:15,108,58,50,0,0,0
2022-06-28 12:30,114,57,57,0,0,0
2022-06-28 12:45,123,49,74,0,0,0
2022-06-28 13:00,136,76,60,0,0,0
2022-06-28 13:15,112,65,47,0,0,0
2022-06-28 13:30,151,67,84,0,0,0
2022-06-28 13:45,185,95,90,0,0,0
2022-06-28 14:00,130,61,69,0,0,0
2022-06-28 14:15,134,72,62,0,0,0
2022-06-28 14:30,131,68,63,0,0,0
2022-06-28 14:45,129,56,73,0,0,0
2022-06-28 15:00,124,59,65,0,0,0
2022-06-28 15:15,127,51,76,0,0,0
2022-06-28 15:30,124,57,67,0,0,0
2022-06-28 15:45,161,85,76,0,0,0
2022-06-28 16:00,171,97,74,0,0,0
2022-06-28 16:15,182,95,87,0,0,0
2022-06-28 16:30,171,92,79,0,0,0
2022-06-28 16:45,174,92,82,0,0,0
2022-06-28 17:00,152,77,75,0,0,0
2022-06-28 17:15,166,81,85,0,0,0
2022-06-28 17:30,195,97,98,0,0,0
2022-06-28 17:45,203,119,84,0,0,0
2022-06-28 18:00,203,116,87,0,0,0
2022-06-28 18:15,205,108,97,0,0,0
2022-06-28 18:30,154,74,80,0,0,0
2022-06-28 18:45,138,77,61,0,0,0
2022-06-28 19:00,123,61,62,0,0,0
2022-06-28 19:15,131,83,48,0,0,0
2022-06-28 19:30,98,54,44,0,0,0
2022-06-28 19:45,136,84,52,0,0,0
2022-06-28 20:00,118,71,47,0,0,0
2022-06-28 20:15,101,43,58,0,0,0
2022-06-28 20:30,92,45,47,0,0,0
2022-06-28 20:45,99,43,56,0,0,0
2022-06-28 21:00,95,43,52,0,0,0
2022-06-28 21:15,77,40,37,0,0,0
2022-06-28 21:30,85,36,49,0,0,0
2022-06-28 21:45,71,35,36,0,0,0
2022-06-28 22:00,88,38,50,0,0,0
2022-06-28 22:15,61,19,42,0,0,0
2022-06-28 22:30,68,22,46,0,0,0
2022-06-28 22:45,77,18,59,0,0,0
2022-06-28 23:00,40,13,27,0,0,0
2022-06-28 23:15,56,30,26,0,0,0
2022-06-28 23:30,31,15,16,0,0,0
2022-06-28 23:45,42,25,17,0,0,0
2022-06-29 00:00,26,18,8,0,0,0
2022-06-29 00:15,26,11,15,0,0,0
2022-06-29 00:30,29,19,10,0,0,0
2022-06-29 00:45,33,22,11,0,0,0
2022-06-29 01:00,15,6,9,0,0,0
2022-06-29 01:15,8,2,6,0,0,0
2022-06-29 01:30,8,0,8,0,0,0
2022-06-29 01:45,15,1,14,0,0,0
2022-06-29 02:00,14,2,12,0,0,0
2022-06-29 02:15,12,1,11,0,0,0
2022-06-29 02:30,10,1,9,0,0,0
2022-06-29 02:45,13,0,13,0,0,0
2022-06-29 03:00,13,2,11,0,0,0
2022-06-29 03:15,9,3,6,0,0,0
2022-06-29 03:30,5,0,5,0,0,0
2022-06-29 03:45,0,0,0,0,0,0
2022-06-29 04:00,10,1,9,0,0,0
2022-06-29 04:15,3,0,3,0,0,0
2022-06-29 04:30,2,1,1,0,0,0
2022-06-29 04:45,2,0,2,0,0,0
2022-06-29 05:00,3,1,2,0,0,0
2022-06-29 05:15,6,5,1,0,0,0
2022-06-29 05:30,22,9,13,0,0,0
2022-06-29 05:45,15,7,8,0,0,0
2022-06-29 06:00,27,13,14,0,0,0
2022-06-29 06:15,45,21,24,0,0,0
2022-06-29 06:30,45,15,30,0,0,0
2022-06-29 06:45,74,41,33,0,0,0
2022-06-29 07:00,81,46,35,0,0,0
2022-06-29 07:15,97,49,48,0,0,0
2022-06-29 07:30,102,53,49,0,0,0
2022-06-29 07:45,160,77,83,0,0,0
2022-06-29 08:00,151,71,80,0,0,0
2022-06-29 08:15,144,79,65,0,0,0
2022-06-29 08:30,133,62,71,0,0,0
2022-06-29 08:45,132,59,73,0,0,0
2022-06-29 09:00,97,47,50,0,0,0
2022-06-29 09:15,102,43,59,0,0,0
2022-06-29 09:30,99,40,59,0,0,0
2022-06-29 09:45,109,47,62,0,0,0
2022-06-29 10:00,109,40,69,0,0,0
2022-06-29 10:15,96,36,60,0,0,0
2022-06-29 10:30,80,41,39,0,0,0
2022-06-29 10:45,86,43,43,0,0,0
2022-06-29 11:00,94,43,51,0,0,0
2022-06-29 11:15,90,35,55,0,0,0
2022-06-29 11:30,91,39,52,0,0,0
2022-06-29 11:45,161,66,95,0,0,0
2022-06-29 12:00,122,56,66,0,0,0
2022-06-29 12:15,113,49,64,0,0,0
2022-06-29 12:30,123,57,66,0,0,0
2022-06-29 12:45,141,70,71,0,0,0
2022-06-29 13:00,120,56,64,0,0,0
2022-06-29 13:15,115,67,48,0,0,0
2022-06-29 13:30,132,76,56,0,0,0
2022-06-29 13:45,153,78,75,0,0,0
2022-06-29 14:00,134,72,62,0,0,0
2022-06-29 14:15,131,74,57,0,0,0
2022-06-29 14:30,146,87,59,0,0,0
2022-06-29 14:45,107,56,51,0,0,0
2022-06-29 15:00,147,71,76,0,0,0
2022-06-29 15:15,116,71,45,0,0,0
2022-06-29 15:30,140,72,68,0,0,0
2022-06-29 15:45,159,83,76,0,0,0
2022-06-29 16:00,150,77,73,0,0,0
2022-06-29 16:15,163,80,83,0,0,0
2022-06-29 16:30,160,79,81,0,0,0
2022-06-29 16:45,160,73,87,0,0,0
2022-06-29 17:00,164,86,78,0,0,0
2022-06-29 17:15,180,89,91,0,0,0
2022-06-29 17:30,189,108,81,0,0,0
2022-06-29 17:45,172,103,69,0,0,0
2022-06-29 18:00,186,93,93,0,0,0
2022-06-29 18:15,158,83,75,0,0,0
2022-06-29 18:30,133,72,61,0,0,0
2022-06-29 18:45,174,100,74,0,0,0
2022-06-29 19:00,132,79,53,0,0,0
2022-06-29 19:15,139,75,64,0,0,0
2022-06-29 19:30,138,87,51,0,0,0
2022-06-29 19:45,133,90,43,0,0,0
2022-06-29 20:00,132,81,51,0,0,0
2022-06-29 20:15,99,46,53,0,0,0
2022-06-29 20:30,100,42,58,0,0,0
2022-06-29 20:45,60,35,25,0,0,0
2022-06-29 21:00,72,30,42,0,0,0
2022-06-29 21:15,75,30,45,0,0,0
2022-06-29 21:30,85,31,54,0,0,0
2022-06-29 21:45,69,25,44,0,0,0
2022-06-29 22:00,77,40,37,0,0,0
2022-06-29 22:15,79,28,51,0,0,0
2022-06-29 22:30,85,18,67,0,0,0
2022-06-29 22:45,83,32,51,0,0,0
2022-06-29 23:00,78,24,54,0,0,0
2022-06-29 23:15,48,18,30,0,0,0
2022-06-29 23:30,64,16,48,0,0,0
2022-06-29 23:45,38,12,26,0,0,0
