Datetime,100031300 (HafenstraÃŸe),101031300 (Channel 1 IN),102031300 (Channel 2 OUT),100031300-status,101031300-status,102031300-status
2022-05-01 00:00,105,37,68,0,0,0
2022-05-01 00:15,55,20,35,0,0,0
2022-05-01 00:30,92,44,48,0,0,0
2022-05-01 00:45,92,44,48,0,0,0
2022-05-01 01:00,76,31,45,0,0,0
2022-05-01 01:15,62,15,47,0,0,0
2022-05-01 01:30,48,11,37,0,0,0
2022-05-01 01:45,66,18,48,0,0,0
2022-05-01 02:00,56,8,48,0,0,0
2022-05-01 02:15,31,3,28,0,0,0
2022-05-01 02:30,43,7,36,0,0,0
2022-05-01 02:45,29,2,27,0,0,0
2022-05-01 03:00,30,8,22,0,0,0
2022-05-01 03:15,25,4,21,0,0,0
2022-05-01 03:30,31,9,22,0,0,0
2022-05-01 03:45,24,2,22,0,0,0
2022-05-01 04:00,48,6,42,0,0,0
2022-05-01 04:15,42,11,31,0,0,0
2022-05-01 04:30,19,5,14,0,0,0
2022-05-01 04:45,24,7,17,0,0,0
2022-05-01 05:00,14,3,11,0,0,0
2022-05-01 05:15,14,0,14,0,0,0
2022-05-01 05:30,22,2,20,0,0,0
2022-05-01 05:45,9,0,9,0,0,0
2022-05-01 06:00,21,5,16,0,0,0
2022-05-01 06:15,24,3,21,0,0,0
2022-05-01 06:30,17,4,13,0,0,0
2022-05-01 06:45,12,2,10,0,0,0
2022-05-01 07:00,10,3,7,0,0,0
2022-05-01 07:15,11,2,9,0,0,0
2022-05-01 07:30,7,2,5,0,0,0
2022-05-01 07:45,8,7,1,0,0,0
2022-05-01 08:00,7,3,4,0,0,0
2022-05-01 08:15,16,5,11,0,0,0
2022-05-01 08:30,18,8,10,0,0,0
2022-05-01 08:45,20,10,10,0,0,0
2022-05-01 09:00,20,7,13,0,0,0
2022-05-01 09:15,25,16,9,0,0,0
2022-05-01 09:30,33,18,15,0,0,0
2022-05-01 09:45,37,16,21,0,0,0
2022-05-01 10:00,72,32,40,0,0,0
2022-05-01 10:15,35,18,17,0,0,0
2022-05-01 10:30,57,28,29,0,0,0
2022-05-01 10:45,56,35,21,0,0,0
2022-05-01 11:00,57,26,31,0,0,0
2022-05-01 11:15,66,31,35,0,0,0
2022-05-01 11:30,76,37,39,0,0,0
2022-05-01 11:45,72,36,36,0,0,0
2022-05-01 12:00,88,37,51,0,0,0
2022-05-01 12:15,67,18,49,0,0,0
2022-05-01 12:30,58,28,30,0,0,0
2022-05-01 12:45,84,49,35,0,0,0
2022-05-01 13:00,61,27,34,0,0,0
2022-05-01 13:15,100,56,44,0,0,0
2022-05-01 13:30,97,41,56,0,0,0
2022-05-01 13:45,91,46,45,0,0,0
2022-05-01 14:00,106,48,58,0,0,0
2022-05-01 14:15,88,47,41,0,0,0
2022-05-01 14:30,107,41,66,0,0,0
2022-05-01 14:45,99,44,55,0,0,0
2022-05-01 15:00,111,48,63,0,0,0
2022-05-01 15:15,109,58,51,0,0,0
2022-05-01 15:30,113,58,55,0,0,0
2022-05-01 15:45,95,51,44,0,0,0
2022-05-01 16:00,156,93,63,0,0,0
2022-05-01 16:15,135,86,49,0,0,0
2022-05-01 16:30,116,63,53,0,0,0
2022-05-01 16:45,152,101,51,0,0,0
2022-05-01 17:00,106,49,57,0,0,0
2022-05-01 17:15,112,51,61,0,0,0
2022-05-01 17:30,133,65,68,0,0,0
2022-05-01 17:45,101,55,46,0,0,0
2022-05-01 18:00,96,44,52,0,0,0
2022-05-01 18:15,120,73,47,0,0,0
2022-05-01 18:30,102,48,54,0,0,0
2022-05-01 18:45,96,41,55,0,0,0
2022-05-01 19:00,98,39,59,0,0,0
2022-05-01 19:15,96,33,63,0,0,0
2022-05-01 19:30,92,31,61,0,0,0
2022-05-01 19:45,71,23,48,0,0,0
2022-05-01 20:00,82,31,51,0,0,0
2022-05-01 20:15,99,32,67,0,0,0
2022-05-01 20:30,105,38,67,0,0,0
2022-05-01 20:45,95,21,74,0,0,0
2022-05-01 21:00,66,20,46,0,0,0
2022-05-01 21:15,63,26,37,0,0,0
2022-05-01 21:30,76,34,42,0,0,0
2022-05-01 21:45,57,20,37,0,0,0
2022-05-01 22:00,84,22,62,0,0,0
2022-05-01 22:15,57,14,43,0,0,0
2022-05-01 22:30,69,13,56,0,0,0
2022-05-01 22:45,52,13,39,0,0,0
2022-05-01 23:00,51,7,44,0,0,0
2022-05-01 23:15,34,11,23,0,0,0
2022-05-01 23:30,40,15,25,0,0,0
2022-05-01 23:45,31,10,21,0,0,0
2022-05-02 00:00,22,11,11,0,0,0
2022-05-02 00:15,11,3,8,0,0,0
2022-05-02 00:30,11,1,10,0,0,0
2022-05-02 00:45,7,2,5,0,0,0
2022-05-02 01:00,4,0,4,0,0,0
2022-05-02 01:15,9,0,9,0,0,0
2022-05-02 01:30,9,1,8,0,0,0
2022-05-02 01:45,2,1,1,0,0,0
2022-05-02 02:00,3,0,3,0,0,0
2022-05-02 02:15,5,1,4,0,0,0
2022-05-02 02:30,3,2,1,0,0,0
2022-05-02 02:45,2,0,2,0,0,0
2022-05-02 03:00,5,2,3,0,0,0
2022-05-02 03:15,2,0,2,0,0,0
2022-05-02 03:30,2,0,2,0,0,0
2022-05-02 03:45,2,0,2,0,0,0
2022-05-02 04:00,6,3,3,0,0,0
2022-05-02 04:15,4,2,2,0,0,0
2022-05-02 04:30,4,0,4,0,0,0
2022-05-02 04:45,2,0,2,0,0,0
2022-05-02 05:00,3,2,1,0,0,0
2022-05-02 05:15,9,3,6,0,0,0
2022-05-02 05:30,13,5,8,0,0,0
2022-05-02 05:45,26,13,13,0,0,0
2022-05-02 06:00,25,7,18,0,0,0
2022-05-02 06:15,39,13,26,0,0,0
2022-05-02 06:30,50,24,26,0,0,0
2022-05-02 06:45,74,45,29,0,0,0
2022-05-02 07:00,89,48,41,0,0,0
2022-05-02 07:15,119,51,68,0,0,0
2022-05-02 07:30,167,80,87,0,0,0
2022-05-02 07:45,171,87,84,0,0,0
2022-05-02 08:00,129,63,66,0,0,0
2022-05-02 08:15,160,77,83,0,0,0
2022-05-02 08:30,154,77,77,0,0,0
2022-05-02 08:45,143,74,69,0,0,0
2022-05-02 09:00,104,48,56,0,0,0
2022-05-02 09:15,93,40,53,0,0,0
2022-05-02 09:30,98,36,62,0,0,0
2022-05-02 09:45,131,43,88,0,0,0
2022-05-02 10:00,87,31,56,0,0,0
2022-05-02 10:15,81,40,41,0,0,0
2022-05-02 10:30,85,44,41,0,0,0
2022-05-02 10:45,113,53,60,0,0,0
2022-05-02 11:00,87,40,47,0,0,0
2022-05-02 11:15,85,37,48,0,0,0
2022-05-02 11:30,91,32,59,0,0,0
2022-05-02 11:45,128,42,86,0,0,0
2022-05-02 12:00,117,50,67,0,0,0
2022-05-02 12:15,105,42,63,0,0,0
2022-05-02 12:30,95,52,43,0,0,0
2022-05-02 12:45,112,47,65,0,0,0
2022-05-02 13:00,104,51,53,0,0,0
2022-05-02 13:15,133,71,62,0,0,0
2022-05-02 13:30,105,43,62,0,0,0
2022-05-02 13:45,144,80,64,0,0,0
2022-05-02 14:00,154,72,82,0,0,0
2022-05-02 14:15,135,68,67,0,0,0
2022-05-02 14:30,116,61,55,0,0,0
2022-05-02 14:45,118,64,54,0,0,0
2022-05-02 15:00,109,63,46,0,0,0
2022-05-02 15:15,128,68,60,0,0,0
2022-05-02 15:30,134,68,66,0,0,0
2022-05-02 15:45,183,97,86,0,0,0
2022-05-02 16:00,178,102,76,0,0,0
2022-05-02 16:15,143,81,62,0,0,0
2022-05-02 16:30,165,73,92,0,0,0
2022-05-02 16:45,175,88,87,0,0,0
2022-05-02 17:00,169,76,93,0,0,0
2022-05-02 17:15,199,93,106,0,0,0
2022-05-02 17:30,189,87,102,0,0,0
2022-05-02 17:45,215,117,98,0,0,0
2022-05-02 18:00,156,84,72,0,0,0
2022-05-02 18:15,167,78,89,0,0,0
2022-05-02 18:30,137,73,64,0,0,0
2022-05-02 18:45,133,62,71,0,0,0
2022-05-02 19:00,116,62,54,0,0,0
2022-05-02 19:15,108,76,32,0,0,0
2022-05-02 19:30,123,55,68,0,0,0
2022-05-02 19:45,125,70,55,0,0,0
2022-05-02 20:00,123,55,68,0,0,0
2022-05-02 20:15,75,41,34,0,0,0
2022-05-02 20:30,86,39,47,0,0,0
2022-05-02 20:45,72,21,51,0,0,0
2022-05-02 21:00,56,32,24,0,0,0
2022-05-02 21:15,68,34,34,0,0,0
2022-05-02 21:30,59,30,29,0,0,0
2022-05-02 21:45,51,26,25,0,0,0
2022-05-02 22:00,53,22,31,0,0,0
2022-05-02 22:15,68,20,48,0,0,0
2022-05-02 22:30,58,21,37,0,0,0
2022-05-02 22:45,36,14,22,0,0,0
2022-05-02 23:00,28,10,18,0,0,0
2022-05-02 23:15,24,14,10,0,0,0
2022-05-02 23:30,13,6,7,0,0,0
2022-05-02 23:45,17,6,11,0,0,0
2022-05-03 00:00,10,1,9,0,0,0
2022-05-03 00:15,8,3,5,0,0,0
2022-05-03 00:30,3,1,2,0,0,0
2022-05-03 00:45,5,2,3,0,0,0
2022-05-03 01:00,5,4,1,0,0,0
2022-05-03 01:15,4,2,2,0,0,0
2022-05-03 01:30,0,0,0,0,0,0
2022-05-03 01:45,3,1,2,0,0,0
2022-05-03 02:00,2,1,1,0,0,0
2022-05-03 02:15,3,2,1,0,0,0
2022-05-03 02:30,1,0,1,0,0,0
2022-05-03 02:45,1,1,0,0,0,0
2022-05-03 03:00,0,0,0,0,0,0
2022-05-03 03:15,1,1,0,0,0,0
2022-05-03 03:30,1,1,0,0,0,0
2022-05-03 03:45,0,0,0,0,0,0
2022-05-03 04:00,1,0,1,0,0,0
2022-05-03 04:15,1,0,1,0,0,0
2022-05-03 04:30,2,1,1,0,0,0
2022-05-03 04:45,5,0,5,0,0,0
2022-05-03 05:00,11,3,8,0,0,0
2022-05-03 05:15,15,8,7,0,0,0
2022-05-03 05:30,14,7,7,0,0,0
2022-05-03 05:45,34,22,12,0,0,0
2022-05-03 06:00,30,9,21,0,0,0
2022-05-03 06:15,49,21,28,0,0,0
2022-05-03 06:30,43,13,30,0,0,0
2022-05-03 06:45,77,45,32,0,0,0
2022-05-03 07:00,92,55,37,0,0,0
2022-05-03 07:15,120,63,57,0,0,0
2022-05-03 07:30,182,74,108,0,0,0
2022-05-03 07:45,183,98,85,0,0,0
2022-05-03 08:00,184,85,99,0,0,0
2022-05-03 08:15,168,81,87,0,0,0
2022-05-03 08:30,134,72,62,0,0,0
2022-05-03 08:45,155,74,81,0,0,0
2022-05-03 09:00,109,41,68,0,0,0
2022-05-03 09:15,107,43,64,0,0,0
2022-05-03 09:30,112,38,74,0,0,0
2022-05-03 09:45,141,39,102,0,0,0
2022-05-03 10:00,122,40,82,0,0,0
2022-05-03 10:15,75,31,44,0,0,0
2022-05-03 10:30,83,37,46,0,0,0
2022-05-03 10:45,112,40,72,0,0,0
2022-05-03 11:00,84,37,47,0,0,0
2022-05-03 11:15,89,48,41,0,0,0
2022-05-03 11:30,104,44,60,0,0,0
2022-05-03 11:45,149,55,94,0,0,0
2022-05-03 12:00,136,65,71,0,0,0
2022-05-03 12:15,128,59,69,0,0,0
2022-05-03 12:30,124,62,62,0,0,0
2022-05-03 12:45,115,52,63,0,0,0
2022-05-03 13:00,123,61,62,0,0,0
2022-05-03 13:15,111,49,62,0,0,0
2022-05-03 13:30,132,61,71,0,0,0
2022-05-03 13:45,154,57,97,0,0,0
2022-05-03 14:00,145,80,65,0,0,0
2022-05-03 14:15,120,66,54,0,0,0
2022-05-03 14:30,124,74,50,0,0,0
2022-05-03 14:45,111,64,47,0,0,0
2022-05-03 15:00,134,66,68,0,0,0
2022-05-03 15:15,118,62,56,0,0,0
2022-05-03 15:30,146,75,71,0,0,0
2022-05-03 15:45,173,95,78,0,0,0
2022-05-03 16:00,180,97,83,0,0,0
2022-05-03 16:15,177,97,80,0,0,0
2022-05-03 16:30,175,88,87,0,0,0
2022-05-03 16:45,165,93,72,0,0,0
2022-05-03 17:00,179,94,85,0,0,0
2022-05-03 17:15,184,96,88,0,0,0
2022-05-03 17:30,188,103,85,0,0,0
2022-05-03 17:45,223,125,98,0,0,0
2022-05-03 18:00,187,116,71,0,0,0
2022-05-03 18:15,161,93,68,0,0,0
2022-05-03 18:30,153,83,70,0,0,0
2022-05-03 18:45,144,91,53,0,0,0
2022-05-03 19:00,141,78,63,0,0,0
2022-05-03 19:15,117,62,55,0,0,0
2022-05-03 19:30,135,71,64,0,0,0
2022-05-03 19:45,136,79,57,0,0,0
2022-05-03 20:00,103,49,54,0,0,0
2022-05-03 20:15,90,45,45,0,0,0
2022-05-03 20:30,75,30,45,0,0,0
2022-05-03 20:45,83,49,34,0,0,0
2022-05-03 21:00,83,26,57,0,0,0
2022-05-03 21:15,77,38,39,0,0,0
2022-05-03 21:30,64,23,41,0,0,0
2022-05-03 21:45,66,27,39,0,0,0
2022-05-03 22:00,73,33,40,0,0,0
2022-05-03 22:15,63,27,36,0,0,0
2022-05-03 22:30,79,18,61,0,0,0
2022-05-03 22:45,42,18,24,0,0,0
2022-05-03 23:00,50,17,33,0,0,0
2022-05-03 23:15,37,14,23,0,0,0
2022-05-03 23:30,23,12,11,0,0,0
2022-05-03 23:45,23,12,11,0,0,0
2022-05-04 00:00,24,14,10,0,0,0
2022-05-04 00:15,20,5,15,0,0,0
2022-05-04 00:30,9,1,8,0,0,0
2022-05-04 00:45,10,3,7,0,0,0
2022-05-04 01:00,9,1,8,0,0,0
2022-05-04 01:15,4,3,1,0,0,0
2022-05-04 01:30,6,4,2,0,0,0
2022-05-04 01:45,3,1,2,0,0,0
2022-05-04 02:00,1,0,1,0,0,0
2022-05-04 02:15,3,0,3,0,0,0
2022-05-04 02:30,18,0,18,0,0,0
2022-05-04 02:45,6,0,6,0,0,0
2022-05-04 03:00,3,1,2,0,0,0
2022-05-04 03:15,1,1,0,0,0,0
2022-05-04 03:30,0,0,0,0,0,0
2022-05-04 03:45,3,3,0,0,0,0
2022-05-04 04:00,4,1,3,0,0,0
2022-05-04 04:15,0,0,0,0,0,0
2022-05-04 04:30,2,0,2,0,0,0
2022-05-04 04:45,2,0,2,0,0,0
2022-05-04 05:00,5,1,4,0,0,0
2022-05-04 05:15,12,7,5,0,0,0
2022-05-04 05:30,15,4,11,0,0,0
2022-05-04 05:45,24,14,10,0,0,0
2022-05-04 06:00,35,13,22,0,0,0
2022-05-04 06:15,38,16,22,0,0,0
2022-05-04 06:30,56,21,35,0,0,0
2022-05-04 06:45,89,51,38,0,0,0
2022-05-04 07:00,103,50,53,0,0,0
2022-05-04 07:15,121,57,64,0,0,0
2022-05-04 07:30,174,64,110,0,0,0
2022-05-04 07:45,161,76,85,0,0,0
2022-05-04 08:00,172,70,102,0,0,0
2022-05-04 08:15,149,84,65,0,0,0
2022-05-04 08:30,152,71,81,0,0,0
2022-05-04 08:45,168,88,80,0,0,0
2022-05-04 09:00,131,51,80,0,0,0
2022-05-04 09:15,106,38,68,0,0,0
2022-05-04 09:30,124,47,77,0,0,0
2022-05-04 09:45,151,46,105,0,0,0
2022-05-04 10:00,123,52,71,0,0,0
2022-05-04 10:15,99,35,64,0,0,0
2022-05-04 10:30,83,41,42,0,0,0
2022-05-04 10:45,93,50,43,0,0,0
2022-05-04 11:00,82,34,48,0,0,0
2022-05-04 11:15,93,47,46,0,0,0
2022-05-04 11:30,104,42,62,0,0,0
2022-05-04 11:45,173,75,98,0,0,0
2022-05-04 12:00,142,73,69,0,0,0
2022-05-04 12:15,126,64,62,0,0,0
2022-05-04 12:30,129,77,52,0,0,0
2022-05-04 12:45,132,60,72,0,0,0
2022-05-04 13:00,121,54,67,0,0,0
2022-05-04 13:15,121,61,60,0,0,0
2022-05-04 13:30,121,67,54,0,0,0
2022-05-04 13:45,151,73,78,0,0,0
2022-05-04 14:00,151,91,60,0,0,0
2022-05-04 14:15,127,56,71,0,0,0
2022-05-04 14:30,129,74,55,0,0,0
2022-05-04 14:45,127,84,43,0,0,0
2022-05-04 15:00,133,73,60,0,0,0
2022-05-04 15:15,145,80,65,0,0,0
2022-05-04 15:30,137,80,57,0,0,0
2022-05-04 15:45,180,86,94,0,0,0
2022-05-04 16:00,148,77,71,0,0,0
2022-05-04 16:15,171,94,77,0,0,0
2022-05-04 16:30,143,72,71,0,0,0
2022-05-04 16:45,171,87,84,0,0,0
2022-05-04 17:00,208,93,115,0,0,0
2022-05-04 17:15,184,74,110,0,0,0
2022-05-04 17:30,202,96,106,0,0,0
2022-05-04 17:45,236,130,106,0,0,0
2022-05-04 18:00,171,105,66,0,0,0
2022-05-04 18:15,162,92,70,0,0,0
2022-05-04 18:30,162,91,71,0,0,0
2022-05-04 18:45,174,97,77,0,0,0
2022-05-04 19:00,143,74,69,0,0,0
2022-05-04 19:15,157,91,66,0,0,0
2022-05-04 19:30,122,73,49,0,0,0
2022-05-04 19:45,163,80,83,0,0,0
2022-05-04 20:00,129,80,49,0,0,0
2022-05-04 20:15,112,57,55,0,0,0
2022-05-04 20:30,137,71,66,0,0,0
2022-05-04 20:45,115,60,55,0,0,0
2022-05-04 21:00,120,64,56,0,0,0
2022-05-04 21:15,76,34,42,0,0,0
2022-05-04 21:30,73,25,48,0,0,0
2022-05-04 21:45,75,26,49,0,0,0
2022-05-04 22:00,70,41,29,0,0,0
2022-05-04 22:15,74,34,40,0,0,0
2022-05-04 22:30,103,38,65,0,0,0
2022-05-04 22:45,81,24,57,0,0,0
2022-05-04 23:00,98,67,31,0,0,0
2022-05-04 23:15,171,117,54,0,0,0
2022-05-04 23:30,201,169,32,0,0,0
2022-05-04 23:45,231,207,24,0,0,0
2022-05-05 00:00,285,255,30,0,0,0
2022-05-05 00:15,202,195,7,0,0,0
2022-05-05 00:30,167,159,8,0,0,0
2022-05-05 00:45,105,84,21,0,0,0
2022-05-05 01:00,54,26,28,0,0,0
2022-05-05 01:15,49,20,29,0,0,0
2022-05-05 01:30,33,10,23,0,0,0
2022-05-05 01:45,34,7,27,0,0,0
2022-05-05 02:00,37,1,36,0,0,0
2022-05-05 02:15,56,2,54,0,0,0
2022-05-05 02:30,67,0,67,0,0,0
2022-05-05 02:45,81,5,76,0,0,0
2022-05-05 03:00,95,2,93,0,0,0
2022-05-05 03:15,95,2,93,0,0,0
2022-05-05 03:30,105,2,103,0,0,0
2022-05-05 03:45,150,1,149,0,0,0
2022-05-05 04:00,162,0,162,0,0,0
2022-05-05 04:15,171,0,171,0,0,0
2022-05-05 04:30,99,0,99,0,0,0
2022-05-05 04:45,89,0,89,0,0,0
2022-05-05 05:00,69,1,68,0,0,0
2022-05-05 05:15,126,9,117,0,0,0
2022-05-05 05:30,42,6,36,0,0,0
2022-05-05 05:45,42,14,28,0,0,0
2022-05-05 06:00,46,13,33,0,0,0
2022-05-05 06:15,64,16,48,0,0,0
2022-05-05 06:30,56,24,32,0,0,0
2022-05-05 06:45,83,48,35,0,0,0
2022-05-05 07:00,95,49,46,0,0,0
2022-05-05 07:15,98,45,53,0,0,0
2022-05-05 07:30,149,71,78,0,0,0
2022-05-05 07:45,170,79,91,0,0,0
2022-05-05 08:00,149,75,74,0,0,0
2022-05-05 08:15,146,75,71,0,0,0
2022-05-05 08:30,133,60,73,0,0,0
2022-05-05 08:45,164,82,82,0,0,0
2022-05-05 09:00,100,39,61,0,0,0
2022-05-05 09:15,82,29,53,0,0,0
2022-05-05 09:30,103,40,63,0,0,0
2022-05-05 09:45,123,36,87,0,0,0
2022-05-05 10:00,127,53,74,0,0,0
2022-05-05 10:15,61,37,24,0,0,0
2022-05-05 10:30,97,36,61,0,0,0
2022-05-05 10:45,83,43,40,0,0,0
2022-05-05 11:00,81,31,50,0,0,0
2022-05-05 11:15,109,42,67,0,0,0
2022-05-05 11:30,106,45,61,0,0,0
2022-05-05 11:45,129,57,72,0,0,0
2022-05-05 12:00,121,52,69,0,0,0
2022-05-05 12:15,124,51,73,0,0,0
2022-05-05 12:30,144,78,66,0,0,0
2022-05-05 12:45,132,71,61,0,0,0
2022-05-05 13:00,136,65,71,0,0,0
2022-05-05 13:15,119,64,55,0,0,0
2022-05-05 13:30,122,56,66,0,0,0
2022-05-05 13:45,158,90,68,0,0,0
2022-05-05 14:00,181,106,75,0,0,0
2022-05-05 14:15,117,68,49,0,0,0
2022-05-05 14:30,119,57,62,0,0,0
2022-05-05 14:45,125,60,65,0,0,0
2022-05-05 15:00,123,63,60,0,0,0
2022-05-05 15:15,104,50,54,0,0,0
2022-05-05 15:30,159,90,69,0,0,0
2022-05-05 15:45,176,94,82,0,0,0
2022-05-05 16:00,182,100,82,0,0,0
2022-05-05 16:15,153,76,77,0,0,0
2022-05-05 16:30,161,85,76,0,0,0
2022-05-05 16:45,185,95,90,0,0,0
2022-05-05 17:00,168,71,97,0,0,0
2022-05-05 17:15,167,73,94,0,0,0
2022-05-05 17:30,201,90,111,0,0,0
2022-05-05 17:45,226,123,103,0,0,0
2022-05-05 18:00,209,120,89,0,0,0
2022-05-05 18:15,192,114,78,0,0,0
2022-05-05 18:30,149,89,60,0,0,0
2022-05-05 18:45,152,81,71,0,0,0
2022-05-05 19:00,134,77,57,0,0,0
2022-05-05 19:15,147,78,69,0,0,0
2022-05-05 19:30,113,55,58,0,0,0
2022-05-05 19:45,164,98,66,0,0,0
2022-05-05 20:00,119,65,54,0,0,0
2022-05-05 20:15,118,67,51,0,0,0
2022-05-05 20:30,93,44,49,0,0,0
2022-05-05 20:45,57,22,35,0,0,0
2022-05-05 21:00,67,33,34,0,0,0
2022-05-05 21:15,65,34,31,0,0,0
2022-05-05 21:30,64,30,34,0,0,0
2022-05-05 21:45,65,38,27,0,0,0
2022-05-05 22:00,72,27,45,0,0,0
2022-05-05 22:15,70,17,53,0,0,0
2022-05-05 22:30,55,18,37,0,0,0
2022-05-05 22:45,50,19,31,0,0,0
2022-05-05 23:00,77,30,47,0,0,0
2022-05-05 23:15,71,27,44,0,0,0
2022-05-05 23:30,71,20,51,0,0,0
2022-05-05 23:45,56,31,25,0,0,0
2022-05-06 00:00,37,19,18,0,0,0
2022-05-06 00:15,17,6,11,0,0,0
2022-05-06 00:30,25,6,19,0,0,0
2022-05-06 00:45,16,12,4,0,0,0
2022-05-06 01:00,18,6,12,0,0,0
2022-05-06 01:15,8,2,6,0,0,0
2022-05-06 01:30,1,0,1,0,0,0
2022-05-06 01:45,18,5,13,0,0,0
2022-05-06 02:00,12,3,9,0,0,0
2022-05-06 02:15,16,2,14,0,0,0
2022-05-06 02:30,11,2,9,0,0,0
2022-05-06 02:45,5,1,4,0,0,0
2022-05-06 03:00,7,0,7,0,0,0
2022-05-06 03:15,7,1,6,0,0,0
2022-05-06 03:30,14,1,13,0,0,0
2022-05-06 03:45,15,0,15,0,0,0
2022-05-06 04:00,8,1,7,0,0,0
2022-05-06 04:15,4,1,3,0,0,0
2022-05-06 04:30,1,0,1,0,0,0
2022-05-06 04:45,5,1,4,0,0,0
2022-05-06 05:00,6,2,4,0,0,0
2022-05-06 05:15,14,8,6,0,0,0
2022-05-06 05:30,16,7,9,0,0,0
2022-05-06 05:45,14,11,3,0,0,0
2022-05-06 06:00,26,9,17,0,0,0
2022-05-06 06:15,35,14,21,0,0,0
2022-05-06 06:30,48,17,31,0,0,0
2022-05-06 06:45,68,35,33,0,0,0
2022-05-06 07:00,86,46,40,0,0,0
2022-05-06 07:15,100,35,65,0,0,0
2022-05-06 07:30,145,62,83,0,0,0
2022-05-06 07:45,171,88,83,0,0,0
2022-05-06 08:00,132,60,72,0,0,0
2022-05-06 08:15,120,66,54,0,0,0
2022-05-06 08:30,110,54,56,0,0,0
2022-05-06 08:45,136,72,64,0,0,0
2022-05-06 09:00,109,56,53,0,0,0
2022-05-06 09:15,78,30,48,0,0,0
2022-05-06 09:30,84,37,47,0,0,0
2022-05-06 09:45,142,50,92,0,0,0
2022-05-06 10:00,99,33,66,0,0,0
2022-05-06 10:15,88,44,44,0,0,0
2022-05-06 10:30,90,37,53,0,0,0
2022-05-06 10:45,106,53,53,0,0,0
2022-05-06 11:00,96,38,58,0,0,0
2022-05-06 11:15,99,47,52,0,0,0
2022-05-06 11:30,126,50,76,0,0,0
2022-05-06 11:45,122,57,65,0,0,0
2022-05-06 12:00,130,72,58,0,0,0
2022-05-06 12:15,155,60,95,0,0,0
2022-05-06 12:30,105,51,54,0,0,0
2022-05-06 12:45,149,82,67,0,0,0
2022-05-06 13:00,141,68,73,0,0,0
2022-05-06 13:15,128,71,57,0,0,0
2022-05-06 13:30,125,75,50,0,0,0
2022-05-06 13:45,157,94,63,0,0,0
2022-05-06 14:00,179,104,75,0,0,0
2022-05-06 14:15,159,81,78,0,0,0
2022-05-06 14:30,150,84,66,0,0,0
2022-05-06 14:45,133,68,65,0,0,0
2022-05-06 15:00,157,80,77,0,0,0
2022-05-06 15:15,130,63,67,0,0,0
2022-05-06 15:30,124,64,60,0,0,0
2022-05-06 15:45,133,69,64,0,0,0
2022-05-06 16:00,145,78,67,0,0,0
2022-05-06 16:15,151,90,61,0,0,0
2022-05-06 16:30,129,69,60,0,0,0
2022-05-06 16:45,171,110,61,0,0,0
2022-05-06 17:00,170,89,81,0,0,0
2022-05-06 17:15,168,89,79,0,0,0
2022-05-06 17:30,159,75,84,0,0,0
2022-05-06 17:45,161,90,71,0,0,0
2022-05-06 18:00,157,70,87,0,0,0
2022-05-06 18:15,154,83,71,0,0,0
2022-05-06 18:30,123,75,48,0,0,0
2022-05-06 18:45,170,108,62,0,0,0
2022-05-06 19:00,145,91,54,0,0,0
2022-05-06 19:15,126,69,57,0,0,0
2022-05-06 19:30,165,101,64,0,0,0
2022-05-06 19:45,122,85,37,0,0,0
2022-05-06 20:00,119,52,67,0,0,0
2022-05-06 20:15,118,78,40,0,0,0
2022-05-06 20:30,112,63,49,0,0,0
2022-05-06 20:45,91,59,32,0,0,0
2022-05-06 21:00,80,40,40,0,0,0
2022-05-06 21:15,80,42,38,0,0,0
2022-05-06 21:30,78,34,44,0,0,0
2022-05-06 21:45,85,40,45,0,0,0
2022-05-06 22:00,102,48,54,0,0,0
2022-05-06 22:15,99,38,61,0,0,0
2022-05-06 22:30,83,47,36,0,0,0
2022-05-06 22:45,90,42,48,0,0,0
2022-05-06 23:00,108,61,47,0,0,0
2022-05-06 23:15,114,37,77,0,0,0
2022-05-06 23:30,58,29,29,0,0,0
2022-05-06 23:45,113,57,56,0,0,0
2022-05-07 00:00,76,27,49,0,0,0
2022-05-07 00:15,79,46,33,0,0,0
2022-05-07 00:30,85,43,42,0,0,0
2022-05-07 00:45,65,25,40,0,0,0
2022-05-07 01:00,74,25,49,0,0,0
2022-05-07 01:15,64,30,34,0,0,0
2022-05-07 01:30,31,9,22,0,0,0
2022-05-07 01:45,52,11,41,0,0,0
2022-05-07 02:00,39,13,26,0,0,0
2022-05-07 02:15,42,20,22,0,0,0
2022-05-07 02:30,39,9,30,0,0,0
2022-05-07 02:45,33,3,30,0,0,0
2022-05-07 03:00,37,7,30,0,0,0
2022-05-07 03:15,26,10,16,0,0,0
2022-05-07 03:30,22,7,15,0,0,0
2022-05-07 03:45,34,3,31,0,0,0
2022-05-07 04:00,28,7,21,0,0,0
2022-05-07 04:15,29,2,27,0,0,0
2022-05-07 04:30,23,6,17,0,0,0
2022-05-07 04:45,26,1,25,0,0,0
2022-05-07 05:00,10,1,9,0,0,0
2022-05-07 05:15,13,2,11,0,0,0
2022-05-07 05:30,21,4,17,0,0,0
2022-05-07 05:45,13,2,11,0,0,0
2022-05-07 06:00,15,2,13,0,0,0
2022-05-07 06:15,7,2,5,0,0,0
2022-05-07 06:30,7,6,1,0,0,0
2022-05-07 06:45,10,5,5,0,0,0
2022-05-07 07:00,8,6,2,0,0,0
2022-05-07 07:15,15,5,10,0,0,0
2022-05-07 07:30,28,9,19,0,0,0
2022-05-07 07:45,26,13,13,0,0,0
2022-05-07 08:00,15,9,6,0,0,0
2022-05-07 08:15,25,13,12,0,0,0
2022-05-07 08:30,30,16,14,0,0,0
2022-05-07 08:45,49,15,34,0,0,0
2022-05-07 09:00,40,14,26,0,0,0
2022-05-07 09:15,69,37,32,0,0,0
2022-05-07 09:30,56,24,32,0,0,0
2022-05-07 09:45,82,33,49,0,0,0
2022-05-07 10:00,49,20,29,0,0,0
2022-05-07 10:15,75,37,38,0,0,0
2022-05-07 10:30,82,39,43,0,0,0
2022-05-07 10:45,105,46,59,0,0,0
2022-05-07 11:00,81,31,50,0,0,0
2022-05-07 11:15,69,22,47,0,0,0
2022-05-07 11:30,84,28,56,0,0,0
2022-05-07 11:45,96,31,65,0,0,0
2022-05-07 12:00,85,40,45,0,0,0
2022-05-07 12:15,86,45,41,0,0,0
2022-05-07 12:30,111,52,59,0,0,0
2022-05-07 12:45,125,61,64,0,0,0
2022-05-07 13:00,78,34,44,0,0,0
2022-05-07 13:15,96,50,46,0,0,0
2022-05-07 13:30,76,46,30,0,0,0
2022-05-07 13:45,125,63,62,0,0,0
2022-05-07 14:00,104,56,48,0,0,0
2022-05-07 14:15,119,55,64,0,0,0
2022-05-07 14:30,109,56,53,0,0,0
2022-05-07 14:45,119,54,65,0,0,0
2022-05-07 15:00,116,68,48,0,0,0
2022-05-07 15:15,103,55,48,0,0,0
2022-05-07 15:30,62,31,31,0,0,0
2022-05-07 15:45,115,63,52,0,0,0
2022-05-07 16:00,87,48,39,0,0,0
2022-05-07 16:15,132,59,73,0,0,0
2022-05-07 16:30,81,43,38,0,0,0
2022-05-07 16:45,82,43,39,0,0,0
2022-05-07 17:00,121,61,60,0,0,0
2022-05-07 17:15,106,59,47,0,0,0
2022-05-07 17:30,94,57,37,0,0,0
2022-05-07 17:45,102,47,55,0,0,0
2022-05-07 18:00,88,55,33,0,0,0
2022-05-07 18:15,100,57,43,0,0,0
2022-05-07 18:30,92,47,45,0,0,0
2022-05-07 18:45,98,61,37,0,0,0
2022-05-07 19:00,90,50,40,0,0,0
2022-05-07 19:15,80,40,40,0,0,0
2022-05-07 19:30,91,47,44,0,0,0
2022-05-07 19:45,115,58,57,0,0,0
2022-05-07 20:00,108,65,43,0,0,0
2022-05-07 20:15,89,47,42,0,0,0
2022-05-07 20:30,102,57,45,0,0,0
2022-05-07 20:45,70,31,39,0,0,0
2022-05-07 21:00,66,38,28,0,0,0
2022-05-07 21:15,62,28,34,0,0,0
2022-05-07 21:30,71,39,32,0,0,0
2022-05-07 21:45,44,20,24,0,0,0
2022-05-07 22:00,45,21,24,0,0,0
2022-05-07 22:15,57,28,29,0,0,0
2022-05-07 22:30,67,23,44,0,0,0
2022-05-07 22:45,79,23,56,0,0,0
2022-05-07 23:00,56,28,28,0,0,0
2022-05-07 23:15,67,20,47,0,0,0
2022-05-07 23:30,66,25,41,0,0,0
2022-05-07 23:45,54,21,33,0,0,0
2022-05-08 00:00,47,26,21,0,0,0
2022-05-08 00:15,52,31,21,0,0,0
2022-05-08 00:30,54,24,30,0,0,0
2022-05-08 00:45,40,16,24,0,0,0
2022-05-08 01:00,66,37,29,0,0,0
2022-05-08 01:15,41,13,28,0,0,0
2022-05-08 01:30,39,20,19,0,0,0
2022-05-08 01:45,36,15,21,0,0,0
2022-05-08 02:00,21,8,13,0,0,0
2022-05-08 02:15,17,5,12,0,0,0
2022-05-08 02:30,16,3,13,0,0,0
2022-05-08 02:45,40,11,29,0,0,0
2022-05-08 03:00,42,8,34,0,0,0
2022-05-08 03:15,23,8,15,0,0,0
2022-05-08 03:30,26,5,21,0,0,0
2022-05-08 03:45,20,5,15,0,0,0
2022-05-08 04:00,32,7,25,0,0,0
2022-05-08 04:15,26,14,12,0,0,0
2022-05-08 04:30,20,5,15,0,0,0
2022-05-08 04:45,9,0,9,0,0,0
2022-05-08 05:00,10,2,8,0,0,0
2022-05-08 05:15,15,1,14,0,0,0
2022-05-08 05:30,10,1,9,0,0,0
2022-05-08 05:45,10,2,8,0,0,0
2022-05-08 06:00,6,1,5,0,0,0
2022-05-08 06:15,11,1,10,0,0,0
2022-05-08 06:30,9,4,5,0,0,0
2022-05-08 06:45,8,0,8,0,0,0
2022-05-08 07:00,7,3,4,0,0,0
2022-05-08 07:15,8,3,5,0,0,0
2022-05-08 07:30,13,5,8,0,0,0
2022-05-08 07:45,14,7,7,0,0,0
2022-05-08 08:00,12,2,10,0,0,0
2022-05-08 08:15,16,5,11,0,0,0
2022-05-08 08:30,22,5,17,0,0,0
2022-05-08 08:45,22,8,14,0,0,0
2022-05-08 09:00,25,10,15,0,0,0
2022-05-08 09:15,40,18,22,0,0,0
2022-05-08 09:30,50,23,27,0,0,0
2022-05-08 09:45,51,24,27,0,0,0
2022-05-08 10:00,32,18,14,0,0,0
2022-05-08 10:15,67,37,30,0,0,0
2022-05-08 10:30,57,37,20,0,0,0
2022-05-08 10:45,66,35,31,0,0,0
2022-05-08 11:00,60,31,29,0,0,0
2022-05-08 11:15,45,20,25,0,0,0
2022-05-08 11:30,72,25,47,0,0,0
2022-05-08 11:45,61,25,36,0,0,0
2022-05-08 12:00,50,24,26,0,0,0
2022-05-08 12:15,75,35,40,0,0,0
2022-05-08 12:30,72,36,36,0,0,0
2022-05-08 12:45,75,37,38,0,0,0
2022-05-08 13:00,74,33,41,0,0,0
2022-05-08 13:15,76,33,43,0,0,0
2022-05-08 13:30,94,49,45,0,0,0
2022-05-08 13:45,97,63,34,0,0,0
2022-05-08 14:00,84,32,52,0,0,0
2022-05-08 14:15,87,48,39,0,0,0
2022-05-08 14:30,88,40,48,0,0,0
2022-05-08 14:45,119,58,61,0,0,0
2022-05-08 15:00,109,47,62,0,0,0
2022-05-08 15:15,61,28,33,0,0,0
2022-05-08 15:30,101,57,44,0,0,0
2022-05-08 15:45,82,40,42,0,0,0
2022-05-08 16:00,87,46,41,0,0,0
2022-05-08 16:15,100,53,47,0,0,0
2022-05-08 16:30,86,36,50,0,0,0
2022-05-08 16:45,105,53,52,0,0,0
2022-05-08 17:00,95,39,56,0,0,0
2022-05-08 17:15,101,40,61,0,0,0
2022-05-08 17:30,104,46,58,0,0,0
2022-05-08 17:45,111,61,50,0,0,0
2022-05-08 18:00,98,48,50,0,0,0
2022-05-08 18:15,89,47,42,0,0,0
2022-05-08 18:30,79,30,49,0,0,0
2022-05-08 18:45,79,44,35,0,0,0
2022-05-08 19:00,70,35,35,0,0,0
2022-05-08 19:15,118,46,72,0,0,0
2022-05-08 19:30,116,56,60,0,0,0
2022-05-08 19:45,88,40,48,0,0,0
2022-05-08 20:00,83,42,41,0,0,0
2022-05-08 20:15,103,34,69,0,0,0
2022-05-08 20:30,68,34,34,0,0,0
2022-05-08 20:45,63,31,32,0,0,0
2022-05-08 21:00,56,25,31,0,0,0
2022-05-08 21:15,74,27,47,0,0,0
2022-05-08 21:30,41,17,24,0,0,0
2022-05-08 21:45,28,9,19,0,0,0
2022-05-08 22:00,40,14,26,0,0,0
2022-05-08 22:15,62,20,42,0,0,0
2022-05-08 22:30,41,11,30,0,0,0
2022-05-08 22:45,29,5,24,0,0,0
2022-05-08 23:00,31,10,21,0,0,0
2022-05-08 23:15,37,10,27,0,0,0
2022-05-08 23:30,24,10,14,0,0,0
2022-05-08 23:45,10,4,6,0,0,0
2022-05-09 00:00,10,2,8,0,0,0
2022-05-09 00:15,9,2,7,0,0,0
2022-05-09 00:30,12,5,7,0,0,0
2022-05-09 00:45,0,0,0,0,0,0
2022-05-09 01:00,4,0,4,0,0,0
2022-05-09 01:15,6,1,5,0,0,0
2022-05-09 01:30,8,5,3,0,0,0
2022-05-09 01:45,1,1,0,0,0,0
2022-05-09 02:00,0,0,0,0,0,0
2022-05-09 02:15,1,0,1,0,0,0
2022-05-09 02:30,0,0,0,0,0,0
2022-05-09 02:45,1,0,1,0,0,0
2022-05-09 03:00,2,0,2,0,0,0
2022-05-09 03:15,2,1,1,0,0,0
2022-05-09 03:30,3,2,1,0,0,0
2022-05-09 03:45,0,0,0,0,0,0
2022-05-09 04:00,4,0,4,0,0,0
2022-05-09 04:15,4,3,1,0,0,0
2022-05-09 04:30,6,3,3,0,0,0
2022-05-09 04:45,6,1,5,0,0,0
2022-05-09 05:00,3,1,2,0,0,0
2022-05-09 05:15,5,4,1,0,0,0
2022-05-09 05:30,11,4,7,0,0,0
2022-05-09 05:45,26,11,15,0,0,0
2022-05-09 06:00,26,11,15,0,0,0
2022-05-09 06:15,28,17,11,0,0,0
2022-05-09 06:30,50,21,29,0,0,0
2022-05-09 06:45,81,52,29,0,0,0
2022-05-09 07:00,90,49,41,0,0,0
2022-05-09 07:15,125,60,65,0,0,0
2022-05-09 07:30,174,82,92,0,0,0
2022-05-09 07:45,160,88,72,0,0,0
2022-05-09 08:00,156,78,78,0,0,0
2022-05-09 08:15,138,75,63,0,0,0
2022-05-09 08:30,130,67,63,0,0,0
2022-05-09 08:45,122,53,69,0,0,0
2022-05-09 09:00,108,46,62,0,0,0
2022-05-09 09:15,89,31,58,0,0,0
2022-05-09 09:30,81,32,49,0,0,0
2022-05-09 09:45,133,43,90,0,0,0
2022-05-09 10:00,129,42,87,0,0,0
2022-05-09 10:15,81,35,46,0,0,0
2022-05-09 10:30,77,31,46,0,0,0
2022-05-09 10:45,107,41,66,0,0,0
2022-05-09 11:00,87,41,46,0,0,0
2022-05-09 11:15,88,49,39,0,0,0
2022-05-09 11:30,79,33,46,0,0,0
2022-05-09 11:45,114,44,70,0,0,0
2022-05-09 12:00,143,53,90,0,0,0
2022-05-09 12:15,111,47,64,0,0,0
2022-05-09 12:30,112,67,45,0,0,0
2022-05-09 12:45,113,60,53,0,0,0
2022-05-09 13:00,119,57,62,0,0,0
2022-05-09 13:15,126,59,67,0,0,0
2022-05-09 13:30,119,58,61,0,0,0
2022-05-09 13:45,124,67,57,0,0,0
2022-05-09 14:00,131,67,64,0,0,0
2022-05-09 14:15,116,58,58,0,0,0
2022-05-09 14:30,124,67,57,0,0,0
2022-05-09 14:45,142,67,75,0,0,0
2022-05-09 15:00,107,54,53,0,0,0
2022-05-09 15:15,139,75,64,0,0,0
2022-05-09 15:30,136,68,68,0,0,0
2022-05-09 15:45,135,56,79,0,0,0
2022-05-09 16:00,188,88,100,0,0,0
2022-05-09 16:15,177,97,80,0,0,0
2022-05-09 16:30,186,79,107,0,0,0
2022-05-09 16:45,179,86,93,0,0,0
2022-05-09 17:00,216,119,97,0,0,0
2022-05-09 17:15,187,102,85,0,0,0
2022-05-09 17:30,186,103,83,0,0,0
2022-05-09 17:45,225,111,114,0,0,0
2022-05-09 18:00,177,94,83,0,0,0
2022-05-09 18:15,166,96,70,0,0,0
2022-05-09 18:30,179,91,88,0,0,0
2022-05-09 18:45,139,80,59,0,0,0
2022-05-09 19:00,135,75,60,0,0,0
2022-05-09 19:15,134,77,57,0,0,0
2022-05-09 19:30,144,64,80,0,0,0
2022-05-09 19:45,128,68,60,0,0,0
2022-05-09 20:00,136,66,70,0,0,0
2022-05-09 20:15,110,52,58,0,0,0
2022-05-09 20:30,101,58,43,0,0,0
2022-05-09 20:45,80,32,48,0,0,0
2022-05-09 21:00,78,28,50,0,0,0
2022-05-09 21:15,75,28,47,0,0,0
2022-05-09 21:30,61,32,29,0,0,0
2022-05-09 21:45,67,33,34,0,0,0
2022-05-09 22:00,70,36,34,0,0,0
2022-05-09 22:15,57,16,41,0,0,0
2022-05-09 22:30,61,26,35,0,0,0
2022-05-09 22:45,61,10,51,0,0,0
2022-05-09 23:00,36,11,25,0,0,0
2022-05-09 23:15,64,17,47,0,0,0
2022-05-09 23:30,19,4,15,0,0,0
2022-05-09 23:45,23,6,17,0,0,0
2022-05-10 00:00,25,8,17,0,0,0
2022-05-10 00:15,11,3,8,0,0,0
2022-05-10 00:30,10,3,7,0,0,0
2022-05-10 00:45,6,1,5,0,0,0
2022-05-10 01:00,11,8,3,0,0,0
2022-05-10 01:15,5,4,1,0,0,0
2022-05-10 01:30,14,5,9,0,0,0
2022-05-10 01:45,6,3,3,0,0,0
2022-05-10 02:00,6,4,2,0,0,0
2022-05-10 02:15,5,4,1,0,0,0
2022-05-10 02:30,2,0,2,0,0,0
2022-05-10 02:45,3,0,3,0,0,0
2022-05-10 03:00,0,0,0,0,0,0
2022-05-10 03:15,5,4,1,0,0,0
2022-05-10 03:30,5,2,3,0,0,0
2022-05-10 03:45,0,0,0,0,0,0
2022-05-10 04:00,0,0,0,0,0,0
2022-05-10 04:15,2,0,2,0,0,0
2022-05-10 04:30,6,3,3,0,0,0
2022-05-10 04:45,3,2,1,0,0,0
2022-05-10 05:00,7,1,6,0,0,0
2022-05-10 05:15,5,1,4,0,0,0
2022-05-10 05:30,24,8,16,0,0,0
2022-05-10 05:45,26,15,11,0,0,0
2022-05-10 06:00,23,10,13,0,0,0
2022-05-10 06:15,34,13,21,0,0,0
2022-05-10 06:30,69,28,41,0,0,0
2022-05-10 06:45,82,47,35,0,0,0
2022-05-10 07:00,95,56,39,0,0,0
2022-05-10 07:15,134,58,76,0,0,0
2022-05-10 07:30,153,65,88,0,0,0
2022-05-10 07:45,191,103,88,0,0,0
2022-05-10 08:00,188,84,104,0,0,0
2022-05-10 08:15,171,94,77,0,0,0
2022-05-10 08:30,135,61,74,0,0,0
2022-05-10 08:45,158,95,63,0,0,0
2022-05-10 09:00,93,41,52,0,0,0
2022-05-10 09:15,114,46,68,0,0,0
2022-05-10 09:30,95,36,59,0,0,0
2022-05-10 09:45,140,47,93,0,0,0
2022-05-10 10:00,137,32,105,0,0,0
2022-05-10 10:15,76,38,38,0,0,0
2022-05-10 10:30,97,49,48,0,0,0
2022-05-10 10:45,102,49,53,0,0,0
2022-05-10 11:00,92,34,58,0,0,0
2022-05-10 11:15,79,37,42,0,0,0
2022-05-10 11:30,102,39,63,0,0,0
2022-05-10 11:45,130,48,82,0,0,0
2022-05-10 12:00,127,62,65,0,0,0
2022-05-10 12:15,158,73,85,0,0,0
2022-05-10 12:30,122,70,52,0,0,0
2022-05-10 12:45,100,51,49,0,0,0
2022-05-10 13:00,137,67,70,0,0,0
2022-05-10 13:15,111,61,50,0,0,0
2022-05-10 13:30,97,52,45,0,0,0
2022-05-10 13:45,163,83,80,0,0,0
2022-05-10 14:00,127,65,62,0,0,0
2022-05-10 14:15,120,61,59,0,0,0
2022-05-10 14:30,129,58,71,0,0,0
2022-05-10 14:45,142,77,65,0,0,0
2022-05-10 15:00,115,68,47,0,0,0
2022-05-10 15:15,121,54,67,0,0,0
2022-05-10 15:30,179,99,80,0,0,0
2022-05-10 15:45,172,81,91,0,0,0
2022-05-10 16:00,188,99,89,0,0,0
2022-05-10 16:15,170,81,89,0,0,0
2022-05-10 16:30,165,84,81,0,0,0
2022-05-10 16:45,174,96,78,0,0,0
2022-05-10 17:00,172,81,91,0,0,0
2022-05-10 17:15,181,79,102,0,0,0
2022-05-10 17:30,189,105,84,0,0,0
2022-05-10 17:45,229,136,93,0,0,0
2022-05-10 18:00,195,98,97,0,0,0
2022-05-10 18:15,152,84,68,0,0,0
2022-05-10 18:30,167,95,72,0,0,0
2022-05-10 18:45,172,101,71,0,0,0
2022-05-10 19:00,136,72,64,0,0,0
2022-05-10 19:15,122,74,48,0,0,0
2022-05-10 19:30,122,67,55,0,0,0
2022-05-10 19:45,128,82,46,0,0,0
2022-05-10 20:00,109,58,51,0,0,0
2022-05-10 20:15,92,55,37,0,0,0
2022-05-10 20:30,88,46,42,0,0,0
2022-05-10 20:45,82,41,41,0,0,0
2022-05-10 21:00,81,34,47,0,0,0
2022-05-10 21:15,94,43,51,0,0,0
2022-05-10 21:30,85,35,50,0,0,0
2022-05-10 21:45,75,23,52,0,0,0
2022-05-10 22:00,85,19,66,0,0,0
2022-05-10 22:15,71,23,48,0,0,0
2022-05-10 22:30,58,22,36,0,0,0
2022-05-10 22:45,97,32,65,0,0,0
2022-05-10 23:00,73,24,49,0,0,0
2022-05-10 23:15,62,19,43,0,0,0
2022-05-10 23:30,38,11,27,0,0,0
2022-05-10 23:45,16,5,11,0,0,0
2022-05-11 00:00,14,2,12,0,0,0
2022-05-11 00:15,18,9,9,0,0,0
2022-05-11 00:30,14,4,10,0,0,0
2022-05-11 00:45,10,2,8,0,0,0
2022-05-11 01:00,3,2,1,0,0,0
2022-05-11 01:15,1,0,1,0,0,0
2022-05-11 01:30,3,2,1,0,0,0
2022-05-11 01:45,17,3,14,0,0,0
2022-05-11 02:00,12,5,7,0,0,0
2022-05-11 02:15,3,3,0,0,0,0
2022-05-11 02:30,1,0,1,0,0,0
2022-05-11 02:45,1,1,0,0,0,0
2022-05-11 03:00,1,0,1,0,0,0
2022-05-11 03:15,3,0,3,0,0,0
2022-05-11 03:30,2,0,2,0,0,0
2022-05-11 03:45,1,1,0,0,0,0
2022-05-11 04:00,1,0,1,0,0,0
2022-05-11 04:15,3,0,3,0,0,0
2022-05-11 04:30,6,4,2,0,0,0
2022-05-11 04:45,4,0,4,0,0,0
2022-05-11 05:00,8,2,6,0,0,0
2022-05-11 05:15,10,3,7,0,0,0
2022-05-11 05:30,19,6,13,0,0,0
2022-05-11 05:45,25,15,10,0,0,0
2022-05-11 06:00,32,16,16,0,0,0
2022-05-11 06:15,42,19,23,0,0,0
2022-05-11 06:30,44,17,27,0,0,0
2022-05-11 06:45,96,53,43,0,0,0
2022-05-11 07:00,97,46,51,0,0,0
2022-05-11 07:15,110,56,54,0,0,0
2022-05-11 07:30,184,85,99,0,0,0
2022-05-11 07:45,208,107,101,0,0,0
2022-05-11 08:00,199,89,110,0,0,0
2022-05-11 08:15,152,72,80,0,0,0
2022-05-11 08:30,145,71,74,0,0,0
2022-05-11 08:45,153,62,91,0,0,0
2022-05-11 09:00,102,45,57,0,0,0
2022-05-11 09:15,123,55,68,0,0,0
2022-05-11 09:30,90,40,50,0,0,0
2022-05-11 09:45,133,37,96,0,0,0
2022-05-11 10:00,126,46,80,0,0,0
2022-05-11 10:15,111,43,68,0,0,0
2022-05-11 10:30,81,37,44,0,0,0
2022-05-11 10:45,100,42,58,0,0,0
2022-05-11 11:00,105,47,58,0,0,0
2022-05-11 11:15,92,43,49,0,0,0
2022-05-11 11:30,91,36,55,0,0,0
2022-05-11 11:45,130,64,66,0,0,0
2022-05-11 12:00,125,52,73,0,0,0
2022-05-11 12:15,119,69,50,0,0,0
2022-05-11 12:30,129,57,72,0,0,0
2022-05-11 12:45,136,74,62,0,0,0
2022-05-11 13:00,167,85,82,0,0,0
2022-05-11 13:15,129,80,49,0,0,0
2022-05-11 13:30,143,75,68,0,0,0
2022-05-11 13:45,161,54,107,0,0,0
2022-05-11 14:00,162,98,64,0,0,0
2022-05-11 14:15,142,77,65,0,0,0
2022-05-11 14:30,118,70,48,0,0,0
2022-05-11 14:45,141,73,68,0,0,0
2022-05-11 15:00,124,60,64,0,0,0
2022-05-11 15:15,134,68,66,0,0,0
2022-05-11 15:30,161,88,73,0,0,0
2022-05-11 15:45,173,105,68,0,0,0
2022-05-11 16:00,161,71,90,0,0,0
2022-05-11 16:15,162,88,74,0,0,0
2022-05-11 16:30,189,91,98,0,0,0
2022-05-11 16:45,191,99,92,0,0,0
2022-05-11 17:00,197,97,100,0,0,0
2022-05-11 17:15,208,108,100,0,0,0
2022-05-11 17:30,217,120,97,0,0,0
2022-05-11 17:45,209,109,100,0,0,0
2022-05-11 18:00,193,109,84,0,0,0
2022-05-11 18:15,173,96,77,0,0,0
2022-05-11 18:30,193,103,90,0,0,0
2022-05-11 18:45,233,128,105,0,0,0
2022-05-11 19:00,185,108,77,0,0,0
2022-05-11 19:15,197,120,77,0,0,0
2022-05-11 19:30,141,83,58,0,0,0
2022-05-11 19:45,145,83,62,0,0,0
2022-05-11 20:00,163,86,77,0,0,0
2022-05-11 20:15,116,63,53,0,0,0
2022-05-11 20:30,102,49,53,0,0,0
2022-05-11 20:45,93,38,55,0,0,0
2022-05-11 21:00,103,43,60,0,0,0
2022-05-11 21:15,101,40,61,0,0,0
2022-05-11 21:30,100,36,64,0,0,0
2022-05-11 21:45,88,45,43,0,0,0
2022-05-11 22:00,123,47,76,0,0,0
2022-05-11 22:15,164,92,72,0,0,0
2022-05-11 22:30,135,62,73,0,0,0
2022-05-11 22:45,180,63,117,0,0,0
2022-05-11 23:00,114,39,75,0,0,0
2022-05-11 23:15,77,27,50,0,0,0
2022-05-11 23:30,64,29,35,0,0,0
2022-05-11 23:45,42,15,27,0,0,0
2022-05-12 00:00,54,23,31,0,0,0
2022-05-12 00:15,50,6,44,0,0,0
2022-05-12 00:30,47,13,34,0,0,0
2022-05-12 00:45,19,5,14,0,0,0
2022-05-12 01:00,27,6,21,0,0,0
2022-05-12 01:15,18,2,16,0,0,0
2022-05-12 01:30,28,5,23,0,0,0
2022-05-12 01:45,15,6,9,0,0,0
2022-05-12 02:00,23,6,17,0,0,0
2022-05-12 02:15,8,1,7,0,0,0
2022-05-12 02:30,12,2,10,0,0,0
2022-05-12 02:45,11,0,11,0,0,0
2022-05-12 03:00,4,0,4,0,0,0
2022-05-12 03:15,12,1,11,0,0,0
2022-05-12 03:30,11,2,9,0,0,0
2022-05-12 03:45,1,0,1,0,0,0
2022-05-12 04:00,3,0,3,0,0,0
2022-05-12 04:15,5,3,2,0,0,0
2022-05-12 04:30,6,3,3,0,0,0
2022-05-12 04:45,7,0,7,0,0,0
2022-05-12 05:00,5,3,2,0,0,0
2022-05-12 05:15,4,3,1,0,0,0
2022-05-12 05:30,17,7,10,0,0,0
2022-05-12 05:45,23,11,12,0,0,0
2022-05-12 06:00,22,7,15,0,0,0
2022-05-12 06:15,37,17,20,0,0,0
2022-05-12 06:30,61,15,46,0,0,0
2022-05-12 06:45,71,43,28,0,0,0
2022-05-12 07:00,102,59,43,0,0,0
2022-05-12 07:15,128,55,73,0,0,0
2022-05-12 07:30,167,66,101,0,0,0
2022-05-12 07:45,192,103,89,0,0,0
2022-05-12 08:00,137,67,70,0,0,0
2022-05-12 08:15,143,68,75,0,0,0
2022-05-12 08:30,140,74,66,0,0,0
2022-05-12 08:45,131,53,78,0,0,0
2022-05-12 09:00,99,46,53,0,0,0
2022-05-12 09:15,100,43,57,0,0,0
2022-05-12 09:30,104,43,61,0,0,0
2022-05-12 09:45,144,45,99,0,0,0
2022-05-12 10:00,113,35,78,0,0,0
2022-05-12 10:15,82,35,47,0,0,0
2022-05-12 10:30,99,41,58,0,0,0
2022-05-12 10:45,94,39,55,0,0,0
2022-05-12 11:00,82,24,58,0,0,0
2022-05-12 11:15,87,47,40,0,0,0
2022-05-12 11:30,111,53,58,0,0,0
2022-05-12 11:45,102,45,57,0,0,0
2022-05-12 12:00,163,55,108,0,0,0
2022-05-12 12:15,115,58,57,0,0,0
2022-05-12 12:30,125,70,55,0,0,0
2022-05-12 12:45,114,56,58,0,0,0
2022-05-12 13:00,157,77,80,0,0,0
2022-05-12 13:15,123,61,62,0,0,0
2022-05-12 13:30,145,69,76,0,0,0
2022-05-12 13:45,145,69,76,0,0,0
2022-05-12 14:00,140,81,59,0,0,0
2022-05-12 14:15,128,66,62,0,0,0
2022-05-12 14:30,91,46,45,0,0,0
2022-05-12 14:45,139,78,61,0,0,0
2022-05-12 15:00,154,79,75,0,0,0
2022-05-12 15:15,127,58,69,0,0,0
2022-05-12 15:30,135,77,58,0,0,0
2022-05-12 15:45,157,72,85,0,0,0
2022-05-12 16:00,172,76,96,0,0,0
2022-05-12 16:15,213,114,99,0,0,0
2022-05-12 16:30,218,99,119,0,0,0
2022-05-12 16:45,212,113,99,0,0,0
2022-05-12 17:00,203,96,107,0,0,0
2022-05-12 17:15,171,80,91,0,0,0
2022-05-12 17:30,175,91,84,0,0,0
2022-05-12 17:45,216,138,78,0,0,0
2022-05-12 18:00,187,114,73,0,0,0
2022-05-12 18:15,181,114,67,0,0,0
2022-05-12 18:30,149,91,58,0,0,0
2022-05-12 18:45,183,109,74,0,0,0
2022-05-12 19:00,171,98,73,0,0,0
2022-05-12 19:15,128,79,49,0,0,0
2022-05-12 19:30,146,85,61,0,0,0
2022-05-12 19:45,112,53,59,0,0,0
2022-05-12 20:00,136,70,66,0,0,0
2022-05-12 20:15,122,71,51,0,0,0
2022-05-12 20:30,100,48,52,0,0,0
2022-05-12 20:45,71,31,40,0,0,0
2022-05-12 21:00,111,48,63,0,0,0
2022-05-12 21:15,85,32,53,0,0,0
2022-05-12 21:30,77,32,45,0,0,0
2022-05-12 21:45,82,38,44,0,0,0
2022-05-12 22:00,77,33,44,0,0,0
2022-05-12 22:15,111,31,80,0,0,0
2022-05-12 22:30,96,25,71,0,0,0
2022-05-12 22:45,104,23,81,0,0,0
2022-05-12 23:00,84,19,65,0,0,0
2022-05-12 23:15,60,23,37,0,0,0
2022-05-12 23:30,51,22,29,0,0,0
2022-05-12 23:45,58,27,31,0,0,0
2022-05-13 00:00,32,14,18,0,0,0
2022-05-13 00:15,35,22,13,0,0,0
2022-05-13 00:30,24,7,17,0,0,0
2022-05-13 00:45,40,20,20,0,0,0
2022-05-13 01:00,23,9,14,0,0,0
2022-05-13 01:15,12,7,5,0,0,0
2022-05-13 01:30,13,2,11,0,0,0
2022-05-13 01:45,17,7,10,0,0,0
2022-05-13 02:00,16,3,13,0,0,0
2022-05-13 02:15,15,1,14,0,0,0
2022-05-13 02:30,9,0,9,0,0,0
2022-05-13 02:45,5,0,5,0,0,0
2022-05-13 03:00,9,0,9,0,0,0
2022-05-13 03:15,5,2,3,0,0,0
2022-05-13 03:30,20,1,19,0,0,0
2022-05-13 03:45,12,1,11,0,0,0
2022-05-13 04:00,12,0,12,0,0,0
2022-05-13 04:15,2,0,2,0,0,0
2022-05-13 04:30,8,2,6,0,0,0
2022-05-13 04:45,0,0,0,0,0,0
2022-05-13 05:00,8,5,3,0,0,0
2022-05-13 05:15,10,5,5,0,0,0
2022-05-13 05:30,20,12,8,0,0,0
2022-05-13 05:45,23,14,9,0,0,0
2022-05-13 06:00,15,4,11,0,0,0
2022-05-13 06:15,49,23,26,0,0,0
2022-05-13 06:30,51,16,35,0,0,0
2022-05-13 06:45,69,47,22,0,0,0
2022-05-13 07:00,87,45,42,0,0,0
2022-05-13 07:15,113,53,60,0,0,0
2022-05-13 07:30,140,55,85,0,0,0
2022-05-13 07:45,154,76,78,0,0,0
2022-05-13 08:00,144,54,90,0,0,0
2022-05-13 08:15,142,82,60,0,0,0
2022-05-13 08:30,112,60,52,0,0,0
2022-05-13 08:45,109,49,60,0,0,0
2022-05-13 09:00,86,37,49,0,0,0
2022-05-13 09:15,88,35,53,0,0,0
2022-05-13 09:30,85,29,56,0,0,0
2022-05-13 09:45,125,45,80,0,0,0
2022-05-13 10:00,119,35,84,0,0,0
2022-05-13 10:15,83,35,48,0,0,0
2022-05-13 10:30,79,34,45,0,0,0
2022-05-13 10:45,100,43,57,0,0,0
2022-05-13 11:00,84,37,47,0,0,0
2022-05-13 11:15,69,30,39,0,0,0
2022-05-13 11:30,93,50,43,0,0,0
2022-05-13 11:45,143,63,80,0,0,0
2022-05-13 12:00,108,44,64,0,0,0
2022-05-13 12:15,116,53,63,0,0,0
2022-05-13 12:30,138,58,80,0,0,0
2022-05-13 12:45,124,61,63,0,0,0
2022-05-13 13:00,133,50,83,0,0,0
2022-05-13 13:15,118,59,59,0,0,0
2022-05-13 13:30,128,65,63,0,0,0
2022-05-13 13:45,162,67,95,0,0,0
2022-05-13 14:00,145,83,62,0,0,0
2022-05-13 14:15,132,63,69,0,0,0
2022-05-13 14:30,116,47,69,0,0,0
2022-05-13 14:45,146,70,76,0,0,0
2022-05-13 15:00,120,71,49,0,0,0
2022-05-13 15:15,135,69,66,0,0,0
2022-05-13 15:30,126,53,73,0,0,0
2022-05-13 15:45,148,76,72,0,0,0
2022-05-13 16:00,151,74,77,0,0,0
2022-05-13 16:15,136,75,61,0,0,0
2022-05-13 16:30,152,69,83,0,0,0
2022-05-13 16:45,120,61,59,0,0,0
2022-05-13 17:00,148,74,74,0,0,0
2022-05-13 17:15,118,63,55,0,0,0
2022-05-13 17:30,164,94,70,0,0,0
2022-05-13 17:45,144,75,69,0,0,0
2022-05-13 18:00,144,85,59,0,0,0
2022-05-13 18:15,137,77,60,0,0,0
2022-05-13 18:30,114,67,47,0,0,0
2022-05-13 18:45,158,91,67,0,0,0
2022-05-13 19:00,133,83,50,0,0,0
2022-05-13 19:15,127,68,59,0,0,0
2022-05-13 19:30,106,58,48,0,0,0
2022-05-13 19:45,134,79,55,0,0,0
2022-05-13 20:00,119,75,44,0,0,0
2022-05-13 20:15,116,56,60,0,0,0
2022-05-13 20:30,81,44,37,0,0,0
2022-05-13 20:45,98,55,43,0,0,0
2022-05-13 21:00,84,35,49,0,0,0
2022-05-13 21:15,92,34,58,0,0,0
2022-05-13 21:30,73,31,42,0,0,0
2022-05-13 21:45,83,34,49,0,0,0
2022-05-13 22:00,88,35,53,0,0,0
2022-05-13 22:15,73,21,52,0,0,0
2022-05-13 22:30,70,25,45,0,0,0
2022-05-13 22:45,77,26,51,0,0,0
2022-05-13 23:00,62,23,39,0,0,0
2022-05-13 23:15,57,20,37,0,0,0
2022-05-13 23:30,78,25,53,0,0,0
2022-05-13 23:45,92,57,35,0,0,0
2022-05-14 00:00,69,31,38,0,0,0
2022-05-14 00:15,62,23,39,0,0,0
2022-05-14 00:30,57,16,41,0,0,0
2022-05-14 00:45,72,33,39,0,0,0
2022-05-14 01:00,61,23,38,0,0,0
2022-05-14 01:15,58,23,35,0,0,0
2022-05-14 01:30,32,15,17,0,0,0
2022-05-14 01:45,47,15,32,0,0,0
2022-05-14 02:00,30,12,18,0,0,0
2022-05-14 02:15,23,3,20,0,0,0
2022-05-14 02:30,29,9,20,0,0,0
2022-05-14 02:45,35,8,27,0,0,0
2022-05-14 03:00,38,13,25,0,0,0
2022-05-14 03:15,31,7,24,0,0,0
2022-05-14 03:30,34,4,30,0,0,0
2022-05-14 03:45,32,4,28,0,0,0
2022-05-14 04:00,19,6,13,0,0,0
2022-05-14 04:15,30,5,25,0,0,0
2022-05-14 04:30,25,2,23,0,0,0
2022-05-14 04:45,15,3,12,0,0,0
2022-05-14 05:00,8,2,6,0,0,0
2022-05-14 05:15,14,2,12,0,0,0
2022-05-14 05:30,17,3,14,0,0,0
2022-05-14 05:45,17,0,17,0,0,0
2022-05-14 06:00,12,2,10,0,0,0
2022-05-14 06:15,14,6,8,0,0,0
2022-05-14 06:30,9,2,7,0,0,0
2022-05-14 06:45,19,11,8,0,0,0
2022-05-14 07:00,21,7,14,0,0,0
2022-05-14 07:15,17,8,9,0,0,0
2022-05-14 07:30,26,9,17,0,0,0
2022-05-14 07:45,32,10,22,0,0,0
2022-05-14 08:00,25,10,15,0,0,0
2022-05-14 08:15,30,7,23,0,0,0
2022-05-14 08:30,43,22,21,0,0,0
2022-05-14 08:45,60,32,28,0,0,0
2022-05-14 09:00,38,15,23,0,0,0
2022-05-14 09:15,46,15,31,0,0,0
2022-05-14 09:30,57,13,44,0,0,0
2022-05-14 09:45,85,41,44,0,0,0
2022-05-14 10:00,65,24,41,0,0,0
2022-05-14 10:15,72,31,41,0,0,0
2022-05-14 10:30,70,30,40,0,0,0
2022-05-14 10:45,90,33,57,0,0,0
2022-05-14 11:00,84,38,46,0,0,0
2022-05-14 11:15,92,39,53,0,0,0
2022-05-14 11:30,108,42,66,0,0,0
2022-05-14 11:45,106,52,54,0,0,0
2022-05-14 12:00,91,36,55,0,0,0
2022-05-14 12:15,92,40,52,0,0,0
2022-05-14 12:30,122,53,69,0,0,0
2022-05-14 12:45,158,77,81,0,0,0
2022-05-14 13:00,110,59,51,0,0,0
2022-05-14 13:15,122,63,59,0,0,0
2022-05-14 13:30,152,71,81,0,0,0
2022-05-14 13:45,117,67,50,0,0,0
2022-05-14 14:00,98,49,49,0,0,0
2022-05-14 14:15,135,75,60,0,0,0
2022-05-14 14:30,131,67,64,0,0,0
2022-05-14 14:45,145,72,73,0,0,0
2022-05-14 15:00,131,80,51,0,0,0
2022-05-14 15:15,118,59,59,0,0,0
2022-05-14 15:30,124,72,52,0,0,0
2022-05-14 15:45,125,67,58,0,0,0
2022-05-14 16:00,140,71,69,0,0,0
2022-05-14 16:15,109,57,52,0,0,0
2022-05-14 16:30,118,68,50,0,0,0
2022-05-14 16:45,96,53,43,0,0,0
2022-05-14 17:00,162,90,72,0,0,0
2022-05-14 17:15,138,102,36,0,0,0
2022-05-14 17:30,149,100,49,0,0,0
2022-05-14 17:45,147,100,47,0,0,0
2022-05-14 18:00,131,74,57,0,0,0
2022-05-14 18:15,181,94,87,0,0,0
2022-05-14 18:30,151,89,62,0,0,0
2022-05-14 18:45,146,109,37,0,0,0
2022-05-14 19:00,132,76,56,0,0,0
2022-05-14 19:15,130,76,54,0,0,0
2022-05-14 19:30,126,70,56,0,0,0
2022-05-14 19:45,148,89,59,0,0,0
2022-05-14 20:00,119,67,52,0,0,0
2022-05-14 20:15,97,59,38,0,0,0
2022-05-14 20:30,90,31,59,0,0,0
2022-05-14 20:45,76,38,38,0,0,0
2022-05-14 21:00,89,45,44,0,0,0
2022-05-14 21:15,90,46,44,0,0,0
2022-05-14 21:30,77,33,44,0,0,0
2022-05-14 21:45,77,27,50,0,0,0
2022-05-14 22:00,80,30,50,0,0,0
2022-05-14 22:15,88,39,49,0,0,0
2022-05-14 22:30,160,27,133,0,0,0
2022-05-14 22:45,108,31,77,0,0,0
2022-05-14 23:00,81,25,56,0,0,0
2022-05-14 23:15,84,36,48,0,0,0
2022-05-14 23:30,84,33,51,0,0,0
2022-05-14 23:45,55,22,33,0,0,0
2022-05-15 00:00,73,40,33,0,0,0
2022-05-15 00:15,87,49,38,0,0,0
2022-05-15 00:30,41,21,20,0,0,0
2022-05-15 00:45,65,33,32,0,0,0
2022-05-15 01:00,69,21,48,0,0,0
2022-05-15 01:15,90,32,58,0,0,0
2022-05-15 01:30,58,11,47,0,0,0
2022-05-15 01:45,41,17,24,0,0,0
2022-05-15 02:00,32,9,23,0,0,0
2022-05-15 02:15,44,12,32,0,0,0
2022-05-15 02:30,70,19,51,0,0,0
2022-05-15 02:45,30,3,27,0,0,0
2022-05-15 03:00,40,6,34,0,0,0
2022-05-15 03:15,26,6,20,0,0,0
2022-05-15 03:30,37,8,29,0,0,0
2022-05-15 03:45,37,5,32,0,0,0
2022-05-15 04:00,20,2,18,0,0,0
2022-05-15 04:15,16,4,12,0,0,0
2022-05-15 04:30,26,2,24,0,0,0
2022-05-15 04:45,36,8,28,0,0,0
2022-05-15 05:00,9,1,8,0,0,0
2022-05-15 05:15,14,0,14,0,0,0
2022-05-15 05:30,14,3,11,0,0,0
2022-05-15 05:45,12,3,9,0,0,0
2022-05-15 06:00,6,2,4,0,0,0
2022-05-15 06:15,12,3,9,0,0,0
2022-05-15 06:30,8,3,5,0,0,0
2022-05-15 06:45,8,3,5,0,0,0
2022-05-15 07:00,8,5,3,0,0,0
2022-05-15 07:15,13,3,10,0,0,0
2022-05-15 07:30,6,2,4,0,0,0
2022-05-15 07:45,21,5,16,0,0,0
2022-05-15 08:00,10,4,6,0,0,0
2022-05-15 08:15,19,4,15,0,0,0
2022-05-15 08:30,17,9,8,0,0,0
2022-05-15 08:45,15,7,8,0,0,0
2022-05-15 09:00,26,11,15,0,0,0
2022-05-15 09:15,21,5,16,0,0,0
2022-05-15 09:30,36,22,14,0,0,0
2022-05-15 09:45,65,30,35,0,0,0
2022-05-15 10:00,45,18,27,0,0,0
2022-05-15 10:15,49,23,26,0,0,0
2022-05-15 10:30,44,21,23,0,0,0
2022-05-15 10:45,55,26,29,0,0,0
2022-05-15 11:00,57,30,27,0,0,0
2022-05-15 11:15,70,32,38,0,0,0
2022-05-15 11:30,60,25,35,0,0,0
2022-05-15 11:45,79,37,42,0,0,0
2022-05-15 12:00,75,35,40,0,0,0
2022-05-15 12:15,62,30,32,0,0,0
2022-05-15 12:30,68,37,31,0,0,0
2022-05-15 12:45,80,38,42,0,0,0
2022-05-15 13:00,92,45,47,0,0,0
2022-05-15 13:15,93,47,46,0,0,0
2022-05-15 13:30,96,48,48,0,0,0
2022-05-15 13:45,120,62,58,0,0,0
2022-05-15 14:00,104,46,58,0,0,0
2022-05-15 14:15,135,78,57,0,0,0
2022-05-15 14:30,101,42,59,0,0,0
2022-05-15 14:45,106,51,55,0,0,0
2022-05-15 15:00,117,53,64,0,0,0
2022-05-15 15:15,100,50,50,0,0,0
2022-05-15 15:30,102,43,59,0,0,0
2022-05-15 15:45,112,66,46,0,0,0
2022-05-15 16:00,91,39,52,0,0,0
2022-05-15 16:15,83,36,47,0,0,0
2022-05-15 16:30,118,58,60,0,0,0
2022-05-15 16:45,104,46,58,0,0,0
2022-05-15 17:00,121,44,77,0,0,0
2022-05-15 17:15,101,57,44,0,0,0
2022-05-15 17:30,113,49,64,0,0,0
2022-05-15 17:45,151,77,74,0,0,0
2022-05-15 18:00,132,74,58,0,0,0
2022-05-15 18:15,99,56,43,0,0,0
2022-05-15 18:30,117,70,47,0,0,0
2022-05-15 18:45,140,64,76,0,0,0
2022-05-15 19:00,82,42,40,0,0,0
2022-05-15 19:15,89,39,50,0,0,0
2022-05-15 19:30,80,38,42,0,0,0
2022-05-15 19:45,103,47,56,0,0,0
2022-05-15 20:00,113,44,69,0,0,0
2022-05-15 20:15,56,29,27,0,0,0
2022-05-15 20:30,84,37,47,0,0,0
2022-05-15 20:45,74,22,52,0,0,0
2022-05-15 21:00,80,30,50,0,0,0
2022-05-15 21:15,80,33,47,0,0,0
2022-05-15 21:30,59,20,39,0,0,0
2022-05-15 21:45,60,16,44,0,0,0
2022-05-15 22:00,65,22,43,0,0,0
2022-05-15 22:15,46,8,38,0,0,0
2022-05-15 22:30,94,22,72,0,0,0
2022-05-15 22:45,49,15,34,0,0,0
2022-05-15 23:00,28,12,16,0,0,0
2022-05-15 23:15,37,11,26,0,0,0
2022-05-15 23:30,39,9,30,0,0,0
2022-05-15 23:45,9,3,6,0,0,0
2022-05-16 00:00,17,3,14,0,0,0
2022-05-16 00:15,18,3,15,0,0,0
2022-05-16 00:30,10,2,8,0,0,0
2022-05-16 00:45,4,2,2,0,0,0
2022-05-16 01:00,5,2,3,0,0,0
2022-05-16 01:15,4,3,1,0,0,0
2022-05-16 01:30,4,0,4,0,0,0
2022-05-16 01:45,5,1,4,0,0,0
2022-05-16 02:00,2,0,2,0,0,0
2022-05-16 02:15,8,3,5,0,0,0
2022-05-16 02:30,2,0,2,0,0,0
2022-05-16 02:45,0,0,0,0,0,0
2022-05-16 03:00,2,1,1,0,0,0
2022-05-16 03:15,0,0,0,0,0,0
2022-05-16 03:30,1,0,1,0,0,0
2022-05-16 03:45,1,1,0,0,0,0
2022-05-16 04:00,2,0,2,0,0,0
2022-05-16 04:15,5,2,3,0,0,0
2022-05-16 04:30,6,2,4,0,0,0
2022-05-16 04:45,4,2,2,0,0,0
2022-05-16 05:00,5,2,3,0,0,0
2022-05-16 05:15,8,4,4,0,0,0
2022-05-16 05:30,21,7,14,0,0,0
2022-05-16 05:45,18,9,9,0,0,0
2022-05-16 06:00,27,11,16,0,0,0
2022-05-16 06:15,36,11,25,0,0,0
2022-05-16 06:30,47,16,31,0,0,0
2022-05-16 06:45,76,51,25,0,0,0
2022-05-16 07:00,92,42,50,0,0,0
2022-05-16 07:15,108,47,61,0,0,0
2022-05-16 07:30,147,62,85,0,0,0
2022-05-16 07:45,161,90,71,0,0,0
2022-05-16 08:00,165,76,89,0,0,0
2022-05-16 08:15,150,76,74,0,0,0
2022-05-16 08:30,136,76,60,0,0,0
2022-05-16 08:45,141,74,67,0,0,0
2022-05-16 09:00,112,55,57,0,0,0
2022-05-16 09:15,101,41,60,0,0,0
2022-05-16 09:30,88,43,45,0,0,0
2022-05-16 09:45,119,40,79,0,0,0
2022-05-16 10:00,124,38,86,0,0,0
2022-05-16 10:15,85,29,56,0,0,0
2022-05-16 10:30,73,28,45,0,0,0
2022-05-16 10:45,103,44,59,0,0,0
2022-05-16 11:00,75,28,47,0,0,0
2022-05-16 11:15,92,38,54,0,0,0
2022-05-16 11:30,113,52,61,0,0,0
2022-05-16 11:45,133,60,73,0,0,0
2022-05-16 12:00,124,52,72,0,0,0
2022-05-16 12:15,89,41,48,0,0,0
2022-05-16 12:30,88,46,42,0,0,0
2022-05-16 12:45,122,57,65,0,0,0
2022-05-16 13:00,130,62,68,0,0,0
2022-05-16 13:15,112,68,44,0,0,0
2022-05-16 13:30,124,66,58,0,0,0
2022-05-16 13:45,143,69,74,0,0,0
2022-05-16 14:00,147,77,70,0,0,0
2022-05-16 14:15,102,61,41,0,0,0
2022-05-16 14:30,85,42,43,0,0,0
2022-05-16 14:45,120,56,64,0,0,0
2022-05-16 15:00,113,66,47,0,0,0
2022-05-16 15:15,109,63,46,0,0,0
2022-05-16 15:30,116,49,67,0,0,0
2022-05-16 15:45,174,90,84,0,0,0
2022-05-16 16:00,191,94,97,0,0,0
2022-05-16 16:15,150,75,75,0,0,0
2022-05-16 16:30,125,52,73,0,0,0
2022-05-16 16:45,107,55,52,0,0,0
2022-05-16 17:00,168,72,96,0,0,0
2022-05-16 17:15,163,62,101,0,0,0
2022-05-16 17:30,151,63,88,0,0,0
2022-05-16 17:45,142,73,69,0,0,0
2022-05-16 18:00,147,73,74,0,0,0
2022-05-16 18:15,125,60,65,0,0,0
2022-05-16 18:30,102,59,43,0,0,0
2022-05-16 18:45,103,53,50,0,0,0
2022-05-16 19:00,110,60,50,0,0,0
2022-05-16 19:15,99,52,47,0,0,0
2022-05-16 19:30,94,51,43,0,0,0
2022-05-16 19:45,95,53,42,0,0,0
2022-05-16 20:00,91,41,50,0,0,0
2022-05-16 20:15,79,38,41,0,0,0
2022-05-16 20:30,62,30,32,0,0,0
2022-05-16 20:45,52,29,23,0,0,0
2022-05-16 21:00,48,17,31,0,0,0
2022-05-16 21:15,55,29,26,0,0,0
2022-05-16 21:30,51,19,32,0,0,0
2022-05-16 21:45,45,21,24,0,0,0
2022-05-16 22:00,51,20,31,0,0,0
2022-05-16 22:15,48,15,33,0,0,0
2022-05-16 22:30,54,19,35,0,0,0
2022-05-16 22:45,40,6,34,0,0,0
2022-05-16 23:00,38,7,31,0,0,0
2022-05-16 23:15,30,11,19,0,0,0
2022-05-16 23:30,23,5,18,0,0,0
2022-05-16 23:45,13,4,9,0,0,0
2022-05-17 00:00,10,2,8,0,0,0
2022-05-17 00:15,12,3,9,0,0,0
2022-05-17 00:30,13,2,11,0,0,0
2022-05-17 00:45,6,1,5,0,0,0
2022-05-17 01:00,5,2,3,0,0,0
2022-05-17 01:15,2,1,1,0,0,0
2022-05-17 01:30,4,1,3,0,0,0
2022-05-17 01:45,2,0,2,0,0,0
2022-05-17 02:00,0,0,0,0,0,0
2022-05-17 02:15,2,0,2,0,0,0
2022-05-17 02:30,0,0,0,0,0,0
2022-05-17 02:45,3,3,0,0,0,0
2022-05-17 03:00,1,0,1,0,0,0
2022-05-17 03:15,1,0,1,0,0,0
2022-05-17 03:30,0,0,0,0,0,0
2022-05-17 03:45,2,1,1,0,0,0
2022-05-17 04:00,1,1,0,0,0,0
2022-05-17 04:15,3,1,2,0,0,0
2022-05-17 04:30,4,1,3,0,0,0
2022-05-17 04:45,4,0,4,0,0,0
2022-05-17 05:00,4,0,4,0,0,0
2022-05-17 05:15,12,3,9,0,0,0
2022-05-17 05:30,16,10,6,0,0,0
2022-05-17 05:45,29,17,12,0,0,0
2022-05-17 06:00,21,10,11,0,0,0
2022-05-17 06:15,31,16,15,0,0,0
2022-05-17 06:30,54,19,35,0,0,0
2022-05-17 06:45,80,45,35,0,0,0
2022-05-17 07:00,107,53,54,0,0,0
2022-05-17 07:15,111,47,64,0,0,0
2022-05-17 07:30,143,62,81,0,0,0
2022-05-17 07:45,176,85,91,0,0,0
2022-05-17 08:00,165,77,88,0,0,0
2022-05-17 08:15,142,78,64,0,0,0
2022-05-17 08:30,136,75,61,0,0,0
2022-05-17 08:45,146,56,90,0,0,0
2022-05-17 09:00,101,42,59,0,0,0
2022-05-17 09:15,95,36,59,0,0,0
2022-05-17 09:30,93,34,59,0,0,0
2022-05-17 09:45,131,42,89,0,0,0
2022-05-17 10:00,134,45,89,0,0,0
2022-05-17 10:15,91,31,60,0,0,0
2022-05-17 10:30,89,48,41,0,0,0
2022-05-17 10:45,103,39,64,0,0,0
2022-05-17 11:00,79,28,51,0,0,0
2022-05-17 11:15,90,42,48,0,0,0
2022-05-17 11:30,90,37,53,0,0,0
2022-05-17 11:45,142,61,81,0,0,0
2022-05-17 12:00,154,72,82,0,0,0
2022-05-17 12:15,116,59,57,0,0,0
2022-05-17 12:30,112,56,56,0,0,0
2022-05-17 12:45,106,59,47,0,0,0
2022-05-17 13:00,128,59,69,0,0,0
2022-05-17 13:15,128,64,64,0,0,0
2022-05-17 13:30,118,51,67,0,0,0
2022-05-17 13:45,142,77,65,0,0,0
2022-05-17 14:00,131,62,69,0,0,0
2022-05-17 14:15,119,65,54,0,0,0
2022-05-17 14:30,122,71,51,0,0,0
2022-05-17 14:45,103,54,49,0,0,0
2022-05-17 15:00,105,59,46,0,0,0
2022-05-17 15:15,99,54,45,0,0,0
2022-05-17 15:30,150,70,80,0,0,0
2022-05-17 15:45,169,88,81,0,0,0
2022-05-17 16:00,184,98,86,0,0,0
2022-05-17 16:15,154,74,80,0,0,0
2022-05-17 16:30,171,84,87,0,0,0
2022-05-17 16:45,182,102,80,0,0,0
2022-05-17 17:00,196,102,94,0,0,0
2022-05-17 17:15,184,108,76,0,0,0
2022-05-17 17:30,178,92,86,0,0,0
2022-05-17 17:45,237,125,112,0,0,0
2022-05-17 18:00,180,79,101,0,0,0
2022-05-17 18:15,189,100,89,0,0,0
2022-05-17 18:30,158,78,80,0,0,0
2022-05-17 18:45,164,101,63,0,0,0
2022-05-17 19:00,166,92,74,0,0,0
2022-05-17 19:15,150,83,67,0,0,0
2022-05-17 19:30,146,89,57,0,0,0
2022-05-17 19:45,110,59,51,0,0,0
2022-05-17 20:00,127,75,52,0,0,0
2022-05-17 20:15,109,54,55,0,0,0
2022-05-17 20:30,110,45,65,0,0,0
2022-05-17 20:45,81,45,36,0,0,0
2022-05-17 21:00,93,43,50,0,0,0
2022-05-17 21:15,74,33,41,0,0,0
2022-05-17 21:30,80,32,48,0,0,0
2022-05-17 21:45,85,36,49,0,0,0
2022-05-17 22:00,79,34,45,0,0,0
2022-05-17 22:15,65,36,29,0,0,0
2022-05-17 22:30,97,36,61,0,0,0
2022-05-17 22:45,56,20,36,0,0,0
2022-05-17 23:00,74,31,43,0,0,0
2022-05-17 23:15,62,36,26,0,0,0
2022-05-17 23:30,80,61,19,0,0,0
2022-05-17 23:45,39,27,12,0,0,0
2022-05-18 00:00,31,19,12,0,0,0
2022-05-18 00:15,35,19,16,0,0,0
2022-05-18 00:30,32,23,9,0,0,0
2022-05-18 00:45,11,3,8,0,0,0
2022-05-18 01:00,14,5,9,0,0,0
2022-05-18 01:15,24,10,14,0,0,0
2022-05-18 01:30,13,4,9,0,0,0
2022-05-18 01:45,16,2,14,0,0,0
2022-05-18 02:00,16,4,12,0,0,0
2022-05-18 02:15,27,5,22,0,0,0
2022-05-18 02:30,12,0,12,0,0,0
2022-05-18 02:45,11,0,11,0,0,0
2022-05-18 03:00,33,2,31,0,0,0
2022-05-18 03:15,38,4,34,0,0,0
2022-05-18 03:30,30,0,30,0,0,0
2022-05-18 03:45,22,1,21,0,0,0
2022-05-18 04:00,27,1,26,0,0,0
2022-05-18 04:15,21,0,21,0,0,0
2022-05-18 04:30,27,2,25,0,0,0
2022-05-18 04:45,16,2,14,0,0,0
2022-05-18 05:00,9,1,8,0,0,0
2022-05-18 05:15,11,3,8,0,0,0
2022-05-18 05:30,23,10,13,0,0,0
2022-05-18 05:45,34,17,17,0,0,0
2022-05-18 06:00,33,11,22,0,0,0
2022-05-18 06:15,37,17,20,0,0,0
2022-05-18 06:30,59,21,38,0,0,0
2022-05-18 06:45,77,42,35,0,0,0
2022-05-18 07:00,90,48,42,0,0,0
2022-05-18 07:15,130,63,67,0,0,0
2022-05-18 07:30,141,69,72,0,0,0
2022-05-18 07:45,209,109,100,0,0,0
2022-05-18 08:00,203,95,108,0,0,0
2022-05-18 08:15,162,90,72,0,0,0
2022-05-18 08:30,124,58,66,0,0,0
2022-05-18 08:45,188,85,103,0,0,0
2022-05-18 09:00,96,42,54,0,0,0
2022-05-18 09:15,121,41,80,0,0,0
2022-05-18 09:30,103,40,63,0,0,0
2022-05-18 09:45,146,51,95,0,0,0
2022-05-18 10:00,121,42,79,0,0,0
2022-05-18 10:15,128,63,65,0,0,0
2022-05-18 10:30,97,47,50,0,0,0
2022-05-18 10:45,121,49,72,0,0,0
2022-05-18 11:00,108,49,59,0,0,0
2022-05-18 11:15,99,42,57,0,0,0
2022-05-18 11:30,104,46,58,0,0,0
2022-05-18 11:45,144,63,81,0,0,0
2022-05-18 12:00,152,70,82,0,0,0
2022-05-18 12:15,117,55,62,0,0,0
2022-05-18 12:30,145,76,69,0,0,0
2022-05-18 12:45,127,72,55,0,0,0
2022-05-18 13:00,118,61,57,0,0,0
2022-05-18 13:15,127,71,56,0,0,0
2022-05-18 13:30,145,85,60,0,0,0
2022-05-18 13:45,150,86,64,0,0,0
2022-05-18 14:00,149,86,63,0,0,0
2022-05-18 14:15,148,82,66,0,0,0
2022-05-18 14:30,132,79,53,0,0,0
2022-05-18 14:45,144,83,61,0,0,0
2022-05-18 15:00,185,123,62,0,0,0
2022-05-18 15:15,192,101,91,0,0,0
2022-05-18 15:30,159,94,65,0,0,0
2022-05-18 15:45,161,92,69,0,0,0
2022-05-18 16:00,217,130,87,0,0,0
2022-05-18 16:15,207,114,93,0,0,0
2022-05-18 16:30,186,110,76,0,0,0
2022-05-18 16:45,188,101,87,0,0,0
2022-05-18 17:00,219,140,79,0,0,0
2022-05-18 17:15,215,105,110,0,0,0
2022-05-18 17:30,233,118,115,0,0,0
2022-05-18 17:45,231,120,111,0,0,0
2022-05-18 18:00,199,116,83,0,0,0
2022-05-18 18:15,216,110,106,0,0,0
2022-05-18 18:30,212,109,103,0,0,0
2022-05-18 18:45,220,129,91,0,0,0
2022-05-18 19:00,191,114,77,0,0,0
2022-05-18 19:15,145,69,76,0,0,0
2022-05-18 19:30,171,81,90,0,0,0
2022-05-18 19:45,170,86,84,0,0,0
2022-05-18 20:00,157,70,87,0,0,0
2022-05-18 20:15,155,59,96,0,0,0
2022-05-18 20:30,119,56,63,0,0,0
2022-05-18 20:45,145,56,89,0,0,0
2022-05-18 21:00,104,41,63,0,0,0
2022-05-18 21:15,104,41,63,0,0,0
2022-05-18 21:30,105,41,64,0,0,0
2022-05-18 21:45,97,26,71,0,0,0
2022-05-18 22:00,81,40,41,0,0,0
2022-05-18 22:15,100,24,76,0,0,0
2022-05-18 22:30,127,31,96,0,0,0
2022-05-18 22:45,113,26,87,0,0,0
2022-05-18 23:00,63,28,35,0,0,0
2022-05-18 23:15,67,32,35,0,0,0
2022-05-18 23:30,69,21,48,0,0,0
2022-05-18 23:45,42,11,31,0,0,0
2022-05-19 00:00,71,16,55,0,0,0
2022-05-19 00:15,68,19,49,0,0,0
2022-05-19 00:30,48,21,27,0,0,0
2022-05-19 00:45,23,14,9,0,0,0
2022-05-19 01:00,33,13,20,0,0,0
2022-05-19 01:15,21,7,14,0,0,0
2022-05-19 01:30,11,5,6,0,0,0
2022-05-19 01:45,10,4,6,0,0,0
2022-05-19 02:00,6,3,3,0,0,0
2022-05-19 02:15,6,5,1,0,0,0
2022-05-19 02:30,10,6,4,0,0,0
2022-05-19 02:45,5,2,3,0,0,0
2022-05-19 03:00,8,3,5,0,0,0
2022-05-19 03:15,1,0,1,0,0,0
2022-05-19 03:30,6,2,4,0,0,0
2022-05-19 03:45,3,0,3,0,0,0
2022-05-19 04:00,1,0,1,0,0,0
2022-05-19 04:15,6,1,5,0,0,0
2022-05-19 04:30,4,2,2,0,0,0
2022-05-19 04:45,7,4,3,0,0,0
2022-05-19 05:00,4,2,2,0,0,0
2022-05-19 05:15,9,4,5,0,0,0
2022-05-19 05:30,12,7,5,0,0,0
2022-05-19 05:45,26,18,8,0,0,0
2022-05-19 06:00,18,1,17,0,0,0
2022-05-19 06:15,41,20,21,0,0,0
2022-05-19 06:30,47,12,35,0,0,0
2022-05-19 06:45,63,40,23,0,0,0
2022-05-19 07:00,81,44,37,0,0,0
2022-05-19 07:15,133,70,63,0,0,0
2022-05-19 07:30,143,71,72,0,0,0
2022-05-19 07:45,176,98,78,0,0,0
2022-05-19 08:00,152,71,81,0,0,0
2022-05-19 08:15,153,89,64,0,0,0
2022-05-19 08:30,121,60,61,0,0,0
2022-05-19 08:45,139,66,73,0,0,0
2022-05-19 09:00,89,32,57,0,0,0
2022-05-19 09:15,100,44,56,0,0,0
2022-05-19 09:30,113,41,72,0,0,0
2022-05-19 09:45,131,49,82,0,0,0
2022-05-19 10:00,110,33,77,0,0,0
2022-05-19 10:15,90,44,46,0,0,0
2022-05-19 10:30,84,30,54,0,0,0
2022-05-19 10:45,105,52,53,0,0,0
2022-05-19 11:00,88,33,55,0,0,0
2022-05-19 11:15,106,51,55,0,0,0
2022-05-19 11:30,109,53,56,0,0,0
2022-05-19 11:45,134,57,77,0,0,0
2022-05-19 12:00,148,77,71,0,0,0
2022-05-19 12:15,140,69,71,0,0,0
2022-05-19 12:30,141,75,66,0,0,0
2022-05-19 12:45,128,67,61,0,0,0
2022-05-19 13:00,133,69,64,0,0,0
2022-05-19 13:15,141,62,79,0,0,0
2022-05-19 13:30,106,58,48,0,0,0
2022-05-19 13:45,143,74,69,0,0,0
2022-05-19 14:00,170,89,81,0,0,0
2022-05-19 14:15,93,42,51,0,0,0
2022-05-19 14:30,120,54,66,0,0,0
2022-05-19 14:45,134,70,64,0,0,0
2022-05-19 15:00,136,74,62,0,0,0
2022-05-19 15:15,162,88,74,0,0,0
2022-05-19 15:30,195,110,85,0,0,0
2022-05-19 15:45,108,48,60,0,0,0
2022-05-19 16:00,81,36,45,0,0,0
2022-05-19 16:15,85,34,51,0,0,0
2022-05-19 16:30,99,46,53,0,0,0
2022-05-19 16:45,121,49,72,0,0,0
2022-05-19 17:00,119,42,77,0,0,0
2022-05-19 17:15,179,73,106,0,0,0
2022-05-19 17:30,143,64,79,0,0,0
2022-05-19 17:45,160,76,84,0,0,0
2022-05-19 18:00,149,84,65,0,0,0
2022-05-19 18:15,138,72,66,0,0,0
2022-05-19 18:30,111,66,45,0,0,0
2022-05-19 18:45,152,85,67,0,0,0
2022-05-19 19:00,116,68,48,0,0,0
2022-05-19 19:15,116,70,46,0,0,0
2022-05-19 19:30,106,62,44,0,0,0
2022-05-19 19:45,119,66,53,0,0,0
2022-05-19 20:00,109,64,45,0,0,0
2022-05-19 20:15,80,38,42,0,0,0
2022-05-19 20:30,81,44,37,0,0,0
2022-05-19 20:45,49,26,23,0,0,0
2022-05-19 21:00,72,35,37,0,0,0
2022-05-19 21:15,78,37,41,0,0,0
2022-05-19 21:30,71,34,37,0,0,0
2022-05-19 21:45,69,36,33,0,0,0
2022-05-19 22:00,65,19,46,0,0,0
2022-05-19 22:15,45,24,21,0,0,0
2022-05-19 22:30,85,18,67,0,0,0
2022-05-19 22:45,73,28,45,0,0,0
2022-05-19 23:00,57,25,32,0,0,0
2022-05-19 23:15,60,24,36,0,0,0
2022-05-19 23:30,43,11,32,0,0,0
2022-05-19 23:45,29,16,13,0,0,0
2022-05-20 00:00,30,11,19,0,0,0
2022-05-20 00:15,23,5,18,0,0,0
2022-05-20 00:30,13,4,9,0,0,0
2022-05-20 00:45,8,3,5,0,0,0
2022-05-20 01:00,11,0,11,0,0,0
2022-05-20 01:15,14,3,11,0,0,0
2022-05-20 01:30,8,3,5,0,0,0
2022-05-20 01:45,23,1,22,0,0,0
2022-05-20 02:00,15,3,12,0,0,0
2022-05-20 02:15,9,0,9,0,0,0
2022-05-20 02:30,10,1,9,0,0,0
2022-05-20 02:45,9,1,8,0,0,0
2022-05-20 03:00,12,1,11,0,0,0
2022-05-20 03:15,6,1,5,0,0,0
2022-05-20 03:30,12,1,11,0,0,0
2022-05-20 03:45,6,4,2,0,0,0
2022-05-20 04:00,8,1,7,0,0,0
2022-05-20 04:15,0,0,0,0,0,0
2022-05-20 04:30,2,0,2,0,0,0
2022-05-20 04:45,6,3,3,0,0,0
2022-05-20 05:00,8,1,7,0,0,0
2022-05-20 05:15,12,7,5,0,0,0
2022-05-20 05:30,12,5,7,0,0,0
2022-05-20 05:45,22,12,10,0,0,0
2022-05-20 06:00,21,5,16,0,0,0
2022-05-20 06:15,37,20,17,0,0,0
2022-05-20 06:30,41,17,24,0,0,0
2022-05-20 06:45,63,37,26,0,0,0
2022-05-20 07:00,88,42,46,0,0,0
2022-05-20 07:15,100,45,55,0,0,0
2022-05-20 07:30,142,60,82,0,0,0
2022-05-20 07:45,142,82,60,0,0,0
2022-05-20 08:00,140,58,82,0,0,0
2022-05-20 08:15,117,48,69,0,0,0
2022-05-20 08:30,130,57,73,0,0,0
2022-05-20 08:45,128,52,76,0,0,0
2022-05-20 09:00,92,36,56,0,0,0
2022-05-20 09:15,73,34,39,0,0,0
2022-05-20 09:30,80,33,47,0,0,0
2022-05-20 09:45,118,44,74,0,0,0
2022-05-20 10:00,129,50,79,0,0,0
2022-05-20 10:15,101,44,57,0,0,0
2022-05-20 10:30,106,37,69,0,0,0
2022-05-20 10:45,108,37,71,0,0,0
2022-05-20 11:00,103,49,54,0,0,0
2022-05-20 11:15,94,39,55,0,0,0
2022-05-20 11:30,109,58,51,0,0,0
2022-05-20 11:45,132,70,62,0,0,0
2022-05-20 12:00,110,55,55,0,0,0
2022-05-20 12:15,130,59,71,0,0,0
2022-05-20 12:30,124,75,49,0,0,0
2022-05-20 12:45,120,64,56,0,0,0
2022-05-20 13:00,150,75,75,0,0,0
2022-05-20 13:15,152,81,71,0,0,0
2022-05-20 13:30,130,67,63,0,0,0
2022-05-20 13:45,154,79,75,0,0,0
2022-05-20 14:00,135,72,63,0,0,0
2022-05-20 14:15,122,66,56,0,0,0
2022-05-20 14:30,139,71,68,0,0,0
2022-05-20 14:45,133,67,66,0,0,0
2022-05-20 15:00,158,64,94,0,0,0
2022-05-20 15:15,123,70,53,0,0,0
2022-05-20 15:30,143,77,66,0,0,0
2022-05-20 15:45,110,60,50,0,0,0
2022-05-20 16:00,68,22,46,0,0,0
2022-05-20 16:15,69,24,45,0,0,0
2022-05-20 16:30,70,27,43,0,0,0
2022-05-20 16:45,87,29,58,0,0,0
2022-05-20 17:00,100,47,53,0,0,0
2022-05-20 17:15,77,41,36,0,0,0
2022-05-20 17:30,62,28,34,0,0,0
2022-05-20 17:45,73,35,38,0,0,0
2022-05-20 18:00,96,43,53,0,0,0
2022-05-20 18:15,88,40,48,0,0,0
2022-05-20 18:30,92,42,50,0,0,0
2022-05-20 18:45,110,59,51,0,0,0
2022-05-20 19:00,77,38,39,0,0,0
2022-05-20 19:15,92,50,42,0,0,0
2022-05-20 19:30,69,32,37,0,0,0
2022-05-20 19:45,90,58,32,0,0,0
2022-05-20 20:00,94,56,38,0,0,0
2022-05-20 20:15,89,60,29,0,0,0
2022-05-20 20:30,67,29,38,0,0,0
2022-05-20 20:45,66,38,28,0,0,0
2022-05-20 21:00,87,46,41,0,0,0
2022-05-20 21:15,70,40,30,0,0,0
2022-05-20 21:30,47,20,27,0,0,0
2022-05-20 21:45,57,24,33,0,0,0
2022-05-20 22:00,45,22,23,0,0,0
2022-05-20 22:15,42,22,20,0,0,0
2022-05-20 22:30,45,20,25,0,0,0
2022-05-20 22:45,77,19,58,0,0,0
2022-05-20 23:00,35,25,10,0,0,0
2022-05-20 23:15,55,31,24,0,0,0
2022-05-20 23:30,50,18,32,0,0,0
2022-05-20 23:45,43,17,26,0,0,0
2022-05-21 00:00,43,13,30,0,0,0
2022-05-21 00:15,43,24,19,0,0,0
2022-05-21 00:30,25,9,16,0,0,0
2022-05-21 00:45,43,14,29,0,0,0
2022-05-21 01:00,54,18,36,0,0,0
2022-05-21 01:15,41,30,11,0,0,0
2022-05-21 01:30,26,12,14,0,0,0
2022-05-21 01:45,38,22,16,0,0,0
2022-05-21 02:00,29,14,15,0,0,0
2022-05-21 02:15,31,10,21,0,0,0
2022-05-21 02:30,17,4,13,0,0,0
2022-05-21 02:45,24,6,18,0,0,0
2022-05-21 03:00,35,5,30,0,0,0
2022-05-21 03:15,47,6,41,0,0,0
2022-05-21 03:30,31,6,25,0,0,0
2022-05-21 03:45,15,2,13,0,0,0
2022-05-21 04:00,26,2,24,0,0,0
2022-05-21 04:15,27,1,26,0,0,0
2022-05-21 04:30,14,1,13,0,0,0
2022-05-21 04:45,11,1,10,0,0,0
2022-05-21 05:00,13,3,10,0,0,0
2022-05-21 05:15,16,2,14,0,0,0
2022-05-21 05:30,12,4,8,0,0,0
2022-05-21 05:45,14,2,12,0,0,0
2022-05-21 06:00,13,3,10,0,0,0
2022-05-21 06:15,9,3,6,0,0,0
2022-05-21 06:30,17,6,11,0,0,0
2022-05-21 06:45,25,4,21,0,0,0
2022-05-21 07:00,22,5,17,0,0,0
2022-05-21 07:15,26,5,21,0,0,0
2022-05-21 07:30,31,14,17,0,0,0
2022-05-21 07:45,29,10,19,0,0,0
2022-05-21 08:00,31,11,20,0,0,0
2022-05-21 08:15,22,6,16,0,0,0
2022-05-21 08:30,45,16,29,0,0,0
2022-05-21 08:45,51,17,34,0,0,0
2022-05-21 09:00,51,18,33,0,0,0
2022-05-21 09:15,64,29,35,0,0,0
2022-05-21 09:30,74,24,50,0,0,0
2022-05-21 09:45,81,25,56,0,0,0
2022-05-21 10:00,68,30,38,0,0,0
2022-05-21 10:15,89,33,56,0,0,0
2022-05-21 10:30,78,25,53,0,0,0
2022-05-21 10:45,87,36,51,0,0,0
2022-05-21 11:00,85,22,63,0,0,0
2022-05-21 11:15,89,28,61,0,0,0
2022-05-21 11:30,77,35,42,0,0,0
2022-05-21 11:45,86,32,54,0,0,0
2022-05-21 12:00,89,39,50,0,0,0
2022-05-21 12:15,84,42,42,0,0,0
2022-05-21 12:30,107,53,54,0,0,0
2022-05-21 12:45,88,36,52,0,0,0
2022-05-21 13:00,104,38,66,0,0,0
2022-05-21 13:15,106,47,59,0,0,0
2022-05-21 13:30,99,47,52,0,0,0
2022-05-21 13:45,108,61,47,0,0,0
2022-05-21 14:00,121,58,63,0,0,0
2022-05-21 14:15,104,59,45,0,0,0
2022-05-21 14:30,107,54,53,0,0,0
2022-05-21 14:45,104,51,53,0,0,0
2022-05-21 15:00,99,52,47,0,0,0
2022-05-21 15:15,115,62,53,0,0,0
2022-05-21 15:30,100,55,45,0,0,0
2022-05-21 15:45,137,68,69,0,0,0
2022-05-21 16:00,122,61,61,0,0,0
2022-05-21 16:15,82,55,27,0,0,0
2022-05-21 16:30,108,65,43,0,0,0
2022-05-21 16:45,91,49,42,0,0,0
2022-05-21 17:00,118,67,51,0,0,0
2022-05-21 17:15,105,60,45,0,0,0
2022-05-21 17:30,111,70,41,0,0,0
2022-05-21 17:45,123,71,52,0,0,0
2022-05-21 18:00,107,62,45,0,0,0
2022-05-21 18:15,134,67,67,0,0,0
2022-05-21 18:30,102,59,43,0,0,0
2022-05-21 18:45,128,82,46,0,0,0
2022-05-21 19:00,90,49,41,0,0,0
2022-05-21 19:15,101,55,46,0,0,0
2022-05-21 19:30,105,65,40,0,0,0
2022-05-21 19:45,96,51,45,0,0,0
2022-05-21 20:00,113,72,41,0,0,0
2022-05-21 20:15,83,54,29,0,0,0
2022-05-21 20:30,75,34,41,0,0,0
2022-05-21 20:45,69,41,28,0,0,0
2022-05-21 21:00,76,51,25,0,0,0
2022-05-21 21:15,61,32,29,0,0,0
2022-05-21 21:30,83,33,50,0,0,0
2022-05-21 21:45,58,31,27,0,0,0
2022-05-21 22:00,71,32,39,0,0,0
2022-05-21 22:15,66,30,36,0,0,0
2022-05-21 22:30,84,26,58,0,0,0
2022-05-21 22:45,45,16,29,0,0,0
2022-05-21 23:00,76,31,45,0,0,0
2022-05-21 23:15,99,33,66,0,0,0
2022-05-21 23:30,55,29,26,0,0,0
2022-05-21 23:45,61,27,34,0,0,0
2022-05-22 00:00,60,27,33,0,0,0
2022-05-22 00:15,58,26,32,0,0,0
2022-05-22 00:30,70,35,35,0,0,0
2022-05-22 00:45,52,18,34,0,0,0
2022-05-22 01:00,64,31,33,0,0,0
2022-05-22 01:15,56,23,33,0,0,0
2022-05-22 01:30,43,16,27,0,0,0
2022-05-22 01:45,62,19,43,0,0,0
2022-05-22 02:00,35,16,19,0,0,0
2022-05-22 02:15,33,13,20,0,0,0
2022-05-22 02:30,37,15,22,0,0,0
2022-05-22 02:45,34,10,24,0,0,0
2022-05-22 03:00,38,15,23,0,0,0
2022-05-22 03:15,19,8,11,0,0,0
2022-05-22 03:30,43,10,33,0,0,0
2022-05-22 03:45,31,2,29,0,0,0
2022-05-22 04:00,40,5,35,0,0,0
2022-05-22 04:15,35,4,31,0,0,0
2022-05-22 04:30,34,1,33,0,0,0
2022-05-22 04:45,23,3,20,0,0,0
2022-05-22 05:00,17,3,14,0,0,0
2022-05-22 05:15,12,4,8,0,0,0
2022-05-22 05:30,25,3,22,0,0,0
2022-05-22 05:45,19,4,15,0,0,0
2022-05-22 06:00,8,1,7,0,0,0
2022-05-22 06:15,17,6,11,0,0,0
2022-05-22 06:30,10,2,8,0,0,0
2022-05-22 06:45,11,6,5,0,0,0
2022-05-22 07:00,21,4,17,0,0,0
2022-05-22 07:15,13,5,8,0,0,0
2022-05-22 07:30,12,0,12,0,0,0
2022-05-22 07:45,13,5,8,0,0,0
2022-05-22 08:00,13,4,9,0,0,0
2022-05-22 08:15,12,2,10,0,0,0
2022-05-22 08:30,15,9,6,0,0,0
2022-05-22 08:45,27,10,17,0,0,0
2022-05-22 09:00,27,7,20,0,0,0
2022-05-22 09:15,33,19,14,0,0,0
2022-05-22 09:30,37,25,12,0,0,0
2022-05-22 09:45,41,21,20,0,0,0
2022-05-22 10:00,47,17,30,0,0,0
2022-05-22 10:15,44,13,31,0,0,0
2022-05-22 10:30,59,25,34,0,0,0
2022-05-22 10:45,81,27,54,0,0,0
2022-05-22 11:00,78,30,48,0,0,0
2022-05-22 11:15,52,28,24,0,0,0
2022-05-22 11:30,60,22,38,0,0,0
2022-05-22 11:45,75,35,40,0,0,0
2022-05-22 12:00,50,24,26,0,0,0
2022-05-22 12:15,64,34,30,0,0,0
2022-05-22 12:30,70,39,31,0,0,0
2022-05-22 12:45,92,46,46,0,0,0
2022-05-22 13:00,88,41,47,0,0,0
2022-05-22 13:15,73,31,42,0,0,0
2022-05-22 13:30,93,44,49,0,0,0
2022-05-22 13:45,88,48,40,0,0,0
2022-05-22 14:00,94,43,51,0,0,0
2022-05-22 14:15,89,47,42,0,0,0
2022-05-22 14:30,96,47,49,0,0,0
2022-05-22 14:45,90,45,45,0,0,0
2022-05-22 15:00,101,59,42,0,0,0
2022-05-22 15:15,103,61,42,0,0,0
2022-05-22 15:30,126,64,62,0,0,0
2022-05-22 15:45,107,51,56,0,0,0
2022-05-22 16:00,142,85,57,0,0,0
2022-05-22 16:15,116,65,51,0,0,0
2022-05-22 16:30,102,51,51,0,0,0
2022-05-22 16:45,100,56,44,0,0,0
2022-05-22 17:00,112,62,50,0,0,0
2022-05-22 17:15,106,52,54,0,0,0
2022-05-22 17:30,113,71,42,0,0,0
2022-05-22 17:45,119,58,61,0,0,0
2022-05-22 18:00,98,47,51,0,0,0
2022-05-22 18:15,116,64,52,0,0,0
2022-05-22 18:30,116,64,52,0,0,0
2022-05-22 18:45,103,54,49,0,0,0
2022-05-22 19:00,122,53,69,0,0,0
2022-05-22 19:15,107,65,42,0,0,0
2022-05-22 19:30,110,39,71,0,0,0
2022-05-22 19:45,104,47,57,0,0,0
2022-05-22 20:00,109,53,56,0,0,0
2022-05-22 20:15,100,50,50,0,0,0
2022-05-22 20:30,64,25,39,0,0,0
2022-05-22 20:45,69,27,42,0,0,0
2022-05-22 21:00,57,21,36,0,0,0
2022-05-22 21:15,75,29,46,0,0,0
2022-05-22 21:30,66,19,47,0,0,0
2022-05-22 21:45,50,18,32,0,0,0
2022-05-22 22:00,66,28,38,0,0,0
2022-05-22 22:15,104,16,88,0,0,0
2022-05-22 22:30,75,8,67,0,0,0
2022-05-22 22:45,58,15,43,0,0,0
2022-05-22 23:00,35,8,27,0,0,0
2022-05-22 23:15,23,7,16,0,0,0
2022-05-22 23:30,20,9,11,0,0,0
2022-05-22 23:45,13,0,13,0,0,0
2022-05-23 00:00,13,1,12,0,0,0
2022-05-23 00:15,19,5,14,0,0,0
2022-05-23 00:30,7,0,7,0,0,0
2022-05-23 00:45,5,0,5,0,0,0
2022-05-23 01:00,6,3,3,0,0,0
2022-05-23 01:15,5,0,5,0,0,0
2022-05-23 01:30,7,1,6,0,0,0
2022-05-23 01:45,2,1,1,0,0,0
2022-05-23 02:00,3,0,3,0,0,0
2022-05-23 02:15,0,0,0,0,0,0
2022-05-23 02:30,2,0,2,0,0,0
2022-05-23 02:45,1,1,0,0,0,0
2022-05-23 03:00,1,1,0,0,0,0
2022-05-23 03:15,1,1,0,0,0,0
2022-05-23 03:30,1,1,0,0,0,0
2022-05-23 03:45,5,0,5,0,0,0
2022-05-23 04:00,0,0,0,0,0,0
2022-05-23 04:15,2,1,1,0,0,0
2022-05-23 04:30,5,3,2,0,0,0
2022-05-23 04:45,2,1,1,0,0,0
2022-05-23 05:00,6,2,4,0,0,0
2022-05-23 05:15,9,4,5,0,0,0
2022-05-23 05:30,13,6,7,0,0,0
2022-05-23 05:45,17,7,10,0,0,0
2022-05-23 06:00,21,7,14,0,0,0
2022-05-23 06:15,33,7,26,0,0,0
2022-05-23 06:30,38,11,27,0,0,0
2022-05-23 06:45,63,38,25,0,0,0
2022-05-23 07:00,84,42,42,0,0,0
2022-05-23 07:15,123,66,57,0,0,0
2022-05-23 07:30,137,68,69,0,0,0
2022-05-23 07:45,180,102,78,0,0,0
2022-05-23 08:00,145,74,71,0,0,0
2022-05-23 08:15,116,53,63,0,0,0
2022-05-23 08:30,125,66,59,0,0,0
2022-05-23 08:45,125,52,73,0,0,0
2022-05-23 09:00,121,61,60,0,0,0
2022-05-23 09:15,94,34,60,0,0,0
2022-05-23 09:30,93,43,50,0,0,0
2022-05-23 09:45,130,46,84,0,0,0
2022-05-23 10:00,100,33,67,0,0,0
2022-05-23 10:15,68,34,34,0,0,0
2022-05-23 10:30,76,37,39,0,0,0
2022-05-23 10:45,108,39,69,0,0,0
2022-05-23 11:00,88,39,49,0,0,0
2022-05-23 11:15,89,44,45,0,0,0
2022-05-23 11:30,114,49,65,0,0,0
2022-05-23 11:45,147,69,78,0,0,0
2022-05-23 12:00,162,72,90,0,0,0
2022-05-23 12:15,114,56,58,0,0,0
2022-05-23 12:30,105,44,61,0,0,0
2022-05-23 12:45,129,53,76,0,0,0
2022-05-23 13:00,124,60,64,0,0,0
2022-05-23 13:15,120,68,52,0,0,0
2022-05-23 13:30,106,51,55,0,0,0
2022-05-23 13:45,116,66,50,0,0,0
2022-05-23 14:00,129,64,65,0,0,0
2022-05-23 14:15,111,66,45,0,0,0
2022-05-23 14:30,114,66,48,0,0,0
2022-05-23 14:45,123,66,57,0,0,0
2022-05-23 15:00,120,57,63,0,0,0
2022-05-23 15:15,136,74,62,0,0,0
2022-05-23 15:30,121,58,63,0,0,0
2022-05-23 15:45,138,71,67,0,0,0
2022-05-23 16:00,174,90,84,0,0,0
2022-05-23 16:15,166,89,77,0,0,0
2022-05-23 16:30,154,85,69,0,0,0
2022-05-23 16:45,159,71,88,0,0,0
2022-05-23 17:00,175,80,95,0,0,0
2022-05-23 17:15,173,90,83,0,0,0
2022-05-23 17:30,168,90,78,0,0,0
2022-05-23 17:45,157,77,80,0,0,0
2022-05-23 18:00,168,84,84,0,0,0
2022-05-23 18:15,137,65,72,0,0,0
2022-05-23 18:30,121,51,70,0,0,0
2022-05-23 18:45,102,49,53,0,0,0
2022-05-23 19:00,75,34,41,0,0,0
2022-05-23 19:15,54,32,22,0,0,0
2022-05-23 19:30,58,26,32,0,0,0
2022-05-23 19:45,102,52,50,0,0,0
2022-05-23 20:00,83,31,52,0,0,0
2022-05-23 20:15,61,26,35,0,0,0
2022-05-23 20:30,64,27,37,0,0,0
2022-05-23 20:45,50,25,25,0,0,0
2022-05-23 21:00,55,31,24,0,0,0
2022-05-23 21:15,46,21,25,0,0,0
2022-05-23 21:30,47,20,27,0,0,0
2022-05-23 21:45,47,19,28,0,0,0
2022-05-23 22:00,42,18,24,0,0,0
2022-05-23 22:15,43,17,26,0,0,0
2022-05-23 22:30,38,15,23,0,0,0
2022-05-23 22:45,39,14,25,0,0,0
2022-05-23 23:00,21,7,14,0,0,0
2022-05-23 23:15,32,15,17,0,0,0
2022-05-23 23:30,18,8,10,0,0,0
2022-05-23 23:45,17,11,6,0,0,0
2022-05-24 00:00,10,2,8,0,0,0
2022-05-24 00:15,7,4,3,0,0,0
2022-05-24 00:30,14,3,11,0,0,0
2022-05-24 00:45,2,0,2,0,0,0
2022-05-24 01:00,5,2,3,0,0,0
2022-05-24 01:15,2,1,1,0,0,0
2022-05-24 01:30,4,2,2,0,0,0
2022-05-24 01:45,2,1,1,0,0,0
2022-05-24 02:00,2,1,1,0,0,0
2022-05-24 02:15,2,1,1,0,0,0
2022-05-24 02:30,1,1,0,0,0,0
2022-05-24 02:45,2,1,1,0,0,0
2022-05-24 03:00,0,0,0,0,0,0
2022-05-24 03:15,1,1,0,0,0,0
2022-05-24 03:30,3,1,2,0,0,0
2022-05-24 03:45,1,1,0,0,0,0
2022-05-24 04:00,2,2,0,0,0,0
2022-05-24 04:15,2,0,2,0,0,0
2022-05-24 04:30,2,1,1,0,0,0
2022-05-24 04:45,3,1,2,0,0,0
2022-05-24 05:00,9,2,7,0,0,0
2022-05-24 05:15,14,9,5,0,0,0
2022-05-24 05:30,7,6,1,0,0,0
2022-05-24 05:45,20,8,12,0,0,0
2022-05-24 06:00,19,11,8,0,0,0
2022-05-24 06:15,38,14,24,0,0,0
2022-05-24 06:30,31,11,20,0,0,0
2022-05-24 06:45,64,34,30,0,0,0
2022-05-24 07:00,84,48,36,0,0,0
2022-05-24 07:15,133,63,70,0,0,0
2022-05-24 07:30,158,64,94,0,0,0
2022-05-24 07:45,170,102,68,0,0,0
2022-05-24 08:00,161,69,92,0,0,0
2022-05-24 08:15,170,82,88,0,0,0
2022-05-24 08:30,141,70,71,0,0,0
2022-05-24 08:45,128,55,73,0,0,0
2022-05-24 09:00,88,37,51,0,0,0
2022-05-24 09:15,67,20,47,0,0,0
2022-05-24 09:30,55,14,41,0,0,0
2022-05-24 09:45,96,40,56,0,0,0
2022-05-24 10:00,100,30,70,0,0,0
2022-05-24 10:15,71,27,44,0,0,0
2022-05-24 10:30,71,28,43,0,0,0
2022-05-24 10:45,81,38,43,0,0,0
2022-05-24 11:00,51,25,26,0,0,0
2022-05-24 11:15,76,26,50,0,0,0
2022-05-24 11:30,92,41,51,0,0,0
2022-05-24 11:45,111,47,64,0,0,0
2022-05-24 12:00,131,55,76,0,0,0
2022-05-24 12:15,86,44,42,0,0,0
2022-05-24 12:30,117,60,57,0,0,0
2022-05-24 12:45,102,39,63,0,0,0
2022-05-24 13:00,123,61,62,0,0,0
2022-05-24 13:15,105,51,54,0,0,0
2022-05-24 13:30,106,56,50,0,0,0
2022-05-24 13:45,132,67,65,0,0,0
2022-05-24 14:00,134,62,72,0,0,0
2022-05-24 14:15,135,75,60,0,0,0
2022-05-24 14:30,116,60,56,0,0,0
2022-05-24 14:45,136,66,70,0,0,0
2022-05-24 15:00,121,57,64,0,0,0
2022-05-24 15:15,134,72,62,0,0,0
2022-05-24 15:30,115,58,57,0,0,0
2022-05-24 15:45,159,85,74,0,0,0
2022-05-24 16:00,179,97,82,0,0,0
2022-05-24 16:15,149,76,73,0,0,0
2022-05-24 16:30,112,53,59,0,0,0
2022-05-24 16:45,128,55,73,0,0,0
2022-05-24 17:00,171,60,111,0,0,0
2022-05-24 17:15,131,55,76,0,0,0
2022-05-24 17:30,161,87,74,0,0,0
2022-05-24 17:45,213,86,127,0,0,0
2022-05-24 18:00,161,73,88,0,0,0
2022-05-24 18:15,149,78,71,0,0,0
2022-05-24 18:30,130,66,64,0,0,0
2022-05-24 18:45,157,88,69,0,0,0
2022-05-24 19:00,125,61,64,0,0,0
2022-05-24 19:15,125,81,44,0,0,0
2022-05-24 19:30,128,72,56,0,0,0
2022-05-24 19:45,126,70,56,0,0,0
2022-05-24 20:00,95,35,60,0,0,0
2022-05-24 20:15,95,38,57,0,0,0
2022-05-24 20:30,66,28,38,0,0,0
2022-05-24 20:45,79,45,34,0,0,0
2022-05-24 21:00,68,27,41,0,0,0
2022-05-24 21:15,64,32,32,0,0,0
2022-05-24 21:30,63,30,33,0,0,0
2022-05-24 21:45,61,29,32,0,0,0
2022-05-24 22:00,58,27,31,0,0,0
2022-05-24 22:15,54,26,28,0,0,0
2022-05-24 22:30,67,20,47,0,0,0
2022-05-24 22:45,56,22,34,0,0,0
2022-05-24 23:00,44,15,29,0,0,0
2022-05-24 23:15,32,11,21,0,0,0
2022-05-24 23:30,29,9,20,0,0,0
2022-05-24 23:45,19,7,12,0,0,0
2022-05-25 00:00,10,3,7,0,0,0
2022-05-25 00:15,20,6,14,0,0,0
2022-05-25 00:30,14,9,5,0,0,0
2022-05-25 00:45,8,2,6,0,0,0
2022-05-25 01:00,9,2,7,0,0,0
2022-05-25 01:15,8,2,6,0,0,0
2022-05-25 01:30,5,5,0,0,0,0
2022-05-25 01:45,1,0,1,0,0,0
2022-05-25 02:00,2,2,0,0,0,0
2022-05-25 02:15,1,1,0,0,0,0
2022-05-25 02:30,4,0,4,0,0,0
2022-05-25 02:45,4,3,1,0,0,0
2022-05-25 03:00,2,1,1,0,0,0
2022-05-25 03:15,0,0,0,0,0,0
2022-05-25 03:30,2,0,2,0,0,0
2022-05-25 03:45,1,1,0,0,0,0
2022-05-25 04:00,1,1,0,0,0,0
2022-05-25 04:15,2,0,2,0,0,0
2022-05-25 04:30,5,4,1,0,0,0
2022-05-25 04:45,5,3,2,0,0,0
2022-05-25 05:00,4,2,2,0,0,0
2022-05-25 05:15,19,5,14,0,0,0
2022-05-25 05:30,17,7,10,0,0,0
2022-05-25 05:45,22,10,12,0,0,0
2022-05-25 06:00,22,10,12,0,0,0
2022-05-25 06:15,26,13,13,0,0,0
2022-05-25 06:30,53,25,28,0,0,0
2022-05-25 06:45,67,34,33,0,0,0
2022-05-25 07:00,90,48,42,0,0,0
2022-05-25 07:15,120,46,74,0,0,0
2022-05-25 07:30,157,62,95,0,0,0
2022-05-25 07:45,178,80,98,0,0,0
2022-05-25 08:00,177,78,99,0,0,0
2022-05-25 08:15,141,79,62,0,0,0
2022-05-25 08:30,129,60,69,0,0,0
2022-05-25 08:45,139,60,79,0,0,0
2022-05-25 09:00,113,43,70,0,0,0
2022-05-25 09:15,88,32,56,0,0,0
2022-05-25 09:30,97,42,55,0,0,0
2022-05-25 09:45,130,52,78,0,0,0
2022-05-25 10:00,132,51,81,0,0,0
2022-05-25 10:15,101,43,58,0,0,0
2022-05-25 10:30,101,31,70,0,0,0
2022-05-25 10:45,96,33,63,0,0,0
2022-05-25 11:00,95,43,52,0,0,0
2022-05-25 11:15,97,40,57,0,0,0
2022-05-25 11:30,107,37,70,0,0,0
2022-05-25 11:45,129,60,69,0,0,0
2022-05-25 12:00,149,86,63,0,0,0
2022-05-25 12:15,103,46,57,0,0,0
2022-05-25 12:30,136,68,68,0,0,0
2022-05-25 12:45,154,76,78,0,0,0
2022-05-25 13:00,124,66,58,0,0,0
2022-05-25 13:15,131,58,73,0,0,0
2022-05-25 13:30,137,82,55,0,0,0
2022-05-25 13:45,172,86,86,0,0,0
2022-05-25 14:00,161,86,75,0,0,0
2022-05-25 14:15,122,58,64,0,0,0
2022-05-25 14:30,126,65,61,0,0,0
2022-05-25 14:45,149,84,65,0,0,0
2022-05-25 15:00,118,70,48,0,0,0
2022-05-25 15:15,134,78,56,0,0,0
2022-05-25 15:30,159,71,88,0,0,0
2022-05-25 15:45,170,89,81,0,0,0
2022-05-25 16:00,176,103,73,0,0,0
2022-05-25 16:15,172,98,74,0,0,0
2022-05-25 16:30,180,92,88,0,0,0
2022-05-25 16:45,166,79,87,0,0,0
2022-05-25 17:00,163,73,90,0,0,0
2022-05-25 17:15,171,85,86,0,0,0
2022-05-25 17:30,185,97,88,0,0,0
2022-05-25 17:45,183,98,85,0,0,0
2022-05-25 18:00,182,104,78,0,0,0
2022-05-25 18:15,168,96,72,0,0,0
2022-05-25 18:30,145,80,65,0,0,0
2022-05-25 18:45,159,90,69,0,0,0
2022-05-25 19:00,152,85,67,0,0,0
2022-05-25 19:15,139,86,53,0,0,0
2022-05-25 19:30,132,77,55,0,0,0
2022-05-25 19:45,148,95,53,0,0,0
2022-05-25 20:00,138,94,44,0,0,0
2022-05-25 20:15,127,92,35,0,0,0
2022-05-25 20:30,76,50,26,0,0,0
2022-05-25 20:45,81,36,45,0,0,0
2022-05-25 21:00,76,43,33,0,0,0
2022-05-25 21:15,93,51,42,0,0,0
2022-05-25 21:30,68,32,36,0,0,0
2022-05-25 21:45,64,30,34,0,0,0
2022-05-25 22:00,78,41,37,0,0,0
2022-05-25 22:15,77,25,52,0,0,0
2022-05-25 22:30,109,40,69,0,0,0
2022-05-25 22:45,113,50,63,0,0,0
2022-05-25 23:00,81,44,37,0,0,0
2022-05-25 23:15,71,24,47,0,0,0
2022-05-25 23:30,80,30,50,0,0,0
2022-05-25 23:45,70,37,33,0,0,0
2022-05-26 00:00,71,39,32,0,0,0
2022-05-26 00:15,59,27,32,0,0,0
2022-05-26 00:30,66,44,22,0,0,0
2022-05-26 00:45,84,44,40,0,0,0
2022-05-26 01:00,69,40,29,0,0,0
2022-05-26 01:15,68,20,48,0,0,0
2022-05-26 01:30,87,41,46,0,0,0
2022-05-26 01:45,51,21,30,0,0,0
2022-05-26 02:00,49,22,27,0,0,0
2022-05-26 02:15,51,18,33,0,0,0
2022-05-26 02:30,48,10,38,0,0,0
2022-05-26 02:45,51,11,40,0,0,0
2022-05-26 03:00,36,7,29,0,0,0
2022-05-26 03:15,33,7,26,0,0,0
2022-05-26 03:30,33,5,28,0,0,0
2022-05-26 03:45,57,4,53,0,0,0
2022-05-26 04:00,34,9,25,0,0,0
2022-05-26 04:15,43,4,39,0,0,0
2022-05-26 04:30,37,5,32,0,0,0
2022-05-26 04:45,32,4,28,0,0,0
2022-05-26 05:00,14,2,12,0,0,0
2022-05-26 05:15,26,2,24,0,0,0
2022-05-26 05:30,21,1,20,0,0,0
2022-05-26 05:45,17,2,15,0,0,0
2022-05-26 06:00,17,2,15,0,0,0
2022-05-26 06:15,12,10,2,0,0,0
2022-05-26 06:30,13,2,11,0,0,0
2022-05-26 06:45,8,2,6,0,0,0
2022-05-26 07:00,14,1,13,0,0,0
2022-05-26 07:15,9,3,6,0,0,0
2022-05-26 07:30,15,4,11,0,0,0
2022-05-26 07:45,18,11,7,0,0,0
2022-05-26 08:00,14,8,6,0,0,0
2022-05-26 08:15,18,9,9,0,0,0
2022-05-26 08:30,14,2,12,0,0,0
2022-05-26 08:45,23,11,12,0,0,0
2022-05-26 09:00,30,10,20,0,0,0
2022-05-26 09:15,29,12,17,0,0,0
2022-05-26 09:30,24,9,15,0,0,0
2022-05-26 09:45,49,20,29,0,0,0
2022-05-26 10:00,43,15,28,0,0,0
2022-05-26 10:15,43,17,26,0,0,0
2022-05-26 10:30,34,12,22,0,0,0
2022-05-26 10:45,58,30,28,0,0,0
2022-05-26 11:00,47,27,20,0,0,0
2022-05-26 11:15,46,17,29,0,0,0
2022-05-26 11:30,70,32,38,0,0,0
2022-05-26 11:45,49,24,25,0,0,0
2022-05-26 12:00,61,32,29,0,0,0
2022-05-26 12:15,67,25,42,0,0,0
2022-05-26 12:30,63,34,29,0,0,0
2022-05-26 12:45,78,44,34,0,0,0
2022-05-26 13:00,63,25,38,0,0,0
2022-05-26 13:15,95,45,50,0,0,0
2022-05-26 13:30,88,35,53,0,0,0
2022-05-26 13:45,73,36,37,0,0,0
2022-05-26 14:00,75,47,28,0,0,0
2022-05-26 14:15,105,70,35,0,0,0
2022-05-26 14:30,102,59,43,0,0,0
2022-05-26 14:45,84,43,41,0,0,0
2022-05-26 15:00,64,25,39,0,0,0
2022-05-26 15:15,63,26,37,0,0,0
2022-05-26 15:30,79,36,43,0,0,0
2022-05-26 15:45,91,49,42,0,0,0
2022-05-26 16:00,85,36,49,0,0,0
2022-05-26 16:15,79,33,46,0,0,0
2022-05-26 16:30,80,34,46,0,0,0
2022-05-26 16:45,88,38,50,0,0,0
2022-05-26 17:00,85,38,47,0,0,0
2022-05-26 17:15,84,40,44,0,0,0
2022-05-26 17:30,94,54,40,0,0,0
2022-05-26 17:45,103,61,42,0,0,0
2022-05-26 18:00,92,44,48,0,0,0
2022-05-26 18:15,94,46,48,0,0,0
2022-05-26 18:30,87,47,40,0,0,0
2022-05-26 18:45,102,51,51,0,0,0
2022-05-26 19:00,90,41,49,0,0,0
2022-05-26 19:15,97,41,56,0,0,0
2022-05-26 19:30,90,45,45,0,0,0
2022-05-26 19:45,72,39,33,0,0,0
2022-05-26 20:00,72,35,37,0,0,0
2022-05-26 20:15,66,21,45,0,0,0
2022-05-26 20:30,55,24,31,0,0,0
2022-05-26 20:45,51,18,33,0,0,0
2022-05-26 21:00,75,27,48,0,0,0
2022-05-26 21:15,60,27,33,0,0,0
2022-05-26 21:30,56,21,35,0,0,0
2022-05-26 21:45,76,20,56,0,0,0
2022-05-26 22:00,50,18,32,0,0,0
2022-05-26 22:15,44,13,31,0,0,0
2022-05-26 22:30,72,8,64,0,0,0
2022-05-26 22:45,40,6,34,0,0,0
2022-05-26 23:00,42,12,30,0,0,0
2022-05-26 23:15,34,10,24,0,0,0
2022-05-26 23:30,31,14,17,0,0,0
2022-05-26 23:45,36,17,19,0,0,0
2022-05-27 00:00,21,4,17,0,0,0
2022-05-27 00:15,14,5,9,0,0,0
2022-05-27 00:30,18,6,12,0,0,0
2022-05-27 00:45,15,1,14,0,0,0
2022-05-27 01:00,11,1,10,0,0,0
2022-05-27 01:15,14,7,7,0,0,0
2022-05-27 01:30,4,3,1,0,0,0
2022-05-27 01:45,4,1,3,0,0,0
2022-05-27 02:00,3,2,1,0,0,0
2022-05-27 02:15,8,6,2,0,0,0
2022-05-27 02:30,11,6,5,0,0,0
2022-05-27 02:45,3,2,1,0,0,0
2022-05-27 03:00,2,0,2,0,0,0
2022-05-27 03:15,3,2,1,0,0,0
2022-05-27 03:30,7,4,3,0,0,0
2022-05-27 03:45,2,1,1,0,0,0
2022-05-27 04:00,2,2,0,0,0,0
2022-05-27 04:15,0,0,0,0,0,0
2022-05-27 04:30,4,1,3,0,0,0
2022-05-27 04:45,1,0,1,0,0,0
2022-05-27 05:00,3,1,2,0,0,0
2022-05-27 05:15,4,1,3,0,0,0
2022-05-27 05:30,15,6,9,0,0,0
2022-05-27 05:45,7,5,2,0,0,0
2022-05-27 06:00,19,8,11,0,0,0
2022-05-27 06:15,30,10,20,0,0,0
2022-05-27 06:30,28,6,22,0,0,0
2022-05-27 06:45,38,18,20,0,0,0
2022-05-27 07:00,42,21,21,0,0,0
2022-05-27 07:15,35,18,17,0,0,0
2022-05-27 07:30,66,35,31,0,0,0
2022-05-27 07:45,94,43,51,0,0,0
2022-05-27 08:00,91,47,44,0,0,0
2022-05-27 08:15,84,40,44,0,0,0
2022-05-27 08:30,76,47,29,0,0,0
2022-05-27 08:45,79,28,51,0,0,0
2022-05-27 09:00,78,36,42,0,0,0
2022-05-27 09:15,66,24,42,0,0,0
2022-05-27 09:30,73,24,49,0,0,0
2022-05-27 09:45,78,26,52,0,0,0
2022-05-27 10:00,99,30,69,0,0,0
2022-05-27 10:15,100,54,46,0,0,0
2022-05-27 10:30,105,47,58,0,0,0
2022-05-27 10:45,98,46,52,0,0,0
2022-05-27 11:00,87,33,54,0,0,0
2022-05-27 11:15,86,36,50,0,0,0
2022-05-27 11:30,95,43,52,0,0,0
2022-05-27 11:45,102,45,57,0,0,0
2022-05-27 12:00,116,49,67,0,0,0
2022-05-27 12:15,118,52,66,0,0,0
2022-05-27 12:30,108,47,61,0,0,0
2022-05-27 12:45,149,71,78,0,0,0
2022-05-27 13:00,145,75,70,0,0,0
2022-05-27 13:15,139,57,82,0,0,0
2022-05-27 13:30,117,65,52,0,0,0
2022-05-27 13:45,148,87,61,0,0,0
2022-05-27 14:00,115,47,68,0,0,0
2022-05-27 14:15,128,62,66,0,0,0
2022-05-27 14:30,134,60,74,0,0,0
2022-05-27 14:45,124,45,79,0,0,0
2022-05-27 15:00,96,51,45,0,0,0
2022-05-27 15:15,132,62,70,0,0,0
2022-05-27 15:30,118,54,64,0,0,0
2022-05-27 15:45,119,60,59,0,0,0
2022-05-27 16:00,112,54,58,0,0,0
2022-05-27 16:15,116,61,55,0,0,0
2022-05-27 16:30,119,58,61,0,0,0
2022-05-27 16:45,101,49,52,0,0,0
2022-05-27 17:00,123,64,59,0,0,0
2022-05-27 17:15,144,84,60,0,0,0
2022-05-27 17:30,129,76,53,0,0,0
2022-05-27 17:45,151,72,79,0,0,0
2022-05-27 18:00,103,64,39,0,0,0
2022-05-27 18:15,139,94,45,0,0,0
2022-05-27 18:30,102,64,38,0,0,0
2022-05-27 18:45,134,79,55,0,0,0
2022-05-27 19:00,99,55,44,0,0,0
2022-05-27 19:15,128,68,60,0,0,0
2022-05-27 19:30,116,54,62,0,0,0
2022-05-27 19:45,131,66,65,0,0,0
2022-05-27 20:00,107,50,57,0,0,0
2022-05-27 20:15,106,59,47,0,0,0
2022-05-27 20:30,83,53,30,0,0,0
2022-05-27 20:45,90,54,36,0,0,0
2022-05-27 21:00,74,33,41,0,0,0
2022-05-27 21:15,70,37,33,0,0,0
2022-05-27 21:30,44,16,28,0,0,0
2022-05-27 21:45,60,27,33,0,0,0
2022-05-27 22:00,74,31,43,0,0,0
2022-05-27 22:15,51,20,31,0,0,0
2022-05-27 22:30,72,18,54,0,0,0
2022-05-27 22:45,52,22,30,0,0,0
2022-05-27 23:00,77,27,50,0,0,0
2022-05-27 23:15,46,27,19,0,0,0
2022-05-27 23:30,40,19,21,0,0,0
2022-05-27 23:45,34,16,18,0,0,0
2022-05-28 00:00,58,27,31,0,0,0
2022-05-28 00:15,37,24,13,0,0,0
2022-05-28 00:30,44,24,20,0,0,0
2022-05-28 00:45,31,16,15,0,0,0
2022-05-28 01:00,47,23,24,0,0,0
2022-05-28 01:15,48,11,37,0,0,0
2022-05-28 01:30,33,8,25,0,0,0
2022-05-28 01:45,23,4,19,0,0,0
2022-05-28 02:00,20,5,15,0,0,0
2022-05-28 02:15,34,14,20,0,0,0
2022-05-28 02:30,32,7,25,0,0,0
2022-05-28 02:45,10,3,7,0,0,0
2022-05-28 03:00,17,6,11,0,0,0
2022-05-28 03:15,24,9,15,0,0,0
2022-05-28 03:30,15,4,11,0,0,0
2022-05-28 03:45,6,3,3,0,0,0
2022-05-28 04:00,15,1,14,0,0,0
2022-05-28 04:15,7,3,4,0,0,0
2022-05-28 04:30,8,2,6,0,0,0
2022-05-28 04:45,14,3,11,0,0,0
2022-05-28 05:00,7,2,5,0,0,0
2022-05-28 05:15,12,2,10,0,0,0
2022-05-28 05:30,18,6,12,0,0,0
2022-05-28 05:45,11,4,7,0,0,0
2022-05-28 06:00,14,3,11,0,0,0
2022-05-28 06:15,14,2,12,0,0,0
2022-05-28 06:30,20,7,13,0,0,0
2022-05-28 06:45,5,2,3,0,0,0
2022-05-28 07:00,12,8,4,0,0,0
2022-05-28 07:15,18,6,12,0,0,0
2022-05-28 07:30,23,11,12,0,0,0
2022-05-28 07:45,25,11,14,0,0,0
2022-05-28 08:00,20,10,10,0,0,0
2022-05-28 08:15,17,2,15,0,0,0
2022-05-28 08:30,29,16,13,0,0,0
2022-05-28 08:45,49,19,30,0,0,0
2022-05-28 09:00,37,14,23,0,0,0
2022-05-28 09:15,32,16,16,0,0,0
2022-05-28 09:30,39,16,23,0,0,0
2022-05-28 09:45,93,39,54,0,0,0
2022-05-28 10:00,73,34,39,0,0,0
2022-05-28 10:15,76,33,43,0,0,0
2022-05-28 10:30,101,37,64,0,0,0
2022-05-28 10:45,90,36,54,0,0,0
2022-05-28 11:00,99,28,71,0,0,0
2022-05-28 11:15,82,34,48,0,0,0
2022-05-28 11:30,80,22,58,0,0,0
2022-05-28 11:45,82,27,55,0,0,0
2022-05-28 12:00,79,29,50,0,0,0
2022-05-28 12:15,77,29,48,0,0,0
2022-05-28 12:30,102,33,69,0,0,0
2022-05-28 12:45,75,26,49,0,0,0
2022-05-28 13:00,64,29,35,0,0,0
2022-05-28 13:15,81,38,43,0,0,0
2022-05-28 13:30,88,39,49,0,0,0
2022-05-28 13:45,97,45,52,0,0,0
2022-05-28 14:00,117,48,69,0,0,0
2022-05-28 14:15,83,47,36,0,0,0
2022-05-28 14:30,103,44,59,0,0,0
2022-05-28 14:45,103,38,65,0,0,0
2022-05-28 15:00,112,68,44,0,0,0
2022-05-28 15:15,106,59,47,0,0,0
2022-05-28 15:30,91,41,50,0,0,0
2022-05-28 15:45,82,42,40,0,0,0
2022-05-28 16:00,77,43,34,0,0,0
2022-05-28 16:15,74,44,30,0,0,0
2022-05-28 16:30,94,53,41,0,0,0
2022-05-28 16:45,97,59,38,0,0,0
2022-05-28 17:00,91,50,41,0,0,0
2022-05-28 17:15,113,63,50,0,0,0
2022-05-28 17:30,101,47,54,0,0,0
2022-05-28 17:45,105,62,43,0,0,0
2022-05-28 18:00,106,40,66,0,0,0
2022-05-28 18:15,90,41,49,0,0,0
2022-05-28 18:30,85,44,41,0,0,0
2022-05-28 18:45,94,35,59,0,0,0
2022-05-28 19:00,88,57,31,0,0,0
2022-05-28 19:15,99,56,43,0,0,0
2022-05-28 19:30,72,40,32,0,0,0
2022-05-28 19:45,116,48,68,0,0,0
2022-05-28 20:00,100,49,51,0,0,0
2022-05-28 20:15,77,34,43,0,0,0
2022-05-28 20:30,88,49,39,0,0,0
2022-05-28 20:45,65,26,39,0,0,0
2022-05-28 21:00,59,34,25,0,0,0
2022-05-28 21:15,57,31,26,0,0,0
2022-05-28 21:30,45,19,26,0,0,0
2022-05-28 21:45,69,32,37,0,0,0
2022-05-28 22:00,43,25,18,0,0,0
2022-05-28 22:15,47,18,29,0,0,0
2022-05-28 22:30,59,23,36,0,0,0
2022-05-28 22:45,62,28,34,0,0,0
2022-05-28 23:00,67,26,41,0,0,0
2022-05-28 23:15,27,12,15,0,0,0
2022-05-28 23:30,58,25,33,0,0,0
2022-05-28 23:45,72,33,39,0,0,0
2022-05-29 00:00,47,20,27,0,0,0
2022-05-29 00:15,74,41,33,0,0,0
2022-05-29 00:30,55,31,24,0,0,0
2022-05-29 00:45,56,25,31,0,0,0
2022-05-29 01:00,50,22,28,0,0,0
2022-05-29 01:15,29,14,15,0,0,0
2022-05-29 01:30,36,12,24,0,0,0
2022-05-29 01:45,29,9,20,0,0,0
2022-05-29 02:00,21,7,14,0,0,0
2022-05-29 02:15,43,15,28,0,0,0
2022-05-29 02:30,32,8,24,0,0,0
2022-05-29 02:45,21,3,18,0,0,0
2022-05-29 03:00,22,4,18,0,0,0
2022-05-29 03:15,19,7,12,0,0,0
2022-05-29 03:30,20,4,16,0,0,0
2022-05-29 03:45,29,11,18,0,0,0
2022-05-29 04:00,26,5,21,0,0,0
2022-05-29 04:15,13,1,12,0,0,0
2022-05-29 04:30,17,2,15,0,0,0
2022-05-29 04:45,13,1,12,0,0,0
2022-05-29 05:00,8,1,7,0,0,0
2022-05-29 05:15,13,4,9,0,0,0
2022-05-29 05:30,16,2,14,0,0,0
2022-05-29 05:45,17,3,14,0,0,0
2022-05-29 06:00,7,1,6,0,0,0
2022-05-29 06:15,11,3,8,0,0,0
2022-05-29 06:30,8,1,7,0,0,0
2022-05-29 06:45,8,2,6,0,0,0
2022-05-29 07:00,7,2,5,0,0,0
2022-05-29 07:15,7,1,6,0,0,0
2022-05-29 07:30,16,1,15,0,0,0
2022-05-29 07:45,14,2,12,0,0,0
2022-05-29 08:00,11,5,6,0,0,0
2022-05-29 08:15,16,7,9,0,0,0
2022-05-29 08:30,16,7,9,0,0,0
2022-05-29 08:45,15,6,9,0,0,0
2022-05-29 09:00,20,9,11,0,0,0
2022-05-29 09:15,23,6,17,0,0,0
2022-05-29 09:30,33,12,21,0,0,0
2022-05-29 09:45,30,15,15,0,0,0
2022-05-29 10:00,42,14,28,0,0,0
2022-05-29 10:15,38,11,27,0,0,0
2022-05-29 10:30,35,8,27,0,0,0
2022-05-29 10:45,41,17,24,0,0,0
2022-05-29 11:00,43,21,22,0,0,0
2022-05-29 11:15,50,22,28,0,0,0
2022-05-29 11:30,42,20,22,0,0,0
2022-05-29 11:45,44,25,19,0,0,0
2022-05-29 12:00,43,21,22,0,0,0
2022-05-29 12:15,35,18,17,0,0,0
2022-05-29 12:30,49,20,29,0,0,0
2022-05-29 12:45,55,23,32,0,0,0
2022-05-29 13:00,49,20,29,0,0,0
2022-05-29 13:15,54,21,33,0,0,0
2022-05-29 13:30,47,15,32,0,0,0
2022-05-29 13:45,43,21,22,0,0,0
2022-05-29 14:00,74,38,36,0,0,0
2022-05-29 14:15,82,34,48,0,0,0
2022-05-29 14:30,69,19,50,0,0,0
2022-05-29 14:45,75,39,36,0,0,0
2022-05-29 15:00,43,18,25,0,0,0
2022-05-29 15:15,67,44,23,0,0,0
2022-05-29 15:30,57,25,32,0,0,0
2022-05-29 15:45,64,23,41,0,0,0
2022-05-29 16:00,94,51,43,0,0,0
2022-05-29 16:15,84,37,47,0,0,0
2022-05-29 16:30,60,23,37,0,0,0
2022-05-29 16:45,81,38,43,0,0,0
2022-05-29 17:00,87,42,45,0,0,0
2022-05-29 17:15,83,38,45,0,0,0
2022-05-29 17:30,84,37,47,0,0,0
2022-05-29 17:45,66,35,31,0,0,0
2022-05-29 18:00,71,30,41,0,0,0
2022-05-29 18:15,76,37,39,0,0,0
2022-05-29 18:30,74,32,42,0,0,0
2022-05-29 18:45,75,40,35,0,0,0
2022-05-29 19:00,78,40,38,0,0,0
2022-05-29 19:15,47,22,25,0,0,0
2022-05-29 19:30,72,37,35,0,0,0
2022-05-29 19:45,72,28,44,0,0,0
2022-05-29 20:00,57,20,37,0,0,0
2022-05-29 20:15,66,28,38,0,0,0
2022-05-29 20:30,34,13,21,0,0,0
2022-05-29 20:45,57,25,32,0,0,0
2022-05-29 21:00,49,12,37,0,0,0
2022-05-29 21:15,34,11,23,0,0,0
2022-05-29 21:30,35,17,18,0,0,0
2022-05-29 21:45,33,8,25,0,0,0
2022-05-29 22:00,35,18,17,0,0,0
2022-05-29 22:15,32,5,27,0,0,0
2022-05-29 22:30,37,8,29,0,0,0
2022-05-29 22:45,27,7,20,0,0,0
2022-05-29 23:00,28,11,17,0,0,0
2022-05-29 23:15,31,10,21,0,0,0
2022-05-29 23:30,12,5,7,0,0,0
2022-05-29 23:45,6,3,3,0,0,0
2022-05-30 00:00,11,4,7,0,0,0
2022-05-30 00:15,3,3,0,0,0,0
2022-05-30 00:30,8,4,4,0,0,0
2022-05-30 00:45,5,1,4,0,0,0
2022-05-30 01:00,7,0,7,0,0,0
2022-05-30 01:15,4,0,4,0,0,0
2022-05-30 01:30,3,3,0,0,0,0
2022-05-30 01:45,4,0,4,0,0,0
2022-05-30 02:00,4,0,4,0,0,0
2022-05-30 02:15,1,0,1,0,0,0
2022-05-30 02:30,1,1,0,0,0,0
2022-05-30 02:45,0,0,0,0,0,0
2022-05-30 03:00,0,0,0,0,0,0
2022-05-30 03:15,1,1,0,0,0,0
2022-05-30 03:30,0,0,0,0,0,0
2022-05-30 03:45,2,2,0,0,0,0
2022-05-30 04:00,1,1,0,0,0,0
2022-05-30 04:15,0,0,0,0,0,0
2022-05-30 04:30,1,0,1,0,0,0
2022-05-30 04:45,1,0,1,0,0,0
2022-05-30 05:00,4,1,3,0,0,0
2022-05-30 05:15,6,4,2,0,0,0
2022-05-30 05:30,13,6,7,0,0,0
2022-05-30 05:45,27,15,12,0,0,0
2022-05-30 06:00,23,12,11,0,0,0
2022-05-30 06:15,35,16,19,0,0,0
2022-05-30 06:30,36,13,23,0,0,0
2022-05-30 06:45,86,42,44,0,0,0
2022-05-30 07:00,93,52,41,0,0,0
2022-05-30 07:15,124,56,68,0,0,0
2022-05-30 07:30,150,66,84,0,0,0
2022-05-30 07:45,159,94,65,0,0,0
2022-05-30 08:00,128,63,65,0,0,0
2022-05-30 08:15,135,81,54,0,0,0
2022-05-30 08:30,152,71,81,0,0,0
2022-05-30 08:45,141,56,85,0,0,0
2022-05-30 09:00,97,52,45,0,0,0
2022-05-30 09:15,100,43,57,0,0,0
2022-05-30 09:30,82,35,47,0,0,0
2022-05-30 09:45,109,35,74,0,0,0
2022-05-30 10:00,111,46,65,0,0,0
2022-05-30 10:15,102,41,61,0,0,0
2022-05-30 10:30,79,28,51,0,0,0
2022-05-30 10:45,104,47,57,0,0,0
2022-05-30 11:00,82,31,51,0,0,0
2022-05-30 11:15,93,33,60,0,0,0
2022-05-30 11:30,111,48,63,0,0,0
2022-05-30 11:45,134,60,74,0,0,0
2022-05-30 12:00,129,33,96,0,0,0
2022-05-30 12:15,115,50,65,0,0,0
2022-05-30 12:30,83,55,28,0,0,0
2022-05-30 12:45,119,63,56,0,0,0
2022-05-30 13:00,122,66,56,0,0,0
2022-05-30 13:15,102,50,52,0,0,0
2022-05-30 13:30,122,72,50,0,0,0
2022-05-30 13:45,143,75,68,0,0,0
2022-05-30 14:00,154,74,80,0,0,0
2022-05-30 14:15,115,54,61,0,0,0
2022-05-30 14:30,93,50,43,0,0,0
2022-05-30 14:45,101,50,51,0,0,0
2022-05-30 15:00,117,63,54,0,0,0
2022-05-30 15:15,123,70,53,0,0,0
2022-05-30 15:30,114,45,69,0,0,0
2022-05-30 15:45,154,74,80,0,0,0
2022-05-30 16:00,153,79,74,0,0,0
2022-05-30 16:15,161,88,73,0,0,0
2022-05-30 16:30,157,76,81,0,0,0
2022-05-30 16:45,170,82,88,0,0,0
2022-05-30 17:00,157,64,93,0,0,0
2022-05-30 17:15,175,86,89,0,0,0
2022-05-30 17:30,155,75,80,0,0,0
2022-05-30 17:45,176,93,83,0,0,0
2022-05-30 18:00,159,91,68,0,0,0
2022-05-30 18:15,146,77,69,0,0,0
2022-05-30 18:30,147,82,65,0,0,0
2022-05-30 18:45,152,86,66,0,0,0
2022-05-30 19:00,123,60,63,0,0,0
2022-05-30 19:15,151,90,61,0,0,0
2022-05-30 19:30,95,45,50,0,0,0
2022-05-30 19:45,124,54,70,0,0,0
2022-05-30 20:00,124,58,66,0,0,0
2022-05-30 20:15,87,42,45,0,0,0
2022-05-30 20:30,80,36,44,0,0,0
2022-05-30 20:45,67,24,43,0,0,0
2022-05-30 21:00,54,33,21,0,0,0
2022-05-30 21:15,57,30,27,0,0,0
2022-05-30 21:30,52,23,29,0,0,0
2022-05-30 21:45,48,22,26,0,0,0
2022-05-30 22:00,51,29,22,0,0,0
2022-05-30 22:15,65,24,41,0,0,0
2022-05-30 22:30,63,21,42,0,0,0
2022-05-30 22:45,56,9,47,0,0,0
2022-05-30 23:00,31,12,19,0,0,0
2022-05-30 23:15,22,8,14,0,0,0
2022-05-30 23:30,30,14,16,0,0,0
2022-05-30 23:45,15,8,7,0,0,0
