Datetime,100031300 (HafenstraÃŸe),101031300 (Channel 1 IN),102031300 (Channel 2 OUT),100031300-status,101031300-status,102031300-status
2022-07-01 00:00,23,10,13,0,0,0
2022-07-01 00:15,20,7,13,0,0,0
2022-07-01 00:30,23,7,16,0,0,0
2022-07-01 00:45,18,12,6,0,0,0
2022-07-01 01:00,12,4,8,0,0,0
2022-07-01 01:15,16,7,9,0,0,0
2022-07-01 01:30,14,4,10,0,0,0
2022-07-01 01:45,6,3,3,0,0,0
2022-07-01 02:00,10,0,10,0,0,0
2022-07-01 02:15,12,1,11,0,0,0
2022-07-01 02:30,5,1,4,0,0,0
2022-07-01 02:45,5,0,5,0,0,0
2022-07-01 03:00,15,1,14,0,0,0
2022-07-01 03:15,16,3,13,0,0,0
2022-07-01 03:30,3,0,3,0,0,0
2022-07-01 03:45,10,3,7,0,0,0
2022-07-01 04:00,11,3,8,0,0,0
2022-07-01 04:15,5,0,5,0,0,0
2022-07-01 04:30,6,3,3,0,0,0
2022-07-01 04:45,4,1,3,0,0,0
2022-07-01 05:00,4,1,3,0,0,0
2022-07-01 05:15,14,8,6,0,0,0
2022-07-01 05:30,14,6,8,0,0,0
2022-07-01 05:45,17,8,9,0,0,0
2022-07-01 06:00,19,4,15,0,0,0
2022-07-01 06:15,41,15,26,0,0,0
2022-07-01 06:30,34,10,24,0,0,0
2022-07-01 06:45,55,33,22,0,0,0
2022-07-01 07:00,58,27,31,0,0,0
2022-07-01 07:15,77,44,33,0,0,0
2022-07-01 07:30,79,34,45,0,0,0
2022-07-01 07:45,134,65,69,0,0,0
2022-07-01 08:00,115,62,53,0,0,0
2022-07-01 08:15,95,35,60,0,0,0
2022-07-01 08:30,115,65,50,0,0,0
2022-07-01 08:45,129,58,71,0,0,0
2022-07-01 09:00,82,38,44,0,0,0
2022-07-01 09:15,69,31,38,0,0,0
2022-07-01 09:30,72,31,41,0,0,0
2022-07-01 09:45,114,51,63,0,0,0
2022-07-01 10:00,83,34,49,0,0,0
2022-07-01 10:15,73,27,46,0,0,0
2022-07-01 10:30,78,30,48,0,0,0
2022-07-01 10:45,87,35,52,0,0,0
2022-07-01 11:00,91,33,58,0,0,0
2022-07-01 11:15,87,33,54,0,0,0
2022-07-01 11:30,90,35,55,0,0,0
2022-07-01 11:45,120,46,74,0,0,0
2022-07-01 12:00,98,37,61,0,0,0
2022-07-01 12:15,110,48,62,0,0,0
2022-07-01 12:30,98,35,63,0,0,0
2022-07-01 12:45,103,38,65,0,0,0
2022-07-01 13:00,112,68,44,0,0,0
2022-07-01 13:15,136,49,87,0,0,0
2022-07-01 13:30,130,56,74,0,0,0
2022-07-01 13:45,136,62,74,0,0,0
2022-07-01 14:00,149,72,77,0,0,0
2022-07-01 14:15,126,67,59,0,0,0
2022-07-01 14:30,132,68,64,0,0,0
2022-07-01 14:45,111,54,57,0,0,0
2022-07-01 15:00,119,67,52,0,0,0
2022-07-01 15:15,107,50,57,0,0,0
2022-07-01 15:30,109,48,61,0,0,0
2022-07-01 15:45,139,65,74,0,0,0
2022-07-01 16:00,150,84,66,0,0,0
2022-07-01 16:15,121,64,57,0,0,0
2022-07-01 16:30,137,66,71,0,0,0
2022-07-01 16:45,95,43,52,0,0,0
2022-07-01 17:00,106,54,52,0,0,0
2022-07-01 17:15,130,65,65,0,0,0
2022-07-01 17:30,109,57,52,0,0,0
2022-07-01 17:45,138,74,64,0,0,0
2022-07-01 18:00,131,66,65,0,0,0
2022-07-01 18:15,139,81,58,0,0,0
2022-07-01 18:30,110,71,39,0,0,0
2022-07-01 18:45,132,83,49,0,0,0
2022-07-01 19:00,104,70,34,0,0,0
2022-07-01 19:15,126,78,48,0,0,0
2022-07-01 19:30,104,55,49,0,0,0
2022-07-01 19:45,119,62,57,0,0,0
2022-07-01 20:00,113,64,49,0,0,0
2022-07-01 20:15,89,47,42,0,0,0
2022-07-01 20:30,80,33,47,0,0,0
2022-07-01 20:45,92,47,45,0,0,0
2022-07-01 21:00,108,62,46,0,0,0
2022-07-01 21:15,70,39,31,0,0,0
2022-07-01 21:30,62,31,31,0,0,0
2022-07-01 21:45,82,40,42,0,0,0
2022-07-01 22:00,70,24,46,0,0,0
2022-07-01 22:15,74,26,48,0,0,0
2022-07-01 22:30,68,21,47,0,0,0
2022-07-01 22:45,75,22,53,0,0,0
2022-07-01 23:00,57,28,29,0,0,0
2022-07-01 23:15,44,15,29,0,0,0
2022-07-01 23:30,60,26,34,0,0,0
2022-07-01 23:45,50,20,30,0,0,0
2022-07-02 00:00,44,18,26,0,0,0
2022-07-02 00:15,41,23,18,0,0,0
2022-07-02 00:30,57,24,33,0,0,0
2022-07-02 00:45,52,21,31,0,0,0
2022-07-02 01:00,45,23,22,0,0,0
2022-07-02 01:15,48,23,25,0,0,0
2022-07-02 01:30,34,15,19,0,0,0
2022-07-02 01:45,19,5,14,0,0,0
2022-07-02 02:00,26,9,17,0,0,0
2022-07-02 02:15,26,7,19,0,0,0
2022-07-02 02:30,33,15,18,0,0,0
2022-07-02 02:45,24,8,16,0,0,0
2022-07-02 03:00,22,4,18,0,0,0
2022-07-02 03:15,32,12,20,0,0,0
2022-07-02 03:30,11,6,5,0,0,0
2022-07-02 03:45,13,4,9,0,0,0
2022-07-02 04:00,20,6,14,0,0,0
2022-07-02 04:15,8,1,7,0,0,0
2022-07-02 04:30,9,0,9,0,0,0
2022-07-02 04:45,5,0,5,0,0,0
2022-07-02 05:00,14,1,13,0,0,0
2022-07-02 05:15,6,3,3,0,0,0
2022-07-02 05:30,12,3,9,0,0,0
2022-07-02 05:45,13,5,8,0,0,0
2022-07-02 06:00,9,3,6,0,0,0
2022-07-02 06:15,9,5,4,0,0,0
2022-07-02 06:30,19,7,12,0,0,0
2022-07-02 06:45,9,3,6,0,0,0
2022-07-02 07:00,15,5,10,0,0,0
2022-07-02 07:15,12,4,8,0,0,0
2022-07-02 07:30,26,11,15,0,0,0
2022-07-02 07:45,29,10,19,0,0,0
2022-07-02 08:00,23,9,14,0,0,0
2022-07-02 08:15,28,11,17,0,0,0
2022-07-02 08:30,45,21,24,0,0,0
2022-07-02 08:45,48,15,33,0,0,0
2022-07-02 09:00,56,28,28,0,0,0
2022-07-02 09:15,67,33,34,0,0,0
2022-07-02 09:30,62,25,37,0,0,0
2022-07-02 09:45,77,37,40,0,0,0
2022-07-02 10:00,83,43,40,0,0,0
2022-07-02 10:15,58,22,36,0,0,0
2022-07-02 10:30,84,39,45,0,0,0
2022-07-02 10:45,81,38,43,0,0,0
2022-07-02 11:00,83,39,44,0,0,0
2022-07-02 11:15,100,45,55,0,0,0
2022-07-02 11:30,120,55,65,0,0,0
2022-07-02 11:45,125,77,48,0,0,0
2022-07-02 12:00,116,67,49,0,0,0
2022-07-02 12:15,125,65,60,0,0,0
2022-07-02 12:30,146,93,53,0,0,0
2022-07-02 12:45,111,59,52,0,0,0
2022-07-02 13:00,118,73,45,0,0,0
2022-07-02 13:15,120,78,42,0,0,0
2022-07-02 13:30,89,44,45,0,0,0
2022-07-02 13:45,127,62,65,0,0,0
2022-07-02 14:00,128,72,56,0,0,0
2022-07-02 14:15,132,81,51,0,0,0
2022-07-02 14:30,156,84,72,0,0,0
2022-07-02 14:45,94,40,54,0,0,0
2022-07-02 15:00,105,48,57,0,0,0
2022-07-02 15:15,111,50,61,0,0,0
2022-07-02 15:30,104,53,51,0,0,0
2022-07-02 15:45,108,54,54,0,0,0
2022-07-02 16:00,101,47,54,0,0,0
2022-07-02 16:15,119,68,51,0,0,0
2022-07-02 16:30,93,51,42,0,0,0
2022-07-02 16:45,111,45,66,0,0,0
2022-07-02 17:00,132,75,57,0,0,0
2022-07-02 17:15,107,63,44,0,0,0
2022-07-02 17:30,87,50,37,0,0,0
2022-07-02 17:45,114,69,45,0,0,0
2022-07-02 18:00,109,67,42,0,0,0
2022-07-02 18:15,122,75,47,0,0,0
2022-07-02 18:30,135,77,58,0,0,0
2022-07-02 18:45,143,77,66,0,0,0
2022-07-02 19:00,112,72,40,0,0,0
2022-07-02 19:15,126,78,48,0,0,0
2022-07-02 19:30,100,48,52,0,0,0
2022-07-02 19:45,130,81,49,0,0,0
2022-07-02 20:00,93,47,46,0,0,0
2022-07-02 20:15,105,52,53,0,0,0
2022-07-02 20:30,95,36,59,0,0,0
2022-07-02 20:45,115,55,60,0,0,0
2022-07-02 21:00,89,32,57,0,0,0
2022-07-02 21:15,96,42,54,0,0,0
2022-07-02 21:30,95,36,59,0,0,0
2022-07-02 21:45,77,28,49,0,0,0
2022-07-02 22:00,71,24,47,0,0,0
2022-07-02 22:15,87,33,54,0,0,0
2022-07-02 22:30,107,38,69,0,0,0
2022-07-02 22:45,102,30,72,0,0,0
2022-07-02 23:00,89,45,44,0,0,0
2022-07-02 23:15,75,26,49,0,0,0
2022-07-02 23:30,97,31,66,0,0,0
2022-07-02 23:45,82,36,46,0,0,0
2022-07-03 00:00,82,33,49,0,0,0
2022-07-03 00:15,74,26,48,0,0,0
2022-07-03 00:30,78,35,43,0,0,0
2022-07-03 00:45,66,36,30,0,0,0
2022-07-03 01:00,51,18,33,0,0,0
2022-07-03 01:15,48,21,27,0,0,0
2022-07-03 01:30,58,27,31,0,0,0
2022-07-03 01:45,48,26,22,0,0,0
2022-07-03 02:00,30,9,21,0,0,0
2022-07-03 02:15,19,2,17,0,0,0
2022-07-03 02:30,27,9,18,0,0,0
2022-07-03 02:45,43,9,34,0,0,0
2022-07-03 03:00,10,2,8,0,0,0
2022-07-03 03:15,30,11,19,0,0,0
2022-07-03 03:30,25,1,24,0,0,0
2022-07-03 03:45,25,7,18,0,0,0
2022-07-03 04:00,22,7,15,0,0,0
2022-07-03 04:15,17,1,16,0,0,0
2022-07-03 04:30,15,5,10,0,0,0
2022-07-03 04:45,11,0,11,0,0,0
2022-07-03 05:00,18,1,17,0,0,0
2022-07-03 05:15,17,4,13,0,0,0
2022-07-03 05:30,8,1,7,0,0,0
2022-07-03 05:45,8,3,5,0,0,0
2022-07-03 06:00,13,1,12,0,0,0
2022-07-03 06:15,8,0,8,0,0,0
2022-07-03 06:30,7,3,4,0,0,0
2022-07-03 06:45,7,4,3,0,0,0
2022-07-03 07:00,5,1,4,0,0,0
2022-07-03 07:15,6,2,4,0,0,0
2022-07-03 07:30,20,4,16,0,0,0
2022-07-03 07:45,15,2,13,0,0,0
2022-07-03 08:00,12,4,8,0,0,0
2022-07-03 08:15,22,5,17,0,0,0
2022-07-03 08:30,14,6,8,0,0,0
2022-07-03 08:45,9,6,3,0,0,0
2022-07-03 09:00,30,12,18,0,0,0
2022-07-03 09:15,25,13,12,0,0,0
2022-07-03 09:30,28,11,17,0,0,0
2022-07-03 09:45,30,11,19,0,0,0
2022-07-03 10:00,44,20,24,0,0,0
2022-07-03 10:15,43,23,20,0,0,0
2022-07-03 10:30,53,19,34,0,0,0
2022-07-03 10:45,69,41,28,0,0,0
2022-07-03 11:00,53,23,30,0,0,0
2022-07-03 11:15,80,35,45,0,0,0
2022-07-03 11:30,63,26,37,0,0,0
2022-07-03 11:45,71,39,32,0,0,0
2022-07-03 12:00,52,20,32,0,0,0
2022-07-03 12:15,88,43,45,0,0,0
2022-07-03 12:30,63,36,27,0,0,0
2022-07-03 12:45,77,44,33,0,0,0
2022-07-03 13:00,73,27,46,0,0,0
2022-07-03 13:15,78,36,42,0,0,0
2022-07-03 13:30,79,41,38,0,0,0
2022-07-03 13:45,91,41,50,0,0,0
2022-07-03 14:00,60,21,39,0,0,0
2022-07-03 14:15,88,50,38,0,0,0
2022-07-03 14:30,85,49,36,0,0,0
2022-07-03 14:45,93,52,41,0,0,0
2022-07-03 15:00,65,40,25,0,0,0
2022-07-03 15:15,87,39,48,0,0,0
2022-07-03 15:30,90,44,46,0,0,0
2022-07-03 15:45,103,46,57,0,0,0
2022-07-03 16:00,75,30,45,0,0,0
2022-07-03 16:15,93,44,49,0,0,0
2022-07-03 16:30,94,49,45,0,0,0
2022-07-03 16:45,113,65,48,0,0,0
2022-07-03 17:00,67,23,44,0,0,0
2022-07-03 17:15,90,40,50,0,0,0
2022-07-03 17:30,103,52,51,0,0,0
2022-07-03 17:45,115,49,66,0,0,0
2022-07-03 18:00,102,40,62,0,0,0
2022-07-03 18:15,124,52,72,0,0,0
2022-07-03 18:30,88,43,45,0,0,0
2022-07-03 18:45,95,52,43,0,0,0
2022-07-03 19:00,94,45,49,0,0,0
2022-07-03 19:15,109,63,46,0,0,0
2022-07-03 19:30,85,47,38,0,0,0
2022-07-03 19:45,94,46,48,0,0,0
2022-07-03 20:00,98,36,62,0,0,0
2022-07-03 20:15,84,31,53,0,0,0
2022-07-03 20:30,62,19,43,0,0,0
2022-07-03 20:45,80,27,53,0,0,0
2022-07-03 21:00,62,26,36,0,0,0
2022-07-03 21:15,44,11,33,0,0,0
2022-07-03 21:30,62,27,35,0,0,0
2022-07-03 21:45,46,18,28,0,0,0
2022-07-03 22:00,53,9,44,0,0,0
2022-07-03 22:15,36,11,25,0,0,0
2022-07-03 22:30,70,12,58,0,0,0
2022-07-03 22:45,45,13,32,0,0,0
2022-07-03 23:00,27,12,15,0,0,0
2022-07-03 23:15,23,5,18,0,0,0
2022-07-03 23:30,40,11,29,0,0,0
2022-07-03 23:45,9,3,6,0,0,0
2022-07-04 00:00,11,5,6,0,0,0
2022-07-04 00:15,12,4,8,0,0,0
2022-07-04 00:30,10,1,9,0,0,0
2022-07-04 00:45,7,1,6,0,0,0
2022-07-04 01:00,5,3,2,0,0,0
2022-07-04 01:15,9,6,3,0,0,0
2022-07-04 01:30,5,1,4,0,0,0
2022-07-04 01:45,4,1,3,0,0,0
2022-07-04 02:00,6,1,5,0,0,0
2022-07-04 02:15,1,1,0,0,0,0
2022-07-04 02:30,0,0,0,0,0,0
2022-07-04 02:45,0,0,0,0,0,0
2022-07-04 03:00,1,0,1,0,0,0
2022-07-04 03:15,3,0,3,0,0,0
2022-07-04 03:30,3,0,3,0,0,0
2022-07-04 03:45,1,0,1,0,0,0
2022-07-04 04:00,8,5,3,0,0,0
2022-07-04 04:15,1,0,1,0,0,0
2022-07-04 04:30,4,2,2,0,0,0
2022-07-04 04:45,4,0,4,0,0,0
2022-07-04 05:00,5,2,3,0,0,0
2022-07-04 05:15,16,5,11,0,0,0
2022-07-04 05:30,25,12,13,0,0,0
2022-07-04 05:45,21,5,16,0,0,0
2022-07-04 06:00,20,8,12,0,0,0
2022-07-04 06:15,41,19,22,0,0,0
2022-07-04 06:30,43,19,24,0,0,0
2022-07-04 06:45,79,39,40,0,0,0
2022-07-04 07:00,67,36,31,0,0,0
2022-07-04 07:15,83,52,31,0,0,0
2022-07-04 07:30,107,46,61,0,0,0
2022-07-04 07:45,124,61,63,0,0,0
2022-07-04 08:00,122,57,65,0,0,0
2022-07-04 08:15,135,80,55,0,0,0
2022-07-04 08:30,114,56,58,0,0,0
2022-07-04 08:45,112,59,53,0,0,0
2022-07-04 09:00,83,26,57,0,0,0
2022-07-04 09:15,81,26,55,0,0,0
2022-07-04 09:30,94,45,49,0,0,0
2022-07-04 09:45,119,44,75,0,0,0
2022-07-04 10:00,104,30,74,0,0,0
2022-07-04 10:15,110,40,70,0,0,0
2022-07-04 10:30,92,32,60,0,0,0
2022-07-04 10:45,88,43,45,0,0,0
2022-07-04 11:00,91,39,52,0,0,0
2022-07-04 11:15,90,34,56,0,0,0
2022-07-04 11:30,106,47,59,0,0,0
2022-07-04 11:45,119,42,77,0,0,0
2022-07-04 12:00,115,53,62,0,0,0
2022-07-04 12:15,116,57,59,0,0,0
2022-07-04 12:30,106,53,53,0,0,0
2022-07-04 12:45,105,34,71,0,0,0
2022-07-04 13:00,117,50,67,0,0,0
2022-07-04 13:15,104,50,54,0,0,0
2022-07-04 13:30,122,50,72,0,0,0
2022-07-04 13:45,151,75,76,0,0,0
2022-07-04 14:00,118,53,65,0,0,0
2022-07-04 14:15,111,54,57,0,0,0
2022-07-04 14:30,131,61,70,0,0,0
2022-07-04 14:45,107,61,46,0,0,0
2022-07-04 15:00,123,62,61,0,0,0
2022-07-04 15:15,127,59,68,0,0,0
2022-07-04 15:30,153,86,67,0,0,0
2022-07-04 15:45,137,70,67,0,0,0
2022-07-04 16:00,136,64,72,0,0,0
2022-07-04 16:15,167,86,81,0,0,0
2022-07-04 16:30,148,75,73,0,0,0
2022-07-04 16:45,181,76,105,0,0,0
2022-07-04 17:00,186,97,89,0,0,0
2022-07-04 17:15,158,65,93,0,0,0
2022-07-04 17:30,156,59,97,0,0,0
2022-07-04 17:45,177,80,97,0,0,0
2022-07-04 18:00,166,92,74,0,0,0
2022-07-04 18:15,155,79,76,0,0,0
2022-07-04 18:30,125,70,55,0,0,0
2022-07-04 18:45,143,80,63,0,0,0
2022-07-04 19:00,115,63,52,0,0,0
2022-07-04 19:15,129,71,58,0,0,0
2022-07-04 19:30,95,58,37,0,0,0
2022-07-04 19:45,121,70,51,0,0,0
2022-07-04 20:00,114,53,61,0,0,0
2022-07-04 20:15,91,51,40,0,0,0
2022-07-04 20:30,76,41,35,0,0,0
2022-07-04 20:45,72,38,34,0,0,0
2022-07-04 21:00,74,27,47,0,0,0
2022-07-04 21:15,66,22,44,0,0,0
2022-07-04 21:30,65,35,30,0,0,0
2022-07-04 21:45,63,32,31,0,0,0
2022-07-04 22:00,48,24,24,0,0,0
2022-07-04 22:15,49,21,28,0,0,0
2022-07-04 22:30,65,29,36,0,0,0
2022-07-04 22:45,53,10,43,0,0,0
2022-07-04 23:00,30,8,22,0,0,0
2022-07-04 23:15,29,18,11,0,0,0
2022-07-04 23:30,29,9,20,0,0,0
2022-07-04 23:45,25,10,15,0,0,0
2022-07-05 00:00,14,5,9,0,0,0
2022-07-05 00:15,12,7,5,0,0,0
2022-07-05 00:30,6,1,5,0,0,0
2022-07-05 00:45,17,5,12,0,0,0
2022-07-05 01:00,4,1,3,0,0,0
2022-07-05 01:15,11,2,9,0,0,0
2022-07-05 01:30,8,2,6,0,0,0
2022-07-05 01:45,3,1,2,0,0,0
2022-07-05 02:00,6,3,3,0,0,0
2022-07-05 02:15,5,1,4,0,0,0
2022-07-05 02:30,4,3,1,0,0,0
2022-07-05 02:45,0,0,0,0,0,0
2022-07-05 03:00,2,2,0,0,0,0
2022-07-05 03:15,0,0,0,0,0,0
2022-07-05 03:30,0,0,0,0,0,0
2022-07-05 03:45,1,0,1,0,0,0
2022-07-05 04:00,5,3,2,0,0,0
2022-07-05 04:15,6,3,3,0,0,0
2022-07-05 04:30,7,2,5,0,0,0
2022-07-05 04:45,10,4,6,0,0,0
2022-07-05 05:00,7,0,7,0,0,0
2022-07-05 05:15,9,8,1,0,0,0
2022-07-05 05:30,16,6,10,0,0,0
2022-07-05 05:45,24,13,11,0,0,0
2022-07-05 06:00,21,8,13,0,0,0
2022-07-05 06:15,39,20,19,0,0,0
2022-07-05 06:30,48,18,30,0,0,0
2022-07-05 06:45,87,47,40,0,0,0
2022-07-05 07:00,86,46,40,0,0,0
2022-07-05 07:15,98,56,42,0,0,0
2022-07-05 07:30,109,63,46,0,0,0
2022-07-05 07:45,152,76,76,0,0,0
2022-07-05 08:00,165,70,95,0,0,0
2022-07-05 08:15,137,70,67,0,0,0
2022-07-05 08:30,131,68,63,0,0,0
2022-07-05 08:45,140,68,72,0,0,0
2022-07-05 09:00,97,35,62,0,0,0
2022-07-05 09:15,108,35,73,0,0,0
2022-07-05 09:30,102,25,77,0,0,0
2022-07-05 09:45,102,35,67,0,0,0
2022-07-05 10:00,118,43,75,0,0,0
2022-07-05 10:15,75,36,39,0,0,0
2022-07-05 10:30,71,24,47,0,0,0
2022-07-05 10:45,91,31,60,0,0,0
2022-07-05 11:00,86,39,47,0,0,0
2022-07-05 11:15,64,28,36,0,0,0
2022-07-05 11:30,116,52,64,0,0,0
2022-07-05 11:45,136,47,89,0,0,0
2022-07-05 12:00,108,48,60,0,0,0
2022-07-05 12:15,137,72,65,0,0,0
2022-07-05 12:30,104,47,57,0,0,0
2022-07-05 12:45,101,52,49,0,0,0
2022-07-05 13:00,136,64,72,0,0,0
2022-07-05 13:15,124,70,54,0,0,0
2022-07-05 13:30,132,71,61,0,0,0
2022-07-05 13:45,163,92,71,0,0,0
2022-07-05 14:00,130,57,73,0,0,0
2022-07-05 14:15,104,50,54,0,0,0
2022-07-05 14:30,101,54,47,0,0,0
2022-07-05 14:45,113,65,48,0,0,0
2022-07-05 15:00,105,58,47,0,0,0
2022-07-05 15:15,135,61,74,0,0,0
2022-07-05 15:30,121,52,69,0,0,0
2022-07-05 15:45,142,71,71,0,0,0
2022-07-05 16:00,149,82,67,0,0,0
2022-07-05 16:15,192,100,92,0,0,0
2022-07-05 16:30,154,62,92,0,0,0
2022-07-05 16:45,198,91,107,0,0,0
2022-07-05 17:00,175,89,86,0,0,0
2022-07-05 17:15,172,87,85,0,0,0
2022-07-05 17:30,196,106,90,0,0,0
2022-07-05 17:45,213,103,110,0,0,0
2022-07-05 18:00,193,106,87,0,0,0
2022-07-05 18:15,171,98,73,0,0,0
2022-07-05 18:30,153,80,73,0,0,0
2022-07-05 18:45,170,90,80,0,0,0
2022-07-05 19:00,145,92,53,0,0,0
2022-07-05 19:15,107,77,30,0,0,0
2022-07-05 19:30,113,65,48,0,0,0
2022-07-05 19:45,126,85,41,0,0,0
2022-07-05 20:00,109,60,49,0,0,0
2022-07-05 20:15,90,46,44,0,0,0
2022-07-05 20:30,76,32,44,0,0,0
2022-07-05 20:45,82,33,49,0,0,0
2022-07-05 21:00,63,35,28,0,0,0
2022-07-05 21:15,78,27,51,0,0,0
2022-07-05 21:30,55,25,30,0,0,0
2022-07-05 21:45,72,44,28,0,0,0
2022-07-05 22:00,50,15,35,0,0,0
2022-07-05 22:15,57,13,44,0,0,0
2022-07-05 22:30,72,14,58,0,0,0
2022-07-05 22:45,77,20,57,0,0,0
2022-07-05 23:00,39,10,29,0,0,0
2022-07-05 23:15,41,13,28,0,0,0
2022-07-05 23:30,34,8,26,0,0,0
2022-07-05 23:45,28,9,19,0,0,0
2022-07-06 00:00,12,2,10,0,0,0
2022-07-06 00:15,18,5,13,0,0,0
2022-07-06 00:30,12,3,9,0,0,0
2022-07-06 00:45,4,2,2,0,0,0
2022-07-06 01:00,11,6,5,0,0,0
2022-07-06 01:15,3,2,1,0,0,0
2022-07-06 01:30,5,2,3,0,0,0
2022-07-06 01:45,12,3,9,0,0,0
2022-07-06 02:00,3,2,1,0,0,0
2022-07-06 02:15,0,0,0,0,0,0
2022-07-06 02:30,1,0,1,0,0,0
2022-07-06 02:45,4,0,4,0,0,0
2022-07-06 03:00,2,2,0,0,0,0
2022-07-06 03:15,3,2,1,0,0,0
2022-07-06 03:30,2,1,1,0,0,0
2022-07-06 03:45,6,2,4,0,0,0
2022-07-06 04:00,1,1,0,0,0,0
2022-07-06 04:15,5,2,3,0,0,0
2022-07-06 04:30,2,0,2,0,0,0
2022-07-06 04:45,14,4,10,0,0,0
2022-07-06 05:00,5,2,3,0,0,0
2022-07-06 05:15,9,4,5,0,0,0
2022-07-06 05:30,14,6,8,0,0,0
2022-07-06 05:45,19,10,9,0,0,0
2022-07-06 06:00,19,9,10,0,0,0
2022-07-06 06:15,34,16,18,0,0,0
2022-07-06 06:30,46,21,25,0,0,0
2022-07-06 06:45,74,39,35,0,0,0
2022-07-06 07:00,65,33,32,0,0,0
2022-07-06 07:15,105,56,49,0,0,0
2022-07-06 07:30,115,60,55,0,0,0
2022-07-06 07:45,159,79,80,0,0,0
2022-07-06 08:00,150,65,85,0,0,0
2022-07-06 08:15,122,55,67,0,0,0
2022-07-06 08:30,132,63,69,0,0,0
2022-07-06 08:45,115,53,62,0,0,0
2022-07-06 09:00,108,48,60,0,0,0
2022-07-06 09:15,77,36,41,0,0,0
2022-07-06 09:30,91,40,51,0,0,0
2022-07-06 09:45,128,51,77,0,0,0
2022-07-06 10:00,122,39,83,0,0,0
2022-07-06 10:15,81,34,47,0,0,0
2022-07-06 10:30,81,31,50,0,0,0
2022-07-06 10:45,110,40,70,0,0,0
2022-07-06 11:00,77,38,39,0,0,0
2022-07-06 11:15,110,41,69,0,0,0
2022-07-06 11:30,103,44,59,0,0,0
2022-07-06 11:45,142,47,95,0,0,0
2022-07-06 12:00,143,57,86,0,0,0
2022-07-06 12:15,96,38,58,0,0,0
2022-07-06 12:30,139,62,77,0,0,0
2022-07-06 12:45,136,60,76,0,0,0
2022-07-06 13:00,112,56,56,0,0,0
2022-07-06 13:15,124,63,61,0,0,0
2022-07-06 13:30,119,62,57,0,0,0
2022-07-06 13:45,144,70,74,0,0,0
2022-07-06 14:00,119,61,58,0,0,0
2022-07-06 14:15,153,72,81,0,0,0
2022-07-06 14:30,108,58,50,0,0,0
2022-07-06 14:45,114,61,53,0,0,0
2022-07-06 15:00,133,74,59,0,0,0
2022-07-06 15:15,128,64,64,0,0,0
2022-07-06 15:30,123,64,59,0,0,0
2022-07-06 15:45,149,80,69,0,0,0
2022-07-06 16:00,153,65,88,0,0,0
2022-07-06 16:15,149,81,68,0,0,0
2022-07-06 16:30,170,91,79,0,0,0
2022-07-06 16:45,175,86,89,0,0,0
2022-07-06 17:00,184,80,104,0,0,0
2022-07-06 17:15,181,93,88,0,0,0
2022-07-06 17:30,172,80,92,0,0,0
2022-07-06 17:45,194,101,93,0,0,0
2022-07-06 18:00,172,85,87,0,0,0
2022-07-06 18:15,134,67,67,0,0,0
2022-07-06 18:30,101,62,39,0,0,0
2022-07-06 18:45,143,77,66,0,0,0
2022-07-06 19:00,152,69,83,0,0,0
2022-07-06 19:15,134,95,39,0,0,0
2022-07-06 19:30,101,57,44,0,0,0
2022-07-06 19:45,141,90,51,0,0,0
2022-07-06 20:00,124,71,53,0,0,0
2022-07-06 20:15,93,45,48,0,0,0
2022-07-06 20:30,86,47,39,0,0,0
2022-07-06 20:45,86,44,42,0,0,0
2022-07-06 21:00,83,44,39,0,0,0
2022-07-06 21:15,62,27,35,0,0,0
2022-07-06 21:30,57,16,41,0,0,0
2022-07-06 21:45,62,41,21,0,0,0
2022-07-06 22:00,68,31,37,0,0,0
2022-07-06 22:15,60,23,37,0,0,0
2022-07-06 22:30,85,21,64,0,0,0
2022-07-06 22:45,112,37,75,0,0,0
2022-07-06 23:00,53,23,30,0,0,0
2022-07-06 23:15,60,14,46,0,0,0
2022-07-06 23:30,39,8,31,0,0,0
2022-07-06 23:45,34,11,23,0,0,0
2022-07-07 00:00,25,16,9,0,0,0
2022-07-07 00:15,24,13,11,0,0,0
2022-07-07 00:30,29,14,15,0,0,0
2022-07-07 00:45,29,11,18,0,0,0
2022-07-07 01:00,19,2,17,0,0,0
2022-07-07 01:15,9,5,4,0,0,0
2022-07-07 01:30,7,4,3,0,0,0
2022-07-07 01:45,15,0,15,0,0,0
2022-07-07 02:00,8,0,8,0,0,0
2022-07-07 02:15,8,3,5,0,0,0
2022-07-07 02:30,11,2,9,0,0,0
2022-07-07 02:45,7,1,6,0,0,0
2022-07-07 03:00,2,0,2,0,0,0
2022-07-07 03:15,11,0,11,0,0,0
2022-07-07 03:30,5,0,5,0,0,0
2022-07-07 03:45,4,1,3,0,0,0
2022-07-07 04:00,8,3,5,0,0,0
2022-07-07 04:15,3,2,1,0,0,0
2022-07-07 04:30,4,0,4,0,0,0
2022-07-07 04:45,7,3,4,0,0,0
2022-07-07 05:00,6,2,4,0,0,0
2022-07-07 05:15,6,4,2,0,0,0
2022-07-07 05:30,14,6,8,0,0,0
2022-07-07 05:45,22,10,12,0,0,0
2022-07-07 06:00,13,6,7,0,0,0
2022-07-07 06:15,24,12,12,0,0,0
2022-07-07 06:30,41,15,26,0,0,0
2022-07-07 06:45,63,26,37,0,0,0
2022-07-07 07:00,65,30,35,0,0,0
2022-07-07 07:15,74,31,43,0,0,0
2022-07-07 07:30,74,35,39,0,0,0
2022-07-07 07:45,110,59,51,0,0,0
2022-07-07 08:00,145,60,85,0,0,0
2022-07-07 08:15,115,51,64,0,0,0
2022-07-07 08:30,91,45,46,0,0,0
2022-07-07 08:45,107,46,61,0,0,0
2022-07-07 09:00,77,32,45,0,0,0
2022-07-07 09:15,96,42,54,0,0,0
2022-07-07 09:30,80,36,44,0,0,0
2022-07-07 09:45,98,34,64,0,0,0
2022-07-07 10:00,110,34,76,0,0,0
2022-07-07 10:15,79,27,52,0,0,0
2022-07-07 10:30,60,18,42,0,0,0
2022-07-07 10:45,85,18,67,0,0,0
2022-07-07 11:00,109,36,73,0,0,0
2022-07-07 11:15,107,33,74,0,0,0
2022-07-07 11:30,90,33,57,0,0,0
2022-07-07 11:45,98,50,48,0,0,0
2022-07-07 12:00,96,31,65,0,0,0
2022-07-07 12:15,86,40,46,0,0,0
2022-07-07 12:30,80,35,45,0,0,0
2022-07-07 12:45,93,39,54,0,0,0
2022-07-07 13:00,69,42,27,0,0,0
2022-07-07 13:15,97,40,57,0,0,0
2022-07-07 13:30,92,47,45,0,0,0
2022-07-07 13:45,108,50,58,0,0,0
2022-07-07 14:00,104,46,58,0,0,0
2022-07-07 14:15,102,52,50,0,0,0
2022-07-07 14:30,91,45,46,0,0,0
2022-07-07 14:45,104,46,58,0,0,0
2022-07-07 15:00,117,44,73,0,0,0
2022-07-07 15:15,105,47,58,0,0,0
2022-07-07 15:30,104,40,64,0,0,0
2022-07-07 15:45,135,61,74,0,0,0
2022-07-07 16:00,150,82,68,0,0,0
2022-07-07 16:15,123,50,73,0,0,0
2022-07-07 16:30,140,54,86,0,0,0
2022-07-07 16:45,138,69,69,0,0,0
2022-07-07 17:00,115,51,64,0,0,0
2022-07-07 17:15,151,65,86,0,0,0
2022-07-07 17:30,158,77,81,0,0,0
2022-07-07 17:45,189,97,92,0,0,0
2022-07-07 18:00,154,74,80,0,0,0
2022-07-07 18:15,126,65,61,0,0,0
2022-07-07 18:30,132,67,65,0,0,0
2022-07-07 18:45,123,70,53,0,0,0
2022-07-07 19:00,131,69,62,0,0,0
2022-07-07 19:15,90,60,30,0,0,0
2022-07-07 19:30,96,55,41,0,0,0
2022-07-07 19:45,105,64,41,0,0,0
2022-07-07 20:00,89,44,45,0,0,0
2022-07-07 20:15,93,39,54,0,0,0
2022-07-07 20:30,56,20,36,0,0,0
2022-07-07 20:45,69,28,41,0,0,0
2022-07-07 21:00,64,28,36,0,0,0
2022-07-07 21:15,62,34,28,0,0,0
2022-07-07 21:30,69,34,35,0,0,0
2022-07-07 21:45,68,25,43,0,0,0
2022-07-07 22:00,56,29,27,0,0,0
2022-07-07 22:15,67,30,37,0,0,0
2022-07-07 22:30,67,25,42,0,0,0
2022-07-07 22:45,54,13,41,0,0,0
2022-07-07 23:00,56,14,42,0,0,0
2022-07-07 23:15,26,10,16,0,0,0
2022-07-07 23:30,23,8,15,0,0,0
2022-07-07 23:45,29,8,21,0,0,0
2022-07-08 00:00,17,7,10,0,0,0
2022-07-08 00:15,27,5,22,0,0,0
2022-07-08 00:30,25,5,20,0,0,0
2022-07-08 00:45,18,4,14,0,0,0
2022-07-08 01:00,44,2,42,0,0,0
2022-07-08 01:15,8,1,7,0,0,0
2022-07-08 01:30,8,1,7,0,0,0
2022-07-08 01:45,9,3,6,0,0,0
2022-07-08 02:00,0,0,0,0,0,0
2022-07-08 02:15,4,3,1,0,0,0
2022-07-08 02:30,2,1,1,0,0,0
2022-07-08 02:45,2,0,2,0,0,0
2022-07-08 03:00,1,0,1,0,0,0
2022-07-08 03:15,3,1,2,0,0,0
2022-07-08 03:30,1,0,1,0,0,0
2022-07-08 03:45,2,0,2,0,0,0
2022-07-08 04:00,2,0,2,0,0,0
2022-07-08 04:15,7,3,4,0,0,0
2022-07-08 04:30,1,0,1,0,0,0
2022-07-08 04:45,6,1,5,0,0,0
2022-07-08 05:00,9,2,7,0,0,0
2022-07-08 05:15,16,12,4,0,0,0
2022-07-08 05:30,11,5,6,0,0,0
2022-07-08 05:45,22,8,14,0,0,0
2022-07-08 06:00,15,7,8,0,0,0
2022-07-08 06:15,25,11,14,0,0,0
2022-07-08 06:30,36,18,18,0,0,0
2022-07-08 06:45,59,30,29,0,0,0
2022-07-08 07:00,68,31,37,0,0,0
2022-07-08 07:15,65,41,24,0,0,0
2022-07-08 07:30,91,47,44,0,0,0
2022-07-08 07:45,108,60,48,0,0,0
2022-07-08 08:00,124,56,68,0,0,0
2022-07-08 08:15,121,48,73,0,0,0
2022-07-08 08:30,120,56,64,0,0,0
2022-07-08 08:45,123,54,69,0,0,0
2022-07-08 09:00,101,38,63,0,0,0
2022-07-08 09:15,75,34,41,0,0,0
2022-07-08 09:30,78,31,47,0,0,0
2022-07-08 09:45,104,49,55,0,0,0
2022-07-08 10:00,116,57,59,0,0,0
2022-07-08 10:15,74,25,49,0,0,0
2022-07-08 10:30,70,32,38,0,0,0
2022-07-08 10:45,97,43,54,0,0,0
2022-07-08 11:00,98,39,59,0,0,0
2022-07-08 11:15,90,30,60,0,0,0
2022-07-08 11:30,101,53,48,0,0,0
2022-07-08 11:45,134,67,67,0,0,0
2022-07-08 12:00,124,50,74,0,0,0
2022-07-08 12:15,133,57,76,0,0,0
2022-07-08 12:30,110,48,62,0,0,0
2022-07-08 12:45,120,51,69,0,0,0
2022-07-08 13:00,139,55,84,0,0,0
2022-07-08 13:15,127,46,81,0,0,0
2022-07-08 13:30,141,67,74,0,0,0
2022-07-08 13:45,143,77,66,0,0,0
2022-07-08 14:00,128,49,79,0,0,0
2022-07-08 14:15,111,59,52,0,0,0
2022-07-08 14:30,140,69,71,0,0,0
2022-07-08 14:45,109,54,55,0,0,0
2022-07-08 15:00,147,62,85,0,0,0
2022-07-08 15:15,129,63,66,0,0,0
2022-07-08 15:30,140,50,90,0,0,0
2022-07-08 15:45,122,64,58,0,0,0
2022-07-08 16:00,130,63,67,0,0,0
2022-07-08 16:15,123,59,64,0,0,0
2022-07-08 16:30,105,58,47,0,0,0
2022-07-08 16:45,146,65,81,0,0,0
2022-07-08 17:00,124,63,61,0,0,0
2022-07-08 17:15,122,67,55,0,0,0
2022-07-08 17:30,123,62,61,0,0,0
2022-07-08 17:45,148,79,69,0,0,0
2022-07-08 18:00,122,72,50,0,0,0
2022-07-08 18:15,95,58,37,0,0,0
2022-07-08 18:30,123,60,63,0,0,0
2022-07-08 18:45,120,75,45,0,0,0
2022-07-08 19:00,113,62,51,0,0,0
2022-07-08 19:15,112,68,44,0,0,0
2022-07-08 19:30,116,73,43,0,0,0
2022-07-08 19:45,112,68,44,0,0,0
2022-07-08 20:00,95,57,38,0,0,0
2022-07-08 20:15,95,54,41,0,0,0
2022-07-08 20:30,76,40,36,0,0,0
2022-07-08 20:45,83,43,40,0,0,0
2022-07-08 21:00,62,32,30,0,0,0
2022-07-08 21:15,72,42,30,0,0,0
2022-07-08 21:30,76,42,34,0,0,0
2022-07-08 21:45,66,36,30,0,0,0
2022-07-08 22:00,69,29,40,0,0,0
2022-07-08 22:15,61,34,27,0,0,0
2022-07-08 22:30,77,31,46,0,0,0
2022-07-08 22:45,73,29,44,0,0,0
2022-07-08 23:00,90,32,58,0,0,0
2022-07-08 23:15,53,19,34,0,0,0
2022-07-08 23:30,58,23,35,0,0,0
2022-07-08 23:45,61,35,26,0,0,0
2022-07-09 00:00,71,43,28,0,0,0
2022-07-09 00:15,54,29,25,0,0,0
2022-07-09 00:30,62,36,26,0,0,0
2022-07-09 00:45,40,24,16,0,0,0
2022-07-09 01:00,75,35,40,0,0,0
2022-07-09 01:15,72,28,44,0,0,0
2022-07-09 01:30,45,14,31,0,0,0
2022-07-09 01:45,35,13,22,0,0,0
2022-07-09 02:00,53,15,38,0,0,0
2022-07-09 02:15,25,13,12,0,0,0
2022-07-09 02:30,32,8,24,0,0,0
2022-07-09 02:45,22,5,17,0,0,0
2022-07-09 03:00,42,12,30,0,0,0
2022-07-09 03:15,21,5,16,0,0,0
2022-07-09 03:30,37,0,37,0,0,0
2022-07-09 03:45,25,4,21,0,0,0
2022-07-09 04:00,23,0,23,0,0,0
2022-07-09 04:15,34,2,32,0,0,0
2022-07-09 04:30,27,0,27,0,0,0
2022-07-09 04:45,17,2,15,0,0,0
2022-07-09 05:00,8,0,8,0,0,0
2022-07-09 05:15,25,2,23,0,0,0
2022-07-09 05:30,18,3,15,0,0,0
2022-07-09 05:45,16,3,13,0,0,0
2022-07-09 06:00,11,2,9,0,0,0
2022-07-09 06:15,15,5,10,0,0,0
2022-07-09 06:30,12,1,11,0,0,0
2022-07-09 06:45,14,10,4,0,0,0
2022-07-09 07:00,9,6,3,0,0,0
2022-07-09 07:15,14,3,11,0,0,0
2022-07-09 07:30,10,4,6,0,0,0
2022-07-09 07:45,33,10,23,0,0,0
2022-07-09 08:00,21,5,16,0,0,0
2022-07-09 08:15,31,10,21,0,0,0
2022-07-09 08:30,44,22,22,0,0,0
2022-07-09 08:45,37,16,21,0,0,0
2022-07-09 09:00,49,12,37,0,0,0
2022-07-09 09:15,50,23,27,0,0,0
2022-07-09 09:30,46,19,27,0,0,0
2022-07-09 09:45,68,30,38,0,0,0
2022-07-09 10:00,79,33,46,0,0,0
2022-07-09 10:15,70,21,49,0,0,0
2022-07-09 10:30,52,15,37,0,0,0
2022-07-09 10:45,72,30,42,0,0,0
2022-07-09 11:00,70,28,42,0,0,0
2022-07-09 11:15,99,32,67,0,0,0
2022-07-09 11:30,65,22,43,0,0,0
2022-07-09 11:45,84,31,53,0,0,0
2022-07-09 12:00,90,33,57,0,0,0
2022-07-09 12:15,75,44,31,0,0,0
2022-07-09 12:30,63,28,35,0,0,0
2022-07-09 12:45,104,39,65,0,0,0
2022-07-09 13:00,101,39,62,0,0,0
2022-07-09 13:15,125,53,72,0,0,0
2022-07-09 13:30,123,49,74,0,0,0
2022-07-09 13:45,105,44,61,0,0,0
2022-07-09 14:00,91,35,56,0,0,0
2022-07-09 14:15,101,51,50,0,0,0
2022-07-09 14:30,103,63,40,0,0,0
2022-07-09 14:45,95,50,45,0,0,0
2022-07-09 15:00,113,61,52,0,0,0
2022-07-09 15:15,90,42,48,0,0,0
2022-07-09 15:30,80,46,34,0,0,0
2022-07-09 15:45,95,48,47,0,0,0
2022-07-09 16:00,86,47,39,0,0,0
2022-07-09 16:15,108,55,53,0,0,0
2022-07-09 16:30,83,50,33,0,0,0
2022-07-09 16:45,111,66,45,0,0,0
2022-07-09 17:00,107,48,59,0,0,0
2022-07-09 17:15,88,51,37,0,0,0
2022-07-09 17:30,101,51,50,0,0,0
2022-07-09 17:45,84,45,39,0,0,0
2022-07-09 18:00,71,33,38,0,0,0
2022-07-09 18:15,95,55,40,0,0,0
2022-07-09 18:30,84,45,39,0,0,0
2022-07-09 18:45,121,71,50,0,0,0
2022-07-09 19:00,98,60,38,0,0,0
2022-07-09 19:15,104,59,45,0,0,0
2022-07-09 19:30,97,55,42,0,0,0
2022-07-09 19:45,80,50,30,0,0,0
2022-07-09 20:00,109,68,41,0,0,0
2022-07-09 20:15,62,29,33,0,0,0
2022-07-09 20:30,79,37,42,0,0,0
2022-07-09 20:45,82,45,37,0,0,0
2022-07-09 21:00,69,44,25,0,0,0
2022-07-09 21:15,63,29,34,0,0,0
2022-07-09 21:30,70,33,37,0,0,0
2022-07-09 21:45,77,43,34,0,0,0
2022-07-09 22:00,68,35,33,0,0,0
2022-07-09 22:15,60,30,30,0,0,0
2022-07-09 22:30,52,27,25,0,0,0
2022-07-09 22:45,77,38,39,0,0,0
2022-07-09 23:00,51,21,30,0,0,0
2022-07-09 23:15,64,27,37,0,0,0
2022-07-09 23:30,54,25,29,0,0,0
2022-07-09 23:45,40,17,23,0,0,0
2022-07-10 00:00,58,26,32,0,0,0
2022-07-10 00:15,48,23,25,0,0,0
2022-07-10 00:30,36,14,22,0,0,0
2022-07-10 00:45,43,19,24,0,0,0
2022-07-10 01:00,51,22,29,0,0,0
2022-07-10 01:15,44,12,32,0,0,0
2022-07-10 01:30,26,5,21,0,0,0
2022-07-10 01:45,43,19,24,0,0,0
2022-07-10 02:00,35,9,26,0,0,0
2022-07-10 02:15,41,22,19,0,0,0
2022-07-10 02:30,50,18,32,0,0,0
2022-07-10 02:45,23,5,18,0,0,0
2022-07-10 03:00,26,8,18,0,0,0
2022-07-10 03:15,17,2,15,0,0,0
2022-07-10 03:30,33,4,29,0,0,0
2022-07-10 03:45,39,9,30,0,0,0
2022-07-10 04:00,20,1,19,0,0,0
2022-07-10 04:15,24,3,21,0,0,0
2022-07-10 04:30,13,3,10,0,0,0
2022-07-10 04:45,18,1,17,0,0,0
2022-07-10 05:00,4,0,4,0,0,0
2022-07-10 05:15,25,2,23,0,0,0
2022-07-10 05:30,17,0,17,0,0,0
2022-07-10 05:45,11,3,8,0,0,0
2022-07-10 06:00,8,1,7,0,0,0
2022-07-10 06:15,6,1,5,0,0,0
2022-07-10 06:30,8,2,6,0,0,0
2022-07-10 06:45,13,7,6,0,0,0
2022-07-10 07:00,10,1,9,0,0,0
2022-07-10 07:15,17,3,14,0,0,0
2022-07-10 07:30,10,8,2,0,0,0
2022-07-10 07:45,14,5,9,0,0,0
2022-07-10 08:00,20,7,13,0,0,0
2022-07-10 08:15,14,2,12,0,0,0
2022-07-10 08:30,23,4,19,0,0,0
2022-07-10 08:45,17,5,12,0,0,0
2022-07-10 09:00,26,3,23,0,0,0
2022-07-10 09:15,22,11,11,0,0,0
2022-07-10 09:30,31,9,22,0,0,0
2022-07-10 09:45,36,12,24,0,0,0
2022-07-10 10:00,46,24,22,0,0,0
2022-07-10 10:15,36,7,29,0,0,0
2022-07-10 10:30,33,9,24,0,0,0
2022-07-10 10:45,47,32,15,0,0,0
2022-07-10 11:00,49,28,21,0,0,0
2022-07-10 11:15,45,20,25,0,0,0
2022-07-10 11:30,65,30,35,0,0,0
2022-07-10 11:45,70,25,45,0,0,0
2022-07-10 12:00,62,32,30,0,0,0
2022-07-10 12:15,57,25,32,0,0,0
2022-07-10 12:30,66,37,29,0,0,0
2022-07-10 12:45,39,24,15,0,0,0
2022-07-10 13:00,66,36,30,0,0,0
2022-07-10 13:15,46,21,25,0,0,0
2022-07-10 13:30,63,38,25,0,0,0
2022-07-10 13:45,67,36,31,0,0,0
2022-07-10 14:00,61,32,29,0,0,0
2022-07-10 14:15,56,30,26,0,0,0
2022-07-10 14:30,77,37,40,0,0,0
2022-07-10 14:45,72,34,38,0,0,0
2022-07-10 15:00,64,27,37,0,0,0
2022-07-10 15:15,48,12,36,0,0,0
2022-07-10 15:30,64,21,43,0,0,0
2022-07-10 15:45,89,48,41,0,0,0
2022-07-10 16:00,66,32,34,0,0,0
2022-07-10 16:15,81,42,39,0,0,0
2022-07-10 16:30,71,36,35,0,0,0
2022-07-10 16:45,89,44,45,0,0,0
2022-07-10 17:00,75,41,34,0,0,0
2022-07-10 17:15,55,29,26,0,0,0
2022-07-10 17:30,65,29,36,0,0,0
2022-07-10 17:45,70,37,33,0,0,0
2022-07-10 18:00,88,50,38,0,0,0
2022-07-10 18:15,85,34,51,0,0,0
2022-07-10 18:30,58,28,30,0,0,0
2022-07-10 18:45,75,30,45,0,0,0
2022-07-10 19:00,60,24,36,0,0,0
2022-07-10 19:15,59,20,39,0,0,0
2022-07-10 19:30,67,31,36,0,0,0
2022-07-10 19:45,69,35,34,0,0,0
2022-07-10 20:00,67,36,31,0,0,0
2022-07-10 20:15,54,19,35,0,0,0
2022-07-10 20:30,43,20,23,0,0,0
2022-07-10 20:45,39,15,24,0,0,0
2022-07-10 21:00,36,15,21,0,0,0
2022-07-10 21:15,38,16,22,0,0,0
2022-07-10 21:30,35,14,21,0,0,0
2022-07-10 21:45,39,17,22,0,0,0
2022-07-10 22:00,30,15,15,0,0,0
2022-07-10 22:15,45,10,35,0,0,0
2022-07-10 22:30,31,14,17,0,0,0
2022-07-10 22:45,62,5,57,0,0,0
2022-07-10 23:00,42,9,33,0,0,0
2022-07-10 23:15,22,7,15,0,0,0
2022-07-10 23:30,19,4,15,0,0,0
2022-07-10 23:45,14,7,7,0,0,0
2022-07-11 00:00,8,5,3,0,0,0
2022-07-11 00:15,8,1,7,0,0,0
2022-07-11 00:30,4,3,1,0,0,0
2022-07-11 00:45,6,2,4,0,0,0
2022-07-11 01:00,5,1,4,0,0,0
2022-07-11 01:15,8,1,7,0,0,0
2022-07-11 01:30,3,3,0,0,0,0
2022-07-11 01:45,5,2,3,0,0,0
2022-07-11 02:00,4,0,4,0,0,0
2022-07-11 02:15,1,1,0,0,0,0
2022-07-11 02:30,5,0,5,0,0,0
2022-07-11 02:45,2,0,2,0,0,0
2022-07-11 03:00,2,1,1,0,0,0
2022-07-11 03:15,1,0,1,0,0,0
2022-07-11 03:30,3,0,3,0,0,0
2022-07-11 03:45,0,0,0,0,0,0
2022-07-11 04:00,2,2,0,0,0,0
2022-07-11 04:15,0,0,0,0,0,0
2022-07-11 04:30,1,0,1,0,0,0
2022-07-11 04:45,10,0,10,0,0,0
2022-07-11 05:00,8,0,8,0,0,0
2022-07-11 05:15,7,4,3,0,0,0
2022-07-11 05:30,14,5,9,0,0,0
2022-07-11 05:45,25,10,15,0,0,0
2022-07-11 06:00,23,9,14,0,0,0
2022-07-11 06:15,33,16,17,0,0,0
2022-07-11 06:30,47,18,29,0,0,0
2022-07-11 06:45,70,41,29,0,0,0
2022-07-11 07:00,59,28,31,0,0,0
2022-07-11 07:15,93,46,47,0,0,0
2022-07-11 07:30,89,48,41,0,0,0
2022-07-11 07:45,120,56,64,0,0,0
2022-07-11 08:00,121,64,57,0,0,0
2022-07-11 08:15,116,62,54,0,0,0
2022-07-11 08:30,123,59,64,0,0,0
2022-07-11 08:45,128,53,75,0,0,0
2022-07-11 09:00,66,25,41,0,0,0
2022-07-11 09:15,76,34,42,0,0,0
2022-07-11 09:30,82,26,56,0,0,0
2022-07-11 09:45,81,28,53,0,0,0
2022-07-11 10:00,80,35,45,0,0,0
2022-07-11 10:15,73,24,49,0,0,0
2022-07-11 10:30,80,32,48,0,0,0
2022-07-11 10:45,82,33,49,0,0,0
2022-07-11 11:00,79,35,44,0,0,0
2022-07-11 11:15,97,51,46,0,0,0
2022-07-11 11:30,86,36,50,0,0,0
2022-07-11 11:45,110,50,60,0,0,0
2022-07-11 12:00,99,35,64,0,0,0
2022-07-11 12:15,104,31,73,0,0,0
2022-07-11 12:30,79,35,44,0,0,0
2022-07-11 12:45,105,51,54,0,0,0
2022-07-11 13:00,140,70,70,0,0,0
2022-07-11 13:15,104,45,59,0,0,0
2022-07-11 13:30,100,38,62,0,0,0
2022-07-11 13:45,96,49,47,0,0,0
2022-07-11 14:00,91,41,50,0,0,0
2022-07-11 14:15,94,51,43,0,0,0
2022-07-11 14:30,110,51,59,0,0,0
2022-07-11 14:45,99,50,49,0,0,0
2022-07-11 15:00,107,52,55,0,0,0
2022-07-11 15:15,125,66,59,0,0,0
2022-07-11 15:30,123,65,58,0,0,0
2022-07-11 15:45,136,63,73,0,0,0
2022-07-11 16:00,148,77,71,0,0,0
2022-07-11 16:15,144,58,86,0,0,0
2022-07-11 16:30,166,84,82,0,0,0
2022-07-11 16:45,169,91,78,0,0,0
2022-07-11 17:00,140,67,73,0,0,0
2022-07-11 17:15,178,78,100,0,0,0
2022-07-11 17:30,147,61,86,0,0,0
2022-07-11 17:45,163,81,82,0,0,0
2022-07-11 18:00,145,77,68,0,0,0
2022-07-11 18:15,128,61,67,0,0,0
2022-07-11 18:30,104,48,56,0,0,0
2022-07-11 18:45,148,88,60,0,0,0
2022-07-11 19:00,119,71,48,0,0,0
2022-07-11 19:15,119,71,48,0,0,0
2022-07-11 19:30,128,72,56,0,0,0
2022-07-11 19:45,101,59,42,0,0,0
2022-07-11 20:00,89,48,41,0,0,0
2022-07-11 20:15,69,34,35,0,0,0
2022-07-11 20:30,67,23,44,0,0,0
2022-07-11 20:45,78,46,32,0,0,0
2022-07-11 21:00,57,29,28,0,0,0
2022-07-11 21:15,63,29,34,0,0,0
2022-07-11 21:30,54,14,40,0,0,0
2022-07-11 21:45,54,18,36,0,0,0
2022-07-11 22:00,60,34,26,0,0,0
2022-07-11 22:15,70,18,52,0,0,0
2022-07-11 22:30,77,11,66,0,0,0
2022-07-11 22:45,52,11,41,0,0,0
2022-07-11 23:00,63,25,38,0,0,0
2022-07-11 23:15,24,8,16,0,0,0
2022-07-11 23:30,25,9,16,0,0,0
2022-07-11 23:45,14,4,10,0,0,0
2022-07-12 00:00,10,2,8,0,0,0
2022-07-12 00:15,12,5,7,0,0,0
2022-07-12 00:30,10,3,7,0,0,0
2022-07-12 00:45,8,1,7,0,0,0
2022-07-12 01:00,9,3,6,0,0,0
2022-07-12 01:15,12,6,6,0,0,0
2022-07-12 01:30,2,0,2,0,0,0
2022-07-12 01:45,2,0,2,0,0,0
2022-07-12 02:00,6,3,3,0,0,0
2022-07-12 02:15,2,0,2,0,0,0
2022-07-12 02:30,2,1,1,0,0,0
2022-07-12 02:45,3,2,1,0,0,0
2022-07-12 03:00,3,2,1,0,0,0
2022-07-12 03:15,0,0,0,0,0,0
2022-07-12 03:30,3,3,0,0,0,0
2022-07-12 03:45,2,0,2,0,0,0
2022-07-12 04:00,6,3,3,0,0,0
2022-07-12 04:15,5,1,4,0,0,0
2022-07-12 04:30,8,4,4,0,0,0
2022-07-12 04:45,6,0,6,0,0,0
2022-07-12 05:00,3,1,2,0,0,0
2022-07-12 05:15,19,8,11,0,0,0
2022-07-12 05:30,22,5,17,0,0,0
2022-07-12 05:45,24,12,12,0,0,0
2022-07-12 06:00,21,8,13,0,0,0
2022-07-12 06:15,34,19,15,0,0,0
2022-07-12 06:30,57,26,31,0,0,0
2022-07-12 06:45,83,45,38,0,0,0
2022-07-12 07:00,88,40,48,0,0,0
2022-07-12 07:15,98,53,45,0,0,0
2022-07-12 07:30,116,56,60,0,0,0
2022-07-12 07:45,114,60,54,0,0,0
2022-07-12 08:00,121,55,66,0,0,0
2022-07-12 08:15,135,65,70,0,0,0
2022-07-12 08:30,107,46,61,0,0,0
2022-07-12 08:45,142,71,71,0,0,0
2022-07-12 09:00,81,32,49,0,0,0
2022-07-12 09:15,78,34,44,0,0,0
2022-07-12 09:30,85,27,58,0,0,0
2022-07-12 09:45,106,37,69,0,0,0
2022-07-12 10:00,80,35,45,0,0,0
2022-07-12 10:15,68,30,38,0,0,0
2022-07-12 10:30,76,35,41,0,0,0
2022-07-12 10:45,90,45,45,0,0,0
2022-07-12 11:00,77,29,48,0,0,0
2022-07-12 11:15,100,36,64,0,0,0
2022-07-12 11:30,96,44,52,0,0,0
2022-07-12 11:45,120,55,65,0,0,0
2022-07-12 12:00,112,45,67,0,0,0
2022-07-12 12:15,114,52,62,0,0,0
2022-07-12 12:30,105,49,56,0,0,0
2022-07-12 12:45,124,72,52,0,0,0
2022-07-12 13:00,105,50,55,0,0,0
2022-07-12 13:15,100,46,54,0,0,0
2022-07-12 13:30,126,59,67,0,0,0
2022-07-12 13:45,101,53,48,0,0,0
2022-07-12 14:00,96,58,38,0,0,0
2022-07-12 14:15,118,63,55,0,0,0
2022-07-12 14:30,123,65,58,0,0,0
2022-07-12 14:45,122,57,65,0,0,0
2022-07-12 15:00,121,65,56,0,0,0
2022-07-12 15:15,129,61,68,0,0,0
2022-07-12 15:30,125,63,62,0,0,0
2022-07-12 15:45,153,75,78,0,0,0
2022-07-12 16:00,138,65,73,0,0,0
2022-07-12 16:15,120,57,63,0,0,0
2022-07-12 16:30,181,98,83,0,0,0
2022-07-12 16:45,188,95,93,0,0,0
2022-07-12 17:00,191,88,103,0,0,0
2022-07-12 17:15,208,97,111,0,0,0
2022-07-12 17:30,195,89,106,0,0,0
2022-07-12 17:45,214,123,91,0,0,0
2022-07-12 18:00,186,97,89,0,0,0
2022-07-12 18:15,177,112,65,0,0,0
2022-07-12 18:30,137,86,51,0,0,0
2022-07-12 18:45,150,90,60,0,0,0
2022-07-12 19:00,143,75,68,0,0,0
2022-07-12 19:15,159,97,62,0,0,0
2022-07-12 19:30,106,56,50,0,0,0
2022-07-12 19:45,124,66,58,0,0,0
2022-07-12 20:00,131,72,59,0,0,0
2022-07-12 20:15,121,57,64,0,0,0
2022-07-12 20:30,77,40,37,0,0,0
2022-07-12 20:45,88,36,52,0,0,0
2022-07-12 21:00,87,32,55,0,0,0
2022-07-12 21:15,84,36,48,0,0,0
2022-07-12 21:30,66,20,46,0,0,0
2022-07-12 21:45,85,35,50,0,0,0
2022-07-12 22:00,76,21,55,0,0,0
2022-07-12 22:15,65,14,51,0,0,0
2022-07-12 22:30,61,19,42,0,0,0
2022-07-12 22:45,61,21,40,0,0,0
2022-07-12 23:00,46,14,32,0,0,0
2022-07-12 23:15,37,15,22,0,0,0
2022-07-12 23:30,48,18,30,0,0,0
2022-07-12 23:45,28,8,20,0,0,0
2022-07-13 00:00,25,10,15,0,0,0
2022-07-13 00:15,20,9,11,0,0,0
2022-07-13 00:30,20,11,9,0,0,0
2022-07-13 00:45,12,4,8,0,0,0
2022-07-13 01:00,11,7,4,0,0,0
2022-07-13 01:15,9,3,6,0,0,0
2022-07-13 01:30,14,7,7,0,0,0
2022-07-13 01:45,10,4,6,0,0,0
2022-07-13 02:00,7,0,7,0,0,0
2022-07-13 02:15,4,2,2,0,0,0
2022-07-13 02:30,3,1,2,0,0,0
2022-07-13 02:45,3,1,2,0,0,0
2022-07-13 03:00,3,0,3,0,0,0
2022-07-13 03:15,3,2,1,0,0,0
2022-07-13 03:30,0,0,0,0,0,0
2022-07-13 03:45,1,0,1,0,0,0
2022-07-13 04:00,5,1,4,0,0,0
2022-07-13 04:15,10,4,6,0,0,0
2022-07-13 04:30,1,0,1,0,0,0
2022-07-13 04:45,10,0,10,0,0,0
2022-07-13 05:00,9,1,8,0,0,0
2022-07-13 05:15,13,6,7,0,0,0
2022-07-13 05:30,23,8,15,0,0,0
2022-07-13 05:45,21,11,10,0,0,0
2022-07-13 06:00,27,11,16,0,0,0
2022-07-13 06:15,35,18,17,0,0,0
2022-07-13 06:30,45,18,27,0,0,0
2022-07-13 06:45,73,40,33,0,0,0
2022-07-13 07:00,91,41,50,0,0,0
2022-07-13 07:15,116,67,49,0,0,0
2022-07-13 07:30,110,50,60,0,0,0
2022-07-13 07:45,137,73,64,0,0,0
2022-07-13 08:00,124,59,65,0,0,0
2022-07-13 08:15,136,62,74,0,0,0
2022-07-13 08:30,124,60,64,0,0,0
2022-07-13 08:45,109,57,52,0,0,0
2022-07-13 09:00,87,37,50,0,0,0
2022-07-13 09:15,69,32,37,0,0,0
2022-07-13 09:30,97,32,65,0,0,0
2022-07-13 09:45,108,37,71,0,0,0
2022-07-13 10:00,101,46,55,0,0,0
2022-07-13 10:15,96,43,53,0,0,0
2022-07-13 10:30,96,28,68,0,0,0
2022-07-13 10:45,104,27,77,0,0,0
2022-07-13 11:00,83,37,46,0,0,0
2022-07-13 11:15,81,40,41,0,0,0
2022-07-13 11:30,91,42,49,0,0,0
2022-07-13 11:45,113,50,63,0,0,0
2022-07-13 12:00,113,41,72,0,0,0
2022-07-13 12:15,109,53,56,0,0,0
2022-07-13 12:30,109,58,51,0,0,0
2022-07-13 12:45,135,66,69,0,0,0
2022-07-13 13:00,120,61,59,0,0,0
2022-07-13 13:15,88,46,42,0,0,0
2022-07-13 13:30,119,68,51,0,0,0
2022-07-13 13:45,142,84,58,0,0,0
2022-07-13 14:00,125,75,50,0,0,0
2022-07-13 14:15,114,58,56,0,0,0
2022-07-13 14:30,118,62,56,0,0,0
2022-07-13 14:45,122,61,61,0,0,0
2022-07-13 15:00,127,74,53,0,0,0
2022-07-13 15:15,135,66,69,0,0,0
2022-07-13 15:30,138,67,71,0,0,0
2022-07-13 15:45,145,84,61,0,0,0
2022-07-13 16:00,144,79,65,0,0,0
2022-07-13 16:15,153,82,71,0,0,0
2022-07-13 16:30,161,77,84,0,0,0
2022-07-13 16:45,176,85,91,0,0,0
2022-07-13 17:00,225,117,108,0,0,0
2022-07-13 17:15,152,81,71,0,0,0
2022-07-13 17:30,170,80,90,0,0,0
2022-07-13 17:45,151,80,71,0,0,0
2022-07-13 18:00,195,99,96,0,0,0
2022-07-13 18:15,183,88,95,0,0,0
2022-07-13 18:30,139,74,65,0,0,0
2022-07-13 18:45,161,89,72,0,0,0
2022-07-13 19:00,157,83,74,0,0,0
2022-07-13 19:15,159,86,73,0,0,0
2022-07-13 19:30,131,75,56,0,0,0
2022-07-13 19:45,132,74,58,0,0,0
2022-07-13 20:00,104,51,53,0,0,0
2022-07-13 20:15,94,45,49,0,0,0
2022-07-13 20:30,113,46,67,0,0,0
2022-07-13 20:45,87,34,53,0,0,0
2022-07-13 21:00,80,29,51,0,0,0
2022-07-13 21:15,97,48,49,0,0,0
2022-07-13 21:30,97,38,59,0,0,0
2022-07-13 21:45,82,26,56,0,0,0
2022-07-13 22:00,86,33,53,0,0,0
2022-07-13 22:15,78,28,50,0,0,0
2022-07-13 22:30,76,39,37,0,0,0
2022-07-13 22:45,61,15,46,0,0,0
2022-07-13 23:00,49,17,32,0,0,0
2022-07-13 23:15,73,26,47,0,0,0
2022-07-13 23:30,46,9,37,0,0,0
2022-07-13 23:45,33,14,19,0,0,0
2022-07-14 00:00,34,10,24,0,0,0
2022-07-14 00:15,33,12,21,0,0,0
2022-07-14 00:30,28,8,20,0,0,0
2022-07-14 00:45,29,16,13,0,0,0
2022-07-14 01:00,20,8,12,0,0,0
2022-07-14 01:15,6,1,5,0,0,0
2022-07-14 01:30,18,4,14,0,0,0
2022-07-14 01:45,17,6,11,0,0,0
2022-07-14 02:00,12,0,12,0,0,0
2022-07-14 02:15,16,3,13,0,0,0
2022-07-14 02:30,11,7,4,0,0,0
2022-07-14 02:45,4,2,2,0,0,0
2022-07-14 03:00,7,1,6,0,0,0
2022-07-14 03:15,5,0,5,0,0,0
2022-07-14 03:30,2,0,2,0,0,0
2022-07-14 03:45,2,1,1,0,0,0
2022-07-14 04:00,9,1,8,0,0,0
2022-07-14 04:15,2,1,1,0,0,0
2022-07-14 04:30,7,2,5,0,0,0
2022-07-14 04:45,5,1,4,0,0,0
2022-07-14 05:00,4,0,4,0,0,0
2022-07-14 05:15,15,7,8,0,0,0
2022-07-14 05:30,14,8,6,0,0,0
2022-07-14 05:45,17,13,4,0,0,0
2022-07-14 06:00,19,9,10,0,0,0
2022-07-14 06:15,44,18,26,0,0,0
2022-07-14 06:30,36,14,22,0,0,0
2022-07-14 06:45,85,48,37,0,0,0
2022-07-14 07:00,59,31,28,0,0,0
2022-07-14 07:15,85,52,33,0,0,0
2022-07-14 07:30,113,53,60,0,0,0
2022-07-14 07:45,130,67,63,0,0,0
2022-07-14 08:00,134,71,63,0,0,0
2022-07-14 08:15,116,54,62,0,0,0
2022-07-14 08:30,108,56,52,0,0,0
2022-07-14 08:45,115,60,55,0,0,0
2022-07-14 09:00,105,49,56,0,0,0
2022-07-14 09:15,95,55,40,0,0,0
2022-07-14 09:30,119,49,70,0,0,0
2022-07-14 09:45,98,48,50,0,0,0
2022-07-14 10:00,105,38,67,0,0,0
2022-07-14 10:15,87,43,44,0,0,0
2022-07-14 10:30,94,44,50,0,0,0
2022-07-14 10:45,103,36,67,0,0,0
2022-07-14 11:00,121,43,78,0,0,0
2022-07-14 11:15,92,41,51,0,0,0
2022-07-14 11:30,88,42,46,0,0,0
2022-07-14 11:45,127,67,60,0,0,0
2022-07-14 12:00,89,36,53,0,0,0
2022-07-14 12:15,114,49,65,0,0,0
2022-07-14 12:30,125,55,70,0,0,0
2022-07-14 12:45,122,55,67,0,0,0
2022-07-14 13:00,129,68,61,0,0,0
2022-07-14 13:15,122,72,50,0,0,0
2022-07-14 13:30,89,43,46,0,0,0
2022-07-14 13:45,125,62,63,0,0,0
2022-07-14 14:00,138,77,61,0,0,0
2022-07-14 14:15,129,71,58,0,0,0
2022-07-14 14:30,116,53,63,0,0,0
2022-07-14 14:45,139,75,64,0,0,0
2022-07-14 15:00,117,55,62,0,0,0
2022-07-14 15:15,134,67,67,0,0,0
2022-07-14 15:30,162,69,93,0,0,0
2022-07-14 15:45,137,76,61,0,0,0
2022-07-14 16:00,156,63,93,0,0,0
2022-07-14 16:15,174,90,84,0,0,0
2022-07-14 16:30,173,77,96,0,0,0
2022-07-14 16:45,151,70,81,0,0,0
2022-07-14 17:00,146,66,80,0,0,0
2022-07-14 17:15,208,96,112,0,0,0
2022-07-14 17:30,155,73,82,0,0,0
2022-07-14 17:45,180,93,87,0,0,0
2022-07-14 18:00,201,89,112,0,0,0
2022-07-14 18:15,183,95,88,0,0,0
2022-07-14 18:30,147,81,66,0,0,0
2022-07-14 18:45,151,90,61,0,0,0
2022-07-14 19:00,122,66,56,0,0,0
2022-07-14 19:15,144,75,69,0,0,0
2022-07-14 19:30,100,52,48,0,0,0
2022-07-14 19:45,119,77,42,0,0,0
2022-07-14 20:00,98,46,52,0,0,0
2022-07-14 20:15,87,48,39,0,0,0
2022-07-14 20:30,90,45,45,0,0,0
2022-07-14 20:45,70,37,33,0,0,0
2022-07-14 21:00,93,45,48,0,0,0
2022-07-14 21:15,77,33,44,0,0,0
2022-07-14 21:30,82,43,39,0,0,0
2022-07-14 21:45,88,37,51,0,0,0
2022-07-14 22:00,73,23,50,0,0,0
2022-07-14 22:15,81,22,59,0,0,0
2022-07-14 22:30,48,17,31,0,0,0
2022-07-14 22:45,54,20,34,0,0,0
2022-07-14 23:00,51,15,36,0,0,0
2022-07-14 23:15,66,29,37,0,0,0
2022-07-14 23:30,35,12,23,0,0,0
2022-07-14 23:45,39,7,32,0,0,0
2022-07-15 00:00,31,12,19,0,0,0
2022-07-15 00:15,14,4,10,0,0,0
2022-07-15 00:30,38,4,34,0,0,0
2022-07-15 00:45,11,3,8,0,0,0
2022-07-15 01:00,11,5,6,0,0,0
2022-07-15 01:15,14,6,8,0,0,0
2022-07-15 01:30,9,1,8,0,0,0
2022-07-15 01:45,10,4,6,0,0,0
2022-07-15 02:00,5,2,3,0,0,0
2022-07-15 02:15,5,2,3,0,0,0
2022-07-15 02:30,6,4,2,0,0,0
2022-07-15 02:45,2,0,2,0,0,0
2022-07-15 03:00,1,0,1,0,0,0
2022-07-15 03:15,5,0,5,0,0,0
2022-07-15 03:30,1,0,1,0,0,0
2022-07-15 03:45,2,2,0,0,0,0
2022-07-15 04:00,2,1,1,0,0,0
2022-07-15 04:15,5,0,5,0,0,0
2022-07-15 04:30,2,1,1,0,0,0
2022-07-15 04:45,4,1,3,0,0,0
2022-07-15 05:00,8,3,5,0,0,0
2022-07-15 05:15,13,6,7,0,0,0
2022-07-15 05:30,21,6,15,0,0,0
2022-07-15 05:45,17,7,10,0,0,0
2022-07-15 06:00,19,11,8,0,0,0
2022-07-15 06:15,30,9,21,0,0,0
2022-07-15 06:30,39,18,21,0,0,0
2022-07-15 06:45,67,40,27,0,0,0
2022-07-15 07:00,59,27,32,0,0,0
2022-07-15 07:15,83,42,41,0,0,0
2022-07-15 07:30,64,36,28,0,0,0
2022-07-15 07:45,117,51,66,0,0,0
2022-07-15 08:00,111,55,56,0,0,0
2022-07-15 08:15,101,61,40,0,0,0
2022-07-15 08:30,77,38,39,0,0,0
2022-07-15 08:45,121,62,59,0,0,0
2022-07-15 09:00,81,35,46,0,0,0
2022-07-15 09:15,107,44,63,0,0,0
2022-07-15 09:30,102,39,63,0,0,0
2022-07-15 09:45,106,41,65,0,0,0
2022-07-15 10:00,93,42,51,0,0,0
2022-07-15 10:15,79,32,47,0,0,0
2022-07-15 10:30,68,27,41,0,0,0
2022-07-15 10:45,101,45,56,0,0,0
2022-07-15 11:00,89,35,54,0,0,0
2022-07-15 11:15,81,35,46,0,0,0
2022-07-15 11:30,90,38,52,0,0,0
2022-07-15 11:45,118,55,63,0,0,0
2022-07-15 12:00,110,52,58,0,0,0
2022-07-15 12:15,119,52,67,0,0,0
2022-07-15 12:30,112,37,75,0,0,0
2022-07-15 12:45,127,57,70,0,0,0
2022-07-15 13:00,140,64,76,0,0,0
2022-07-15 13:15,121,53,68,0,0,0
2022-07-15 13:30,122,57,65,0,0,0
2022-07-15 13:45,140,61,79,0,0,0
2022-07-15 14:00,130,70,60,0,0,0
2022-07-15 14:15,143,69,74,0,0,0
2022-07-15 14:30,111,59,52,0,0,0
2022-07-15 14:45,126,61,65,0,0,0
2022-07-15 15:00,115,54,61,0,0,0
2022-07-15 15:15,130,67,63,0,0,0
2022-07-15 15:30,120,63,57,0,0,0
2022-07-15 15:45,151,88,63,0,0,0
2022-07-15 16:00,113,62,51,0,0,0
2022-07-15 16:15,147,69,78,0,0,0
2022-07-15 16:30,143,66,77,0,0,0
2022-07-15 16:45,133,59,74,0,0,0
2022-07-15 17:00,135,60,75,0,0,0
2022-07-15 17:15,116,52,64,0,0,0
2022-07-15 17:30,137,58,79,0,0,0
2022-07-15 17:45,148,85,63,0,0,0
2022-07-15 18:00,120,74,46,0,0,0
2022-07-15 18:15,138,75,63,0,0,0
2022-07-15 18:30,122,80,42,0,0,0
2022-07-15 18:45,121,72,49,0,0,0
2022-07-15 19:00,137,84,53,0,0,0
2022-07-15 19:15,145,88,57,0,0,0
2022-07-15 19:30,121,74,47,0,0,0
2022-07-15 19:45,121,60,61,0,0,0
2022-07-15 20:00,133,66,67,0,0,0
2022-07-15 20:15,112,44,68,0,0,0
2022-07-15 20:30,96,47,49,0,0,0
2022-07-15 20:45,78,37,41,0,0,0
2022-07-15 21:00,90,36,54,0,0,0
2022-07-15 21:15,68,32,36,0,0,0
2022-07-15 21:30,87,43,44,0,0,0
2022-07-15 21:45,79,29,50,0,0,0
2022-07-15 22:00,102,29,73,0,0,0
2022-07-15 22:15,92,23,69,0,0,0
2022-07-15 22:30,77,29,48,0,0,0
2022-07-15 22:45,98,50,48,0,0,0
2022-07-15 23:00,69,36,33,0,0,0
2022-07-15 23:15,78,47,31,0,0,0
2022-07-15 23:30,73,36,37,0,0,0
2022-07-15 23:45,62,36,26,0,0,0
2022-07-16 00:00,67,27,40,0,0,0
2022-07-16 00:15,67,40,27,0,0,0
2022-07-16 00:30,50,35,15,0,0,0
2022-07-16 00:45,43,18,25,0,0,0
2022-07-16 01:00,43,18,25,0,0,0
2022-07-16 01:15,47,16,31,0,0,0
2022-07-16 01:30,45,23,22,0,0,0
2022-07-16 01:45,28,14,14,0,0,0
2022-07-16 02:00,29,13,16,0,0,0
2022-07-16 02:15,37,16,21,0,0,0
2022-07-16 02:30,32,4,28,0,0,0
2022-07-16 02:45,40,10,30,0,0,0
2022-07-16 03:00,29,7,22,0,0,0
2022-07-16 03:15,41,8,33,0,0,0
2022-07-16 03:30,17,0,17,0,0,0
2022-07-16 03:45,39,11,28,0,0,0
2022-07-16 04:00,26,3,23,0,0,0
2022-07-16 04:15,18,1,17,0,0,0
2022-07-16 04:30,20,6,14,0,0,0
2022-07-16 04:45,16,2,14,0,0,0
2022-07-16 05:00,10,1,9,0,0,0
2022-07-16 05:15,15,4,11,0,0,0
2022-07-16 05:30,23,4,19,0,0,0
2022-07-16 05:45,11,3,8,0,0,0
2022-07-16 06:00,11,2,9,0,0,0
2022-07-16 06:15,9,0,9,0,0,0
2022-07-16 06:30,10,3,7,0,0,0
2022-07-16 06:45,16,8,8,0,0,0
2022-07-16 07:00,6,1,5,0,0,0
2022-07-16 07:15,12,3,9,0,0,0
2022-07-16 07:30,16,5,11,0,0,0
2022-07-16 07:45,23,10,13,0,0,0
2022-07-16 08:00,23,11,12,0,0,0
2022-07-16 08:15,23,9,14,0,0,0
2022-07-16 08:30,35,12,23,0,0,0
2022-07-16 08:45,44,14,30,0,0,0
2022-07-16 09:00,34,13,21,0,0,0
2022-07-16 09:15,45,12,33,0,0,0
2022-07-16 09:30,49,16,33,0,0,0
2022-07-16 09:45,73,30,43,0,0,0
2022-07-16 10:00,56,18,38,0,0,0
2022-07-16 10:15,56,21,35,0,0,0
2022-07-16 10:30,56,31,25,0,0,0
2022-07-16 10:45,60,24,36,0,0,0
2022-07-16 11:00,71,31,40,0,0,0
2022-07-16 11:15,77,33,44,0,0,0
2022-07-16 11:30,75,36,39,0,0,0
2022-07-16 11:45,99,54,45,0,0,0
2022-07-16 12:00,100,49,51,0,0,0
2022-07-16 12:15,87,43,44,0,0,0
2022-07-16 12:30,93,44,49,0,0,0
2022-07-16 12:45,75,34,41,0,0,0
2022-07-16 13:00,86,44,42,0,0,0
2022-07-16 13:15,101,53,48,0,0,0
2022-07-16 13:30,116,68,48,0,0,0
2022-07-16 13:45,95,49,46,0,0,0
2022-07-16 14:00,117,49,68,0,0,0
2022-07-16 14:15,88,53,35,0,0,0
2022-07-16 14:30,110,55,55,0,0,0
2022-07-16 14:45,99,59,40,0,0,0
2022-07-16 15:00,104,55,49,0,0,0
2022-07-16 15:15,90,49,41,0,0,0
2022-07-16 15:30,96,45,51,0,0,0
2022-07-16 15:45,108,64,44,0,0,0
2022-07-16 16:00,105,57,48,0,0,0
2022-07-16 16:15,118,57,61,0,0,0
2022-07-16 16:30,112,51,61,0,0,0
2022-07-16 16:45,115,55,60,0,0,0
2022-07-16 17:00,99,54,45,0,0,0
2022-07-16 17:15,120,66,54,0,0,0
2022-07-16 17:30,131,74,57,0,0,0
2022-07-16 17:45,125,79,46,0,0,0
2022-07-16 18:00,98,46,52,0,0,0
2022-07-16 18:15,98,54,44,0,0,0
2022-07-16 18:30,103,50,53,0,0,0
2022-07-16 18:45,106,70,36,0,0,0
2022-07-16 19:00,100,58,42,0,0,0
2022-07-16 19:15,105,52,53,0,0,0
2022-07-16 19:30,73,39,34,0,0,0
2022-07-16 19:45,86,42,44,0,0,0
2022-07-16 20:00,93,47,46,0,0,0
2022-07-16 20:15,107,59,48,0,0,0
2022-07-16 20:30,82,36,46,0,0,0
2022-07-16 20:45,67,40,27,0,0,0
2022-07-16 21:00,87,35,52,0,0,0
2022-07-16 21:15,72,29,43,0,0,0
2022-07-16 21:30,79,43,36,0,0,0
2022-07-16 21:45,75,32,43,0,0,0
2022-07-16 22:00,82,25,57,0,0,0
2022-07-16 22:15,61,34,27,0,0,0
2022-07-16 22:30,49,18,31,0,0,0
2022-07-16 22:45,75,40,35,0,0,0
2022-07-16 23:00,64,32,32,0,0,0
2022-07-16 23:15,55,18,37,0,0,0
2022-07-16 23:30,73,48,25,0,0,0
2022-07-16 23:45,56,30,26,0,0,0
2022-07-17 00:00,51,12,39,0,0,0
2022-07-17 00:15,61,35,26,0,0,0
2022-07-17 00:30,55,33,22,0,0,0
2022-07-17 00:45,55,30,25,0,0,0
2022-07-17 01:00,41,18,23,0,0,0
2022-07-17 01:15,54,20,34,0,0,0
2022-07-17 01:30,54,29,25,0,0,0
2022-07-17 01:45,29,13,16,0,0,0
2022-07-17 02:00,36,6,30,0,0,0
2022-07-17 02:15,35,17,18,0,0,0
2022-07-17 02:30,24,8,16,0,0,0
2022-07-17 02:45,24,5,19,0,0,0
2022-07-17 03:00,33,10,23,0,0,0
2022-07-17 03:15,24,11,13,0,0,0
2022-07-17 03:30,24,8,16,0,0,0
2022-07-17 03:45,22,3,19,0,0,0
2022-07-17 04:00,32,4,28,0,0,0
2022-07-17 04:15,26,2,24,0,0,0
2022-07-17 04:30,14,2,12,0,0,0
2022-07-17 04:45,21,5,16,0,0,0
2022-07-17 05:00,12,3,9,0,0,0
2022-07-17 05:15,13,2,11,0,0,0
2022-07-17 05:30,10,3,7,0,0,0
2022-07-17 05:45,21,5,16,0,0,0
2022-07-17 06:00,11,1,10,0,0,0
2022-07-17 06:15,11,1,10,0,0,0
2022-07-17 06:30,13,2,11,0,0,0
2022-07-17 06:45,11,3,8,0,0,0
2022-07-17 07:00,9,3,6,0,0,0
2022-07-17 07:15,9,1,8,0,0,0
2022-07-17 07:30,9,3,6,0,0,0
2022-07-17 07:45,8,2,6,0,0,0
2022-07-17 08:00,8,1,7,0,0,0
2022-07-17 08:15,15,1,14,0,0,0
2022-07-17 08:30,22,8,14,0,0,0
2022-07-17 08:45,35,11,24,0,0,0
2022-07-17 09:00,16,7,9,0,0,0
2022-07-17 09:15,32,14,18,0,0,0
2022-07-17 09:30,24,9,15,0,0,0
2022-07-17 09:45,40,15,25,0,0,0
2022-07-17 10:00,28,11,17,0,0,0
2022-07-17 10:15,37,15,22,0,0,0
2022-07-17 10:30,40,15,25,0,0,0
2022-07-17 10:45,50,22,28,0,0,0
2022-07-17 11:00,50,20,30,0,0,0
2022-07-17 11:15,55,30,25,0,0,0
2022-07-17 11:30,50,20,30,0,0,0
2022-07-17 11:45,55,18,37,0,0,0
2022-07-17 12:00,57,26,31,0,0,0
2022-07-17 12:15,59,25,34,0,0,0
2022-07-17 12:30,75,31,44,0,0,0
2022-07-17 12:45,64,32,32,0,0,0
2022-07-17 13:00,77,33,44,0,0,0
2022-07-17 13:15,68,29,39,0,0,0
2022-07-17 13:30,81,43,38,0,0,0
2022-07-17 13:45,70,34,36,0,0,0
2022-07-17 14:00,88,34,54,0,0,0
2022-07-17 14:15,110,71,39,0,0,0
2022-07-17 14:30,86,48,38,0,0,0
2022-07-17 14:45,93,34,59,0,0,0
2022-07-17 15:00,109,64,45,0,0,0
2022-07-17 15:15,95,56,39,0,0,0
2022-07-17 15:30,82,43,39,0,0,0
2022-07-17 15:45,100,38,62,0,0,0
2022-07-17 16:00,100,63,37,0,0,0
2022-07-17 16:15,92,58,34,0,0,0
2022-07-17 16:30,109,63,46,0,0,0
2022-07-17 16:45,105,59,46,0,0,0
2022-07-17 17:00,100,38,62,0,0,0
2022-07-17 17:15,120,55,65,0,0,0
2022-07-17 17:30,82,39,43,0,0,0
2022-07-17 17:45,101,63,38,0,0,0
2022-07-17 18:00,108,58,50,0,0,0
2022-07-17 18:15,102,51,51,0,0,0
2022-07-17 18:30,108,52,56,0,0,0
2022-07-17 18:45,88,47,41,0,0,0
2022-07-17 19:00,89,36,53,0,0,0
2022-07-17 19:15,89,43,46,0,0,0
2022-07-17 19:30,102,44,58,0,0,0
2022-07-17 19:45,88,38,50,0,0,0
2022-07-17 20:00,90,34,56,0,0,0
2022-07-17 20:15,86,41,45,0,0,0
2022-07-17 20:30,84,27,57,0,0,0
2022-07-17 20:45,60,22,38,0,0,0
2022-07-17 21:00,55,16,39,0,0,0
2022-07-17 21:15,90,43,47,0,0,0
2022-07-17 21:30,59,21,38,0,0,0
2022-07-17 21:45,67,16,51,0,0,0
2022-07-17 22:00,62,25,37,0,0,0
2022-07-17 22:15,55,23,32,0,0,0
2022-07-17 22:30,38,11,27,0,0,0
2022-07-17 22:45,55,20,35,0,0,0
2022-07-17 23:00,38,16,22,0,0,0
2022-07-17 23:15,21,11,10,0,0,0
2022-07-17 23:30,29,8,21,0,0,0
2022-07-17 23:45,8,1,7,0,0,0
2022-07-18 00:00,7,3,4,0,0,0
2022-07-18 00:15,3,2,1,0,0,0
2022-07-18 00:30,8,3,5,0,0,0
2022-07-18 00:45,6,2,4,0,0,0
2022-07-18 01:00,5,1,4,0,0,0
2022-07-18 01:15,8,2,6,0,0,0
2022-07-18 01:30,0,0,0,0,0,0
2022-07-18 01:45,3,0,3,0,0,0
2022-07-18 02:00,6,2,4,0,0,0
2022-07-18 02:15,4,1,3,0,0,0
2022-07-18 02:30,1,0,1,0,0,0
2022-07-18 02:45,1,1,0,0,0,0
2022-07-18 03:00,0,0,0,0,0,0
2022-07-18 03:15,0,0,0,0,0,0
2022-07-18 03:30,0,0,0,0,0,0
2022-07-18 03:45,0,0,0,0,0,0
2022-07-18 04:00,7,4,3,0,0,0
2022-07-18 04:15,0,0,0,0,0,0
2022-07-18 04:30,2,0,2,0,0,0
2022-07-18 04:45,10,3,7,0,0,0
2022-07-18 05:00,6,3,3,0,0,0
2022-07-18 05:15,10,6,4,0,0,0
2022-07-18 05:30,20,9,11,0,0,0
2022-07-18 05:45,24,12,12,0,0,0
2022-07-18 06:00,18,6,12,0,0,0
2022-07-18 06:15,37,18,19,0,0,0
2022-07-18 06:30,59,31,28,0,0,0
2022-07-18 06:45,79,50,29,0,0,0
2022-07-18 07:00,84,50,34,0,0,0
2022-07-18 07:15,93,48,45,0,0,0
2022-07-18 07:30,98,56,42,0,0,0
2022-07-18 07:45,141,72,69,0,0,0
2022-07-18 08:00,110,65,45,0,0,0
2022-07-18 08:15,107,55,52,0,0,0
2022-07-18 08:30,106,57,49,0,0,0
2022-07-18 08:45,116,69,47,0,0,0
2022-07-18 09:00,91,43,48,0,0,0
2022-07-18 09:15,69,24,45,0,0,0
2022-07-18 09:30,83,28,55,0,0,0
2022-07-18 09:45,89,38,51,0,0,0
2022-07-18 10:00,81,33,48,0,0,0
2022-07-18 10:15,86,38,48,0,0,0
2022-07-18 10:30,90,43,47,0,0,0
2022-07-18 10:45,85,26,59,0,0,0
2022-07-18 11:00,84,39,45,0,0,0
2022-07-18 11:15,77,39,38,0,0,0
2022-07-18 11:30,101,49,52,0,0,0
2022-07-18 11:45,117,47,70,0,0,0
2022-07-18 12:00,75,30,45,0,0,0
2022-07-18 12:15,115,61,54,0,0,0
2022-07-18 12:30,103,56,47,0,0,0
2022-07-18 12:45,94,34,60,0,0,0
2022-07-18 13:00,102,48,54,0,0,0
2022-07-18 13:15,101,49,52,0,0,0
2022-07-18 13:30,99,49,50,0,0,0
2022-07-18 13:45,106,56,50,0,0,0
2022-07-18 14:00,113,58,55,0,0,0
2022-07-18 14:15,106,56,50,0,0,0
2022-07-18 14:30,108,49,59,0,0,0
2022-07-18 14:45,120,67,53,0,0,0
2022-07-18 15:00,104,54,50,0,0,0
2022-07-18 15:15,112,57,55,0,0,0
2022-07-18 15:30,128,75,53,0,0,0
2022-07-18 15:45,112,61,51,0,0,0
2022-07-18 16:00,156,73,83,0,0,0
2022-07-18 16:15,143,71,72,0,0,0
2022-07-18 16:30,154,83,71,0,0,0
2022-07-18 16:45,137,69,68,0,0,0
2022-07-18 17:00,149,90,59,0,0,0
2022-07-18 17:15,165,81,84,0,0,0
2022-07-18 17:30,139,67,72,0,0,0
2022-07-18 17:45,156,83,73,0,0,0
2022-07-18 18:00,133,69,64,0,0,0
2022-07-18 18:15,138,71,67,0,0,0
2022-07-18 18:30,157,77,80,0,0,0
2022-07-18 18:45,129,65,64,0,0,0
2022-07-18 19:00,136,75,61,0,0,0
2022-07-18 19:15,128,59,69,0,0,0
2022-07-18 19:30,113,63,50,0,0,0
2022-07-18 19:45,111,49,62,0,0,0
2022-07-18 20:00,102,49,53,0,0,0
2022-07-18 20:15,101,48,53,0,0,0
2022-07-18 20:30,59,32,27,0,0,0
2022-07-18 20:45,96,28,68,0,0,0
2022-07-18 21:00,73,25,48,0,0,0
2022-07-18 21:15,66,26,40,0,0,0
2022-07-18 21:30,82,28,54,0,0,0
2022-07-18 21:45,89,29,60,0,0,0
2022-07-18 22:00,87,33,54,0,0,0
2022-07-18 22:15,76,21,55,0,0,0
2022-07-18 22:30,55,10,45,0,0,0
2022-07-18 22:45,51,15,36,0,0,0
2022-07-18 23:00,37,18,19,0,0,0
2022-07-18 23:15,28,9,19,0,0,0
2022-07-18 23:30,24,8,16,0,0,0
2022-07-18 23:45,29,8,21,0,0,0
2022-07-19 00:00,17,7,10,0,0,0
2022-07-19 00:15,13,4,9,0,0,0
2022-07-19 00:30,10,5,5,0,0,0
2022-07-19 00:45,14,2,12,0,0,0
2022-07-19 01:00,18,8,10,0,0,0
2022-07-19 01:15,7,3,4,0,0,0
2022-07-19 01:30,11,4,7,0,0,0
2022-07-19 01:45,8,3,5,0,0,0
2022-07-19 02:00,2,1,1,0,0,0
2022-07-19 02:15,6,3,3,0,0,0
2022-07-19 02:30,6,1,5,0,0,0
2022-07-19 02:45,10,4,6,0,0,0
2022-07-19 03:00,3,0,3,0,0,0
2022-07-19 03:15,2,0,2,0,0,0
2022-07-19 03:30,1,1,0,0,0,0
2022-07-19 03:45,4,4,0,0,0,0
2022-07-19 04:00,6,2,4,0,0,0
2022-07-19 04:15,0,0,0,0,0,0
2022-07-19 04:30,2,1,1,0,0,0
2022-07-19 04:45,10,9,1,0,0,0
2022-07-19 05:00,8,6,2,0,0,0
2022-07-19 05:15,13,4,9,0,0,0
2022-07-19 05:30,15,6,9,0,0,0
2022-07-19 05:45,26,14,12,0,0,0
2022-07-19 06:00,27,12,15,0,0,0
2022-07-19 06:15,29,14,15,0,0,0
2022-07-19 06:30,60,24,36,0,0,0
2022-07-19 06:45,71,37,34,0,0,0
2022-07-19 07:00,99,51,48,0,0,0
2022-07-19 07:15,93,54,39,0,0,0
2022-07-19 07:30,87,42,45,0,0,0
2022-07-19 07:45,130,64,66,0,0,0
2022-07-19 08:00,98,48,50,0,0,0
2022-07-19 08:15,115,55,60,0,0,0
2022-07-19 08:30,98,42,56,0,0,0
2022-07-19 08:45,106,49,57,0,0,0
2022-07-19 09:00,84,48,36,0,0,0
2022-07-19 09:15,94,49,45,0,0,0
2022-07-19 09:30,74,20,54,0,0,0
2022-07-19 09:45,89,41,48,0,0,0
2022-07-19 10:00,80,29,51,0,0,0
2022-07-19 10:15,85,33,52,0,0,0
2022-07-19 10:30,52,26,26,0,0,0
2022-07-19 10:45,76,43,33,0,0,0
2022-07-19 11:00,79,29,50,0,0,0
2022-07-19 11:15,98,52,46,0,0,0
2022-07-19 11:30,102,63,39,0,0,0
2022-07-19 11:45,76,39,37,0,0,0
2022-07-19 12:00,103,38,65,0,0,0
2022-07-19 12:15,123,59,64,0,0,0
2022-07-19 12:30,85,40,45,0,0,0
2022-07-19 12:45,98,53,45,0,0,0
2022-07-19 13:00,125,69,56,0,0,0
2022-07-19 13:15,110,67,43,0,0,0
2022-07-19 13:30,90,50,40,0,0,0
2022-07-19 13:45,102,56,46,0,0,0
2022-07-19 14:00,110,58,52,0,0,0
2022-07-19 14:15,103,62,41,0,0,0
2022-07-19 14:30,95,63,32,0,0,0
2022-07-19 14:45,122,66,56,0,0,0
2022-07-19 15:00,84,49,35,0,0,0
2022-07-19 15:15,111,66,45,0,0,0
2022-07-19 15:30,125,68,57,0,0,0
2022-07-19 15:45,103,58,45,0,0,0
2022-07-19 16:00,132,74,58,0,0,0
2022-07-19 16:15,149,93,56,0,0,0
2022-07-19 16:30,162,92,70,0,0,0
2022-07-19 16:45,136,83,53,0,0,0
2022-07-19 17:00,148,82,66,0,0,0
2022-07-19 17:15,158,81,77,0,0,0
2022-07-19 17:30,137,81,56,0,0,0
2022-07-19 17:45,177,93,84,0,0,0
2022-07-19 18:00,149,82,67,0,0,0
2022-07-19 18:15,145,84,61,0,0,0
2022-07-19 18:30,122,74,48,0,0,0
2022-07-19 18:45,150,89,61,0,0,0
2022-07-19 19:00,135,73,62,0,0,0
2022-07-19 19:15,130,70,60,0,0,0
2022-07-19 19:30,111,60,51,0,0,0
2022-07-19 19:45,104,61,43,0,0,0
2022-07-19 20:00,138,63,75,0,0,0
2022-07-19 20:15,105,54,51,0,0,0
2022-07-19 20:30,93,41,52,0,0,0
2022-07-19 20:45,91,33,58,0,0,0
2022-07-19 21:00,101,30,71,0,0,0
2022-07-19 21:15,109,34,75,0,0,0
2022-07-19 21:30,95,26,69,0,0,0
2022-07-19 21:45,90,18,72,0,0,0
2022-07-19 22:00,91,15,76,0,0,0
2022-07-19 22:15,90,29,61,0,0,0
2022-07-19 22:30,67,10,57,0,0,0
2022-07-19 22:45,70,21,49,0,0,0
2022-07-19 23:00,66,14,52,0,0,0
2022-07-19 23:15,48,17,31,0,0,0
2022-07-19 23:30,43,14,29,0,0,0
2022-07-19 23:45,33,8,25,0,0,0
2022-07-20 00:00,27,6,21,0,0,0
2022-07-20 00:15,30,9,21,0,0,0
2022-07-20 00:30,11,2,9,0,0,0
2022-07-20 00:45,17,4,13,0,0,0
2022-07-20 01:00,9,3,6,0,0,0
2022-07-20 01:15,20,4,16,0,0,0
2022-07-20 01:30,12,2,10,0,0,0
2022-07-20 01:45,9,7,2,0,0,0
2022-07-20 02:00,1,1,0,0,0,0
2022-07-20 02:15,6,2,4,0,0,0
2022-07-20 02:30,5,1,4,0,0,0
2022-07-20 02:45,3,1,2,0,0,0
2022-07-20 03:00,1,1,0,0,0,0
2022-07-20 03:15,0,0,0,0,0,0
2022-07-20 03:30,5,1,4,0,0,0
2022-07-20 03:45,0,0,0,0,0,0
2022-07-20 04:00,4,1,3,0,0,0
2022-07-20 04:15,6,0,6,0,0,0
2022-07-20 04:30,4,1,3,0,0,0
2022-07-20 04:45,14,7,7,0,0,0
2022-07-20 05:00,8,3,5,0,0,0
2022-07-20 05:15,14,4,10,0,0,0
2022-07-20 05:30,23,9,14,0,0,0
2022-07-20 05:45,23,12,11,0,0,0
2022-07-20 06:00,26,12,14,0,0,0
2022-07-20 06:15,33,13,20,0,0,0
2022-07-20 06:30,50,21,29,0,0,0
2022-07-20 06:45,72,41,31,0,0,0
2022-07-20 07:00,83,40,43,0,0,0
2022-07-20 07:15,80,50,30,0,0,0
2022-07-20 07:30,104,61,43,0,0,0
2022-07-20 07:45,122,73,49,0,0,0
2022-07-20 08:00,120,62,58,0,0,0
2022-07-20 08:15,140,77,63,0,0,0
2022-07-20 08:30,96,50,46,0,0,0
2022-07-20 08:45,120,55,65,0,0,0
2022-07-20 09:00,87,39,48,0,0,0
2022-07-20 09:15,61,29,32,0,0,0
2022-07-20 09:30,84,30,54,0,0,0
2022-07-20 09:45,122,54,68,0,0,0
2022-07-20 10:00,87,38,49,0,0,0
2022-07-20 10:15,80,37,43,0,0,0
2022-07-20 10:30,81,45,36,0,0,0
2022-07-20 10:45,86,40,46,0,0,0
2022-07-20 11:00,87,44,43,0,0,0
2022-07-20 11:15,104,59,45,0,0,0
2022-07-20 11:30,116,57,59,0,0,0
2022-07-20 11:45,121,52,69,0,0,0
2022-07-20 12:00,106,53,53,0,0,0
2022-07-20 12:15,88,25,63,0,0,0
2022-07-20 12:30,103,50,53,0,0,0
2022-07-20 12:45,90,35,55,0,0,0
2022-07-20 13:00,127,65,62,0,0,0
2022-07-20 13:15,105,47,58,0,0,0
2022-07-20 13:30,115,59,56,0,0,0
2022-07-20 13:45,122,67,55,0,0,0
2022-07-20 14:00,95,48,47,0,0,0
2022-07-20 14:15,84,50,34,0,0,0
2022-07-20 14:30,99,42,57,0,0,0
2022-07-20 14:45,98,55,43,0,0,0
2022-07-20 15:00,120,74,46,0,0,0
2022-07-20 15:15,113,67,46,0,0,0
2022-07-20 15:30,143,80,63,0,0,0
2022-07-20 15:45,126,48,78,0,0,0
2022-07-20 16:00,125,56,69,0,0,0
2022-07-20 16:15,140,69,71,0,0,0
2022-07-20 16:30,174,90,84,0,0,0
2022-07-20 16:45,161,90,71,0,0,0
2022-07-20 17:00,181,105,76,0,0,0
2022-07-20 17:15,146,60,86,0,0,0
2022-07-20 17:30,147,72,75,0,0,0
2022-07-20 17:45,165,98,67,0,0,0
2022-07-20 18:00,150,81,69,0,0,0
2022-07-20 18:15,152,67,85,0,0,0
2022-07-20 18:30,125,66,59,0,0,0
2022-07-20 18:45,149,76,73,0,0,0
2022-07-20 19:00,128,66,62,0,0,0
2022-07-20 19:15,122,50,72,0,0,0
2022-07-20 19:30,111,44,67,0,0,0
2022-07-20 19:45,102,46,56,0,0,0
2022-07-20 20:00,104,42,62,0,0,0
2022-07-20 20:15,74,29,45,0,0,0
2022-07-20 20:30,50,17,33,0,0,0
2022-07-20 20:45,71,17,54,0,0,0
2022-07-20 21:00,80,35,45,0,0,0
2022-07-20 21:15,66,16,50,0,0,0
2022-07-20 21:30,76,24,52,0,0,0
2022-07-20 21:45,77,33,44,0,0,0
2022-07-20 22:00,65,27,38,0,0,0
2022-07-20 22:15,31,11,20,0,0,0
2022-07-20 22:30,29,13,16,0,0,0
2022-07-20 22:45,35,11,24,0,0,0
2022-07-20 23:00,40,11,29,0,0,0
2022-07-20 23:15,30,10,20,0,0,0
2022-07-20 23:30,23,7,16,0,0,0
2022-07-20 23:45,21,6,15,0,0,0
2022-07-21 00:00,18,8,10,0,0,0
2022-07-21 00:15,26,4,22,0,0,0
2022-07-21 00:30,14,5,9,0,0,0
2022-07-21 00:45,9,7,2,0,0,0
2022-07-21 01:00,5,1,4,0,0,0
2022-07-21 01:15,14,1,13,0,0,0
2022-07-21 01:30,5,3,2,0,0,0
2022-07-21 01:45,9,6,3,0,0,0
2022-07-21 02:00,4,1,3,0,0,0
2022-07-21 02:15,2,1,1,0,0,0
2022-07-21 02:30,0,0,0,0,0,0
2022-07-21 02:45,2,0,2,0,0,0
2022-07-21 03:00,3,2,1,0,0,0
2022-07-21 03:15,7,2,5,0,0,0
2022-07-21 03:30,1,1,0,0,0,0
2022-07-21 03:45,4,3,1,0,0,0
2022-07-21 04:00,1,1,0,0,0,0
2022-07-21 04:15,2,0,2,0,0,0
2022-07-21 04:30,5,2,3,0,0,0
2022-07-21 04:45,13,4,9,0,0,0
2022-07-21 05:00,9,3,6,0,0,0
2022-07-21 05:15,8,4,4,0,0,0
2022-07-21 05:30,10,3,7,0,0,0
2022-07-21 05:45,20,13,7,0,0,0
2022-07-21 06:00,19,7,12,0,0,0
2022-07-21 06:15,21,9,12,0,0,0
2022-07-21 06:30,48,11,37,0,0,0
2022-07-21 06:45,56,29,27,0,0,0
2022-07-21 07:00,52,26,26,0,0,0
2022-07-21 07:15,59,28,31,0,0,0
2022-07-21 07:30,65,29,36,0,0,0
2022-07-21 07:45,79,44,35,0,0,0
2022-07-21 08:00,87,43,44,0,0,0
2022-07-21 08:15,87,47,40,0,0,0
2022-07-21 08:30,82,40,42,0,0,0
2022-07-21 08:45,94,48,46,0,0,0
2022-07-21 09:00,83,39,44,0,0,0
2022-07-21 09:15,55,27,28,0,0,0
2022-07-21 09:30,62,21,41,0,0,0
2022-07-21 09:45,87,39,48,0,0,0
2022-07-21 10:00,96,29,67,0,0,0
2022-07-21 10:15,66,29,37,0,0,0
2022-07-21 10:30,72,28,44,0,0,0
2022-07-21 10:45,85,32,53,0,0,0
2022-07-21 11:00,71,28,43,0,0,0
2022-07-21 11:15,79,36,43,0,0,0
2022-07-21 11:30,86,48,38,0,0,0
2022-07-21 11:45,85,41,44,0,0,0
2022-07-21 12:00,80,42,38,0,0,0
2022-07-21 12:15,110,44,66,0,0,0
2022-07-21 12:30,110,47,63,0,0,0
2022-07-21 12:45,86,28,58,0,0,0
2022-07-21 13:00,111,50,61,0,0,0
2022-07-21 13:15,100,45,55,0,0,0
2022-07-21 13:30,91,47,44,0,0,0
2022-07-21 13:45,99,46,53,0,0,0
2022-07-21 14:00,98,43,55,0,0,0
2022-07-21 14:15,65,29,36,0,0,0
2022-07-21 14:30,121,54,67,0,0,0
2022-07-21 14:45,91,35,56,0,0,0
2022-07-21 15:00,73,35,38,0,0,0
2022-07-21 15:15,96,38,58,0,0,0
2022-07-21 15:30,114,53,61,0,0,0
2022-07-21 15:45,107,45,62,0,0,0
2022-07-21 16:00,121,57,64,0,0,0
2022-07-21 16:15,103,43,60,0,0,0
2022-07-21 16:30,145,65,80,0,0,0
2022-07-21 16:45,127,61,66,0,0,0
2022-07-21 17:00,115,43,72,0,0,0
2022-07-21 17:15,135,53,82,0,0,0
2022-07-21 17:30,151,74,77,0,0,0
2022-07-21 17:45,151,82,69,0,0,0
2022-07-21 18:00,130,54,76,0,0,0
2022-07-21 18:15,142,53,89,0,0,0
2022-07-21 18:30,122,61,61,0,0,0
2022-07-21 18:45,104,53,51,0,0,0
2022-07-21 19:00,107,52,55,0,0,0
2022-07-21 19:15,114,63,51,0,0,0
2022-07-21 19:30,97,51,46,0,0,0
2022-07-21 19:45,93,55,38,0,0,0
2022-07-21 20:00,77,47,30,0,0,0
2022-07-21 20:15,68,41,27,0,0,0
2022-07-21 20:30,44,19,25,0,0,0
2022-07-21 20:45,50,24,26,0,0,0
2022-07-21 21:00,62,23,39,0,0,0
2022-07-21 21:15,46,24,22,0,0,0
2022-07-21 21:30,56,22,34,0,0,0
2022-07-21 21:45,49,24,25,0,0,0
2022-07-21 22:00,71,37,34,0,0,0
2022-07-21 22:15,41,10,31,0,0,0
2022-07-21 22:30,47,17,30,0,0,0
2022-07-21 22:45,29,9,20,0,0,0
2022-07-21 23:00,30,7,23,0,0,0
2022-07-21 23:15,35,11,24,0,0,0
2022-07-21 23:30,17,9,8,0,0,0
2022-07-21 23:45,17,11,6,0,0,0
2022-07-22 00:00,16,5,11,0,0,0
2022-07-22 00:15,25,3,22,0,0,0
2022-07-22 00:30,15,4,11,0,0,0
2022-07-22 00:45,24,5,19,0,0,0
2022-07-22 01:00,8,4,4,0,0,0
2022-07-22 01:15,12,6,6,0,0,0
2022-07-22 01:30,14,0,14,0,0,0
2022-07-22 01:45,8,3,5,0,0,0
2022-07-22 02:00,13,5,8,0,0,0
2022-07-22 02:15,9,4,5,0,0,0
2022-07-22 02:30,6,2,4,0,0,0
2022-07-22 02:45,6,1,5,0,0,0
2022-07-22 03:00,11,0,11,0,0,0
2022-07-22 03:15,4,3,1,0,0,0
2022-07-22 03:30,4,1,3,0,0,0
2022-07-22 03:45,1,1,0,0,0,0
2022-07-22 04:00,1,0,1,0,0,0
2022-07-22 04:15,4,2,2,0,0,0
2022-07-22 04:30,2,1,1,0,0,0
2022-07-22 04:45,12,4,8,0,0,0
2022-07-22 05:00,5,3,2,0,0,0
2022-07-22 05:15,10,4,6,0,0,0
2022-07-22 05:30,13,6,7,0,0,0
2022-07-22 05:45,15,6,9,0,0,0
2022-07-22 06:00,14,6,8,0,0,0
2022-07-22 06:15,33,15,18,0,0,0
2022-07-22 06:30,48,17,31,0,0,0
2022-07-22 06:45,48,29,19,0,0,0
2022-07-22 07:00,71,43,28,0,0,0
2022-07-22 07:15,51,28,23,0,0,0
2022-07-22 07:30,75,35,40,0,0,0
2022-07-22 07:45,104,60,44,0,0,0
2022-07-22 08:00,87,45,42,0,0,0
2022-07-22 08:15,93,50,43,0,0,0
2022-07-22 08:30,82,44,38,0,0,0
2022-07-22 08:45,102,53,49,0,0,0
2022-07-22 09:00,91,39,52,0,0,0
2022-07-22 09:15,59,33,26,0,0,0
2022-07-22 09:30,56,22,34,0,0,0
2022-07-22 09:45,87,45,42,0,0,0
2022-07-22 10:00,84,44,40,0,0,0
2022-07-22 10:15,78,32,46,0,0,0
2022-07-22 10:30,90,34,56,0,0,0
2022-07-22 10:45,94,52,42,0,0,0
2022-07-22 11:00,68,31,37,0,0,0
2022-07-22 11:15,95,47,48,0,0,0
2022-07-22 11:30,100,39,61,0,0,0
2022-07-22 11:45,81,33,48,0,0,0
2022-07-22 12:00,98,47,51,0,0,0
2022-07-22 12:15,132,55,77,0,0,0
2022-07-22 12:30,91,39,52,0,0,0
2022-07-22 12:45,105,43,62,0,0,0
2022-07-22 13:00,107,55,52,0,0,0
2022-07-22 13:15,109,54,55,0,0,0
2022-07-22 13:30,105,42,63,0,0,0
2022-07-22 13:45,100,44,56,0,0,0
2022-07-22 14:00,103,35,68,0,0,0
2022-07-22 14:15,129,68,61,0,0,0
2022-07-22 14:30,125,51,74,0,0,0
2022-07-22 14:45,121,53,68,0,0,0
2022-07-22 15:00,92,43,49,0,0,0
2022-07-22 15:15,128,68,60,0,0,0
2022-07-22 15:30,104,64,40,0,0,0
2022-07-22 15:45,113,61,52,0,0,0
2022-07-22 16:00,127,58,69,0,0,0
2022-07-22 16:15,105,42,63,0,0,0
2022-07-22 16:30,120,47,73,0,0,0
2022-07-22 16:45,124,68,56,0,0,0
2022-07-22 17:00,99,41,58,0,0,0
2022-07-22 17:15,144,72,72,0,0,0
2022-07-22 17:30,136,73,63,0,0,0
2022-07-22 17:45,139,74,65,0,0,0
2022-07-22 18:00,118,66,52,0,0,0
2022-07-22 18:15,121,63,58,0,0,0
2022-07-22 18:30,86,42,44,0,0,0
2022-07-22 18:45,132,81,51,0,0,0
2022-07-22 19:00,126,60,66,0,0,0
2022-07-22 19:15,120,60,60,0,0,0
2022-07-22 19:30,65,32,33,0,0,0
2022-07-22 19:45,112,55,57,0,0,0
2022-07-22 20:00,104,57,47,0,0,0
2022-07-22 20:15,84,44,40,0,0,0
2022-07-22 20:30,88,32,56,0,0,0
2022-07-22 20:45,62,32,30,0,0,0
2022-07-22 21:00,70,36,34,0,0,0
2022-07-22 21:15,65,39,26,0,0,0
2022-07-22 21:30,48,25,23,0,0,0
2022-07-22 21:45,58,24,34,0,0,0
2022-07-22 22:00,68,32,36,0,0,0
2022-07-22 22:15,71,23,48,0,0,0
2022-07-22 22:30,42,16,26,0,0,0
2022-07-22 22:45,57,21,36,0,0,0
2022-07-22 23:00,53,19,34,0,0,0
2022-07-22 23:15,63,36,27,0,0,0
2022-07-22 23:30,33,20,13,0,0,0
2022-07-22 23:45,53,21,32,0,0,0
2022-07-23 00:00,54,26,28,0,0,0
2022-07-23 00:15,38,18,20,0,0,0
2022-07-23 00:30,71,55,16,0,0,0
2022-07-23 00:45,40,19,21,0,0,0
2022-07-23 01:00,48,27,21,0,0,0
2022-07-23 01:15,43,22,21,0,0,0
2022-07-23 01:30,36,10,26,0,0,0
2022-07-23 01:45,28,13,15,0,0,0
2022-07-23 02:00,22,9,13,0,0,0
2022-07-23 02:15,20,5,15,0,0,0
2022-07-23 02:30,12,0,12,0,0,0
2022-07-23 02:45,13,4,9,0,0,0
2022-07-23 03:00,19,12,7,0,0,0
2022-07-23 03:15,19,4,15,0,0,0
2022-07-23 03:30,14,3,11,0,0,0
2022-07-23 03:45,30,11,19,0,0,0
2022-07-23 04:00,10,1,9,0,0,0
2022-07-23 04:15,14,4,10,0,0,0
2022-07-23 04:30,14,4,10,0,0,0
2022-07-23 04:45,13,5,8,0,0,0
2022-07-23 05:00,13,2,11,0,0,0
2022-07-23 05:15,21,1,20,0,0,0
2022-07-23 05:30,21,7,14,0,0,0
2022-07-23 05:45,7,2,5,0,0,0
2022-07-23 06:00,11,1,10,0,0,0
2022-07-23 06:15,8,3,5,0,0,0
2022-07-23 06:30,11,6,5,0,0,0
2022-07-23 06:45,13,3,10,0,0,0
2022-07-23 07:00,9,5,4,0,0,0
2022-07-23 07:15,31,11,20,0,0,0
2022-07-23 07:30,15,5,10,0,0,0
2022-07-23 07:45,28,8,20,0,0,0
2022-07-23 08:00,21,5,16,0,0,0
2022-07-23 08:15,28,12,16,0,0,0
2022-07-23 08:30,23,5,18,0,0,0
2022-07-23 08:45,32,9,23,0,0,0
2022-07-23 09:00,31,7,24,0,0,0
2022-07-23 09:15,34,11,23,0,0,0
2022-07-23 09:30,35,12,23,0,0,0
2022-07-23 09:45,65,30,35,0,0,0
2022-07-23 10:00,67,20,47,0,0,0
2022-07-23 10:15,72,23,49,0,0,0
2022-07-23 10:30,65,34,31,0,0,0
2022-07-23 10:45,53,27,26,0,0,0
2022-07-23 11:00,67,35,32,0,0,0
2022-07-23 11:15,78,35,43,0,0,0
2022-07-23 11:30,95,41,54,0,0,0
2022-07-23 11:45,88,42,46,0,0,0
2022-07-23 12:00,85,47,38,0,0,0
2022-07-23 12:15,73,34,39,0,0,0
2022-07-23 12:30,92,49,43,0,0,0
2022-07-23 12:45,106,55,51,0,0,0
2022-07-23 13:00,105,59,46,0,0,0
2022-07-23 13:15,108,49,59,0,0,0
2022-07-23 13:30,81,56,25,0,0,0
2022-07-23 13:45,80,42,38,0,0,0
2022-07-23 14:00,61,39,22,0,0,0
2022-07-23 14:15,89,45,44,0,0,0
2022-07-23 14:30,96,47,49,0,0,0
2022-07-23 14:45,107,64,43,0,0,0
2022-07-23 15:00,104,62,42,0,0,0
2022-07-23 15:15,104,51,53,0,0,0
2022-07-23 15:30,93,42,51,0,0,0
2022-07-23 15:45,91,48,43,0,0,0
2022-07-23 16:00,111,56,55,0,0,0
2022-07-23 16:15,114,57,57,0,0,0
2022-07-23 16:30,103,57,46,0,0,0
2022-07-23 16:45,97,60,37,0,0,0
2022-07-23 17:00,89,43,46,0,0,0
2022-07-23 17:15,102,64,38,0,0,0
2022-07-23 17:30,86,54,32,0,0,0
2022-07-23 17:45,108,58,50,0,0,0
2022-07-23 18:00,108,68,40,0,0,0
2022-07-23 18:15,116,76,40,0,0,0
2022-07-23 18:30,95,46,49,0,0,0
2022-07-23 18:45,104,54,50,0,0,0
2022-07-23 19:00,93,50,43,0,0,0
2022-07-23 19:15,97,41,56,0,0,0
2022-07-23 19:30,85,43,42,0,0,0
2022-07-23 19:45,102,37,65,0,0,0
2022-07-23 20:00,87,41,46,0,0,0
2022-07-23 20:15,88,41,47,0,0,0
2022-07-23 20:30,92,38,54,0,0,0
2022-07-23 20:45,69,34,35,0,0,0
2022-07-23 21:00,63,32,31,0,0,0
2022-07-23 21:15,83,40,43,0,0,0
2022-07-23 21:30,62,24,38,0,0,0
2022-07-23 21:45,72,34,38,0,0,0
2022-07-23 22:00,73,31,42,0,0,0
2022-07-23 22:15,66,25,41,0,0,0
2022-07-23 22:30,51,17,34,0,0,0
2022-07-23 22:45,57,14,43,0,0,0
2022-07-23 23:00,56,28,28,0,0,0
2022-07-23 23:15,61,26,35,0,0,0
2022-07-23 23:30,55,27,28,0,0,0
2022-07-23 23:45,65,31,34,0,0,0
2022-07-24 00:00,48,22,26,0,0,0
2022-07-24 00:15,73,41,32,0,0,0
2022-07-24 00:30,56,27,29,0,0,0
2022-07-24 00:45,65,36,29,0,0,0
2022-07-24 01:00,26,9,17,0,0,0
2022-07-24 01:15,57,28,29,0,0,0
2022-07-24 01:30,37,14,23,0,0,0
2022-07-24 01:45,35,17,18,0,0,0
2022-07-24 02:00,26,9,17,0,0,0
2022-07-24 02:15,16,4,12,0,0,0
2022-07-24 02:30,25,5,20,0,0,0
2022-07-24 02:45,22,5,17,0,0,0
2022-07-24 03:00,20,7,13,0,0,0
2022-07-24 03:15,28,11,17,0,0,0
2022-07-24 03:30,25,9,16,0,0,0
2022-07-24 03:45,15,6,9,0,0,0
2022-07-24 04:00,23,1,22,0,0,0
2022-07-24 04:15,18,5,13,0,0,0
2022-07-24 04:30,15,4,11,0,0,0
2022-07-24 04:45,19,1,18,0,0,0
2022-07-24 05:00,11,1,10,0,0,0
2022-07-24 05:15,11,3,8,0,0,0
2022-07-24 05:30,17,2,15,0,0,0
2022-07-24 05:45,6,1,5,0,0,0
2022-07-24 06:00,9,2,7,0,0,0
2022-07-24 06:15,9,4,5,0,0,0
2022-07-24 06:30,10,4,6,0,0,0
2022-07-24 06:45,11,1,10,0,0,0
2022-07-24 07:00,3,1,2,0,0,0
2022-07-24 07:15,12,5,7,0,0,0
2022-07-24 07:30,13,4,9,0,0,0
2022-07-24 07:45,14,7,7,0,0,0
2022-07-24 08:00,16,5,11,0,0,0
2022-07-24 08:15,30,11,19,0,0,0
2022-07-24 08:30,18,4,14,0,0,0
2022-07-24 08:45,25,8,17,0,0,0
2022-07-24 09:00,22,13,9,0,0,0
2022-07-24 09:15,22,8,14,0,0,0
2022-07-24 09:30,37,11,26,0,0,0
2022-07-24 09:45,31,12,19,0,0,0
2022-07-24 10:00,49,18,31,0,0,0
2022-07-24 10:15,38,15,23,0,0,0
2022-07-24 10:30,52,18,34,0,0,0
2022-07-24 10:45,56,22,34,0,0,0
2022-07-24 11:00,50,22,28,0,0,0
2022-07-24 11:15,64,26,38,0,0,0
2022-07-24 11:30,74,47,27,0,0,0
2022-07-24 11:45,61,27,34,0,0,0
2022-07-24 12:00,44,25,19,0,0,0
2022-07-24 12:15,70,35,35,0,0,0
2022-07-24 12:30,72,35,37,0,0,0
2022-07-24 12:45,54,23,31,0,0,0
2022-07-24 13:00,53,26,27,0,0,0
2022-07-24 13:15,94,56,38,0,0,0
2022-07-24 13:30,65,27,38,0,0,0
2022-07-24 13:45,71,38,33,0,0,0
2022-07-24 14:00,69,40,29,0,0,0
2022-07-24 14:15,85,39,46,0,0,0
2022-07-24 14:30,78,33,45,0,0,0
2022-07-24 14:45,78,42,36,0,0,0
2022-07-24 15:00,80,58,22,0,0,0
2022-07-24 15:15,88,49,39,0,0,0
2022-07-24 15:30,76,44,32,0,0,0
2022-07-24 15:45,104,56,48,0,0,0
2022-07-24 16:00,79,47,32,0,0,0
2022-07-24 16:15,114,60,54,0,0,0
2022-07-24 16:30,80,52,28,0,0,0
2022-07-24 16:45,92,62,30,0,0,0
2022-07-24 17:00,92,59,33,0,0,0
2022-07-24 17:15,91,46,45,0,0,0
2022-07-24 17:30,96,48,48,0,0,0
2022-07-24 17:45,95,41,54,0,0,0
2022-07-24 18:00,107,57,50,0,0,0
2022-07-24 18:15,81,37,44,0,0,0
2022-07-24 18:30,113,43,70,0,0,0
2022-07-24 18:45,110,53,57,0,0,0
2022-07-24 19:00,113,51,62,0,0,0
2022-07-24 19:15,79,43,36,0,0,0
2022-07-24 19:30,82,24,58,0,0,0
2022-07-24 19:45,88,35,53,0,0,0
2022-07-24 20:00,98,39,59,0,0,0
2022-07-24 20:15,100,43,57,0,0,0
2022-07-24 20:30,93,36,57,0,0,0
2022-07-24 20:45,80,37,43,0,0,0
2022-07-24 21:00,87,34,53,0,0,0
2022-07-24 21:15,82,20,62,0,0,0
2022-07-24 21:30,76,26,50,0,0,0
2022-07-24 21:45,76,16,60,0,0,0
2022-07-24 22:00,51,18,33,0,0,0
2022-07-24 22:15,38,11,27,0,0,0
2022-07-24 22:30,45,8,37,0,0,0
2022-07-24 22:45,39,13,26,0,0,0
2022-07-24 23:00,53,22,31,0,0,0
2022-07-24 23:15,36,12,24,0,0,0
2022-07-24 23:30,44,25,19,0,0,0
2022-07-24 23:45,22,14,8,0,0,0
2022-07-25 00:00,15,6,9,0,0,0
2022-07-25 00:15,42,23,19,0,0,0
2022-07-25 00:30,18,6,12,0,0,0
2022-07-25 00:45,15,5,10,0,0,0
2022-07-25 01:00,13,2,11,0,0,0
2022-07-25 01:15,14,4,10,0,0,0
2022-07-25 01:30,12,2,10,0,0,0
2022-07-25 01:45,12,4,8,0,0,0
2022-07-25 02:00,8,0,8,0,0,0
2022-07-25 02:15,11,1,10,0,0,0
2022-07-25 02:30,27,4,23,0,0,0
2022-07-25 02:45,10,0,10,0,0,0
2022-07-25 03:00,14,1,13,0,0,0
2022-07-25 03:15,4,1,3,0,0,0
2022-07-25 03:30,17,1,16,0,0,0
2022-07-25 03:45,9,1,8,0,0,0
2022-07-25 04:00,8,2,6,0,0,0
2022-07-25 04:15,10,0,10,0,0,0
2022-07-25 04:30,9,0,9,0,0,0
2022-07-25 04:45,13,2,11,0,0,0
2022-07-25 05:00,4,1,3,0,0,0
2022-07-25 05:15,17,8,9,0,0,0
2022-07-25 05:30,26,8,18,0,0,0
2022-07-25 05:45,17,13,4,0,0,0
2022-07-25 06:00,19,10,9,0,0,0
2022-07-25 06:15,37,16,21,0,0,0
2022-07-25 06:30,44,16,28,0,0,0
2022-07-25 06:45,68,34,34,0,0,0
2022-07-25 07:00,67,38,29,0,0,0
2022-07-25 07:15,79,44,35,0,0,0
2022-07-25 07:30,98,54,44,0,0,0
2022-07-25 07:45,116,54,62,0,0,0
2022-07-25 08:00,107,60,47,0,0,0
2022-07-25 08:15,109,64,45,0,0,0
2022-07-25 08:30,112,73,39,0,0,0
2022-07-25 08:45,113,67,46,0,0,0
2022-07-25 09:00,90,42,48,0,0,0
2022-07-25 09:15,72,38,34,0,0,0
2022-07-25 09:30,70,30,40,0,0,0
2022-07-25 09:45,70,41,29,0,0,0
2022-07-25 10:00,81,31,50,0,0,0
2022-07-25 10:15,63,25,38,0,0,0
2022-07-25 10:30,70,36,34,0,0,0
2022-07-25 10:45,82,38,44,0,0,0
2022-07-25 11:00,89,43,46,0,0,0
2022-07-25 11:15,87,38,49,0,0,0
2022-07-25 11:30,92,44,48,0,0,0
2022-07-25 11:45,81,38,43,0,0,0
2022-07-25 12:00,103,47,56,0,0,0
2022-07-25 12:15,128,64,64,0,0,0
2022-07-25 12:30,107,47,60,0,0,0
2022-07-25 12:45,121,62,59,0,0,0
2022-07-25 13:00,73,33,40,0,0,0
2022-07-25 13:15,93,39,54,0,0,0
2022-07-25 13:30,92,50,42,0,0,0
2022-07-25 13:45,70,41,29,0,0,0
2022-07-25 14:00,104,52,52,0,0,0
2022-07-25 14:15,125,60,65,0,0,0
2022-07-25 14:30,117,47,70,0,0,0
2022-07-25 14:45,124,63,61,0,0,0
2022-07-25 15:00,95,35,60,0,0,0
2022-07-25 15:15,101,51,50,0,0,0
2022-07-25 15:30,134,67,67,0,0,0
2022-07-25 15:45,148,70,78,0,0,0
2022-07-25 16:00,136,77,59,0,0,0
2022-07-25 16:15,135,62,73,0,0,0
2022-07-25 16:30,124,48,76,0,0,0
2022-07-25 16:45,148,66,82,0,0,0
2022-07-25 17:00,153,70,83,0,0,0
2022-07-25 17:15,157,84,73,0,0,0
2022-07-25 17:30,161,76,85,0,0,0
2022-07-25 17:45,155,78,77,0,0,0
2022-07-25 18:00,135,64,71,0,0,0
2022-07-25 18:15,121,65,56,0,0,0
2022-07-25 18:30,102,49,53,0,0,0
2022-07-25 18:45,134,72,62,0,0,0
2022-07-25 19:00,144,74,70,0,0,0
2022-07-25 19:15,103,56,47,0,0,0
2022-07-25 19:30,77,35,42,0,0,0
2022-07-25 19:45,96,57,39,0,0,0
2022-07-25 20:00,91,49,42,0,0,0
2022-07-25 20:15,62,30,32,0,0,0
2022-07-25 20:30,78,30,48,0,0,0
2022-07-25 20:45,71,35,36,0,0,0
2022-07-25 21:00,67,30,37,0,0,0
2022-07-25 21:15,64,23,41,0,0,0
2022-07-25 21:30,54,28,26,0,0,0
2022-07-25 21:45,48,17,31,0,0,0
2022-07-25 22:00,44,14,30,0,0,0
2022-07-25 22:15,41,22,19,0,0,0
2022-07-25 22:30,58,18,40,0,0,0
2022-07-25 22:45,41,15,26,0,0,0
2022-07-25 23:00,31,11,20,0,0,0
2022-07-25 23:15,21,5,16,0,0,0
2022-07-25 23:30,28,6,22,0,0,0
2022-07-25 23:45,27,16,11,0,0,0
2022-07-26 00:00,19,6,13,0,0,0
2022-07-26 00:15,14,3,11,0,0,0
2022-07-26 00:30,7,3,4,0,0,0
2022-07-26 00:45,6,3,3,0,0,0
2022-07-26 01:00,6,1,5,0,0,0
2022-07-26 01:15,7,7,0,0,0,0
2022-07-26 01:30,5,3,2,0,0,0
2022-07-26 01:45,4,1,3,0,0,0
2022-07-26 02:00,1,0,1,0,0,0
2022-07-26 02:15,2,1,1,0,0,0
2022-07-26 02:30,7,2,5,0,0,0
2022-07-26 02:45,4,1,3,0,0,0
2022-07-26 03:00,1,0,1,0,0,0
2022-07-26 03:15,2,2,0,0,0,0
2022-07-26 03:30,3,3,0,0,0,0
2022-07-26 03:45,3,1,2,0,0,0
2022-07-26 04:00,5,5,0,0,0,0
2022-07-26 04:15,2,1,1,0,0,0
2022-07-26 04:30,2,1,1,0,0,0
2022-07-26 04:45,5,1,4,0,0,0
2022-07-26 05:00,3,2,1,0,0,0
2022-07-26 05:15,9,4,5,0,0,0
2022-07-26 05:30,28,7,21,0,0,0
2022-07-26 05:45,29,14,15,0,0,0
2022-07-26 06:00,20,9,11,0,0,0
2022-07-26 06:15,34,15,19,0,0,0
2022-07-26 06:30,48,20,28,0,0,0
2022-07-26 06:45,58,29,29,0,0,0
2022-07-26 07:00,79,39,40,0,0,0
2022-07-26 07:15,70,42,28,0,0,0
2022-07-26 07:30,100,49,51,0,0,0
2022-07-26 07:45,119,65,54,0,0,0
2022-07-26 08:00,114,64,50,0,0,0
2022-07-26 08:15,121,74,47,0,0,0
2022-07-26 08:30,110,62,48,0,0,0
2022-07-26 08:45,134,71,63,0,0,0
2022-07-26 09:00,86,47,39,0,0,0
2022-07-26 09:15,90,43,47,0,0,0
2022-07-26 09:30,78,25,53,0,0,0
2022-07-26 09:45,101,36,65,0,0,0
2022-07-26 10:00,82,30,52,0,0,0
2022-07-26 10:15,84,41,43,0,0,0
2022-07-26 10:30,65,27,38,0,0,0
2022-07-26 10:45,41,12,29,0,0,0
2022-07-26 11:00,57,25,32,0,0,0
2022-07-26 11:15,68,24,44,0,0,0
2022-07-26 11:30,69,32,37,0,0,0
2022-07-26 11:45,67,42,25,0,0,0
2022-07-26 12:00,81,36,45,0,0,0
2022-07-26 12:15,47,20,27,0,0,0
2022-07-26 12:30,51,18,33,0,0,0
2022-07-26 12:45,85,39,46,0,0,0
2022-07-26 13:00,73,30,43,0,0,0
2022-07-26 13:15,74,28,46,0,0,0
2022-07-26 13:30,86,52,34,0,0,0
2022-07-26 13:45,94,43,51,0,0,0
2022-07-26 14:00,75,37,38,0,0,0
2022-07-26 14:15,112,56,56,0,0,0
2022-07-26 14:30,75,30,45,0,0,0
2022-07-26 14:45,76,23,53,0,0,0
2022-07-26 15:00,99,45,54,0,0,0
2022-07-26 15:15,114,40,74,0,0,0
2022-07-26 15:30,110,44,66,0,0,0
2022-07-26 15:45,102,54,48,0,0,0
2022-07-26 16:00,124,55,69,0,0,0
2022-07-26 16:15,134,60,74,0,0,0
2022-07-26 16:30,132,59,73,0,0,0
2022-07-26 16:45,132,56,76,0,0,0
2022-07-26 17:00,149,58,91,0,0,0
2022-07-26 17:15,191,70,121,0,0,0
2022-07-26 17:30,163,71,92,0,0,0
2022-07-26 17:45,171,75,96,0,0,0
2022-07-26 18:00,158,71,87,0,0,0
2022-07-26 18:15,132,65,67,0,0,0
2022-07-26 18:30,119,58,61,0,0,0
2022-07-26 18:45,125,68,57,0,0,0
2022-07-26 19:00,118,70,48,0,0,0
2022-07-26 19:15,88,50,38,0,0,0
2022-07-26 19:30,81,45,36,0,0,0
2022-07-26 19:45,97,47,50,0,0,0
2022-07-26 20:00,84,43,41,0,0,0
2022-07-26 20:15,66,31,35,0,0,0
2022-07-26 20:30,46,18,28,0,0,0
2022-07-26 20:45,70,29,41,0,0,0
2022-07-26 21:00,57,22,35,0,0,0
2022-07-26 21:15,55,19,36,0,0,0
2022-07-26 21:30,66,29,37,0,0,0
2022-07-26 21:45,46,15,31,0,0,0
2022-07-26 22:00,75,22,53,0,0,0
2022-07-26 22:15,55,23,32,0,0,0
2022-07-26 22:30,55,17,38,0,0,0
2022-07-26 22:45,47,12,35,0,0,0
2022-07-26 23:00,36,16,20,0,0,0
2022-07-26 23:15,26,11,15,0,0,0
2022-07-26 23:30,22,9,13,0,0,0
2022-07-26 23:45,23,8,15,0,0,0
2022-07-27 00:00,23,10,13,0,0,0
2022-07-27 00:15,10,4,6,0,0,0
2022-07-27 00:30,11,5,6,0,0,0
2022-07-27 00:45,4,0,4,0,0,0
2022-07-27 01:00,2,2,0,0,0,0
2022-07-27 01:15,8,3,5,0,0,0
2022-07-27 01:30,5,3,2,0,0,0
2022-07-27 01:45,3,1,2,0,0,0
2022-07-27 02:00,2,2,0,0,0,0
2022-07-27 02:15,4,0,4,0,0,0
2022-07-27 02:30,5,3,2,0,0,0
2022-07-27 02:45,1,1,0,0,0,0
2022-07-27 03:00,0,0,0,0,0,0
2022-07-27 03:15,2,0,2,0,0,0
2022-07-27 03:30,4,3,1,0,0,0
2022-07-27 03:45,2,2,0,0,0,0
2022-07-27 04:00,2,2,0,0,0,0
2022-07-27 04:15,4,2,2,0,0,0
2022-07-27 04:30,5,3,2,0,0,0
2022-07-27 04:45,3,1,2,0,0,0
2022-07-27 05:00,5,0,5,0,0,0
2022-07-27 05:15,13,5,8,0,0,0
2022-07-27 05:30,17,4,13,0,0,0
2022-07-27 05:45,25,17,8,0,0,0
2022-07-27 06:00,22,8,14,0,0,0
2022-07-27 06:15,45,19,26,0,0,0
2022-07-27 06:30,58,19,39,0,0,0
2022-07-27 06:45,66,36,30,0,0,0
2022-07-27 07:00,70,43,27,0,0,0
2022-07-27 07:15,103,66,37,0,0,0
2022-07-27 07:30,90,44,46,0,0,0
2022-07-27 07:45,134,71,63,0,0,0
2022-07-27 08:00,105,57,48,0,0,0
2022-07-27 08:15,109,54,55,0,0,0
2022-07-27 08:30,123,65,58,0,0,0
2022-07-27 08:45,140,80,60,0,0,0
2022-07-27 09:00,70,39,31,0,0,0
2022-07-27 09:15,88,39,49,0,0,0
2022-07-27 09:30,85,26,59,0,0,0
2022-07-27 09:45,98,37,61,0,0,0
2022-07-27 10:00,93,38,55,0,0,0
2022-07-27 10:15,76,33,43,0,0,0
2022-07-27 10:30,68,37,31,0,0,0
2022-07-27 10:45,106,40,66,0,0,0
2022-07-27 11:00,94,36,58,0,0,0
2022-07-27 11:15,79,31,48,0,0,0
2022-07-27 11:30,107,50,57,0,0,0
2022-07-27 11:45,115,55,60,0,0,0
2022-07-27 12:00,122,32,90,0,0,0
2022-07-27 12:15,99,41,58,0,0,0
2022-07-27 12:30,110,60,50,0,0,0
2022-07-27 12:45,132,64,68,0,0,0
2022-07-27 13:00,111,56,55,0,0,0
2022-07-27 13:15,93,47,46,0,0,0
2022-07-27 13:30,131,74,57,0,0,0
2022-07-27 13:45,116,55,61,0,0,0
2022-07-27 14:00,123,71,52,0,0,0
2022-07-27 14:15,110,61,49,0,0,0
2022-07-27 14:30,104,56,48,0,0,0
2022-07-27 14:45,85,44,41,0,0,0
2022-07-27 15:00,120,54,66,0,0,0
2022-07-27 15:15,124,60,64,0,0,0
2022-07-27 15:30,117,57,60,0,0,0
2022-07-27 15:45,157,73,84,0,0,0
2022-07-27 16:00,137,64,73,0,0,0
2022-07-27 16:15,153,79,74,0,0,0
2022-07-27 16:30,140,59,81,0,0,0
2022-07-27 16:45,172,82,90,0,0,0
2022-07-27 17:00,164,73,91,0,0,0
2022-07-27 17:15,149,58,91,0,0,0
2022-07-27 17:30,151,67,84,0,0,0
2022-07-27 17:45,172,93,79,0,0,0
2022-07-27 18:00,138,60,78,0,0,0
2022-07-27 18:15,179,94,85,0,0,0
2022-07-27 18:30,131,64,67,0,0,0
2022-07-27 18:45,155,78,77,0,0,0
2022-07-27 19:00,121,64,57,0,0,0
2022-07-27 19:15,98,62,36,0,0,0
2022-07-27 19:30,95,46,49,0,0,0
2022-07-27 19:45,87,46,41,0,0,0
2022-07-27 20:00,87,41,46,0,0,0
2022-07-27 20:15,90,32,58,0,0,0
2022-07-27 20:30,81,40,41,0,0,0
2022-07-27 20:45,75,37,38,0,0,0
2022-07-27 21:00,64,27,37,0,0,0
2022-07-27 21:15,63,26,37,0,0,0
2022-07-27 21:30,56,31,25,0,0,0
2022-07-27 21:45,55,22,33,0,0,0
2022-07-27 22:00,53,19,34,0,0,0
2022-07-27 22:15,54,25,29,0,0,0
2022-07-27 22:30,47,17,30,0,0,0
2022-07-27 22:45,51,21,30,0,0,0
2022-07-27 23:00,47,17,30,0,0,0
2022-07-27 23:15,60,29,31,0,0,0
2022-07-27 23:30,46,7,39,0,0,0
2022-07-27 23:45,21,11,10,0,0,0
2022-07-28 00:00,46,14,32,0,0,0
2022-07-28 00:15,35,23,12,0,0,0
2022-07-28 00:30,20,10,10,0,0,0
2022-07-28 00:45,11,3,8,0,0,0
2022-07-28 01:00,16,7,9,0,0,0
2022-07-28 01:15,16,8,8,0,0,0
2022-07-28 01:30,11,1,10,0,0,0
2022-07-28 01:45,10,5,5,0,0,0
2022-07-28 02:00,9,6,3,0,0,0
2022-07-28 02:15,6,6,0,0,0,0
2022-07-28 02:30,7,2,5,0,0,0
2022-07-28 02:45,13,7,6,0,0,0
2022-07-28 03:00,7,2,5,0,0,0
2022-07-28 03:15,13,0,13,0,0,0
2022-07-28 03:30,8,2,6,0,0,0
2022-07-28 03:45,10,4,6,0,0,0
2022-07-28 04:00,10,0,10,0,0,0
2022-07-28 04:15,9,2,7,0,0,0
2022-07-28 04:30,1,0,1,0,0,0
2022-07-28 04:45,7,1,6,0,0,0
2022-07-28 05:00,6,1,5,0,0,0
2022-07-28 05:15,16,8,8,0,0,0
2022-07-28 05:30,21,8,13,0,0,0
2022-07-28 05:45,22,12,10,0,0,0
2022-07-28 06:00,15,5,10,0,0,0
2022-07-28 06:15,32,14,18,0,0,0
2022-07-28 06:30,64,22,42,0,0,0
2022-07-28 06:45,67,39,28,0,0,0
2022-07-28 07:00,61,36,25,0,0,0
2022-07-28 07:15,76,34,42,0,0,0
2022-07-28 07:30,98,51,47,0,0,0
2022-07-28 07:45,121,65,56,0,0,0
2022-07-28 08:00,117,65,52,0,0,0
2022-07-28 08:15,154,89,65,0,0,0
2022-07-28 08:30,129,68,61,0,0,0
2022-07-28 08:45,137,63,74,0,0,0
2022-07-28 09:00,90,42,48,0,0,0
2022-07-28 09:15,81,40,41,0,0,0
2022-07-28 09:30,87,39,48,0,0,0
2022-07-28 09:45,95,44,51,0,0,0
2022-07-28 10:00,70,28,42,0,0,0
2022-07-28 10:15,81,33,48,0,0,0
2022-07-28 10:30,89,41,48,0,0,0
2022-07-28 10:45,93,41,52,0,0,0
2022-07-28 11:00,82,33,49,0,0,0
2022-07-28 11:15,83,34,49,0,0,0
2022-07-28 11:30,105,40,65,0,0,0
2022-07-28 11:45,113,52,61,0,0,0
2022-07-28 12:00,109,44,65,0,0,0
2022-07-28 12:15,116,61,55,0,0,0
2022-07-28 12:30,103,53,50,0,0,0
2022-07-28 12:45,108,56,52,0,0,0
2022-07-28 13:00,109,47,62,0,0,0
2022-07-28 13:15,101,43,58,0,0,0
2022-07-28 13:30,121,63,58,0,0,0
2022-07-28 13:45,115,49,66,0,0,0
2022-07-28 14:00,120,52,68,0,0,0
2022-07-28 14:15,122,76,46,0,0,0
2022-07-28 14:30,96,36,60,0,0,0
2022-07-28 14:45,131,69,62,0,0,0
2022-07-28 15:00,109,44,65,0,0,0
2022-07-28 15:15,105,46,59,0,0,0
2022-07-28 15:30,125,56,69,0,0,0
2022-07-28 15:45,134,65,69,0,0,0
2022-07-28 16:00,145,71,74,0,0,0
2022-07-28 16:15,164,68,96,0,0,0
2022-07-28 16:30,171,75,96,0,0,0
2022-07-28 16:45,167,91,76,0,0,0
2022-07-28 17:00,155,73,82,0,0,0
2022-07-28 17:15,190,84,106,0,0,0
2022-07-28 17:30,179,79,100,0,0,0
2022-07-28 17:45,141,69,72,0,0,0
2022-07-28 18:00,175,89,86,0,0,0
2022-07-28 18:15,178,86,92,0,0,0
2022-07-28 18:30,138,74,64,0,0,0
2022-07-28 18:45,153,92,61,0,0,0
2022-07-28 19:00,107,59,48,0,0,0
2022-07-28 19:15,100,61,39,0,0,0
2022-07-28 19:30,82,41,41,0,0,0
2022-07-28 19:45,113,68,45,0,0,0
2022-07-28 20:00,71,42,29,0,0,0
2022-07-28 20:15,86,34,52,0,0,0
2022-07-28 20:30,84,42,42,0,0,0
2022-07-28 20:45,69,36,33,0,0,0
2022-07-28 21:00,69,38,31,0,0,0
2022-07-28 21:15,74,33,41,0,0,0
2022-07-28 21:30,52,21,31,0,0,0
2022-07-28 21:45,54,16,38,0,0,0
2022-07-28 22:00,76,28,48,0,0,0
2022-07-28 22:15,47,17,30,0,0,0
2022-07-28 22:30,59,23,36,0,0,0
2022-07-28 22:45,46,13,33,0,0,0
2022-07-28 23:00,64,21,43,0,0,0
2022-07-28 23:15,47,13,34,0,0,0
2022-07-28 23:30,32,15,17,0,0,0
2022-07-28 23:45,50,9,41,0,0,0
2022-07-29 00:00,35,9,26,0,0,0
2022-07-29 00:15,43,18,25,0,0,0
2022-07-29 00:30,18,6,12,0,0,0
2022-07-29 00:45,10,4,6,0,0,0
2022-07-29 01:00,10,4,6,0,0,0
2022-07-29 01:15,16,8,8,0,0,0
2022-07-29 01:30,7,3,4,0,0,0
2022-07-29 01:45,10,2,8,0,0,0
2022-07-29 02:00,10,6,4,0,0,0
2022-07-29 02:15,5,4,1,0,0,0
2022-07-29 02:30,2,2,0,0,0,0
2022-07-29 02:45,1,1,0,0,0,0
2022-07-29 03:00,3,0,3,0,0,0
2022-07-29 03:15,4,3,1,0,0,0
2022-07-29 03:30,1,1,0,0,0,0
2022-07-29 03:45,3,0,3,0,0,0
2022-07-29 04:00,1,0,1,0,0,0
2022-07-29 04:15,3,1,2,0,0,0
2022-07-29 04:30,1,0,1,0,0,0
2022-07-29 04:45,2,0,2,0,0,0
2022-07-29 05:00,5,2,3,0,0,0
2022-07-29 05:15,20,6,14,0,0,0
2022-07-29 05:30,19,11,8,0,0,0
2022-07-29 05:45,19,7,12,0,0,0
2022-07-29 06:00,11,3,8,0,0,0
2022-07-29 06:15,39,9,30,0,0,0
2022-07-29 06:30,44,23,21,0,0,0
2022-07-29 06:45,54,32,22,0,0,0
2022-07-29 07:00,67,34,33,0,0,0
2022-07-29 07:15,71,36,35,0,0,0
2022-07-29 07:30,84,42,42,0,0,0
2022-07-29 07:45,106,51,55,0,0,0
2022-07-29 08:00,92,56,36,0,0,0
2022-07-29 08:15,88,44,44,0,0,0
2022-07-29 08:30,86,47,39,0,0,0
2022-07-29 08:45,121,58,63,0,0,0
2022-07-29 09:00,82,39,43,0,0,0
2022-07-29 09:15,74,39,35,0,0,0
2022-07-29 09:30,76,27,49,0,0,0
2022-07-29 09:45,104,45,59,0,0,0
2022-07-29 10:00,66,31,35,0,0,0
2022-07-29 10:15,69,30,39,0,0,0
2022-07-29 10:30,88,48,40,0,0,0
2022-07-29 10:45,91,41,50,0,0,0
2022-07-29 11:00,84,43,41,0,0,0
2022-07-29 11:15,85,31,54,0,0,0
2022-07-29 11:30,130,49,81,0,0,0
2022-07-29 11:45,122,61,61,0,0,0
2022-07-29 12:00,112,44,68,0,0,0
2022-07-29 12:15,101,40,61,0,0,0
2022-07-29 12:30,105,61,44,0,0,0
2022-07-29 12:45,122,51,71,0,0,0
2022-07-29 13:00,105,46,59,0,0,0
2022-07-29 13:15,96,46,50,0,0,0
2022-07-29 13:30,117,48,69,0,0,0
2022-07-29 13:45,85,31,54,0,0,0
2022-07-29 14:00,95,36,59,0,0,0
2022-07-29 14:15,111,47,64,0,0,0
2022-07-29 14:30,119,50,69,0,0,0
2022-07-29 14:45,105,42,63,0,0,0
2022-07-29 15:00,112,44,68,0,0,0
2022-07-29 15:15,121,57,64,0,0,0
2022-07-29 15:30,110,57,53,0,0,0
2022-07-29 15:45,88,41,47,0,0,0
2022-07-29 16:00,110,57,53,0,0,0
2022-07-29 16:15,114,55,59,0,0,0
2022-07-29 16:30,113,50,63,0,0,0
2022-07-29 16:45,102,45,57,0,0,0
2022-07-29 17:00,125,65,60,0,0,0
2022-07-29 17:15,116,61,55,0,0,0
2022-07-29 17:30,102,50,52,0,0,0
2022-07-29 17:45,116,60,56,0,0,0
2022-07-29 18:00,116,49,67,0,0,0
2022-07-29 18:15,109,42,67,0,0,0
2022-07-29 18:30,110,61,49,0,0,0
2022-07-29 18:45,126,75,51,0,0,0
2022-07-29 19:00,113,59,54,0,0,0
2022-07-29 19:15,114,51,63,0,0,0
2022-07-29 19:30,106,51,55,0,0,0
2022-07-29 19:45,107,61,46,0,0,0
2022-07-29 20:00,98,58,40,0,0,0
2022-07-29 20:15,93,43,50,0,0,0
2022-07-29 20:30,97,60,37,0,0,0
2022-07-29 20:45,83,31,52,0,0,0
2022-07-29 21:00,72,25,47,0,0,0
2022-07-29 21:15,61,31,30,0,0,0
2022-07-29 21:30,53,22,31,0,0,0
2022-07-29 21:45,61,26,35,0,0,0
2022-07-29 22:00,63,30,33,0,0,0
2022-07-29 22:15,64,23,41,0,0,0
2022-07-29 22:30,44,26,18,0,0,0
2022-07-29 22:45,53,21,32,0,0,0
2022-07-29 23:00,64,32,32,0,0,0
2022-07-29 23:15,56,23,33,0,0,0
2022-07-29 23:30,38,16,22,0,0,0
2022-07-29 23:45,41,23,18,0,0,0
2022-07-30 00:00,44,24,20,0,0,0
2022-07-30 00:15,54,26,28,0,0,0
2022-07-30 00:30,52,28,24,0,0,0
2022-07-30 00:45,37,13,24,0,0,0
2022-07-30 01:00,37,22,15,0,0,0
2022-07-30 01:15,49,20,29,0,0,0
2022-07-30 01:30,35,9,26,0,0,0
2022-07-30 01:45,30,14,16,0,0,0
2022-07-30 02:00,26,10,16,0,0,0
2022-07-30 02:15,23,7,16,0,0,0
2022-07-30 02:30,17,7,10,0,0,0
2022-07-30 02:45,26,8,18,0,0,0
2022-07-30 03:00,24,5,19,0,0,0
2022-07-30 03:15,18,2,16,0,0,0
2022-07-30 03:30,23,7,16,0,0,0
2022-07-30 03:45,12,2,10,0,0,0
2022-07-30 04:00,20,4,16,0,0,0
2022-07-30 04:15,14,5,9,0,0,0
2022-07-30 04:30,18,2,16,0,0,0
2022-07-30 04:45,10,1,9,0,0,0
2022-07-30 05:00,14,6,8,0,0,0
2022-07-30 05:15,12,6,6,0,0,0
2022-07-30 05:30,17,7,10,0,0,0
2022-07-30 05:45,13,5,8,0,0,0
2022-07-30 06:00,14,2,12,0,0,0
2022-07-30 06:15,7,3,4,0,0,0
2022-07-30 06:30,16,5,11,0,0,0
2022-07-30 06:45,10,1,9,0,0,0
2022-07-30 07:00,12,8,4,0,0,0
2022-07-30 07:15,17,5,12,0,0,0
2022-07-30 07:30,18,9,9,0,0,0
2022-07-30 07:45,27,12,15,0,0,0
2022-07-30 08:00,22,8,14,0,0,0
2022-07-30 08:15,23,6,17,0,0,0
2022-07-30 08:30,20,5,15,0,0,0
2022-07-30 08:45,43,13,30,0,0,0
2022-07-30 09:00,41,16,25,0,0,0
2022-07-30 09:15,58,32,26,0,0,0
2022-07-30 09:30,58,22,36,0,0,0
2022-07-30 09:45,59,21,38,0,0,0
2022-07-30 10:00,71,24,47,0,0,0
2022-07-30 10:15,66,28,38,0,0,0
2022-07-30 10:30,64,25,39,0,0,0
2022-07-30 10:45,87,32,55,0,0,0
2022-07-30 11:00,59,29,30,0,0,0
2022-07-30 11:15,79,34,45,0,0,0
2022-07-30 11:30,85,38,47,0,0,0
2022-07-30 11:45,79,33,46,0,0,0
2022-07-30 12:00,82,36,46,0,0,0
2022-07-30 12:15,100,50,50,0,0,0
2022-07-30 12:30,75,40,35,0,0,0
2022-07-30 12:45,90,40,50,0,0,0
2022-07-30 13:00,90,50,40,0,0,0
2022-07-30 13:15,104,55,49,0,0,0
2022-07-30 13:30,80,39,41,0,0,0
2022-07-30 13:45,90,52,38,0,0,0
2022-07-30 14:00,117,55,62,0,0,0
2022-07-30 14:15,102,53,49,0,0,0
2022-07-30 14:30,100,50,50,0,0,0
2022-07-30 14:45,97,29,68,0,0,0
2022-07-30 15:00,91,38,53,0,0,0
2022-07-30 15:15,84,51,33,0,0,0
2022-07-30 15:30,100,57,43,0,0,0
2022-07-30 15:45,105,51,54,0,0,0
2022-07-30 16:00,93,51,42,0,0,0
2022-07-30 16:15,95,50,45,0,0,0
2022-07-30 16:30,96,49,47,0,0,0
2022-07-30 16:45,117,55,62,0,0,0
2022-07-30 17:00,82,39,43,0,0,0
2022-07-30 17:15,101,53,48,0,0,0
2022-07-30 17:30,98,49,49,0,0,0
2022-07-30 17:45,124,64,60,0,0,0
2022-07-30 18:00,114,63,51,0,0,0
2022-07-30 18:15,111,67,44,0,0,0
2022-07-30 18:30,114,61,53,0,0,0
2022-07-30 18:45,138,65,73,0,0,0
2022-07-30 19:00,100,51,49,0,0,0
2022-07-30 19:15,113,50,63,0,0,0
2022-07-30 19:30,114,72,42,0,0,0
2022-07-30 19:45,102,46,56,0,0,0
2022-07-30 20:00,99,60,39,0,0,0
2022-07-30 20:15,94,57,37,0,0,0
2022-07-30 20:30,67,29,38,0,0,0
2022-07-30 20:45,62,35,27,0,0,0
2022-07-30 21:00,65,31,34,0,0,0
2022-07-30 21:15,82,42,40,0,0,0
2022-07-30 21:30,74,45,29,0,0,0
2022-07-30 21:45,68,36,32,0,0,0
2022-07-30 22:00,67,31,36,0,0,0
2022-07-30 22:15,58,25,33,0,0,0
2022-07-30 22:30,62,27,35,0,0,0
2022-07-30 22:45,83,43,40,0,0,0
2022-07-30 23:00,52,24,28,0,0,0
2022-07-30 23:15,36,17,19,0,0,0
2022-07-30 23:30,60,33,27,0,0,0
2022-07-30 23:45,55,29,26,0,0,0
